Time (UTC),DO (ml/L),Dissolved Oxygen (%),Temperature (C),Latitude,Longitude
2021-05-24T20:02:58.000,2.87,23.83,7.29,44.68728,-124.156658
2021-05-24T20:17:58.000,2.85,23.64,7.29,44.68728,-124.156658
2021-05-24T20:32:58.000,2.85,23.63,7.29,44.68728,-124.156658
2021-05-24T20:47:58.000,2.88,23.87,7.29,44.68728,-124.156658
2021-05-24T21:02:58.000,2.86,23.73,7.29,44.68728,-124.156658
2021-05-24T21:17:58.000,2.85,23.63,7.29,44.68728,-124.156658
2021-05-24T21:32:58.000,2.84,23.55,7.29,44.68728,-124.156658
2021-05-24T21:47:58.000,2.84,23.55,7.29,44.68728,-124.156658
2021-05-24T22:02:58.000,2.84,23.58,7.3,44.68728,-124.156658
2021-05-24T22:17:58.000,2.85,23.62,7.3,44.68728,-124.156658
2021-05-24T22:32:58.000,2.84,23.59,7.3,44.68728,-124.156658
2021-05-24T22:47:58.000,2.84,23.55,7.3,44.68728,-124.156658
2021-05-24T23:02:58.000,2.85,23.61,7.3,44.68728,-124.156658
2021-05-24T23:17:58.000,2.84,23.56,7.3,44.68728,-124.156658
2021-05-24T23:32:58.000,2.84,23.53,7.3,44.68728,-124.156658
2021-05-24T23:47:58.000,2.83,23.47,7.31,44.68728,-124.156658
2021-05-25T00:02:58.000,2.81,23.36,7.31,44.68728,-124.156658
2021-05-25T00:17:58.000,2.84,23.61,7.32,44.68728,-124.156658
2021-05-25T00:32:58.000,2.87,23.8,7.32,44.68728,-124.156658
2021-05-25T00:47:58.000,2.86,23.75,7.32,44.68728,-124.156658
2021-05-25T01:02:58.000,2.86,23.75,7.33,44.68728,-124.156658
2021-05-25T01:17:58.000,2.87,23.84,7.34,44.68728,-124.156658
2021-05-25T01:32:58.000,2.87,23.87,7.34,44.68728,-124.156658
2021-05-25T01:47:58.000,2.89,24.05,7.35,44.68728,-124.156658
2021-05-25T02:02:58.000,2.91,24.21,7.36,44.68728,-124.156658
2021-05-25T02:17:58.000,3.04,25.27,7.37,44.68728,-124.156658
2021-05-25T02:32:58.000,3.09,25.66,7.37,44.68728,-124.156658
2021-05-25T02:47:58.000,3.07,25.54,7.37,44.68728,-124.156658
2021-05-25T03:02:58.000,3.05,25.39,7.36,44.68728,-124.156658
2021-05-25T03:17:58.000,3.06,25.41,7.35,44.68728,-124.156658
2021-05-25T03:32:58.000,3.07,25.54,7.35,44.68728,-124.156658
2021-05-25T03:47:58.000,3.1,25.74,7.36,44.68728,-124.156658
2021-05-25T04:02:58.000,3.11,25.82,7.36,44.68728,-124.156658
2021-05-25T04:17:58.000,3.1,25.75,7.36,44.68728,-124.156658
2021-05-25T04:32:58.000,3.1,25.75,7.36,44.68728,-124.156658
2021-05-25T04:47:58.000,3.21,26.7,7.36,44.68728,-124.156658
2021-05-25T05:02:58.000,3.14,26.11,7.32,44.68728,-124.156658
2021-05-25T05:17:58.000,3.09,25.66,7.3,44.68728,-124.156658
2021-05-25T05:32:58.000,2.98,24.74,7.27,44.68728,-124.156658
2021-05-25T05:47:58.000,2.94,24.4,7.27,44.68728,-124.156658
2021-05-25T06:02:58.000,2.91,24.12,7.26,44.68728,-124.156658
2021-05-25T06:17:58.000,2.93,24.27,7.26,44.68728,-124.156658
2021-05-25T06:32:58.000,2.91,24.17,7.27,44.68728,-124.156658
2021-05-25T06:47:58.000,2.95,24.43,7.27,44.68728,-124.156658
2021-05-25T07:02:58.000,2.99,24.77,7.27,44.68728,-124.156658
2021-05-25T07:17:58.000,3.02,25.04,7.28,44.68728,-124.156658
2021-05-25T07:32:58.000,3.02,25.09,7.29,44.68728,-124.156658
2021-05-25T07:47:58.000,3.06,25.4,7.29,44.68728,-124.156658
2021-05-25T08:02:58.000,3.12,25.9,7.3,44.68728,-124.156658
2021-05-25T08:17:58.000,3.15,26.18,7.31,44.68728,-124.156658
2021-05-25T08:32:58.000,3.19,26.52,7.32,44.68728,-124.156658
2021-05-25T08:47:58.000,3.2,26.61,7.32,44.68728,-124.156658
2021-05-25T09:02:58.000,3.26,27.08,7.34,44.68728,-124.156658
2021-05-25T09:17:58.000,3.3,27.4,7.34,44.68728,-124.156658
2021-05-25T09:32:58.000,3.35,27.85,7.35,44.68728,-124.156658
2021-05-25T09:47:58.000,3.41,28.35,7.37,44.68728,-124.156658
2021-05-25T10:02:58.000,3.51,29.2,7.39,44.68728,-124.156658
2021-05-25T10:17:58.000,3.72,30.93,7.42,44.68728,-124.156658
2021-05-25T10:32:58.000,3.9,32.48,7.46,44.68728,-124.156658
2021-05-25T10:47:58.000,4.02,33.53,7.49,44.68728,-124.156658
2021-05-25T11:02:58.000,3.97,33.13,7.51,44.68728,-124.156658
2021-05-25T11:17:58.000,4.32,36.1,7.55,44.68728,-124.156658
2021-05-25T11:32:58.000,4.18,34.92,7.53,44.68728,-124.156658
2021-05-25T11:47:58.000,4.23,35.29,7.54,44.68728,-124.156658
2021-05-25T12:02:58.000,4.19,34.94,7.53,44.68728,-124.156658
2021-05-25T12:17:58.000,4.12,34.42,7.53,44.68728,-124.156658
2021-05-25T12:32:58.000,4.21,35.17,7.54,44.68728,-124.156658
2021-05-25T12:47:58.000,4.18,34.89,7.54,44.68728,-124.156658
2021-05-25T13:02:58.000,4.27,35.65,7.55,44.68728,-124.156658
2021-05-25T13:17:58.000,4.15,34.68,7.54,44.68728,-124.156658
2021-05-25T13:32:58.000,4.18,34.91,7.55,44.68728,-124.156658
2021-05-25T13:47:58.000,4.25,35.48,7.56,44.68728,-124.156658
2021-05-25T14:02:58.000,4.31,36.03,7.56,44.68728,-124.156658
2021-05-25T14:17:58.000,4.36,36.46,7.58,44.68728,-124.156658
2021-05-25T14:32:58.000,4.52,37.77,7.61,44.68728,-124.156658
2021-05-25T14:47:58.000,4.86,40.68,7.68,44.68728,-124.156658
2021-05-25T15:02:58.000,5.1,42.78,7.75,44.68728,-124.156658
2021-05-25T15:17:58.000,5.3,44.56,7.8,44.68728,-124.156658
2021-05-25T15:32:58.000,5.41,45.49,7.83,44.68728,-124.156658
2021-05-25T15:47:58.000,5.46,45.97,7.85,44.68728,-124.156658
2021-05-25T16:02:58.000,5.5,46.28,7.85,44.68728,-124.156658
2021-05-25T16:17:58.000,5.52,46.46,7.86,44.68728,-124.156658
2021-05-25T16:32:58.000,5.62,47.29,7.87,44.68728,-124.156658
2021-05-25T16:47:58.000,5.66,47.69,7.9,44.68728,-124.156658
2021-05-25T17:02:58.000,5.71,48.1,7.9,44.68728,-124.156658
2021-05-25T17:17:58.000,5.71,48.13,7.9,44.68728,-124.156658
2021-05-25T17:32:58.000,5.73,48.3,7.91,44.68728,-124.156658
2021-05-25T17:47:58.000,5.71,48.1,7.9,44.68728,-124.156658
2021-05-25T18:02:58.000,5.75,48.42,7.91,44.68728,-124.156658
2021-05-25T18:17:58.000,5.78,48.75,7.92,44.68728,-124.156658
2021-05-25T18:32:58.000,5.81,48.96,7.92,44.68728,-124.156658
2021-05-25T18:47:58.000,3.42,28.79,7.92,44.68728,-124.156658
2021-05-25T19:02:58.000,2.88,24.31,7.92,44.68728,-124.156658
2021-05-25T19:17:58.000,5.7,48.08,7.93,44.68728,-124.156658
2021-05-25T19:32:58.000,5.75,48.5,7.95,44.68728,-124.156658
2021-05-25T19:47:58.000,5.94,50.12,7.96,44.68728,-124.156658
2021-05-25T20:02:58.000,5.9,49.8,7.97,44.68728,-124.156658
2021-05-25T20:17:58.000,5.91,49.89,7.97,44.68728,-124.156658
2021-05-25T20:32:58.000,6,50.66,7.99,44.68728,-124.156658
2021-05-25T20:47:58.000,5.84,49.18,7.92,44.68728,-124.156658
2021-05-25T21:02:58.000,5.59,47.04,7.85,44.68728,-124.156658
2021-05-25T21:17:58.000,5.32,44.73,7.79,44.68728,-124.156658
2021-05-25T21:32:58.000,5.15,43.18,7.75,44.68728,-124.156658
2021-05-25T21:47:58.000,5.03,42.18,7.71,44.68728,-124.156658
2021-05-25T22:02:58.000,4.94,41.38,7.68,44.68728,-124.156658
2021-05-25T22:17:58.000,4.9,41.02,7.68,44.68728,-124.156658
2021-05-25T22:32:58.000,4.88,40.83,7.67,44.68728,-124.156658
2021-05-25T22:47:58.000,4.83,40.46,7.66,44.68728,-124.156658
2021-05-25T23:02:58.000,4.83,40.43,7.66,44.68728,-124.156658
2021-05-25T23:17:58.000,4.82,40.37,7.66,44.68728,-124.156658
2021-05-25T23:32:58.000,4.82,40.33,7.66,44.68728,-124.156658
2021-05-25T23:47:58.000,4.79,40.1,7.66,44.68728,-124.156658
2021-05-26T00:02:58.000,4.76,39.84,7.66,44.68728,-124.156658
2021-05-26T00:17:58.000,4.74,39.7,7.65,44.68728,-124.156658
2021-05-26T00:32:58.000,4.69,39.27,7.63,44.68728,-124.156658
2021-05-26T00:47:58.000,4.67,39.09,7.63,44.68728,-124.156658
2021-05-26T01:02:58.000,4.68,39.13,7.63,44.68728,-124.156658
2021-05-26T01:17:58.000,4.72,39.48,7.64,44.68728,-124.156658
2021-05-26T01:32:58.000,4.72,39.49,7.64,44.68728,-124.156658
2021-05-26T01:47:58.000,4.77,39.94,7.66,44.68728,-124.156658
2021-05-26T02:02:58.000,4.77,39.9,7.66,44.68728,-124.156658
2021-05-26T02:17:58.000,4.72,39.52,7.65,44.68728,-124.156658
2021-05-26T02:32:58.000,4.71,39.42,7.65,44.68728,-124.156658
2021-05-26T02:47:58.000,4.73,39.63,7.66,44.68728,-124.156658
2021-05-26T03:02:58.000,4.78,40,7.66,44.68728,-124.156658
2021-05-26T03:17:58.000,4.83,40.45,7.68,44.68728,-124.156658
2021-05-26T03:32:58.000,4.85,40.67,7.68,44.68728,-124.156658
2021-05-26T03:47:58.000,4.96,41.57,7.71,44.68728,-124.156658
2021-05-26T04:02:58.000,4.97,41.67,7.73,44.68728,-124.156658
2021-05-26T04:17:58.000,4.99,41.9,7.74,44.68728,-124.156658
2021-05-26T04:32:58.000,4.97,41.75,7.75,44.68728,-124.156658
2021-05-26T04:47:58.000,5,41.93,7.76,44.68728,-124.156658
2021-05-26T05:02:58.000,4.95,41.53,7.75,44.68728,-124.156658
2021-05-26T05:17:58.000,5.02,42.11,7.76,44.68728,-124.156658
2021-05-26T05:32:58.000,5.11,42.89,7.78,44.68728,-124.156658
2021-05-26T05:47:58.000,5.16,43.36,7.78,44.68728,-124.156658
2021-05-26T06:02:58.000,5.16,43.32,7.78,44.68728,-124.156658
2021-05-26T06:17:58.000,5.09,42.71,7.75,44.68728,-124.156658
2021-05-26T06:32:58.000,5.04,42.31,7.75,44.68728,-124.156658
2021-05-26T06:47:58.000,5.01,42.03,7.74,44.68728,-124.156658
2021-05-26T07:02:58.000,4.95,41.51,7.73,44.68728,-124.156658
2021-05-26T07:17:58.000,4.94,41.45,7.73,44.68728,-124.156658
2021-05-26T07:32:58.000,4.98,41.75,7.74,44.68728,-124.156658
2021-05-26T07:47:58.000,4.98,41.75,7.75,44.68728,-124.156658
2021-05-26T08:02:58.000,5.01,42.01,7.75,44.68728,-124.156658
2021-05-26T08:17:58.000,4.98,41.8,7.75,44.68728,-124.156658
2021-05-26T08:32:58.000,4.96,41.61,7.74,44.68728,-124.156658
2021-05-26T08:47:58.000,4.9,41.13,7.73,44.68728,-124.156658
2021-05-26T09:02:58.000,4.87,40.85,7.72,44.68728,-124.156658
2021-05-26T09:17:58.000,4.87,40.83,7.72,44.68728,-124.156658
2021-05-26T09:32:58.000,4.91,41.15,7.73,44.68728,-124.156658
2021-05-26T09:47:58.000,4.95,41.56,7.74,44.68728,-124.156658
2021-05-26T10:02:58.000,5.01,42.07,7.75,44.68728,-124.156658
2021-05-26T10:17:58.000,5.06,42.49,7.76,44.68728,-124.156658
2021-05-26T10:32:58.000,5.05,42.37,7.77,44.68728,-124.156658
2021-05-26T10:47:58.000,5.14,43.14,7.78,44.68728,-124.156658
2021-05-26T11:02:58.000,5.15,43.28,7.78,44.68728,-124.156658
2021-05-26T11:17:58.000,5.06,42.47,7.75,44.68728,-124.156658
2021-05-26T11:32:58.000,4.96,41.57,7.73,44.68728,-124.156658
2021-05-26T11:47:58.000,4.85,40.67,7.7,44.68728,-124.156658
2021-05-26T12:02:58.000,4.75,39.83,7.68,44.68728,-124.156658
2021-05-26T12:17:58.000,4.64,38.82,7.66,44.68728,-124.156658
2021-05-26T12:32:58.000,4.49,37.55,7.61,44.68728,-124.156658
2021-05-26T12:47:58.000,4.29,35.82,7.57,44.68728,-124.156658
2021-05-26T13:02:58.000,4.13,34.49,7.55,44.68728,-124.156658
2021-05-26T13:17:58.000,4.06,33.91,7.54,44.68728,-124.156658
2021-05-26T13:32:58.000,4.01,33.49,7.54,44.68728,-124.156658
2021-05-26T13:47:58.000,3.96,33.02,7.51,44.68728,-124.156658
2021-05-26T14:02:58.000,3.94,32.88,7.51,44.68728,-124.156658
2021-05-26T14:17:58.000,3.92,32.74,7.51,44.68728,-124.156658
2021-05-26T14:32:58.000,3.95,32.96,7.51,44.68728,-124.156658
2021-05-26T14:47:58.000,3.98,33.24,7.53,44.68728,-124.156658
2021-05-26T15:02:58.000,3.97,33.15,7.53,44.68728,-124.156658
2021-05-26T15:17:58.000,3.96,33.02,7.52,44.68728,-124.156658
2021-05-26T15:32:58.000,3.94,32.91,7.51,44.68728,-124.156658
2021-05-26T15:47:58.000,3.93,32.76,7.51,44.68728,-124.156658
2021-05-26T16:02:58.000,3.88,32.39,7.5,44.68728,-124.156658
2021-05-26T16:17:58.000,3.84,32.03,7.49,44.68728,-124.156658
2021-05-26T16:32:58.000,3.8,31.68,7.49,44.68728,-124.156658
2021-05-26T16:47:58.000,3.78,31.54,7.48,44.68728,-124.156658
2021-05-26T17:02:58.000,3.76,31.31,7.47,44.68728,-124.156658
2021-05-26T17:17:58.000,3.76,31.32,7.47,44.68728,-124.156658
2021-05-26T17:32:58.000,3.69,30.76,7.46,44.68728,-124.156658
2021-05-26T17:47:58.000,3.64,30.36,7.46,44.68728,-124.156658
2021-05-26T18:02:58.000,3.57,29.74,7.44,44.68728,-124.156658
2021-05-26T18:17:58.000,3.48,28.94,7.42,44.68728,-124.156658
2021-05-26T18:32:58.000,3.41,28.41,7.4,44.68728,-124.156658
2021-05-26T18:47:58.000,3.37,28,7.39,44.68728,-124.156658
2021-05-26T19:02:58.000,3.34,27.8,7.39,44.68728,-124.156658
2021-05-26T19:17:58.000,3.31,27.52,7.37,44.68728,-124.156658
2021-05-26T19:32:58.000,3.26,27.13,7.37,44.68728,-124.156658
2021-05-26T19:47:58.000,3.24,26.95,7.37,44.68728,-124.156658
2021-05-26T20:02:58.000,3.21,26.71,7.37,44.68728,-124.156658
2021-05-26T20:17:58.000,3.2,26.62,7.37,44.68728,-124.156658
2021-05-26T20:32:58.000,3.18,26.4,7.36,44.68728,-124.156658
2021-05-26T20:47:58.000,3.17,26.37,7.36,44.68728,-124.156658
2021-05-26T21:02:58.000,3.16,26.23,7.36,44.68728,-124.156658
2021-05-26T21:17:58.000,3.16,26.27,7.36,44.68728,-124.156658
2021-05-26T21:32:58.000,3.17,26.33,7.37,44.68728,-124.156658
2021-05-26T21:47:58.000,3.17,26.36,7.37,44.68728,-124.156658
2021-05-26T22:02:58.000,3.2,26.62,7.37,44.68728,-124.156658
2021-05-26T22:17:58.000,3.22,26.79,7.37,44.68728,-124.156658
2021-05-26T22:32:58.000,3.25,27.05,7.38,44.68728,-124.156658
2021-05-26T22:47:58.000,3.25,27.03,7.39,44.68728,-124.156658
2021-05-26T23:02:58.000,3.28,27.27,7.39,44.68728,-124.156658
2021-05-26T23:17:58.000,3.27,27.18,7.39,44.68728,-124.156658
2021-05-26T23:32:58.000,3.27,27.21,7.39,44.68728,-124.156658
2021-05-26T23:47:58.000,3.32,27.62,7.41,44.68728,-124.156658
2021-05-27T00:02:58.000,3.31,27.53,7.41,44.68728,-124.156658
2021-05-27T00:17:58.000,3.32,27.63,7.41,44.68728,-124.156658
2021-05-27T00:32:58.000,3.29,27.37,7.4,44.68728,-124.156658
2021-05-27T00:47:58.000,3.28,27.28,7.4,44.68728,-124.156658
2021-05-27T01:02:58.000,3.3,27.5,7.41,44.68728,-124.156658
2021-05-27T01:17:58.000,3.31,27.51,7.41,44.68728,-124.156658
2021-05-27T01:32:58.000,3.35,27.92,7.41,44.68728,-124.156658
2021-05-27T01:47:58.000,3.39,28.21,7.42,44.68728,-124.156658
2021-05-27T02:02:58.000,3.42,28.49,7.42,44.68728,-124.156658
2021-05-27T02:17:58.000,3.42,28.5,7.42,44.68728,-124.156658
2021-05-27T02:32:58.000,3.39,28.2,7.42,44.68728,-124.156658
2021-05-27T02:47:58.000,3.41,28.36,7.42,44.68728,-124.156658
2021-05-27T03:02:58.000,3.43,28.56,7.42,44.68728,-124.156658
2021-05-27T03:17:58.000,3.45,28.72,7.42,44.68728,-124.156658
2021-05-27T03:32:58.000,3.43,28.52,7.42,44.68728,-124.156658
2021-05-27T03:47:58.000,3.41,28.36,7.41,44.68728,-124.156658
2021-05-27T04:02:58.000,3.41,28.36,7.41,44.68728,-124.156658
2021-05-27T04:17:58.000,3.44,28.61,7.42,44.68728,-124.156658
2021-05-27T04:32:58.000,3.47,28.86,7.42,44.68728,-124.156658
2021-05-27T04:47:58.000,3.54,29.48,7.44,44.68728,-124.156658
2021-05-27T05:02:58.000,3.58,29.81,7.46,44.68728,-124.156658
2021-05-27T05:17:58.000,3.51,29.23,7.44,44.68728,-124.156658
2021-05-27T05:32:58.000,3.44,28.61,7.42,44.68728,-124.156658
2021-05-27T05:47:58.000,3.37,28.05,7.41,44.68728,-124.156658
2021-05-27T06:02:58.000,3.17,26.37,7.37,44.68728,-124.156658
2021-05-27T06:17:58.000,3.04,25.24,7.34,44.68728,-124.156658
2021-05-27T06:32:58.000,2.94,24.44,7.31,44.68728,-124.156658
2021-05-27T06:47:58.000,2.93,24.36,7.3,44.68728,-124.156658
2021-05-27T07:02:58.000,2.97,24.63,7.3,44.68728,-124.156658
2021-05-27T07:17:58.000,2.99,24.79,7.31,44.68728,-124.156658
2021-05-27T07:32:58.000,3.06,25.37,7.32,44.68728,-124.156658
2021-05-27T07:47:58.000,3.09,25.66,7.32,44.68728,-124.156658
2021-05-27T08:02:58.000,3.12,25.88,7.32,44.68728,-124.156658
2021-05-27T08:17:58.000,3.12,25.88,7.32,44.68728,-124.156658
2021-05-27T08:32:58.000,3.13,26,7.32,44.68728,-124.156658
2021-05-27T08:47:58.000,3.11,25.84,7.32,44.68728,-124.156658
2021-05-27T09:02:58.000,3.12,25.88,7.32,44.68728,-124.156658
2021-05-27T09:17:58.000,3.17,26.38,7.34,44.68728,-124.156658
2021-05-27T09:32:58.000,3.22,26.79,7.34,44.68728,-124.156658
2021-05-27T09:47:58.000,3.31,27.51,7.37,44.68728,-124.156658
2021-05-27T10:02:58.000,3.32,27.61,7.37,44.68728,-124.156658
2021-05-27T10:17:58.000,3.38,28.13,7.39,44.68728,-124.156658
2021-05-27T10:32:58.000,3.51,29.18,7.41,44.68728,-124.156658
2021-05-27T10:47:58.000,3.66,30.48,7.44,44.68728,-124.156658
2021-05-27T11:02:58.000,3.78,31.54,7.47,44.68728,-124.156658
2021-05-27T11:17:58.000,3.83,31.91,7.49,44.68728,-124.156658
2021-05-27T11:32:58.000,3.94,32.9,7.51,44.68728,-124.156658
2021-05-27T11:47:58.000,4.13,34.52,7.54,44.68728,-124.156658
2021-05-27T12:02:58.000,4.3,35.91,7.56,44.68728,-124.156658
2021-05-27T12:17:58.000,4.29,35.86,7.56,44.68728,-124.156658
2021-05-27T12:32:58.000,4.31,36.04,7.56,44.68728,-124.156658
2021-05-27T12:47:58.000,4.42,36.89,7.57,44.68728,-124.156658
2021-05-27T13:02:58.000,4.47,37.34,7.58,44.68728,-124.156658
2021-05-27T13:17:58.000,4.47,37.36,7.6,44.68728,-124.156658
2021-05-27T13:32:58.000,4.41,36.86,7.59,44.68728,-124.156658
2021-05-27T13:47:58.000,4.27,35.71,7.58,44.68728,-124.156658
2021-05-27T14:02:58.000,4.27,35.67,7.58,44.68728,-124.156658
2021-05-27T14:17:58.000,4.33,36.23,7.6,44.68728,-124.156658
2021-05-27T14:32:58.000,4.24,35.42,7.59,44.68728,-124.156658
2021-05-27T14:47:58.000,4.18,34.93,7.59,44.68728,-124.156658
2021-05-27T15:02:58.000,4.2,35.14,7.6,44.68728,-124.156658
2021-05-27T15:17:58.000,4.19,35.08,7.61,44.68728,-124.156658
2021-05-27T15:32:58.000,4.24,35.46,7.61,44.68728,-124.156658
2021-05-27T15:47:58.000,4.22,35.3,7.62,44.68728,-124.156658
2021-05-27T16:02:58.000,4.25,35.56,7.63,44.68728,-124.156658
2021-05-27T16:17:58.000,4.26,35.62,7.63,44.68728,-124.156658
2021-05-27T16:32:58.000,4.24,35.51,7.63,44.68728,-124.156658
2021-05-27T16:47:58.000,4.24,35.48,7.63,44.68728,-124.156658
2021-05-27T17:02:58.000,4.24,35.49,7.64,44.68728,-124.156658
2021-05-27T17:17:58.000,4.26,35.63,7.63,44.68728,-124.156658
2021-05-27T17:32:58.000,4.21,35.23,7.63,44.68728,-124.156658
2021-05-27T17:47:58.000,4.19,35.04,7.63,44.68728,-124.156658
2021-05-27T18:02:58.000,4.31,36.08,7.66,44.68728,-124.156658
2021-05-27T18:17:58.000,4.3,36.01,7.66,44.68728,-124.156658
2021-05-27T18:32:58.000,4.47,37.47,7.68,44.68728,-124.156658
2021-05-27T18:47:58.000,4.69,39.3,7.71,44.68728,-124.156658
2021-05-27T19:02:58.000,4.87,40.9,7.75,44.68728,-124.156658
2021-05-27T19:17:58.000,5.37,45.11,7.8,44.68728,-124.156658
2021-05-27T19:32:58.000,5.72,48.11,7.87,44.68728,-124.156658
2021-05-27T19:47:58.000,5.94,50.07,7.91,44.68728,-124.156658
2021-05-27T20:02:58.000,6.17,52.04,7.95,44.68728,-124.156658
2021-05-27T20:17:58.000,6.37,53.72,7.98,44.68728,-124.156658
2021-05-27T20:32:58.000,6.57,55.54,8.02,44.68728,-124.156658
2021-05-27T20:47:58.000,6.54,55.22,8.02,44.68728,-124.156658
2021-05-27T21:02:58.000,6.31,53.29,7.98,44.68728,-124.156658
2021-05-27T21:17:58.000,6.15,51.89,7.95,44.68728,-124.156658
2021-05-27T21:32:58.000,6.07,51.16,7.95,44.68728,-124.156658
2021-05-27T21:47:58.000,6.08,51.3,7.95,44.68728,-124.156658
2021-05-27T22:02:58.000,6.08,51.25,7.95,44.68728,-124.156658
2021-05-27T22:17:58.000,6.07,51.18,7.95,44.68728,-124.156658
2021-05-27T22:32:58.000,6.11,51.55,7.95,44.68728,-124.156658
2021-05-27T22:47:58.000,6.1,51.47,7.96,44.68728,-124.156658
2021-05-27T23:02:58.000,6.08,51.31,7.96,44.68728,-124.156658
2021-05-27T23:17:58.000,6.1,51.45,7.97,44.68728,-124.156658
2021-05-27T23:32:58.000,6.09,51.42,7.97,44.68728,-124.156658
2021-05-27T23:47:58.000,6.11,51.59,7.97,44.68728,-124.156658
2021-05-28T00:02:58.000,6.24,52.65,7.99,44.68728,-124.156658
2021-05-28T00:17:58.000,6.28,53.03,8,44.68728,-124.156658
2021-05-28T00:32:58.000,6.48,54.77,8.04,44.68728,-124.156658
2021-05-28T00:47:58.000,6.59,55.69,8.05,44.68728,-124.156658
2021-05-28T01:02:58.000,6.61,55.94,8.07,44.68728,-124.156658
2021-05-28T01:17:58.000,6.6,55.83,8.07,44.68728,-124.156658
2021-05-28T01:32:58.000,6.16,51.98,7.97,44.68728,-124.156658
2021-05-28T01:47:58.000,5.28,44.38,7.8,44.68728,-124.156658
2021-05-28T02:02:58.000,4.58,38.29,7.63,44.68728,-124.156658
2021-05-28T02:17:58.000,4.33,36.19,7.56,44.68728,-124.156658
2021-05-28T02:32:58.000,4.2,35.1,7.55,44.68728,-124.156658
2021-05-28T02:47:58.000,4.12,34.37,7.54,44.68728,-124.156658
2021-05-28T03:02:58.000,4.06,33.9,7.53,44.68728,-124.156658
2021-05-28T03:17:58.000,3.98,33.18,7.5,44.68728,-124.156658
2021-05-28T03:32:58.000,3.95,32.96,7.49,44.68728,-124.156658
2021-05-28T03:47:58.000,3.99,33.27,7.49,44.68728,-124.156658
2021-05-28T04:02:58.000,4.04,33.71,7.49,44.68728,-124.156658
2021-05-28T04:17:58.000,4.16,34.67,7.49,44.68728,-124.156658
2021-05-28T04:32:58.000,4.23,35.29,7.51,44.68728,-124.156658
2021-05-28T04:47:58.000,4.38,36.53,7.54,44.68728,-124.156658
2021-05-28T05:02:58.000,4.68,39.1,7.59,44.68728,-124.156658
2021-05-28T05:17:58.000,4.93,41.29,7.66,44.68728,-124.156658
2021-05-28T05:32:58.000,5.34,44.77,7.73,44.68728,-124.156658
2021-05-28T05:47:58.000,5.78,48.59,7.8,44.68728,-124.156658
2021-05-28T06:02:58.000,6.44,54.21,7.9,44.68728,-124.156658
2021-05-28T06:17:58.000,6.4,53.91,7.88,44.68728,-124.156658
2021-05-28T06:32:58.000,6.36,53.56,7.89,44.68728,-124.156658
2021-05-28T06:47:58.000,6.33,53.3,7.88,44.68728,-124.156658
2021-05-28T07:02:58.000,6.37,53.6,7.88,44.68728,-124.156658
2021-05-28T07:17:58.000,6.26,52.72,7.87,44.68728,-124.156658
2021-05-28T07:32:58.000,6.27,52.8,7.87,44.68728,-124.156658
2021-05-28T07:47:58.000,6.23,52.38,7.85,44.68728,-124.156658
2021-05-28T08:02:58.000,6.19,52.1,7.85,44.68728,-124.156658
2021-05-28T08:17:58.000,6.17,51.94,7.85,44.68728,-124.156658
2021-05-28T08:32:58.000,6.13,51.59,7.85,44.68728,-124.156658
2021-05-28T08:47:58.000,6.1,51.31,7.84,44.68728,-124.156658
2021-05-28T09:02:58.000,6.09,51.21,7.84,44.68728,-124.156658
2021-05-28T09:17:58.000,6.07,51.03,7.83,44.68728,-124.156658
2021-05-28T09:32:58.000,6.07,51.01,7.83,44.68728,-124.156658
2021-05-28T09:47:58.000,6.06,50.97,7.84,44.68728,-124.156658
2021-05-28T10:02:58.000,6.08,51.12,7.84,44.68728,-124.156658
2021-05-28T10:17:58.000,6.1,51.3,7.85,44.68728,-124.156658
2021-05-28T10:32:58.000,6.07,51.02,7.83,44.68728,-124.156658
2021-05-28T10:47:58.000,6.05,50.85,7.83,44.68728,-124.156658
2021-05-28T11:02:58.000,6.04,50.82,7.83,44.68728,-124.156658
2021-05-28T11:17:58.000,6.05,50.88,7.83,44.68728,-124.156658
2021-05-28T11:32:58.000,6.11,51.38,7.84,44.68728,-124.156658
2021-05-28T11:47:58.000,6.18,52,7.85,44.68728,-124.156658
2021-05-28T12:02:58.000,6.28,52.85,7.88,44.68728,-124.156658
2021-05-28T12:17:58.000,6.38,53.78,7.92,44.68728,-124.156658
2021-05-28T12:32:58.000,6.41,54.04,7.93,44.68728,-124.156658
2021-05-28T12:47:58.000,6.33,53.35,7.92,44.68728,-124.156658
2021-05-28T13:02:58.000,6.26,52.73,7.92,44.68728,-124.156658
2021-05-28T13:17:58.000,6.21,52.37,7.91,44.68728,-124.156658
2021-05-28T13:32:58.000,6.04,50.86,7.87,44.68728,-124.156658
2021-05-28T13:47:58.000,5.86,49.31,7.85,44.68728,-124.156658
2021-05-28T14:02:58.000,5.64,47.39,7.83,44.68728,-124.156658
2021-05-28T14:17:58.000,5.58,46.95,7.83,44.68728,-124.156658
2021-05-28T14:32:58.000,5.54,46.59,7.83,44.68728,-124.156658
2021-05-28T14:47:58.000,5.5,46.27,7.84,44.68728,-124.156658
2021-05-28T15:02:58.000,5.51,46.32,7.85,44.68728,-124.156658
2021-05-28T15:17:58.000,5.47,46.06,7.85,44.68728,-124.156658
2021-05-28T15:32:58.000,5.52,46.49,7.87,44.68728,-124.156658
2021-05-28T15:47:58.000,5.5,46.26,7.87,44.68728,-124.156658
2021-05-28T16:02:58.000,5.55,46.71,7.88,44.68728,-124.156658
2021-05-28T16:17:58.000,5.63,47.42,7.9,44.68728,-124.156658
2021-05-28T16:32:58.000,5.57,46.93,7.9,44.68728,-124.156658
2021-05-28T16:47:58.000,5.37,45.2,7.85,44.68728,-124.156658
2021-05-28T17:02:58.000,5.15,43.3,7.81,44.68728,-124.156658
2021-05-28T17:17:58.000,4.91,41.23,7.75,44.68728,-124.156658
2021-05-28T17:32:58.000,4.78,40.08,7.71,44.68728,-124.156658
2021-05-28T17:47:58.000,4.71,39.43,7.68,44.68728,-124.156658
2021-05-28T18:02:58.000,4.7,39.36,7.69,44.68728,-124.156658
2021-05-28T18:17:58.000,4.73,39.68,7.7,44.68728,-124.156658
2021-05-28T18:32:58.000,4.74,39.71,7.71,44.68728,-124.156658
2021-05-28T18:47:58.000,4.79,40.18,7.71,44.68728,-124.156658
2021-05-28T19:02:58.000,4.81,40.38,7.73,44.68728,-124.156658
2021-05-28T19:17:58.000,4.77,39.98,7.73,44.68728,-124.156658
2021-05-28T19:32:58.000,4.82,40.47,7.74,44.68728,-124.156658
2021-05-28T19:47:58.000,4.91,41.25,7.75,44.68728,-124.156658
2021-05-28T20:02:58.000,4.98,41.82,7.78,44.68728,-124.156658
2021-05-28T20:17:58.000,5.04,42.33,7.8,44.68728,-124.156658
2021-05-28T20:32:58.000,5.01,42.11,7.79,44.68728,-124.156658
2021-05-28T20:47:58.000,4.9,41.16,7.77,44.68728,-124.156658
2021-05-28T21:02:58.000,4.75,39.82,7.74,44.68728,-124.156658
2021-05-28T21:17:58.000,4.64,38.93,7.72,44.68728,-124.156658
2021-05-28T21:32:58.000,4.54,38.09,7.7,44.68728,-124.156658
2021-05-28T21:47:58.000,4.44,37.22,7.68,44.68728,-124.156658
2021-05-28T22:02:58.000,4.42,37,7.68,44.68728,-124.156658
2021-05-28T22:17:58.000,4.45,37.29,7.68,44.68728,-124.156658
2021-05-28T22:32:58.000,4.51,37.8,7.71,44.68728,-124.156658
2021-05-28T22:47:58.000,4.54,38.05,7.73,44.68728,-124.156658
2021-05-28T23:02:58.000,4.45,37.33,7.69,44.68728,-124.156658
2021-05-28T23:17:58.000,4.43,37.08,7.66,44.68728,-124.156658
2021-05-28T23:32:58.000,4.39,36.75,7.62,44.68728,-124.156658
2021-05-28T23:47:58.000,4.38,36.63,7.58,44.68728,-124.156658
2021-05-29T00:02:58.000,4.3,35.96,7.56,44.68728,-124.156658
2021-05-29T00:17:58.000,4.1,34.24,7.55,44.68728,-124.156658
2021-05-29T00:32:58.000,4.02,33.55,7.54,44.68728,-124.156658
2021-05-29T00:47:58.000,3.91,32.58,7.51,44.68728,-124.156658
2021-05-29T01:02:58.000,3.86,32.23,7.51,44.68728,-124.156658
2021-05-29T01:17:58.000,3.83,31.97,7.51,44.68728,-124.156658
2021-05-29T01:32:58.000,3.81,31.77,7.49,44.68728,-124.156658
2021-05-29T01:47:58.000,3.78,31.49,7.49,44.68728,-124.156658
2021-05-29T02:02:58.000,3.75,31.26,7.49,44.68728,-124.156658
2021-05-29T02:17:58.000,3.69,30.75,7.46,44.68728,-124.156658
2021-05-29T02:32:58.000,3.58,29.8,7.44,44.68728,-124.156658
2021-05-29T02:47:58.000,3.53,29.39,7.44,44.68728,-124.156658
2021-05-29T03:02:58.000,3.46,28.76,7.41,44.68728,-124.156658
2021-05-29T03:17:58.000,3.39,28.23,7.39,44.68728,-124.156658
2021-05-29T03:32:58.000,3.33,27.71,7.38,44.68728,-124.156658
2021-05-29T03:47:58.000,3.29,27.38,7.37,44.68728,-124.156658
2021-05-29T04:02:58.000,3.26,27.13,7.36,44.68728,-124.156658
2021-05-29T04:17:58.000,3.23,26.8,7.35,44.68728,-124.156658
2021-05-29T04:32:58.000,3.2,26.59,7.34,44.68728,-124.156658
2021-05-29T04:47:58.000,3.2,26.56,7.34,44.68728,-124.156658
2021-05-29T05:02:58.000,3.21,26.68,7.34,44.68728,-124.156658
2021-05-29T05:17:58.000,3.22,26.72,7.34,44.68728,-124.156658
2021-05-29T05:32:58.000,3.2,26.57,7.33,44.68728,-124.156658
2021-05-29T05:47:58.000,3.19,26.48,7.33,44.68728,-124.156658
2021-05-29T06:02:58.000,3.18,26.39,7.33,44.68728,-124.156658
2021-05-29T06:17:58.000,3.2,26.57,7.33,44.68728,-124.156658
2021-05-29T06:32:58.000,3.17,26.35,7.32,44.68728,-124.156658
2021-05-29T06:47:58.000,3.14,26.11,7.32,44.68728,-124.156658
2021-05-29T07:02:58.000,3.13,25.98,7.32,44.68728,-124.156658
2021-05-29T07:17:58.000,3.13,25.96,7.31,44.68728,-124.156658
2021-05-29T07:32:58.000,3.13,25.96,7.31,44.68728,-124.156658
2021-05-29T07:47:58.000,3.12,25.9,7.31,44.68728,-124.156658
2021-05-29T08:02:58.000,3.12,25.94,7.31,44.68728,-124.156658
2021-05-29T08:17:58.000,3.14,26.05,7.32,44.68728,-124.156658
2021-05-29T08:32:58.000,3.12,25.94,7.32,44.68728,-124.156658
2021-05-29T08:47:58.000,3.13,25.97,7.32,44.68728,-124.156658
2021-05-29T09:02:58.000,3.13,25.99,7.32,44.68728,-124.156658
2021-05-29T09:17:58.000,3.12,25.94,7.32,44.68728,-124.156658
2021-05-29T09:32:58.000,3.12,25.89,7.32,44.68728,-124.156658
2021-05-29T09:47:58.000,3.13,26,7.32,44.68728,-124.156658
2021-05-29T10:02:58.000,3.18,26.45,7.34,44.68728,-124.156658
2021-05-29T10:17:58.000,3.22,26.79,7.36,44.68728,-124.156658
2021-05-29T10:32:58.000,3.22,26.77,7.36,44.68728,-124.156658
2021-05-29T10:47:58.000,3.22,26.8,7.36,44.68728,-124.156658
2021-05-29T11:02:58.000,3.18,26.4,7.35,44.68728,-124.156658
2021-05-29T11:17:58.000,3.12,25.96,7.33,44.68728,-124.156658
2021-05-29T11:32:58.000,3.07,25.48,7.32,44.68728,-124.156658
2021-05-29T11:47:58.000,2.99,24.85,7.29,44.68728,-124.156658
2021-05-29T12:02:58.000,2.99,24.78,7.29,44.68728,-124.156658
2021-05-29T12:17:58.000,2.99,24.82,7.3,44.68728,-124.156658
2021-05-29T12:32:58.000,2.98,24.72,7.29,44.68728,-124.156658
2021-05-29T12:47:58.000,2.97,24.65,7.29,44.68728,-124.156658
2021-05-29T13:02:58.000,2.98,24.7,7.3,44.68728,-124.156658
2021-05-29T13:17:58.000,2.97,24.69,7.3,44.68728,-124.156658
2021-05-29T13:32:58.000,3.01,25.03,7.32,44.68728,-124.156658
2021-05-29T13:47:58.000,3.02,25.12,7.32,44.68728,-124.156658
2021-05-29T14:02:58.000,3.06,25.45,7.32,44.68728,-124.156658
2021-05-29T14:17:58.000,3.05,25.33,7.33,44.68728,-124.156658
2021-05-29T14:32:58.000,3.06,25.42,7.34,44.68728,-124.156658
2021-05-29T14:47:58.000,2.96,24.58,7.34,44.68728,-124.156658
2021-05-29T15:02:58.000,2.7,22.44,7.34,44.68728,-124.156658
2021-05-29T15:17:58.000,2.96,24.58,7.34,44.68728,-124.156658
2021-05-29T15:32:58.000,3,24.92,7.34,44.68728,-124.156658
2021-05-29T15:47:58.000,3.02,25.12,7.34,44.68728,-124.156658
2021-05-29T16:02:58.000,3,24.94,7.34,44.68728,-124.156658
2021-05-29T16:17:58.000,2.99,24.84,7.33,44.68728,-124.156658
2021-05-29T16:32:58.000,2.97,24.7,7.32,44.68728,-124.156658
2021-05-29T16:47:58.000,2.96,24.59,7.32,44.68728,-124.156658
2021-05-29T17:02:58.000,2.95,24.54,7.32,44.68728,-124.156658
2021-05-29T17:17:58.000,2.95,24.5,7.32,44.68728,-124.156658
2021-05-29T17:32:58.000,2.95,24.47,7.32,44.68728,-124.156658
2021-05-29T17:47:58.000,2.96,24.56,7.32,44.68728,-124.156658
2021-05-29T18:02:58.000,2.97,24.66,7.32,44.68728,-124.156658
2021-05-29T18:17:58.000,2.98,24.73,7.32,44.68728,-124.156658
2021-05-29T18:32:58.000,3.02,25.13,7.34,44.68728,-124.156658
2021-05-29T18:47:58.000,3.07,25.47,7.34,44.68728,-124.156658
2021-05-29T19:02:58.000,3.05,25.35,7.34,44.68728,-124.156658
2021-05-29T19:17:58.000,3.05,25.35,7.34,44.68728,-124.156658
2021-05-29T19:32:58.000,3.01,25.03,7.33,44.68728,-124.156658
2021-05-29T19:47:58.000,3,24.89,7.32,44.68728,-124.156658
2021-05-29T20:02:58.000,2.97,24.66,7.32,44.68728,-124.156658
2021-05-29T20:17:58.000,2.96,24.57,7.32,44.68728,-124.156658
2021-05-29T20:32:58.000,2.94,24.4,7.32,44.68728,-124.156658
2021-05-29T20:47:58.000,2.92,24.24,7.31,44.68728,-124.156658
2021-05-29T21:02:58.000,2.92,24.23,7.32,44.68728,-124.156658
2021-05-29T21:17:58.000,2.92,24.21,7.32,44.68728,-124.156658
2021-05-29T21:32:58.000,2.92,24.25,7.32,44.68728,-124.156658
2021-05-29T21:47:58.000,2.91,24.19,7.32,44.68728,-124.156658
2021-05-29T22:02:58.000,2.93,24.36,7.32,44.68728,-124.156658
2021-05-29T22:17:58.000,2.96,24.6,7.33,44.68728,-124.156658
2021-05-29T22:32:58.000,2.94,24.41,7.34,44.68728,-124.156658
2021-05-29T22:47:58.000,2.95,24.5,7.34,44.68728,-124.156658
2021-05-29T23:02:58.000,2.94,24.43,7.34,44.68728,-124.156658
2021-05-29T23:17:58.000,2.95,24.53,7.34,44.68728,-124.156658
2021-05-29T23:32:58.000,2.95,24.47,7.34,44.68728,-124.156658
2021-05-29T23:47:58.000,2.95,24.48,7.34,44.68728,-124.156658
2021-05-30T00:02:58.000,2.93,24.33,7.34,44.68728,-124.156658
2021-05-30T00:17:58.000,2.93,24.37,7.34,44.68728,-124.156658
2021-05-30T00:32:58.000,2.94,24.39,7.34,44.68728,-124.156658
2021-05-30T00:47:58.000,2.92,24.3,7.34,44.68728,-124.156658
2021-05-30T01:02:58.000,2.91,24.21,7.34,44.68728,-124.156658
2021-05-30T01:17:58.000,2.94,24.4,7.35,44.68728,-124.156658
2021-05-30T01:32:58.000,2.97,24.73,7.37,44.68728,-124.156658
2021-05-30T01:47:58.000,3.01,24.98,7.37,44.68728,-124.156658
2021-05-30T02:02:58.000,3.04,25.26,7.39,44.68728,-124.156658
2021-05-30T02:17:58.000,3.03,25.24,7.39,44.68728,-124.156658
2021-05-30T02:32:58.000,3.08,25.59,7.4,44.68728,-124.156658
2021-05-30T02:47:58.000,3.1,25.76,7.41,44.68728,-124.156658
2021-05-30T03:02:58.000,3.18,26.47,7.44,44.68728,-124.156658
2021-05-30T03:17:58.000,3.09,25.75,7.41,44.68728,-124.156658
2021-05-30T03:32:58.000,3,24.93,7.38,44.68728,-124.156658
2021-05-30T03:47:58.000,2.96,24.61,7.38,44.68728,-124.156658
2021-05-30T04:02:58.000,2.92,24.29,7.37,44.68728,-124.156658
2021-05-30T04:17:58.000,2.39,19.87,7.36,44.68728,-124.156658
2021-05-30T04:32:58.000,2.42,20.1,7.35,44.68728,-124.156658
2021-05-30T04:47:58.000,2.58,21.43,7.34,44.68728,-124.156658
2021-05-30T05:02:58.000,2.82,23.42,7.34,44.68728,-124.156658
2021-05-30T05:17:58.000,2.8,23.22,7.33,44.68728,-124.156658
2021-05-30T05:32:58.000,2.78,23.12,7.32,44.68728,-124.156658
2021-05-30T05:47:58.000,2.84,23.59,7.32,44.68728,-124.156658
2021-05-30T06:02:58.000,2.84,23.62,7.32,44.68728,-124.156658
2021-05-30T06:17:58.000,2.82,23.43,7.32,44.68728,-124.156658
2021-05-30T06:32:58.000,2.8,23.2,7.3,44.68728,-124.156658
2021-05-30T06:47:58.000,2.78,23.04,7.29,44.68728,-124.156658
2021-05-30T07:02:58.000,2.72,22.59,7.29,44.68728,-124.156658
2021-05-30T07:17:58.000,2.71,22.45,7.28,44.68728,-124.156658
2021-05-30T07:32:58.000,2.71,22.48,7.28,44.68728,-124.156658
2021-05-30T07:47:58.000,2.66,22.1,7.27,44.68728,-124.156658
2021-05-30T08:02:58.000,2.63,21.78,7.26,44.68728,-124.156658
2021-05-30T08:17:58.000,2.58,21.39,7.25,44.68728,-124.156658
2021-05-30T08:32:58.000,2.55,21.17,7.24,44.68728,-124.156658
2021-05-30T08:47:58.000,2.47,20.43,7.21,44.68728,-124.156658
2021-05-30T09:02:58.000,2.5,20.7,7.22,44.68728,-124.156658
2021-05-30T09:17:58.000,2.47,20.49,7.22,44.68728,-124.156658
2021-05-30T09:32:58.000,2.47,20.46,7.21,44.68728,-124.156658
2021-05-30T09:47:58.000,2.46,20.38,7.21,44.68728,-124.156658
2021-05-30T10:02:58.000,2.47,20.47,7.22,44.68728,-124.156658
2021-05-30T10:17:58.000,2.44,20.24,7.22,44.68728,-124.156658
2021-05-30T10:32:58.000,2.45,20.26,7.21,44.68728,-124.156658
2021-05-30T10:47:58.000,2.43,20.16,7.22,44.68728,-124.156658
2021-05-30T11:02:58.000,2.43,20.1,7.22,44.68728,-124.156658
2021-05-30T11:17:58.000,2.43,20.16,7.22,44.68728,-124.156658
2021-05-30T11:32:58.000,2.43,20.12,7.22,44.68728,-124.156658
2021-05-30T11:47:58.000,2.45,20.26,7.22,44.68728,-124.156658
2021-05-30T12:02:58.000,2.43,20.16,7.22,44.68728,-124.156658
2021-05-30T12:17:58.000,2.42,20.04,7.22,44.68728,-124.156658
2021-05-30T12:32:58.000,2.44,20.22,7.22,44.68728,-124.156658
2021-05-30T12:47:58.000,2.44,20.23,7.22,44.68728,-124.156658
2021-05-30T13:02:58.000,2.44,20.18,7.22,44.68728,-124.156658
2021-05-30T13:17:58.000,2.48,20.53,7.22,44.68728,-124.156658
2021-05-30T13:32:58.000,2.54,21.03,7.24,44.68728,-124.156658
2021-05-30T13:47:58.000,2.54,21.09,7.25,44.68728,-124.156658
2021-05-30T14:02:58.000,2.55,21.17,7.25,44.68728,-124.156658
2021-05-30T14:17:58.000,2.61,21.68,7.27,44.68728,-124.156658
2021-05-30T14:32:58.000,2.69,22.33,7.28,44.68728,-124.156658
2021-05-30T14:47:58.000,2.7,22.4,7.29,44.68728,-124.156658
2021-05-30T15:02:58.000,2.69,22.3,7.29,44.68728,-124.156658
2021-05-30T15:17:58.000,2.69,22.32,7.29,44.68728,-124.156658
2021-05-30T15:32:58.000,2.72,22.6,7.29,44.68728,-124.156658
2021-05-30T15:47:58.000,2.76,22.93,7.29,44.68728,-124.156658
2021-05-30T16:02:58.000,2.76,22.91,7.29,44.68728,-124.156658
2021-05-30T16:17:58.000,2.77,22.95,7.3,44.68728,-124.156658
2021-05-30T16:32:58.000,2.77,23.02,7.3,44.68728,-124.156658
2021-05-30T16:47:58.000,2.78,23.11,7.32,44.68728,-124.156658
2021-05-30T17:02:58.000,2.93,24.37,7.34,44.68728,-124.156658
2021-05-30T17:17:58.000,3.02,25.15,7.37,44.68728,-124.156658
2021-05-30T17:32:58.000,3.14,26.15,7.42,44.68728,-124.156658
2021-05-30T17:47:58.000,3.19,26.59,7.44,44.68728,-124.156658
2021-05-30T18:02:58.000,3.24,26.98,7.46,44.68728,-124.156658
2021-05-30T18:17:58.000,3.28,27.37,7.49,44.68728,-124.156658
2021-05-30T18:32:58.000,3.33,27.79,7.51,44.68728,-124.156658
2021-05-30T18:47:58.000,3.36,28.05,7.54,44.68728,-124.156658
2021-05-30T19:02:58.000,3.37,28.14,7.54,44.68728,-124.156658
2021-05-30T19:17:58.000,3.43,28.62,7.56,44.68728,-124.156658
2021-05-30T19:32:58.000,3.46,28.87,7.57,44.68728,-124.156658
2021-05-30T19:47:58.000,3.51,29.37,7.61,44.68728,-124.156658
2021-05-30T20:02:58.000,3.69,30.91,7.66,44.68728,-124.156658
2021-05-30T20:17:58.000,3.82,32,7.71,44.68728,-124.156658
2021-05-30T20:32:58.000,3.59,29.97,7.59,44.68728,-124.156658
2021-05-30T20:47:58.000,2.77,23.05,7.36,44.68728,-124.156658
2021-05-30T21:02:58.000,2.68,22.27,7.29,44.68728,-124.156658
2021-05-30T21:17:58.000,2.64,21.9,7.27,44.68728,-124.156658
2021-05-30T21:32:58.000,2.64,21.89,7.27,44.68728,-124.156658
2021-05-30T21:47:58.000,2.6,21.56,7.24,44.68728,-124.156658
2021-05-30T22:02:58.000,2.56,21.17,7.22,44.68728,-124.156658
2021-05-30T22:17:58.000,2.52,20.85,7.2,44.68728,-124.156658
2021-05-30T22:32:58.000,2.49,20.63,7.2,44.68728,-124.156658
2021-05-30T22:47:58.000,2.5,20.72,7.2,44.68728,-124.156658
2021-05-30T23:02:58.000,2.53,20.9,7.2,44.68728,-124.156658
2021-05-30T23:17:58.000,2.55,21.1,7.2,44.68728,-124.156658
2021-05-30T23:32:58.000,2.54,21.04,7.21,44.68728,-124.156658
2021-05-30T23:47:58.000,2.54,21.04,7.21,44.68728,-124.156658
2021-05-31T00:02:58.000,2.53,20.99,7.21,44.68728,-124.156658
2021-05-31T00:17:58.000,2.54,21.02,7.21,44.68728,-124.156658
2021-05-31T00:32:58.000,2.55,21.14,7.22,44.68728,-124.156658
2021-05-31T00:47:58.000,2.57,21.26,7.22,44.68728,-124.156658
2021-05-31T01:02:58.000,2.55,21.15,7.22,44.68728,-124.156658
2021-05-31T01:17:58.000,2.54,21.01,7.21,44.68728,-124.156658
2021-05-31T01:32:58.000,2.56,21.17,7.21,44.68728,-124.156658
2021-05-31T01:47:58.000,2.55,21.12,7.21,44.68728,-124.156658
2021-05-31T02:02:58.000,2.58,21.37,7.22,44.68728,-124.156658
2021-05-31T02:17:58.000,2.56,21.18,7.22,44.68728,-124.156658
2021-05-31T02:32:58.000,2.57,21.27,7.21,44.68728,-124.156658
2021-05-31T02:47:58.000,2.56,21.22,7.21,44.68728,-124.156658
2021-05-31T03:02:58.000,2.57,21.26,7.21,44.68728,-124.156658
2021-05-31T03:17:58.000,2.58,21.36,7.22,44.68728,-124.156658
2021-05-31T03:32:58.000,2.61,21.63,7.22,44.68728,-124.156658
2021-05-31T03:47:58.000,2.64,21.89,7.24,44.68728,-124.156658
2021-05-31T04:02:58.000,2.67,22.09,7.24,44.68728,-124.156658
2021-05-31T04:17:58.000,2.69,22.3,7.25,44.68728,-124.156658
2021-05-31T04:32:58.000,2.66,22.09,7.24,44.68728,-124.156658
2021-05-31T04:47:58.000,2.53,20.91,7.2,44.68728,-124.156658
2021-05-31T05:02:58.000,2.48,20.56,7.2,44.68728,-124.156658
2021-05-31T05:17:58.000,2.49,20.64,7.2,44.68728,-124.156658
2021-05-31T05:32:58.000,2.5,20.71,7.2,44.68728,-124.156658
2021-05-31T05:47:58.000,2.51,20.78,7.2,44.68728,-124.156658
2021-05-31T06:02:58.000,2.46,20.33,7.18,44.68728,-124.156658
2021-05-31T06:17:58.000,2.42,19.99,7.17,44.68728,-124.156658
2021-05-31T06:32:58.000,2.4,19.9,7.17,44.68728,-124.156658
2021-05-31T06:47:58.000,2.4,19.85,7.17,44.68728,-124.156658
2021-05-31T07:02:58.000,2.38,19.66,7.17,44.68728,-124.156658
2021-05-31T07:17:58.000,2.36,19.55,7.17,44.68728,-124.156658
2021-05-31T07:32:58.000,2.35,19.43,7.17,44.68728,-124.156658
2021-05-31T07:47:58.000,2.31,19.08,7.15,44.68728,-124.156658
2021-05-31T08:02:58.000,2.28,18.85,7.15,44.68728,-124.156658
2021-05-31T08:17:58.000,2.27,18.74,7.15,44.68728,-124.156658
2021-05-31T08:32:58.000,2.21,18.24,7.11,44.68728,-124.156658
2021-05-31T08:47:58.000,2.17,17.89,7.09,44.68728,-124.156658
2021-05-31T09:02:58.000,2.12,17.5,7.08,44.68728,-124.156658
2021-05-31T09:17:58.000,2.1,17.3,7.07,44.68728,-124.156658
2021-05-31T09:32:58.000,2.08,17.13,7.06,44.68728,-124.156658
2021-05-31T09:47:58.000,2.07,17.05,7.06,44.68728,-124.156658
2021-05-31T10:02:58.000,2.06,17.03,7.05,44.68728,-124.156658
2021-05-31T10:17:58.000,2.06,17.01,7.05,44.68728,-124.156658
2021-05-31T10:32:58.000,2.05,16.89,7.05,44.68728,-124.156658
2021-05-31T10:47:58.000,2.05,16.95,7.06,44.68728,-124.156658
2021-05-31T11:02:58.000,2.04,16.86,7.07,44.68728,-124.156658
2021-05-31T11:17:58.000,2.06,16.98,7.07,44.68728,-124.156658
2021-05-31T11:32:58.000,2.04,16.87,7.07,44.68728,-124.156658
2021-05-31T11:47:58.000,2.06,16.99,7.08,44.68728,-124.156658
2021-05-31T12:02:58.000,2.05,16.92,7.08,44.68728,-124.156658
2021-05-31T12:17:58.000,2.03,16.75,7.08,44.68728,-124.156658
2021-05-31T12:32:58.000,2.04,16.87,7.08,44.68728,-124.156658
2021-05-31T12:47:58.000,2.01,16.62,7.08,44.68728,-124.156658
2021-05-31T13:02:58.000,2.03,16.72,7.08,44.68728,-124.156658
2021-05-31T13:17:58.000,2.03,16.75,7.08,44.68728,-124.156658
2021-05-31T13:32:58.000,2.04,16.81,7.08,44.68728,-124.156658
2021-05-31T13:47:58.000,2.04,16.84,7.08,44.68728,-124.156658
2021-05-31T14:02:58.000,2.05,16.92,7.08,44.68728,-124.156658
2021-05-31T14:17:58.000,2.07,17.07,7.1,44.68728,-124.156658
2021-05-31T14:32:58.000,2.08,17.16,7.1,44.68728,-124.156658
2021-05-31T14:47:58.000,2.1,17.37,7.1,44.68728,-124.156658
2021-05-31T15:02:58.000,2.15,17.77,7.12,44.68728,-124.156658
2021-05-31T15:17:58.000,2.14,17.72,7.12,44.68728,-124.156658
2021-05-31T15:32:58.000,2.21,18.3,7.14,44.68728,-124.156658
2021-05-31T15:47:58.000,2.25,18.59,7.16,44.68728,-124.156658
2021-05-31T16:02:58.000,2.3,19.01,7.17,44.68728,-124.156658
2021-05-31T16:17:58.000,2.31,19.11,7.18,44.68728,-124.156658
2021-05-31T16:32:58.000,2.33,19.27,7.2,44.68728,-124.156658
2021-05-31T16:47:58.000,2.36,19.56,7.21,44.68728,-124.156658
2021-05-31T17:02:58.000,2.45,20.3,7.22,44.68728,-124.156658
2021-05-31T17:17:58.000,2.52,20.92,7.25,44.68728,-124.156658
2021-05-31T17:32:58.000,2.53,20.95,7.26,44.68728,-124.156658
2021-05-31T17:47:58.000,2.55,21.15,7.27,44.68728,-124.156658
2021-05-31T18:02:58.000,2.56,21.26,7.27,44.68728,-124.156658
2021-05-31T18:17:58.000,2.55,21.13,7.27,44.68728,-124.156658
2021-05-31T18:32:58.000,2.56,21.22,7.27,44.68728,-124.156658
2021-05-31T18:47:58.000,2.61,21.66,7.29,44.68728,-124.156658
2021-05-31T19:02:58.000,2.69,22.3,7.32,44.68728,-124.156658
2021-05-31T19:17:58.000,2.74,22.8,7.34,44.68728,-124.156658
2021-05-31T19:32:58.000,2.67,22.17,7.32,44.68728,-124.156658
2021-05-31T19:47:58.000,2.56,21.22,7.28,44.68728,-124.156658
2021-05-31T20:02:58.000,2.57,21.3,7.29,44.68728,-124.156658
2021-05-31T20:17:58.000,2.56,21.26,7.29,44.68728,-124.156658
2021-05-31T20:32:58.000,2.63,21.83,7.3,44.68728,-124.156658
2021-05-31T20:47:58.000,2.65,22.01,7.32,44.68728,-124.156658
2021-05-31T21:02:58.000,2.66,22.05,7.32,44.68728,-124.156658
2021-05-31T21:17:58.000,2.64,21.94,7.3,44.68728,-124.156658
2021-05-31T21:32:58.000,2.62,21.73,7.3,44.68728,-124.156658
2021-05-31T21:47:58.000,2.54,21.08,7.27,44.68728,-124.156658
2021-05-31T22:02:58.000,2.47,20.48,7.26,44.68728,-124.156658
2021-05-31T22:17:58.000,2.45,20.33,7.25,44.68728,-124.156658
2021-05-31T22:32:58.000,2.43,20.14,7.25,44.68728,-124.156658
2021-05-31T22:47:58.000,2.45,20.3,7.25,44.68728,-124.156658
2021-05-31T23:02:58.000,2.43,20.1,7.25,44.68728,-124.156658
2021-05-31T23:17:58.000,2.44,20.24,7.25,44.68728,-124.156658
2021-05-31T23:32:58.000,2.45,20.33,7.26,44.68728,-124.156658
2021-05-31T23:47:58.000,2.47,20.46,7.26,44.68728,-124.156658
2021-06-01T00:02:58.000,2.47,20.51,7.27,44.68728,-124.156658
2021-06-01T00:17:58.000,2.48,20.54,7.27,44.68728,-124.156658
2021-06-01T00:32:58.000,2.47,20.49,7.27,44.68728,-124.156658
2021-06-01T00:47:58.000,2.5,20.76,7.27,44.68728,-124.156658
2021-06-01T01:02:58.000,2.54,21.04,7.29,44.68728,-124.156658
2021-06-01T01:17:58.000,2.59,21.47,7.3,44.68728,-124.156658
2021-06-01T01:32:58.000,2.63,21.82,7.32,44.68728,-124.156658
2021-06-01T01:47:58.000,2.69,22.39,7.34,44.68728,-124.156658
2021-06-01T02:02:58.000,2.73,22.67,7.36,44.68728,-124.156658
2021-06-01T02:17:58.000,2.69,22.37,7.35,44.68728,-124.156658
2021-06-01T02:32:58.000,2.63,21.84,7.34,44.68728,-124.156658
2021-06-01T02:47:58.000,2.58,21.44,7.32,44.68728,-124.156658
2021-06-01T03:02:58.000,2.55,21.19,7.32,44.68728,-124.156658
2021-06-01T03:17:58.000,2.54,21.11,7.3,44.68728,-124.156658
2021-06-01T03:32:58.000,2.54,21.08,7.3,44.68728,-124.156658
2021-06-01T03:47:58.000,2.53,21.03,7.3,44.68728,-124.156658
2021-06-01T04:02:58.000,2.53,21,7.29,44.68728,-124.156658
2021-06-01T04:17:58.000,2.54,21.04,7.29,44.68728,-124.156658
2021-06-01T04:32:58.000,2.53,20.96,7.29,44.68728,-124.156658
2021-06-01T04:47:58.000,2.5,20.72,7.28,44.68728,-124.156658
2021-06-01T05:02:58.000,2.47,20.47,7.27,44.68728,-124.156658
2021-06-01T05:17:58.000,2.47,20.45,7.27,44.68728,-124.156658
2021-06-01T05:32:58.000,2.46,20.4,7.27,44.68728,-124.156658
2021-06-01T05:47:58.000,2.48,20.56,7.27,44.68728,-124.156658
2021-06-01T06:02:58.000,2.48,20.54,7.27,44.68728,-124.156658
2021-06-01T06:17:58.000,2.47,20.46,7.27,44.68728,-124.156658
2021-06-01T06:32:58.000,2.46,20.37,7.27,44.68728,-124.156658
2021-06-01T06:47:58.000,2.47,20.47,7.27,44.68728,-124.156658
2021-06-01T07:02:58.000,2.35,19.45,7.24,44.68728,-124.156658
2021-06-01T07:17:58.000,2.28,18.88,7.22,44.68728,-124.156658
2021-06-01T07:32:58.000,2.22,18.36,7.2,44.68728,-124.156658
2021-06-01T07:47:58.000,2.18,18.04,7.19,44.68728,-124.156658
2021-06-01T08:02:58.000,2.16,17.84,7.18,44.68728,-124.156658
2021-06-01T08:17:58.000,2.13,17.66,7.17,44.68728,-124.156658
2021-06-01T08:32:58.000,2.12,17.55,7.17,44.68728,-124.156658
2021-06-01T08:47:58.000,2.12,17.58,7.17,44.68728,-124.156658
2021-06-01T09:02:58.000,2.14,17.74,7.17,44.68728,-124.156658
2021-06-01T09:17:58.000,2.16,17.9,7.18,44.68728,-124.156658
2021-06-01T09:32:58.000,2.18,18.03,7.19,44.68728,-124.156658
2021-06-01T09:47:58.000,2.19,18.17,7.2,44.68728,-124.156658
2021-06-01T10:02:58.000,2.22,18.35,7.2,44.68728,-124.156658
2021-06-01T10:17:58.000,2.29,18.94,7.22,44.68728,-124.156658
2021-06-01T10:32:58.000,2.35,19.47,7.23,44.68728,-124.156658
2021-06-01T10:47:58.000,2.41,19.99,7.24,44.68728,-124.156658
2021-06-01T11:02:58.000,2.45,20.27,7.24,44.68728,-124.156658
2021-06-01T11:17:58.000,2.5,20.7,7.25,44.68728,-124.156658
2021-06-01T11:32:58.000,2.55,21.12,7.25,44.68728,-124.156658
2021-06-01T11:47:58.000,2.57,21.32,7.25,44.68728,-124.156658
2021-06-01T12:02:58.000,2.58,21.37,7.25,44.68728,-124.156658
2021-06-01T12:17:58.000,2.57,21.31,7.25,44.68728,-124.156658
2021-06-01T12:32:58.000,2.58,21.35,7.25,44.68728,-124.156658
2021-06-01T12:47:58.000,2.55,21.1,7.25,44.68728,-124.156658
2021-06-01T13:02:58.000,2.54,21.03,7.25,44.68728,-124.156658
2021-06-01T13:17:58.000,2.52,20.91,7.25,44.68728,-124.156658
2021-06-01T13:32:58.000,2.53,20.97,7.25,44.68728,-124.156658
2021-06-01T13:47:58.000,2.54,21.05,7.26,44.68728,-124.156658
2021-06-01T14:02:58.000,2.55,21.16,7.27,44.68728,-124.156658
2021-06-01T14:17:58.000,2.59,21.51,7.27,44.68728,-124.156658
2021-06-01T14:32:58.000,2.53,21,7.27,44.68728,-124.156658
2021-06-01T14:47:58.000,2.48,20.54,7.26,44.68728,-124.156658
2021-06-01T15:02:58.000,2.42,20.08,7.25,44.68728,-124.156658
2021-06-01T15:17:58.000,2.37,19.62,7.24,44.68728,-124.156658
2021-06-01T15:32:58.000,2.3,19.03,7.23,44.68728,-124.156658
2021-06-01T15:47:58.000,2.26,18.71,7.22,44.68728,-124.156658
2021-06-01T16:02:58.000,2.23,18.45,7.22,44.68728,-124.156658
2021-06-01T16:17:58.000,2.22,18.35,7.22,44.68728,-124.156658
2021-06-01T16:32:58.000,2.21,18.28,7.22,44.68728,-124.156658
2021-06-01T16:47:58.000,2.19,18.1,7.22,44.68728,-124.156658
2021-06-01T17:02:58.000,2.17,17.96,7.21,44.68728,-124.156658
2021-06-01T17:17:58.000,2.15,17.84,7.21,44.68728,-124.156658
2021-06-01T17:32:58.000,2.15,17.83,7.21,44.68728,-124.156658
2021-06-01T17:47:58.000,2.14,17.73,7.21,44.68728,-124.156658
2021-06-01T18:02:58.000,2.14,17.68,7.21,44.68728,-124.156658
2021-06-01T18:17:58.000,2.14,17.71,7.22,44.68728,-124.156658
2021-06-01T18:32:58.000,2.13,17.67,7.22,44.68728,-124.156658
2021-06-01T18:47:58.000,2.15,17.77,7.22,44.68728,-124.156658
2021-06-01T19:02:58.000,2.13,17.61,7.22,44.68728,-124.156658
2021-06-01T19:17:58.000,2.1,17.42,7.22,44.68728,-124.156658
2021-06-01T19:32:58.000,2.09,17.35,7.22,44.68728,-124.156658
2021-06-01T19:47:58.000,2.11,17.47,7.22,44.68728,-124.156658
2021-06-01T20:02:58.000,2.26,18.74,7.27,44.68728,-124.156658
2021-06-01T20:17:58.000,2.64,21.93,7.37,44.68728,-124.156658
2021-06-01T20:32:58.000,2.74,22.83,7.4,44.68728,-124.156658
2021-06-01T20:47:58.000,2.51,20.84,7.35,44.68728,-124.156658
2021-06-01T21:02:58.000,2.56,21.3,7.36,44.68728,-124.156658
2021-06-01T21:17:58.000,2.56,21.31,7.36,44.68728,-124.156658
2021-06-01T21:32:58.000,2.45,20.36,7.32,44.68728,-124.156658
2021-06-01T21:47:58.000,2.48,20.61,7.32,44.68728,-124.156658
2021-06-01T22:02:58.000,2.57,21.39,7.35,44.68728,-124.156658
2021-06-01T22:17:58.000,2.68,22.32,7.37,44.68728,-124.156658
2021-06-01T22:32:58.000,2.79,23.19,7.4,44.68728,-124.156658
2021-06-01T22:47:58.000,2.83,23.56,7.41,44.68728,-124.156658
2021-06-01T23:02:58.000,2.84,23.65,7.41,44.68728,-124.156658
2021-06-01T23:17:58.000,2.86,23.82,7.41,44.68728,-124.156658
2021-06-01T23:32:58.000,2.87,23.89,7.41,44.68728,-124.156658
2021-06-01T23:47:58.000,2.87,23.87,7.41,44.68728,-124.156658
2021-06-02T00:02:58.000,2.85,23.7,7.4,44.68728,-124.156658
2021-06-02T00:17:58.000,2.85,23.7,7.4,44.68728,-124.156658
2021-06-02T00:32:58.000,2.84,23.64,7.4,44.68728,-124.156658
2021-06-02T00:47:58.000,2.84,23.61,7.4,44.68728,-124.156658
2021-06-02T01:02:58.000,2.85,23.68,7.4,44.68728,-124.156658
2021-06-02T01:17:58.000,2.84,23.61,7.41,44.68728,-124.156658
2021-06-02T01:32:58.000,2.86,23.83,7.41,44.68728,-124.156658
2021-06-02T01:47:58.000,2.84,23.67,7.41,44.68728,-124.156658
2021-06-02T02:02:58.000,2.86,23.78,7.41,44.68728,-124.156658
2021-06-02T02:17:58.000,2.88,23.99,7.42,44.68728,-124.156658
2021-06-02T02:32:58.000,2.92,24.31,7.42,44.68728,-124.156658
2021-06-02T02:47:58.000,2.95,24.6,7.44,44.68728,-124.156658
2021-06-02T03:02:58.000,2.97,24.7,7.44,44.68728,-124.156658
2021-06-02T03:17:58.000,2.99,24.86,7.44,44.68728,-124.156658
2021-06-02T03:32:58.000,3.04,25.36,7.46,44.68728,-124.156658
2021-06-02T03:47:58.000,3.06,25.49,7.46,44.68728,-124.156658
2021-06-02T04:02:58.000,3.07,25.56,7.46,44.68728,-124.156658
2021-06-02T04:17:58.000,3.06,25.53,7.46,44.68728,-124.156658
2021-06-02T04:32:58.000,3.09,25.71,7.46,44.68728,-124.156658
2021-06-02T04:47:58.000,3.11,25.88,7.47,44.68728,-124.156658
2021-06-02T05:02:58.000,3.09,25.78,7.47,44.68728,-124.156658
2021-06-02T05:17:58.000,3.1,25.85,7.46,44.68728,-124.156658
2021-06-02T05:32:58.000,3.14,26.18,7.47,44.68728,-124.156658
2021-06-02T05:47:58.000,3.02,25.18,7.46,44.68728,-124.156658
2021-06-02T06:02:58.000,2.82,23.43,7.41,44.68728,-124.156658
2021-06-02T06:17:58.000,2.71,22.51,7.38,44.68728,-124.156658
2021-06-02T06:32:58.000,2.66,22.1,7.37,44.68728,-124.156658
2021-06-02T06:47:58.000,2.65,22.07,7.37,44.68728,-124.156658
2021-06-02T07:02:58.000,2.67,22.22,7.37,44.68728,-124.156658
2021-06-02T07:17:58.000,2.72,22.65,7.37,44.68728,-124.156658
2021-06-02T07:32:58.000,2.72,22.65,7.38,44.68728,-124.156658
2021-06-02T07:47:58.000,2.68,22.26,7.37,44.68728,-124.156658
2021-06-02T08:02:58.000,2.59,21.56,7.34,44.68728,-124.156658
2021-06-02T08:17:58.000,2.47,20.47,7.31,44.68728,-124.156658
2021-06-02T08:32:58.000,2.39,19.83,7.29,44.68728,-124.156658
2021-06-02T08:47:58.000,2.39,19.82,7.28,44.68728,-124.156658
2021-06-02T09:02:58.000,2.44,20.23,7.28,44.68728,-124.156658
2021-06-02T09:17:58.000,2.61,21.62,7.3,44.68728,-124.156658
2021-06-02T09:32:58.000,2.7,22.39,7.32,44.68728,-124.156658
2021-06-02T09:47:58.000,2.84,23.56,7.32,44.68728,-124.156658
2021-06-02T10:02:58.000,2.82,23.39,7.32,44.68728,-124.156658
2021-06-02T10:17:58.000,2.72,22.6,7.29,44.68728,-124.156658
2021-06-02T10:32:58.000,2.63,21.79,7.28,44.68728,-124.156658
2021-06-02T10:47:58.000,2.56,21.27,7.27,44.68728,-124.156658
2021-06-02T11:02:58.000,2.51,20.83,7.27,44.68728,-124.156658
2021-06-02T11:17:58.000,2.47,20.46,7.26,44.68728,-124.156658
2021-06-02T11:32:58.000,2.43,20.13,7.25,44.68728,-124.156658
2021-06-02T11:47:58.000,2.41,19.94,7.24,44.68728,-124.156658
2021-06-02T12:02:58.000,2.39,19.84,7.25,44.68728,-124.156658
2021-06-02T12:17:58.000,2.37,19.64,7.24,44.68728,-124.156658
2021-06-02T12:32:58.000,2.34,19.43,7.24,44.68728,-124.156658
2021-06-02T12:47:58.000,2.32,19.22,7.23,44.68728,-124.156658
2021-06-02T13:02:58.000,2.31,19.16,7.23,44.68728,-124.156658
2021-06-02T13:17:58.000,2.31,19.1,7.22,44.68728,-124.156658
2021-06-02T13:32:58.000,2.29,18.96,7.23,44.68728,-124.156658
2021-06-02T13:47:58.000,2.28,18.89,7.23,44.68728,-124.156658
2021-06-02T14:02:58.000,2.26,18.71,7.24,44.68728,-124.156658
2021-06-02T14:17:58.000,2.26,18.74,7.24,44.68728,-124.156658
2021-06-02T14:32:58.000,2.26,18.71,7.24,44.68728,-124.156658
2021-06-02T14:47:58.000,2.24,18.55,7.24,44.68728,-124.156658
2021-06-02T15:02:58.000,2.22,18.38,7.24,44.68728,-124.156658
2021-06-02T15:17:58.000,2.22,18.4,7.24,44.68728,-124.156658
2021-06-02T15:32:58.000,2.2,18.25,7.24,44.68728,-124.156658
2021-06-02T15:47:58.000,2.26,18.71,7.24,44.68728,-124.156658
2021-06-02T16:02:58.000,2.3,19.03,7.25,44.68728,-124.156658
2021-06-02T16:17:58.000,2.3,19.03,7.25,44.68728,-124.156658
2021-06-02T16:32:58.000,2.32,19.24,7.25,44.68728,-124.156658
2021-06-02T16:47:58.000,2.39,19.8,7.26,44.68728,-124.156658
2021-06-02T17:02:58.000,2.39,19.8,7.27,44.68728,-124.156658
2021-06-02T17:17:58.000,2.38,19.75,7.27,44.68728,-124.156658
2021-06-02T17:32:58.000,2.41,19.99,7.27,44.68728,-124.156658
2021-06-02T17:47:58.000,2.45,20.35,7.29,44.68728,-124.156658
2021-06-02T18:02:58.000,2.48,20.62,7.29,44.68728,-124.156658
2021-06-02T18:17:58.000,2.49,20.68,7.29,44.68728,-124.156658
2021-06-02T18:32:58.000,2.49,20.67,7.3,44.68728,-124.156658
2021-06-02T18:47:58.000,2.48,20.62,7.3,44.68728,-124.156658
2021-06-02T19:02:58.000,2.47,20.54,7.3,44.68728,-124.156658
2021-06-02T19:17:58.000,2.47,20.51,7.31,44.68728,-124.156658
2021-06-02T19:32:58.000,2.47,20.53,7.31,44.68728,-124.156658
2021-06-02T19:47:58.000,2.45,20.34,7.31,44.68728,-124.156658
2021-06-02T20:02:58.000,2.43,20.18,7.31,44.68728,-124.156658
2021-06-02T20:17:58.000,2.4,19.95,7.31,44.68728,-124.156658
2021-06-02T20:32:58.000,2.39,19.82,7.3,44.68728,-124.156658
2021-06-02T20:47:58.000,2.38,19.73,7.31,44.68728,-124.156658
2021-06-02T21:02:58.000,2.36,19.6,7.31,44.68728,-124.156658
2021-06-02T21:17:58.000,2.37,19.66,7.31,44.68728,-124.156658
2021-06-02T21:32:58.000,2.37,19.69,7.32,44.68728,-124.156658
2021-06-02T21:47:58.000,2.36,19.63,7.32,44.68728,-124.156658
2021-06-02T22:02:58.000,2.37,19.64,7.32,44.68728,-124.156658
2021-06-02T22:17:58.000,2.41,20.03,7.34,44.68728,-124.156658
2021-06-02T22:32:58.000,2.42,20.13,7.34,44.68728,-124.156658
2021-06-02T22:47:58.000,2.41,19.99,7.34,44.68728,-124.156658
2021-06-02T23:02:58.000,2.47,20.55,7.37,44.68728,-124.156658
2021-06-02T23:17:58.000,2.54,21.13,7.38,44.68728,-124.156658
2021-06-02T23:32:58.000,2.58,21.47,7.39,44.68728,-124.156658
2021-06-02T23:47:58.000,2.65,22.02,7.41,44.68728,-124.156658
2021-06-03T00:02:58.000,2.74,22.78,7.45,44.68728,-124.156658
2021-06-03T00:17:58.000,2.83,23.58,7.47,44.68728,-124.156658
2021-06-03T00:32:58.000,3.12,26.08,7.55,44.68728,-124.156658
2021-06-03T00:47:58.000,3.23,27,7.57,44.68728,-124.156658
2021-06-03T01:02:58.000,3.25,27.18,7.58,44.68728,-124.156658
2021-06-03T01:17:58.000,3.16,26.37,7.55,44.68728,-124.156658
2021-06-03T01:32:58.000,3.1,25.84,7.54,44.68728,-124.156658
2021-06-03T01:47:58.000,3.05,25.42,7.51,44.68728,-124.156658
2021-06-03T02:02:58.000,3,25,7.51,44.68728,-124.156658
2021-06-03T02:17:58.000,2.97,24.79,7.49,44.68728,-124.156658
2021-06-03T02:32:58.000,2.95,24.61,7.49,44.68728,-124.156658
2021-06-03T02:47:58.000,2.93,24.43,7.48,44.68728,-124.156658
2021-06-03T03:02:58.000,2.9,24.21,7.46,44.68728,-124.156658
2021-06-03T03:17:58.000,2.87,23.93,7.46,44.68728,-124.156658
2021-06-03T03:32:58.000,2.8,23.36,7.44,44.68728,-124.156658
2021-06-03T03:47:58.000,2.74,22.81,7.42,44.68728,-124.156658
2021-06-03T04:02:58.000,2.74,22.81,7.41,44.68728,-124.156658
2021-06-03T04:17:58.000,2.66,22.17,7.4,44.68728,-124.156658
2021-06-03T04:32:58.000,2.58,21.44,7.38,44.68728,-124.156658
2021-06-03T04:47:58.000,2.53,21.06,7.37,44.68728,-124.156658
2021-06-03T05:02:58.000,2.52,20.98,7.36,44.68728,-124.156658
2021-06-03T05:17:58.000,2.53,21.02,7.37,44.68728,-124.156658
2021-06-03T05:32:58.000,2.48,20.58,7.35,44.68728,-124.156658
2021-06-03T05:47:58.000,2.43,20.2,7.33,44.68728,-124.156658
2021-06-03T06:02:58.000,2.41,20.04,7.32,44.68728,-124.156658
2021-06-03T06:17:58.000,2.39,19.87,7.32,44.68728,-124.156658
2021-06-03T06:32:58.000,2.38,19.79,7.32,44.68728,-124.156658
2021-06-03T06:47:58.000,2.38,19.75,7.32,44.68728,-124.156658
2021-06-03T07:02:58.000,2.36,19.57,7.31,44.68728,-124.156658
2021-06-03T07:17:58.000,2.36,19.56,7.31,44.68728,-124.156658
2021-06-03T07:32:58.000,2.36,19.56,7.3,44.68728,-124.156658
2021-06-03T07:47:58.000,2.36,19.6,7.3,44.68728,-124.156658
2021-06-03T08:02:58.000,2.37,19.65,7.3,44.68728,-124.156658
2021-06-03T08:17:58.000,2.37,19.7,7.3,44.68728,-124.156658
2021-06-03T08:32:58.000,2.37,19.67,7.3,44.68728,-124.156658
2021-06-03T08:47:58.000,2.37,19.68,7.29,44.68728,-124.156658
2021-06-03T09:02:58.000,2.37,19.7,7.29,44.68728,-124.156658
2021-06-03T09:17:58.000,2.37,19.65,7.29,44.68728,-124.156658
2021-06-03T09:32:58.000,2.37,19.64,7.29,44.68728,-124.156658
2021-06-03T09:47:58.000,2.37,19.7,7.29,44.68728,-124.156658
2021-06-03T10:02:58.000,2.37,19.63,7.29,44.68728,-124.156658
2021-06-03T10:17:58.000,2.37,19.66,7.3,44.68728,-124.156658
2021-06-03T10:32:58.000,2.36,19.63,7.3,44.68728,-124.156658
2021-06-03T10:47:58.000,2.36,19.61,7.31,44.68728,-124.156658
2021-06-03T11:02:58.000,2.36,19.63,7.32,44.68728,-124.156658
2021-06-03T11:17:58.000,2.35,19.52,7.33,44.68728,-124.156658
2021-06-03T11:32:58.000,2.35,19.51,7.34,44.68728,-124.156658
2021-06-03T11:47:58.000,2.3,19.09,7.34,44.68728,-124.156658
2021-06-03T12:02:58.000,2.25,18.67,7.34,44.68728,-124.156658
2021-06-03T12:17:58.000,2.19,18.18,7.34,44.68728,-124.156658
2021-06-03T12:32:58.000,2.15,17.85,7.33,44.68728,-124.156658
2021-06-03T12:47:58.000,2.11,17.49,7.33,44.68728,-124.156658
2021-06-03T13:02:58.000,2.1,17.42,7.33,44.68728,-124.156658
2021-06-03T13:17:58.000,2.07,17.22,7.33,44.68728,-124.156658
2021-06-03T13:32:58.000,2.06,17.08,7.32,44.68728,-124.156658
2021-06-03T13:47:58.000,2.03,16.83,7.32,44.68728,-124.156658
2021-06-03T14:02:58.000,2.03,16.82,7.32,44.68728,-124.156658
2021-06-03T14:17:58.000,2.04,16.97,7.31,44.68728,-124.156658
2021-06-03T14:32:58.000,2.01,16.69,7.32,44.68728,-124.156658
2021-06-03T14:47:58.000,1.96,16.27,7.32,44.68728,-124.156658
2021-06-03T15:02:58.000,1.93,16.01,7.32,44.68728,-124.156658
2021-06-03T15:17:58.000,1.9,15.78,7.32,44.68728,-124.156658
2021-06-03T15:32:58.000,1.94,16.1,7.32,44.68728,-124.156658
2021-06-03T15:47:58.000,1.95,16.2,7.33,44.68728,-124.156658
2021-06-03T16:02:58.000,1.97,16.33,7.33,44.68728,-124.156658
2021-06-03T16:17:58.000,2.03,16.87,7.34,44.68728,-124.156658
2021-06-03T16:32:58.000,2.11,17.55,7.34,44.68728,-124.156658
2021-06-03T16:47:58.000,2.2,18.31,7.34,44.68728,-124.156658
2021-06-03T17:02:58.000,2.3,19.14,7.32,44.68728,-124.156658
2021-06-03T17:17:58.000,2.34,19.42,7.32,44.68728,-124.156658
2021-06-03T17:32:58.000,2.35,19.52,7.31,44.68728,-124.156658
2021-06-03T17:47:58.000,2.35,19.48,7.3,44.68728,-124.156658
2021-06-03T18:02:58.000,2.33,19.35,7.3,44.68728,-124.156658
2021-06-03T18:17:58.000,2.35,19.48,7.29,44.68728,-124.156658
2021-06-03T18:32:58.000,2.34,19.38,7.29,44.68728,-124.156658
2021-06-03T18:47:58.000,2.33,19.34,7.29,44.68728,-124.156658
2021-06-03T19:02:58.000,2.33,19.33,7.29,44.68728,-124.156658
2021-06-03T19:17:58.000,2.31,19.18,7.29,44.68728,-124.156658
2021-06-03T19:32:58.000,2.31,19.2,7.29,44.68728,-124.156658
2021-06-03T19:47:58.000,2.31,19.19,7.29,44.68728,-124.156658
2021-06-03T20:02:58.000,2.31,19.17,7.29,44.68728,-124.156658
2021-06-03T20:17:58.000,2.3,19.1,7.29,44.68728,-124.156658
2021-06-03T20:32:58.000,2.3,19.1,7.29,44.68728,-124.156658
2021-06-03T20:47:58.000,2.29,19.02,7.29,44.68728,-124.156658
2021-06-03T21:02:58.000,2.33,19.34,7.29,44.68728,-124.156658
2021-06-03T21:17:58.000,2.48,20.58,7.34,44.68728,-124.156658
2021-06-03T21:32:58.000,2.64,21.95,7.4,44.68728,-124.156658
2021-06-03T21:47:58.000,2.57,21.4,7.39,44.68728,-124.156658
2021-06-03T22:02:58.000,2.69,22.38,7.42,44.68728,-124.156658
2021-06-03T22:17:58.000,2.39,19.84,7.34,44.68728,-124.156658
2021-06-03T22:32:58.000,2.31,19.16,7.29,44.68728,-124.156658
2021-06-03T22:47:58.000,2.31,19.19,7.29,44.68728,-124.156658
2021-06-03T23:02:58.000,2.31,19.19,7.29,44.68728,-124.156658
2021-06-03T23:17:58.000,2.29,18.99,7.28,44.68728,-124.156658
2021-06-03T23:32:58.000,2.29,18.99,7.28,44.68728,-124.156658
2021-06-03T23:47:58.000,2.28,18.94,7.27,44.68728,-124.156658
2021-06-04T00:02:58.000,2.28,18.89,7.27,44.68728,-124.156658
2021-06-04T00:17:58.000,2.26,18.75,7.27,44.68728,-124.156658
2021-06-04T00:32:58.000,2.28,18.91,7.27,44.68728,-124.156658
2021-06-04T00:47:58.000,2.28,18.88,7.27,44.68728,-124.156658
2021-06-04T01:02:58.000,2.28,18.89,7.27,44.68728,-124.156658
2021-06-04T01:17:58.000,2.28,18.94,7.27,44.68728,-124.156658
2021-06-04T01:32:58.000,2.28,18.89,7.27,44.68728,-124.156658
2021-06-04T01:47:58.000,2.26,18.75,7.27,44.68728,-124.156658
2021-06-04T02:02:58.000,2.25,18.62,7.27,44.68728,-124.156658
2021-06-04T02:17:58.000,2.23,18.53,7.27,44.68728,-124.156658
2021-06-04T02:32:58.000,2.24,18.57,7.27,44.68728,-124.156658
2021-06-04T02:47:58.000,2.24,18.56,7.27,44.68728,-124.156658
2021-06-04T03:02:58.000,2.24,18.58,7.27,44.68728,-124.156658
2021-06-04T03:17:58.000,2.26,18.72,7.27,44.68728,-124.156658
2021-06-04T03:32:58.000,2.26,18.75,7.27,44.68728,-124.156658
2021-06-04T03:47:58.000,2.26,18.77,7.27,44.68728,-124.156658
2021-06-04T04:02:58.000,2.29,19.03,7.27,44.68728,-124.156658
2021-06-04T04:17:58.000,2.28,18.94,7.27,44.68728,-124.156658
2021-06-04T04:32:58.000,2.29,18.98,7.28,44.68728,-124.156658
2021-06-04T04:47:58.000,2.29,19,7.28,44.68728,-124.156658
2021-06-04T05:02:58.000,2.28,18.94,7.28,44.68728,-124.156658
2021-06-04T05:17:58.000,2.3,19.07,7.29,44.68728,-124.156658
2021-06-04T05:32:58.000,2.28,18.95,7.29,44.68728,-124.156658
2021-06-04T05:47:58.000,2.32,19.28,7.29,44.68728,-124.156658
2021-06-04T06:02:58.000,2.29,19.04,7.29,44.68728,-124.156658
2021-06-04T06:17:58.000,2.3,19.12,7.29,44.68728,-124.156658
2021-06-04T06:32:58.000,2.3,19.12,7.29,44.68728,-124.156658
2021-06-04T06:47:58.000,2.29,19.01,7.29,44.68728,-124.156658
2021-06-04T07:02:58.000,2.29,18.96,7.29,44.68728,-124.156658
2021-06-04T07:17:58.000,2.28,18.96,7.29,44.68728,-124.156658
2021-06-04T07:32:58.000,2.28,18.92,7.29,44.68728,-124.156658
2021-06-04T07:47:58.000,2.28,18.88,7.29,44.68728,-124.156658
2021-06-04T08:02:58.000,2.29,19.04,7.29,44.68728,-124.156658
2021-06-04T08:17:58.000,2.26,18.79,7.29,44.68728,-124.156658
2021-06-04T08:32:58.000,2.26,18.75,7.29,44.68728,-124.156658
2021-06-04T08:47:58.000,2.26,18.77,7.29,44.68728,-124.156658
2021-06-04T09:02:58.000,2.28,18.9,7.29,44.68728,-124.156658
2021-06-04T09:17:58.000,2.27,18.87,7.29,44.68728,-124.156658
2021-06-04T09:32:58.000,2.28,18.94,7.29,44.68728,-124.156658
2021-06-04T09:47:58.000,2.27,18.87,7.29,44.68728,-124.156658
2021-06-04T10:02:58.000,2.27,18.8,7.29,44.68728,-124.156658
2021-06-04T10:17:58.000,2.27,18.86,7.29,44.68728,-124.156658
2021-06-04T10:32:58.000,2.27,18.82,7.29,44.68728,-124.156658
2021-06-04T10:47:58.000,2.25,18.7,7.28,44.68728,-124.156658
2021-06-04T11:02:58.000,2.25,18.68,7.28,44.68728,-124.156658
2021-06-04T11:17:58.000,2.25,18.63,7.28,44.68728,-124.156658
2021-06-04T11:32:58.000,2.25,18.64,7.28,44.68728,-124.156658
2021-06-04T11:47:58.000,2.24,18.62,7.28,44.68728,-124.156658
2021-06-04T12:02:58.000,2.24,18.6,7.29,44.68728,-124.156658
2021-06-04T12:17:58.000,2.25,18.7,7.29,44.68728,-124.156658
2021-06-04T12:32:58.000,2.11,17.54,7.29,44.68728,-124.156658
2021-06-04T12:47:58.000,2.23,18.53,7.29,44.68728,-124.156658
2021-06-04T13:02:58.000,2.23,18.5,7.29,44.68728,-124.156658
2021-06-04T13:17:58.000,2.23,18.53,7.29,44.68728,-124.156658
2021-06-04T13:32:58.000,2.21,18.38,7.29,44.68728,-124.156658
2021-06-04T13:47:58.000,2.21,18.34,7.29,44.68728,-124.156658
2021-06-04T14:02:58.000,2.21,18.32,7.29,44.68728,-124.156658
2021-06-04T14:17:58.000,2.18,18.08,7.29,44.68728,-124.156658
2021-06-04T14:32:58.000,2.15,17.87,7.29,44.68728,-124.156658
2021-06-04T14:47:58.000,2.15,17.82,7.29,44.68728,-124.156658
2021-06-04T15:02:58.000,2.19,18.14,7.29,44.68728,-124.156658
2021-06-04T15:17:58.000,2.18,18.07,7.29,44.68728,-124.156658
2021-06-04T15:32:58.000,2.17,18.01,7.29,44.68728,-124.156658
2021-06-04T15:47:58.000,2.16,17.93,7.29,44.68728,-124.156658
2021-06-04T16:02:58.000,2.19,18.13,7.29,44.68728,-124.156658
2021-06-04T16:17:58.000,2.21,18.31,7.29,44.68728,-124.156658
2021-06-04T16:32:58.000,2.22,18.46,7.29,44.68728,-124.156658
2021-06-04T16:47:58.000,2.24,18.59,7.29,44.68728,-124.156658
2021-06-04T17:02:58.000,2.23,18.5,7.29,44.68728,-124.156658
2021-06-04T17:17:58.000,2.25,18.68,7.29,44.68728,-124.156658
2021-06-04T17:32:58.000,2.24,18.55,7.29,44.68728,-124.156658
2021-06-04T17:47:58.000,2.26,18.73,7.28,44.68728,-124.156658
2021-06-04T18:02:58.000,2.27,18.82,7.27,44.68728,-124.156658
2021-06-04T18:17:58.000,2.29,18.96,7.27,44.68728,-124.156658
2021-06-04T18:32:58.000,2.27,18.83,7.27,44.68728,-124.156658
2021-06-04T18:47:58.000,2.28,18.93,7.27,44.68728,-124.156658
2021-06-04T19:02:58.000,2.28,18.89,7.27,44.68728,-124.156658
2021-06-04T19:17:58.000,2.27,18.87,7.27,44.68728,-124.156658
2021-06-04T19:32:58.000,2.27,18.8,7.27,44.68728,-124.156658
2021-06-04T19:47:58.000,2.28,18.89,7.27,44.68728,-124.156658
2021-06-04T20:02:58.000,2.26,18.73,7.27,44.68728,-124.156658
2021-06-04T20:17:58.000,2.27,18.82,7.27,44.68728,-124.156658
2021-06-04T20:32:58.000,2.28,18.88,7.27,44.68728,-124.156658
2021-06-04T20:47:58.000,2.27,18.82,7.27,44.68728,-124.156658
2021-06-04T21:02:58.000,2.27,18.86,7.27,44.68728,-124.156658
2021-06-04T21:17:58.000,2.28,18.91,7.27,44.68728,-124.156658
2021-06-04T21:32:58.000,2.3,19.05,7.27,44.68728,-124.156658
2021-06-04T21:47:58.000,2.29,18.98,7.27,44.68728,-124.156658
2021-06-04T22:02:58.000,2.3,19.07,7.27,44.68728,-124.156658
2021-06-04T22:17:58.000,2.3,19.05,7.27,44.68728,-124.156658
2021-06-04T22:32:58.000,2.31,19.14,7.27,44.68728,-124.156658
2021-06-04T22:47:58.000,2.29,19.03,7.27,44.68728,-124.156658
2021-06-04T23:02:58.000,2.31,19.13,7.27,44.68728,-124.156658
2021-06-04T23:17:58.000,2.3,19.09,7.27,44.68728,-124.156658
2021-06-04T23:32:58.000,2.31,19.18,7.27,44.68728,-124.156658
2021-06-04T23:47:58.000,2.33,19.32,7.27,44.68728,-124.156658
2021-06-05T00:02:58.000,2.32,19.23,7.27,44.68728,-124.156658
2021-06-05T00:17:58.000,2.32,19.22,7.27,44.68728,-124.156658
2021-06-05T00:32:58.000,2.31,19.14,7.27,44.68728,-124.156658
2021-06-05T00:47:58.000,2.31,19.16,7.27,44.68728,-124.156658
2021-06-05T01:02:58.000,2.3,19.11,7.27,44.68728,-124.156658
2021-06-05T01:17:58.000,2.3,19.08,7.27,44.68728,-124.156658
2021-06-05T01:32:58.000,2.3,19.07,7.27,44.68728,-124.156658
2021-06-05T01:47:58.000,2.29,19.03,7.27,44.68728,-124.156658
2021-06-05T02:02:58.000,2.31,19.19,7.27,44.68728,-124.156658
2021-06-05T02:17:58.000,2.31,19.12,7.27,44.68728,-124.156658
2021-06-05T02:32:58.000,2.28,18.95,7.27,44.68728,-124.156658
2021-06-05T02:47:58.000,2.28,18.94,7.27,44.68728,-124.156658
2021-06-05T03:02:58.000,2.28,18.89,7.27,44.68728,-124.156658
2021-06-05T03:17:58.000,2.27,18.79,7.27,44.68728,-124.156658
2021-06-05T03:32:58.000,2.26,18.71,7.27,44.68728,-124.156658
2021-06-05T03:47:58.000,2.25,18.68,7.27,44.68728,-124.156658
2021-06-05T04:02:58.000,2.24,18.62,7.27,44.68728,-124.156658
2021-06-05T04:17:58.000,2.26,18.76,7.28,44.68728,-124.156658
2021-06-05T04:32:58.000,2.25,18.69,7.28,44.68728,-124.156658
2021-06-05T04:47:58.000,2.27,18.86,7.29,44.68728,-124.156658
2021-06-05T05:02:58.000,2.2,18.26,7.28,44.68728,-124.156658
2021-06-05T05:17:58.000,2.22,18.38,7.28,44.68728,-124.156658
2021-06-05T05:32:58.000,2.21,18.36,7.29,44.68728,-124.156658
2021-06-05T05:47:58.000,2.18,18.11,7.29,44.68728,-124.156658
2021-06-05T06:02:58.000,2.18,18.09,7.28,44.68728,-124.156658
2021-06-05T06:17:58.000,2.16,17.88,7.28,44.68728,-124.156658
2021-06-05T06:32:58.000,2.13,17.66,7.29,44.68728,-124.156658
2021-06-05T06:47:58.000,2.15,17.81,7.29,44.68728,-124.156658
2021-06-05T07:02:58.000,2.14,17.77,7.28,44.68728,-124.156658
2021-06-05T07:17:58.000,2.13,17.64,7.29,44.68728,-124.156658
2021-06-05T07:32:58.000,2.14,17.74,7.29,44.68728,-124.156658
2021-06-05T07:47:58.000,2.12,17.62,7.29,44.68728,-124.156658
2021-06-05T08:02:58.000,2.11,17.48,7.29,44.68728,-124.156658
2021-06-05T08:17:58.000,2.1,17.43,7.29,44.68728,-124.156658
2021-06-05T08:32:58.000,2.1,17.42,7.29,44.68728,-124.156658
2021-06-05T08:47:58.000,2.07,17.16,7.29,44.68728,-124.156658
2021-06-05T09:02:58.000,2.04,16.9,7.29,44.68728,-124.156658
2021-06-05T09:17:58.000,2.06,17.12,7.29,44.68728,-124.156658
2021-06-05T09:32:58.000,2.05,16.99,7.29,44.68728,-124.156658
2021-06-05T09:47:58.000,2.05,17.02,7.29,44.68728,-124.156658
2021-06-05T10:02:58.000,2.02,16.73,7.29,44.68728,-124.156658
2021-06-05T10:17:58.000,2.01,16.71,7.29,44.68728,-124.156658
2021-06-05T10:32:58.000,2.02,16.75,7.29,44.68728,-124.156658
2021-06-05T10:47:58.000,1.97,16.33,7.29,44.68728,-124.156658
2021-06-05T11:02:58.000,1.95,16.16,7.29,44.68728,-124.156658
2021-06-05T11:17:58.000,1.93,15.98,7.29,44.68728,-124.156658
2021-06-05T11:32:58.000,1.97,16.31,7.29,44.68728,-124.156658
2021-06-05T11:47:58.000,2.02,16.75,7.29,44.68728,-124.156658
2021-06-05T12:02:58.000,2.06,17.06,7.29,44.68728,-124.156658
2021-06-05T12:17:58.000,2.07,17.2,7.29,44.68728,-124.156658
2021-06-05T12:32:58.000,2.12,17.62,7.3,44.68728,-124.156658
2021-06-05T12:47:58.000,2.13,17.65,7.31,44.68728,-124.156658
2021-06-05T13:02:58.000,2.17,18.06,7.32,44.68728,-124.156658
2021-06-05T13:17:58.000,2.2,18.31,7.32,44.68728,-124.156658
2021-06-05T13:32:58.000,2.24,18.62,7.34,44.68728,-124.156658
2021-06-05T13:47:58.000,2.21,18.4,7.34,44.68728,-124.156658
2021-06-05T14:02:58.000,2.16,17.98,7.34,44.68728,-124.156658
2021-06-05T14:17:58.000,2.19,18.19,7.36,44.68728,-124.156658
2021-06-05T14:32:58.000,2.18,18.13,7.37,44.68728,-124.156658
2021-06-05T14:47:58.000,2.17,18.01,7.37,44.68728,-124.156658
2021-06-05T15:02:58.000,2.15,17.87,7.38,44.68728,-124.156658
2021-06-05T15:17:58.000,2.13,17.7,7.39,44.68728,-124.156658
2021-06-05T15:32:58.000,2.12,17.65,7.39,44.68728,-124.156658
2021-06-05T15:47:58.000,2.07,17.22,7.39,44.68728,-124.156658
2021-06-05T16:02:58.000,2.03,16.92,7.39,44.68728,-124.156658
2021-06-05T16:17:58.000,2.04,16.94,7.39,44.68728,-124.156658
2021-06-05T16:32:58.000,1.97,16.39,7.39,44.68728,-124.156658
2021-06-05T16:47:58.000,2,16.67,7.39,44.68728,-124.156658
2021-06-05T17:02:58.000,2.02,16.83,7.39,44.68728,-124.156658
2021-06-05T17:17:58.000,2.05,17.09,7.39,44.68728,-124.156658
2021-06-05T17:32:58.000,2.12,17.61,7.39,44.68728,-124.156658
2021-06-05T17:47:58.000,2.18,18.12,7.39,44.68728,-124.156658
2021-06-05T18:02:58.000,2.24,18.59,7.39,44.68728,-124.156658
2021-06-05T18:17:58.000,2.25,18.72,7.39,44.68728,-124.156658
2021-06-05T18:32:58.000,2.31,19.22,7.39,44.68728,-124.156658
2021-06-05T18:47:58.000,2.33,19.36,7.39,44.68728,-124.156658
2021-06-05T19:02:58.000,2.34,19.43,7.39,44.68728,-124.156658
2021-06-05T19:17:58.000,2.32,19.26,7.38,44.68728,-124.156658
2021-06-05T19:32:58.000,2.31,19.18,7.37,44.68728,-124.156658
2021-06-05T19:47:58.000,2.29,19,7.37,44.68728,-124.156658
2021-06-05T20:02:58.000,2.26,18.82,7.37,44.68728,-124.156658
2021-06-05T20:17:58.000,2.26,18.76,7.37,44.68728,-124.156658
2021-06-05T20:32:58.000,2.24,18.63,7.37,44.68728,-124.156658
2021-06-05T20:47:58.000,2.24,18.61,7.37,44.68728,-124.156658
2021-06-05T21:02:58.000,2.23,18.53,7.37,44.68728,-124.156658
2021-06-05T21:17:58.000,2.21,18.4,7.37,44.68728,-124.156658
2021-06-05T21:32:58.000,2.19,18.17,7.37,44.68728,-124.156658
2021-06-05T21:47:58.000,2.17,18.08,7.37,44.68728,-124.156658
2021-06-05T22:02:58.000,2.18,18.14,7.37,44.68728,-124.156658
2021-06-05T22:17:58.000,2.18,18.12,7.37,44.68728,-124.156658
2021-06-05T22:32:58.000,2.18,18.15,7.37,44.68728,-124.156658
2021-06-05T22:47:58.000,2.19,18.24,7.37,44.68728,-124.156658
2021-06-05T23:02:58.000,2.2,18.26,7.37,44.68728,-124.156658
2021-06-05T23:17:58.000,2.2,18.3,7.37,44.68728,-124.156658
2021-06-05T23:32:58.000,2.17,18.02,7.37,44.68728,-124.156658
2021-06-05T23:47:58.000,2.17,18.05,7.37,44.68728,-124.156658
2021-06-06T00:02:58.000,2.18,18.12,7.37,44.68728,-124.156658
2021-06-06T00:17:58.000,2.18,18.12,7.37,44.68728,-124.156658
2021-06-06T00:32:58.000,2.18,18.09,7.37,44.68728,-124.156658
2021-06-06T00:47:58.000,2.19,18.2,7.37,44.68728,-124.156658
2021-06-06T01:02:58.000,2.2,18.3,7.37,44.68728,-124.156658
2021-06-06T01:17:58.000,2.22,18.45,7.37,44.68728,-124.156658
2021-06-06T01:32:58.000,2.25,18.72,7.37,44.68728,-124.156658
2021-06-06T01:47:58.000,2.3,19.12,7.38,44.68728,-124.156658
2021-06-06T02:02:58.000,2.36,19.67,7.39,44.68728,-124.156658
2021-06-06T02:17:58.000,2.41,20.06,7.39,44.68728,-124.156658
2021-06-06T02:32:58.000,2.44,20.35,7.41,44.68728,-124.156658
2021-06-06T02:47:58.000,2.5,20.78,7.41,44.68728,-124.156658
2021-06-06T03:02:58.000,2.58,21.49,7.44,44.68728,-124.156658
2021-06-06T03:17:58.000,2.59,21.59,7.44,44.68728,-124.156658
2021-06-06T03:32:58.000,2.63,21.93,7.46,44.68728,-124.156658
2021-06-06T03:47:58.000,2.68,22.38,7.48,44.68728,-124.156658
2021-06-06T04:02:58.000,2.8,23.38,7.51,44.68728,-124.156658
2021-06-06T04:17:58.000,2.89,24.14,7.54,44.68728,-124.156658
2021-06-06T04:32:58.000,3.01,25.13,7.57,44.68728,-124.156658
2021-06-06T04:47:58.000,2.77,23.12,7.51,44.68728,-124.156658
2021-06-06T05:02:58.000,2.7,22.53,7.49,44.68728,-124.156658
2021-06-06T05:17:58.000,2.69,22.4,7.47,44.68728,-124.156658
2021-06-06T05:32:58.000,2.68,22.31,7.46,44.68728,-124.156658
2021-06-06T05:47:58.000,2.68,22.33,7.46,44.68728,-124.156658
2021-06-06T06:02:58.000,2.62,21.85,7.46,44.68728,-124.156658
2021-06-06T06:17:58.000,2.56,21.36,7.46,44.68728,-124.156658
2021-06-06T06:32:58.000,2.54,21.15,7.45,44.68728,-124.156658
2021-06-06T06:47:58.000,2.54,21.13,7.44,44.68728,-124.156658
2021-06-06T07:02:58.000,2.49,20.75,7.44,44.68728,-124.156658
2021-06-06T07:17:58.000,2.47,20.54,7.44,44.68728,-124.156658
2021-06-06T07:32:58.000,2.45,20.38,7.44,44.68728,-124.156658
2021-06-06T07:47:58.000,2.46,20.45,7.43,44.68728,-124.156658
2021-06-06T08:02:58.000,2.43,20.22,7.43,44.68728,-124.156658
2021-06-06T08:17:58.000,2.43,20.2,7.42,44.68728,-124.156658
2021-06-06T08:32:58.000,2.45,20.37,7.42,44.68728,-124.156658
2021-06-06T08:47:58.000,2.44,20.28,7.42,44.68728,-124.156658
2021-06-06T09:02:58.000,2.4,19.96,7.42,44.68728,-124.156658
2021-06-06T09:17:58.000,2.39,19.93,7.42,44.68728,-124.156658
2021-06-06T09:32:58.000,2.4,19.94,7.42,44.68728,-124.156658
2021-06-06T09:47:58.000,2.41,20.02,7.42,44.68728,-124.156658
2021-06-06T10:02:58.000,2.41,20.05,7.45,44.68728,-124.156658
2021-06-06T10:17:58.000,2.44,20.32,7.44,44.68728,-124.156658
2021-06-06T10:32:58.000,2.4,19.96,7.44,44.68728,-124.156658
2021-06-06T10:47:58.000,2.42,20.18,7.46,44.68728,-124.156658
2021-06-06T11:02:58.000,2.48,20.69,7.47,44.68728,-124.156658
2021-06-06T11:17:58.000,2.46,20.48,7.46,44.68728,-124.156658
2021-06-06T11:32:58.000,2.53,21.16,7.54,44.68728,-124.156658
2021-06-06T11:47:58.000,2.48,20.65,7.49,44.68728,-124.156658
2021-06-06T12:02:58.000,2.47,20.57,7.48,44.68728,-124.156658
2021-06-06T12:17:58.000,2.63,21.95,7.52,44.68728,-124.156658
2021-06-06T12:32:58.000,2.46,20.52,7.49,44.68728,-124.156658
2021-06-06T12:47:58.000,2.32,19.35,7.46,44.68728,-124.156658
2021-06-06T13:02:58.000,2.35,19.55,7.46,44.68728,-124.156658
2021-06-06T13:17:58.000,2.33,19.4,7.45,44.68728,-124.156658
2021-06-06T13:32:58.000,2.15,17.89,7.44,44.68728,-124.156658
2021-06-06T13:47:58.000,2.16,18.01,7.44,44.68728,-124.156658
2021-06-06T14:02:58.000,2.43,20.24,7.5,44.68728,-124.156658
2021-06-06T14:17:58.000,2.48,20.65,7.51,44.68728,-124.156658
2021-06-06T14:32:58.000,2.08,17.28,7.42,44.68728,-124.156658
2021-06-06T14:47:58.000,2.23,18.6,7.42,44.68728,-124.156658
2021-06-06T15:02:58.000,2.26,18.82,7.41,44.68728,-124.156658
2021-06-06T15:17:58.000,2.26,18.8,7.41,44.68728,-124.156658
2021-06-06T15:32:58.000,2.23,18.52,7.41,44.68728,-124.156658
2021-06-06T15:47:58.000,2.23,18.54,7.4,44.68728,-124.156658
2021-06-06T16:02:58.000,2.19,18.2,7.41,44.68728,-124.156658
2021-06-06T16:17:58.000,2.16,17.97,7.41,44.68728,-124.156658
2021-06-06T16:32:58.000,2.23,18.57,7.42,44.68728,-124.156658
2021-06-06T16:47:58.000,2.26,18.81,7.44,44.68728,-124.156658
2021-06-06T17:02:58.000,2.25,18.7,7.44,44.68728,-124.156658
2021-06-06T17:17:58.000,2.24,18.65,7.46,44.68728,-124.156658
2021-06-06T17:32:58.000,2.21,18.44,7.46,44.68728,-124.156658
2021-06-06T17:47:58.000,2.2,18.31,7.46,44.68728,-124.156658
2021-06-06T18:02:58.000,2.17,18.09,7.46,44.68728,-124.156658
2021-06-06T18:17:58.000,2.36,19.69,7.48,44.68728,-124.156658
2021-06-06T18:32:58.000,2.32,19.33,7.46,44.68728,-124.156658
2021-06-06T18:47:58.000,2.27,18.94,7.45,44.68728,-124.156658
2021-06-06T19:02:58.000,2.21,18.42,7.44,44.68728,-124.156658
2021-06-06T19:17:58.000,2.2,18.3,7.44,44.68728,-124.156658
2021-06-06T19:32:58.000,2.16,17.95,7.44,44.68728,-124.156658
2021-06-06T19:47:58.000,2.16,17.97,7.44,44.68728,-124.156658
2021-06-06T20:02:58.000,2.12,17.63,7.44,44.68728,-124.156658
2021-06-06T20:17:58.000,2.16,18.02,7.45,44.68728,-124.156658
2021-06-06T20:32:58.000,2.12,17.64,7.45,44.68728,-124.156658
2021-06-06T20:47:58.000,2.15,17.88,7.45,44.68728,-124.156658
2021-06-06T21:02:58.000,2.14,17.8,7.44,44.68728,-124.156658
2021-06-06T21:17:58.000,2.1,17.51,7.44,44.68728,-124.156658
2021-06-06T21:32:58.000,2.12,17.62,7.44,44.68728,-124.156658
2021-06-06T21:47:58.000,2.13,17.72,7.44,44.68728,-124.156658
2021-06-06T22:02:58.000,2.13,17.73,7.45,44.68728,-124.156658
2021-06-06T22:17:58.000,2.24,18.66,7.48,44.68728,-124.156658
2021-06-06T22:32:58.000,2.25,18.8,7.49,44.68728,-124.156658
2021-06-06T22:47:58.000,2.11,17.62,7.46,44.68728,-124.156658
2021-06-06T23:02:58.000,2.14,17.8,7.48,44.68728,-124.156658
2021-06-06T23:17:58.000,2.21,18.41,7.5,44.68728,-124.156658
2021-06-06T23:32:58.000,2.02,16.86,7.46,44.68728,-124.156658
2021-06-06T23:47:58.000,2.01,16.76,7.46,44.68728,-124.156658
2021-06-07T00:02:58.000,1.89,15.72,7.46,44.68728,-124.156658
2021-06-07T00:17:58.000,1.91,15.94,7.46,44.68728,-124.156658
2021-06-07T00:32:58.000,1.99,16.62,7.46,44.68728,-124.156658
2021-06-07T00:47:58.000,1.98,16.52,7.46,44.68728,-124.156658
2021-06-07T01:02:58.000,2.07,17.26,7.49,44.68728,-124.156658
2021-06-07T01:17:58.000,2.2,18.33,7.53,44.68728,-124.156658
2021-06-07T01:32:58.000,2.42,20.18,7.56,44.68728,-124.156658
2021-06-07T01:47:58.000,2.45,20.46,7.61,44.68728,-124.156658
2021-06-07T02:02:58.000,2.19,18.31,7.56,44.68728,-124.156658
2021-06-07T02:17:58.000,2.14,17.84,7.55,44.68728,-124.156658
2021-06-07T02:32:58.000,2.18,18.17,7.56,44.68728,-124.156658
2021-06-07T02:47:58.000,2.21,18.44,7.56,44.68728,-124.156658
2021-06-07T03:02:58.000,2.31,19.28,7.59,44.68728,-124.156658
2021-06-07T03:17:58.000,2.35,19.64,7.61,44.68728,-124.156658
2021-06-07T03:32:58.000,2.35,19.7,7.63,44.68728,-124.156658
2021-06-07T03:47:58.000,2.37,19.86,7.64,44.68728,-124.156658
2021-06-07T04:02:58.000,2.44,20.41,7.68,44.68728,-124.156658
2021-06-07T04:17:58.000,2.49,20.91,7.7,44.68728,-124.156658
2021-06-07T04:32:58.000,2.49,20.86,7.72,44.68728,-124.156658
2021-06-07T04:47:58.000,2.68,22.54,7.78,44.68728,-124.156658
2021-06-07T05:02:58.000,2.7,22.71,7.8,44.68728,-124.156658
2021-06-07T05:17:58.000,2.88,24.23,7.84,44.68728,-124.156658
2021-06-07T05:32:58.000,2.89,24.22,7.75,44.68728,-124.156658
2021-06-07T05:47:58.000,2.8,23.41,7.64,44.68728,-124.156658
2021-06-07T06:02:58.000,2.76,23.04,7.6,44.68728,-124.156658
2021-06-07T06:17:58.000,2.7,22.58,7.58,44.68728,-124.156658
2021-06-07T06:32:58.000,2.65,22.11,7.56,44.68728,-124.156658
2021-06-07T06:47:58.000,2.6,21.71,7.55,44.68728,-124.156658
2021-06-07T07:02:58.000,2.59,21.66,7.54,44.68728,-124.156658
2021-06-07T07:17:58.000,2.44,20.36,7.49,44.68728,-124.156658
2021-06-07T07:32:58.000,2.33,19.39,7.46,44.68728,-124.156658
2021-06-07T07:47:58.000,2.24,18.67,7.41,44.68728,-124.156658
2021-06-07T08:02:58.000,2.2,18.27,7.41,44.68728,-124.156658
2021-06-07T08:17:58.000,2.15,17.91,7.4,44.68728,-124.156658
2021-06-07T08:32:58.000,2.16,17.99,7.39,44.68728,-124.156658
2021-06-07T08:47:58.000,2.16,18,7.39,44.68728,-124.156658
2021-06-07T09:02:58.000,2.18,18.17,7.39,44.68728,-124.156658
2021-06-07T09:17:58.000,2.12,17.65,7.39,44.68728,-124.156658
2021-06-07T09:32:58.000,2.04,16.96,7.41,44.68728,-124.156658
2021-06-07T09:47:58.000,2.04,17.01,7.41,44.68728,-124.156658
2021-06-07T10:02:58.000,2.07,17.22,7.41,44.68728,-124.156658
2021-06-07T10:17:58.000,2.04,17.01,7.41,44.68728,-124.156658
2021-06-07T10:32:58.000,2.04,17.01,7.41,44.68728,-124.156658
2021-06-07T10:47:58.000,2.06,17.13,7.42,44.68728,-124.156658
2021-06-07T11:02:58.000,2.07,17.25,7.43,44.68728,-124.156658
2021-06-07T11:17:58.000,2.13,17.75,7.47,44.68728,-124.156658
2021-06-07T11:32:58.000,2.23,18.58,7.51,44.68728,-124.156658
2021-06-07T11:47:58.000,2.24,18.71,7.53,44.68728,-124.156658
2021-06-07T12:02:58.000,2.27,18.96,7.54,44.68728,-124.156658
2021-06-07T12:17:58.000,2.38,19.91,7.56,44.68728,-124.156658
2021-06-07T12:32:58.000,2.49,20.84,7.61,44.68728,-124.156658
2021-06-07T12:47:58.000,2.47,20.63,7.61,44.68728,-124.156658
2021-06-07T13:02:58.000,2.44,20.44,7.62,44.68728,-124.156658
2021-06-07T13:17:58.000,2.55,21.34,7.66,44.68728,-124.156658
2021-06-07T13:32:58.000,2.53,21.21,7.66,44.68728,-124.156658
2021-06-07T13:47:58.000,2.53,21.2,7.67,44.68728,-124.156658
2021-06-07T14:02:58.000,2.56,21.48,7.69,44.68728,-124.156658
2021-06-07T14:17:58.000,2.37,19.84,7.66,44.68728,-124.156658
2021-06-07T14:32:58.000,2.52,21.14,7.69,44.68728,-124.156658
2021-06-07T14:47:58.000,2.51,21.04,7.71,44.68728,-124.156658
2021-06-07T15:02:58.000,2.52,21.16,7.71,44.68728,-124.156658
2021-06-07T15:17:58.000,2.47,20.74,7.7,44.68728,-124.156658
2021-06-07T15:32:58.000,2.55,21.37,7.71,44.68728,-124.156658
2021-06-07T15:47:58.000,2.45,20.51,7.71,44.68728,-124.156658
2021-06-07T16:02:58.000,2.61,21.87,7.73,44.68728,-124.156658
2021-06-07T16:17:58.000,2.57,21.57,7.73,44.68728,-124.156658
2021-06-07T16:32:58.000,2.55,21.36,7.75,44.68728,-124.156658
2021-06-07T16:47:58.000,2.63,22.07,7.75,44.68728,-124.156658
2021-06-07T17:02:58.000,2.73,22.9,7.76,44.68728,-124.156658
2021-06-07T17:17:58.000,2.76,23.17,7.76,44.68728,-124.156658
