Time (UTC),DO (ml/L),Dissolved Oxygen (%),Temperature (C),Latitude,Longitude
2021-07-23T18:41:05.000,2.7,22.9,8.14,44.68728,-124.156658
2021-07-23T18:56:05.000,2.7,22.81,8.09,44.68728,-124.156658
2021-07-23T19:11:05.000,2.7,22.81,8.09,44.68728,-124.156658
2021-07-23T19:26:05.000,2.69,22.8,8.09,44.68728,-124.156658
2021-07-23T19:41:05.000,2.7,22.81,8.09,44.68728,-124.156658
2021-07-23T19:56:05.000,2.7,22.86,8.09,44.68728,-124.156658
2021-07-23T20:11:05.000,2.7,22.88,8.09,44.68728,-124.156658
2021-07-23T20:26:05.000,2.71,22.9,8.09,44.68728,-124.156658
2021-07-23T20:41:05.000,2.71,22.96,8.09,44.68728,-124.156658
2021-07-23T20:56:05.000,2.71,22.97,8.09,44.68728,-124.156658
2021-07-23T21:11:05.000,2.72,22.99,8.09,44.68728,-124.156658
2021-07-23T21:26:05.000,2.72,23.02,8.09,44.68728,-124.156658
2021-07-23T21:41:05.000,2.71,22.96,8.09,44.68728,-124.156658
2021-07-23T21:56:05.000,2.73,23.07,8.09,44.68728,-124.156658
2021-07-23T22:11:05.000,2.73,23.09,8.09,44.68728,-124.156658
2021-07-23T22:26:05.000,2.73,23.13,8.09,44.68728,-124.156658
2021-07-23T22:41:05.000,2.73,23.14,8.09,44.68728,-124.156658
2021-07-23T22:56:05.000,2.73,23.11,8.09,44.68728,-124.156658
2021-07-23T23:11:05.000,2.73,23.07,8.09,44.68728,-124.156658
2021-07-23T23:26:05.000,2.64,22.31,8.09,44.68728,-124.156658
2021-07-23T23:41:05.000,2.73,23.09,8.1,44.68728,-124.156658
2021-07-23T23:56:05.000,2.61,22.11,8.1,44.68728,-124.156658
2021-07-24T00:11:05.000,2.6,22.05,8.1,44.68728,-124.156658
2021-07-24T00:26:05.000,2.62,22.17,8.1,44.68728,-124.156658
2021-07-24T00:41:05.000,2.59,21.95,8.1,44.68728,-124.156658
2021-07-24T00:56:05.000,2.6,22.03,8.11,44.68728,-124.156658
2021-07-24T01:11:05.000,2.56,21.7,8.1,44.68728,-124.156658
2021-07-24T01:26:05.000,2.63,22.3,8.1,44.68728,-124.156658
2021-07-24T01:41:05.000,2.55,21.58,8.1,44.68728,-124.156658
2021-07-24T01:56:05.000,2.52,21.34,8.1,44.68728,-124.156658
2021-07-24T02:11:05.000,2.57,21.74,8.1,44.68728,-124.156658
2021-07-24T02:26:05.000,2.56,21.7,8.1,44.68728,-124.156658
2021-07-24T02:41:05.000,2.59,21.95,8.09,44.68728,-124.156658
2021-07-24T02:56:05.000,2.49,21.06,8.11,44.68728,-124.156658
2021-07-24T03:11:05.000,2.56,21.63,8.1,44.68728,-124.156658
2021-07-24T03:26:05.000,2.6,21.98,8.11,44.68728,-124.156658
2021-07-24T03:41:05.000,2.65,22.43,8.1,44.68728,-124.156658
2021-07-24T03:56:05.000,2.64,22.34,8.1,44.68728,-124.156658
2021-07-24T04:11:05.000,2.66,22.53,8.1,44.68728,-124.156658
2021-07-24T04:26:05.000,2.68,22.64,8.1,44.68728,-124.156658
2021-07-24T04:41:05.000,2.67,22.61,8.09,44.68728,-124.156658
2021-07-24T04:56:05.000,2.65,22.47,8.09,44.68728,-124.156658
2021-07-24T05:11:05.000,2.67,22.62,8.09,44.68728,-124.156658
2021-07-24T05:26:05.000,2.68,22.68,8.09,44.68728,-124.156658
2021-07-24T05:41:05.000,2.68,22.71,8.09,44.68728,-124.156658
2021-07-24T05:56:05.000,2.67,22.58,8.09,44.68728,-124.156658
2021-07-24T06:11:05.000,2.68,22.64,8.09,44.68728,-124.156658
2021-07-24T06:26:05.000,2.69,22.75,8.1,44.68728,-124.156658
2021-07-24T06:41:05.000,2.69,22.77,8.11,44.68728,-124.156658
2021-07-24T06:56:05.000,2.68,22.72,8.1,44.68728,-124.156658
2021-07-24T07:11:05.000,2.67,22.61,8.1,44.68728,-124.156658
2021-07-24T07:26:05.000,2.69,22.77,8.1,44.68728,-124.156658
2021-07-24T07:41:05.000,2.67,22.63,8.11,44.68728,-124.156658
2021-07-24T07:56:05.000,2.67,22.6,8.11,44.68728,-124.156658
2021-07-24T08:11:05.000,2.69,22.75,8.11,44.68728,-124.156658
2021-07-24T08:26:05.000,2.69,22.74,8.11,44.68728,-124.156658
2021-07-24T08:41:05.000,2.7,22.85,8.11,44.68728,-124.156658
2021-07-24T08:56:05.000,2.7,22.9,8.11,44.68728,-124.156658
2021-07-24T09:11:05.000,2.62,22.17,8.11,44.68728,-124.156658
2021-07-24T09:26:05.000,2.64,22.33,8.11,44.68728,-124.156658
2021-07-24T09:41:05.000,2.61,22.13,8.11,44.68728,-124.156658
2021-07-24T09:56:05.000,2.61,22.1,8.11,44.68728,-124.156658
2021-07-24T10:11:05.000,2.63,22.26,8.11,44.68728,-124.156658
2021-07-24T10:26:05.000,2.64,22.39,8.11,44.68728,-124.156658
2021-07-24T10:41:05.000,2.63,22.31,8.11,44.68728,-124.156658
2021-07-24T10:56:05.000,2.58,21.81,8.11,44.68728,-124.156658
2021-07-24T11:11:05.000,2.62,22.2,8.11,44.68728,-124.156658
2021-07-24T11:26:05.000,2.59,21.94,8.11,44.68728,-124.156658
2021-07-24T11:41:05.000,2.61,22.09,8.12,44.68728,-124.156658
2021-07-24T11:56:05.000,2.57,21.73,8.12,44.68728,-124.156658
2021-07-24T12:11:05.000,2.65,22.45,8.12,44.68728,-124.156658
2021-07-24T12:26:05.000,2.7,22.88,8.12,44.68728,-124.156658
2021-07-24T12:41:05.000,2.7,22.85,8.13,44.68728,-124.156658
2021-07-24T12:56:05.000,2.65,22.48,8.13,44.68728,-124.156658
2021-07-24T13:11:05.000,2.68,22.69,8.14,44.68728,-124.156658
2021-07-24T13:26:05.000,2.73,23.17,8.14,44.68728,-124.156658
2021-07-24T13:41:05.000,2.66,22.58,8.14,44.68728,-124.156658
2021-07-24T13:56:05.000,2.63,22.29,8.14,44.68728,-124.156658
2021-07-24T14:11:05.000,2.75,23.32,8.14,44.68728,-124.156658
2021-07-24T14:26:05.000,2.77,23.46,8.14,44.68728,-124.156658
2021-07-24T14:41:05.000,2.79,23.6,8.14,44.68728,-124.156658
2021-07-24T14:56:05.000,2.79,23.62,8.14,44.68728,-124.156658
2021-07-24T15:11:05.000,2.81,23.8,8.14,44.68728,-124.156658
2021-07-24T15:26:05.000,2.83,23.95,8.14,44.68728,-124.156658
2021-07-24T15:41:05.000,2.82,23.88,8.14,44.68728,-124.156658
2021-07-24T15:56:05.000,2.81,23.77,8.14,44.68728,-124.156658
2021-07-24T16:11:05.000,2.78,23.56,8.14,44.68728,-124.156658
2021-07-24T16:26:05.000,2.79,23.61,8.13,44.68728,-124.156658
2021-07-24T16:41:05.000,2.8,23.69,8.13,44.68728,-124.156658
2021-07-24T16:56:05.000,2.78,23.54,8.13,44.68728,-124.156658
2021-07-24T17:11:05.000,2.76,23.39,8.11,44.68728,-124.156658
2021-07-24T17:26:05.000,2.75,23.28,8.11,44.68728,-124.156658
2021-07-24T17:41:05.000,2.75,23.31,8.11,44.68728,-124.156658
2021-07-24T17:56:05.000,2.75,23.27,8.11,44.68728,-124.156658
2021-07-24T18:11:05.000,2.75,23.27,8.11,44.68728,-124.156658
2021-07-24T18:26:05.000,2.74,23.24,8.11,44.68728,-124.156658
2021-07-24T18:41:05.000,2.75,23.24,8.11,44.68728,-124.156658
2021-07-24T18:56:05.000,2.75,23.3,8.11,44.68728,-124.156658
2021-07-24T19:11:05.000,2.77,23.46,8.11,44.68728,-124.156658
2021-07-24T19:26:05.000,2.76,23.35,8.11,44.68728,-124.156658
2021-07-24T19:41:05.000,2.74,23.23,8.11,44.68728,-124.156658
2021-07-24T19:56:05.000,2.74,23.21,8.11,44.68728,-124.156658
2021-07-24T20:11:05.000,2.75,23.3,8.11,44.68728,-124.156658
2021-07-24T20:26:05.000,2.76,23.33,8.11,44.68728,-124.156658
2021-07-24T20:41:05.000,2.76,23.36,8.12,44.68728,-124.156658
2021-07-24T20:56:05.000,2.77,23.44,8.13,44.68728,-124.156658
2021-07-24T21:11:05.000,2.77,23.51,8.14,44.68728,-124.156658
2021-07-24T21:26:05.000,2.8,23.69,8.14,44.68728,-124.156658
2021-07-24T21:41:05.000,2.81,23.83,8.14,44.68728,-124.156658
2021-07-24T21:56:05.000,2.82,23.89,8.16,44.68728,-124.156658
2021-07-24T22:11:05.000,2.83,24,8.16,44.68728,-124.156658
2021-07-24T22:26:05.000,2.85,24.16,8.16,44.68728,-124.156658
2021-07-24T22:41:05.000,2.86,24.24,8.16,44.68728,-124.156658
2021-07-24T22:56:05.000,2.86,24.27,8.17,44.68728,-124.156658
2021-07-24T23:11:05.000,2.84,24.09,8.17,44.68728,-124.156658
2021-07-24T23:26:05.000,2.84,24.05,8.18,44.68728,-124.156658
2021-07-24T23:41:05.000,2.83,24.02,8.18,44.68728,-124.156658
2021-07-24T23:56:05.000,2.85,24.15,8.18,44.68728,-124.156658
2021-07-25T00:11:05.000,2.84,24.1,8.18,44.68728,-124.156658
2021-07-25T00:26:05.000,2.86,24.28,8.18,44.68728,-124.156658
2021-07-25T00:41:05.000,2.84,24.13,8.19,44.68728,-124.156658
2021-07-25T00:56:05.000,2.84,24.1,8.18,44.68728,-124.156658
2021-07-25T01:11:05.000,2.82,23.95,8.18,44.68728,-124.156658
2021-07-25T01:26:05.000,2.81,23.84,8.18,44.68728,-124.156658
2021-07-25T01:41:05.000,2.82,23.95,8.18,44.68728,-124.156658
2021-07-25T01:56:05.000,2.81,23.86,8.18,44.68728,-124.156658
2021-07-25T02:11:05.000,2.81,23.87,8.18,44.68728,-124.156658
2021-07-25T02:26:05.000,2.84,24.05,8.18,44.68728,-124.156658
2021-07-25T02:41:05.000,2.82,23.96,8.18,44.68728,-124.156658
2021-07-25T02:56:05.000,2.83,23.96,8.18,44.68728,-124.156658
2021-07-25T03:11:05.000,2.84,24.05,8.17,44.68728,-124.156658
2021-07-25T03:26:05.000,2.84,24.05,8.17,44.68728,-124.156658
2021-07-25T03:41:05.000,2.8,23.78,8.17,44.68728,-124.156658
2021-07-25T03:56:05.000,2.8,23.77,8.16,44.68728,-124.156658
2021-07-25T04:11:05.000,2.8,23.73,8.16,44.68728,-124.156658
2021-07-25T04:26:05.000,2.8,23.75,8.16,44.68728,-124.156658
2021-07-25T04:41:05.000,2.76,23.37,8.16,44.68728,-124.156658
2021-07-25T04:56:05.000,2.8,23.71,8.16,44.68728,-124.156658
2021-07-25T05:11:05.000,2.8,23.72,8.16,44.68728,-124.156658
2021-07-25T05:26:05.000,2.81,23.82,8.16,44.68728,-124.156658
2021-07-25T05:41:05.000,2.78,23.58,8.15,44.68728,-124.156658
2021-07-25T05:56:05.000,2.77,23.51,8.15,44.68728,-124.156658
2021-07-25T06:11:05.000,2.77,23.48,8.14,44.68728,-124.156658
2021-07-25T06:26:05.000,2.79,23.66,8.14,44.68728,-124.156658
2021-07-25T06:41:05.000,2.78,23.54,8.14,44.68728,-124.156658
2021-07-25T06:56:05.000,2.77,23.5,8.14,44.68728,-124.156658
2021-07-25T07:11:05.000,2.76,23.39,8.14,44.68728,-124.156658
2021-07-25T07:26:05.000,2.77,23.5,8.14,44.68728,-124.156658
2021-07-25T07:41:05.000,2.76,23.42,8.14,44.68728,-124.156658
2021-07-25T07:56:05.000,2.76,23.36,8.14,44.68728,-124.156658
2021-07-25T08:11:05.000,2.77,23.49,8.14,44.68728,-124.156658
2021-07-25T08:26:05.000,2.76,23.4,8.14,44.68728,-124.156658
2021-07-25T08:41:05.000,2.77,23.46,8.14,44.68728,-124.156658
2021-07-25T08:56:05.000,2.77,23.43,8.14,44.68728,-124.156658
2021-07-25T09:11:05.000,2.77,23.43,8.14,44.68728,-124.156658
2021-07-25T09:26:05.000,2.78,23.57,8.14,44.68728,-124.156658
2021-07-25T09:41:05.000,2.79,23.65,8.14,44.68728,-124.156658
2021-07-25T09:56:05.000,2.79,23.65,8.15,44.68728,-124.156658
2021-07-25T10:11:05.000,2.8,23.7,8.15,44.68728,-124.156658
2021-07-25T10:26:05.000,2.79,23.62,8.16,44.68728,-124.156658
2021-07-25T10:41:05.000,2.79,23.69,8.16,44.68728,-124.156658
2021-07-25T10:56:05.000,2.8,23.71,8.16,44.68728,-124.156658
2021-07-25T11:11:05.000,2.81,23.8,8.16,44.68728,-124.156658
2021-07-25T11:26:05.000,2.81,23.82,8.16,44.68728,-124.156658
2021-07-25T11:41:05.000,2.8,23.78,8.16,44.68728,-124.156658
2021-07-25T11:56:05.000,2.81,23.86,8.16,44.68728,-124.156658
2021-07-25T12:11:05.000,2.81,23.82,8.16,44.68728,-124.156658
2021-07-25T12:26:05.000,2.83,23.99,8.18,44.68728,-124.156658
2021-07-25T12:41:05.000,2.82,23.9,8.19,44.68728,-124.156658
2021-07-25T12:56:05.000,2.84,24.12,8.19,44.68728,-124.156658
2021-07-25T13:11:05.000,2.86,24.26,8.2,44.68728,-124.156658
2021-07-25T13:26:05.000,2.86,24.26,8.21,44.68728,-124.156658
2021-07-25T13:41:05.000,2.88,24.42,8.21,44.68728,-124.156658
2021-07-25T13:56:05.000,2.87,24.34,8.21,44.68728,-124.156658
2021-07-25T14:11:05.000,2.87,24.33,8.21,44.68728,-124.156658
2021-07-25T14:26:05.000,2.88,24.45,8.23,44.68728,-124.156658
2021-07-25T14:41:05.000,2.91,24.75,8.24,44.68728,-124.156658
2021-07-25T14:56:05.000,2.95,25.11,8.27,44.68728,-124.156658
2021-07-25T15:11:05.000,2.97,25.27,8.28,44.68728,-124.156658
2021-07-25T15:26:05.000,2.98,25.33,8.28,44.68728,-124.156658
2021-07-25T15:41:05.000,2.97,25.25,8.28,44.68728,-124.156658
2021-07-25T15:56:05.000,2.99,25.4,8.3,44.68728,-124.156658
2021-07-25T16:11:05.000,3.01,25.57,8.3,44.68728,-124.156658
2021-07-25T16:26:05.000,2.99,25.46,8.3,44.68728,-124.156658
2021-07-25T16:41:05.000,2.98,25.33,8.28,44.68728,-124.156658
2021-07-25T16:56:05.000,2.97,25.26,8.28,44.68728,-124.156658
2021-07-25T17:11:05.000,2.97,25.28,8.28,44.68728,-124.156658
2021-07-25T17:26:05.000,2.98,25.3,8.28,44.68728,-124.156658
2021-07-25T17:41:05.000,2.97,25.28,8.28,44.68728,-124.156658
2021-07-25T17:56:05.000,2.97,25.25,8.28,44.68728,-124.156658
2021-07-25T18:11:05.000,2.97,25.2,8.26,44.68728,-124.156658
2021-07-25T18:26:05.000,2.96,25.13,8.26,44.68728,-124.156658
2021-07-25T18:41:05.000,2.95,25.08,8.26,44.68728,-124.156658
2021-07-25T18:56:05.000,2.94,25.02,8.26,44.68728,-124.156658
2021-07-25T19:11:05.000,2.94,24.95,8.26,44.68728,-124.156658
2021-07-25T19:26:05.000,2.93,24.87,8.25,44.68728,-124.156658
2021-07-25T19:41:05.000,2.92,24.78,8.24,44.68728,-124.156658
2021-07-25T19:56:05.000,2.91,24.71,8.23,44.68728,-124.156658
2021-07-25T20:11:05.000,2.9,24.65,8.23,44.68728,-124.156658
2021-07-25T20:26:05.000,2.9,24.6,8.23,44.68728,-124.156658
2021-07-25T20:41:05.000,2.89,24.53,8.23,44.68728,-124.156658
2021-07-25T20:56:05.000,2.89,24.5,8.22,44.68728,-124.156658
2021-07-25T21:11:05.000,2.88,24.46,8.21,44.68728,-124.156658
2021-07-25T21:26:05.000,2.87,24.4,8.21,44.68728,-124.156658
2021-07-25T21:41:05.000,2.87,24.37,8.21,44.68728,-124.156658
2021-07-25T21:56:05.000,2.87,24.35,8.21,44.68728,-124.156658
2021-07-25T22:11:05.000,2.87,24.34,8.21,44.68728,-124.156658
2021-07-25T22:26:05.000,2.87,24.33,8.21,44.68728,-124.156658
2021-07-25T22:41:05.000,2.87,24.35,8.21,44.68728,-124.156658
2021-07-25T22:56:05.000,2.87,24.34,8.21,44.68728,-124.156658
2021-07-25T23:11:05.000,2.87,24.32,8.21,44.68728,-124.156658
2021-07-25T23:26:05.000,2.86,24.29,8.21,44.68728,-124.156658
2021-07-25T23:41:05.000,2.87,24.35,8.21,44.68728,-124.156658
2021-07-25T23:56:05.000,2.86,24.28,8.21,44.68728,-124.156658
2021-07-26T00:11:05.000,2.87,24.35,8.21,44.68728,-124.156658
2021-07-26T00:26:05.000,2.87,24.35,8.21,44.68728,-124.156658
2021-07-26T00:41:05.000,2.87,24.38,8.21,44.68728,-124.156658
2021-07-26T00:56:05.000,2.86,24.3,8.21,44.68728,-124.156658
2021-07-26T01:11:05.000,2.87,24.35,8.21,44.68728,-124.156658
2021-07-26T01:26:05.000,2.87,24.34,8.21,44.68728,-124.156658
2021-07-26T01:41:05.000,2.87,24.36,8.21,44.68728,-124.156658
2021-07-26T01:56:05.000,2.87,24.38,8.21,44.68728,-124.156658
2021-07-26T02:11:05.000,2.86,24.24,8.21,44.68728,-124.156658
2021-07-26T02:26:05.000,2.87,24.32,8.21,44.68728,-124.156658
2021-07-26T02:41:05.000,2.87,24.38,8.21,44.68728,-124.156658
2021-07-26T02:56:05.000,2.87,24.35,8.21,44.68728,-124.156658
2021-07-26T03:11:05.000,2.89,24.49,8.21,44.68728,-124.156658
2021-07-26T03:26:05.000,2.87,24.36,8.21,44.68728,-124.156658
2021-07-26T03:41:05.000,2.87,24.34,8.21,44.68728,-124.156658
2021-07-26T03:56:05.000,2.87,24.36,8.21,44.68728,-124.156658
2021-07-26T04:11:05.000,2.87,24.36,8.21,44.68728,-124.156658
2021-07-26T04:26:05.000,2.87,24.33,8.21,44.68728,-124.156658
2021-07-26T04:41:05.000,2.88,24.48,8.21,44.68728,-124.156658
2021-07-26T04:56:05.000,2.89,24.52,8.21,44.68728,-124.156658
2021-07-26T05:11:05.000,2.89,24.57,8.21,44.68728,-124.156658
2021-07-26T05:26:05.000,2.89,24.54,8.21,44.68728,-124.156658
2021-07-26T05:41:05.000,2.89,24.53,8.21,44.68728,-124.156658
2021-07-26T05:56:05.000,2.89,24.57,8.21,44.68728,-124.156658
2021-07-26T06:11:05.000,2.91,24.74,8.21,44.68728,-124.156658
2021-07-26T06:26:05.000,2.92,24.74,8.21,44.68728,-124.156658
2021-07-26T06:41:05.000,2.93,24.84,8.21,44.68728,-124.156658
2021-07-26T06:56:05.000,2.94,24.93,8.21,44.68728,-124.156658
2021-07-26T07:11:05.000,2.94,24.91,8.21,44.68728,-124.156658
2021-07-26T07:26:05.000,2.93,24.84,8.21,44.68728,-124.156658
2021-07-26T07:41:05.000,2.93,24.88,8.21,44.68728,-124.156658
2021-07-26T07:56:05.000,2.94,24.93,8.21,44.68728,-124.156658
2021-07-26T08:11:05.000,2.94,24.96,8.21,44.68728,-124.156658
2021-07-26T08:26:05.000,2.94,24.92,8.21,44.68728,-124.156658
2021-07-26T08:41:05.000,2.93,24.9,8.21,44.68728,-124.156658
2021-07-26T08:56:05.000,2.93,24.86,8.21,44.68728,-124.156658
2021-07-26T09:11:05.000,2.92,24.81,8.21,44.68728,-124.156658
2021-07-26T09:26:05.000,2.92,24.77,8.21,44.68728,-124.156658
2021-07-26T09:41:05.000,2.91,24.74,8.21,44.68728,-124.156658
2021-07-26T09:56:05.000,2.92,24.76,8.21,44.68728,-124.156658
2021-07-26T10:11:05.000,2.92,24.74,8.21,44.68728,-124.156658
2021-07-26T10:26:05.000,2.92,24.81,8.21,44.68728,-124.156658
2021-07-26T10:41:05.000,2.9,24.65,8.21,44.68728,-124.156658
2021-07-26T10:56:05.000,2.89,24.55,8.21,44.68728,-124.156658
2021-07-26T11:11:05.000,2.87,24.36,8.21,44.68728,-124.156658
2021-07-26T11:26:05.000,2.86,24.26,8.21,44.68728,-124.156658
2021-07-26T11:41:05.000,2.86,24.25,8.23,44.68728,-124.156658
2021-07-26T11:56:05.000,2.86,24.33,8.23,44.68728,-124.156658
2021-07-26T12:11:05.000,2.88,24.44,8.26,44.68728,-124.156658
2021-07-26T12:26:05.000,2.9,24.62,8.26,44.68728,-124.156658
2021-07-26T12:41:05.000,2.94,24.97,8.29,44.68728,-124.156658
2021-07-26T12:56:05.000,2.99,25.49,8.33,44.68728,-124.156658
2021-07-26T13:11:05.000,3.03,25.75,8.33,44.68728,-124.156658
2021-07-26T13:26:05.000,3.05,25.98,8.35,44.68728,-124.156658
2021-07-26T13:41:05.000,3.07,26.11,8.35,44.68728,-124.156658
2021-07-26T13:56:05.000,3.08,26.27,8.36,44.68728,-124.156658
2021-07-26T14:11:05.000,3.09,26.37,8.37,44.68728,-124.156658
2021-07-26T14:26:05.000,3.1,26.42,8.37,44.68728,-124.156658
2021-07-26T14:41:05.000,3.1,26.4,8.38,44.68728,-124.156658
2021-07-26T14:56:05.000,3.08,26.27,8.38,44.68728,-124.156658
2021-07-26T15:11:05.000,3.08,26.24,8.37,44.68728,-124.156658
2021-07-26T15:26:05.000,3.08,26.24,8.37,44.68728,-124.156658
2021-07-26T15:41:05.000,3.07,26.19,8.37,44.68728,-124.156658
2021-07-26T15:56:05.000,3.07,26.12,8.36,44.68728,-124.156658
2021-07-26T16:11:05.000,3.07,26.13,8.36,44.68728,-124.156658
2021-07-26T16:26:05.000,3.07,26.14,8.35,44.68728,-124.156658
2021-07-26T16:41:05.000,3.06,26.07,8.35,44.68728,-124.156658
2021-07-26T16:56:05.000,3.05,25.99,8.35,44.68728,-124.156658
2021-07-26T17:11:05.000,2.99,25.48,8.33,44.68728,-124.156658
2021-07-26T17:26:05.000,2.94,25.05,8.31,44.68728,-124.156658
2021-07-26T17:41:05.000,2.93,24.91,8.3,44.68728,-124.156658
2021-07-26T17:56:05.000,2.91,24.71,8.29,44.68728,-124.156658
2021-07-26T18:11:05.000,2.9,24.66,8.28,44.68728,-124.156658
2021-07-26T18:26:05.000,2.89,24.55,8.28,44.68728,-124.156658
2021-07-26T18:41:05.000,2.88,24.46,8.28,44.68728,-124.156658
2021-07-26T18:56:05.000,2.87,24.38,8.28,44.68728,-124.156658
2021-07-26T19:11:05.000,2.87,24.39,8.27,44.68728,-124.156658
2021-07-26T19:26:05.000,2.88,24.45,8.27,44.68728,-124.156658
2021-07-26T19:41:05.000,2.87,24.42,8.26,44.68728,-124.156658
2021-07-26T19:56:05.000,2.88,24.45,8.26,44.68728,-124.156658
2021-07-26T20:11:05.000,2.87,24.42,8.26,44.68728,-124.156658
2021-07-26T20:26:05.000,2.87,24.37,8.26,44.68728,-124.156658
2021-07-26T20:41:05.000,2.88,24.45,8.26,44.68728,-124.156658
2021-07-26T20:56:05.000,2.87,24.35,8.26,44.68728,-124.156658
2021-07-26T21:11:05.000,2.87,24.41,8.26,44.68728,-124.156658
2021-07-26T21:26:05.000,2.88,24.47,8.26,44.68728,-124.156658
2021-07-26T21:41:05.000,2.9,24.63,8.26,44.68728,-124.156658
2021-07-26T21:56:05.000,2.89,24.56,8.26,44.68728,-124.156658
2021-07-26T22:11:05.000,2.91,24.77,8.26,44.68728,-124.156658
2021-07-26T22:26:05.000,2.91,24.75,8.27,44.68728,-124.156658
2021-07-26T22:41:05.000,2.92,24.86,8.28,44.68728,-124.156658
2021-07-26T22:56:05.000,2.93,24.94,8.28,44.68728,-124.156658
2021-07-26T23:11:05.000,2.94,25,8.28,44.68728,-124.156658
2021-07-26T23:26:05.000,2.95,25.11,8.28,44.68728,-124.156658
2021-07-26T23:41:05.000,2.95,25.04,8.29,44.68728,-124.156658
2021-07-26T23:56:05.000,2.95,25.12,8.29,44.68728,-124.156658
2021-07-27T00:11:05.000,2.97,25.24,8.3,44.68728,-124.156658
2021-07-27T00:26:05.000,2.98,25.37,8.3,44.68728,-124.156658
2021-07-27T00:41:05.000,2.99,25.47,8.31,44.68728,-124.156658
2021-07-27T00:56:05.000,3,25.57,8.32,44.68728,-124.156658
2021-07-27T01:11:05.000,3.02,25.7,8.33,44.68728,-124.156658
2021-07-27T01:26:05.000,3.02,25.75,8.33,44.68728,-124.156658
2021-07-27T01:41:05.000,3.03,25.75,8.33,44.68728,-124.156658
2021-07-27T01:56:05.000,3.04,25.86,8.33,44.68728,-124.156658
2021-07-27T02:11:05.000,3.06,26.04,8.33,44.68728,-124.156658
2021-07-27T02:26:05.000,3.07,26.18,8.34,44.68728,-124.156658
2021-07-27T02:41:05.000,3.08,26.27,8.35,44.68728,-124.156658
2021-07-27T02:56:05.000,3.1,26.38,8.35,44.68728,-124.156658
2021-07-27T03:11:05.000,3.1,26.42,8.35,44.68728,-124.156658
2021-07-27T03:26:05.000,3.1,26.41,8.35,44.68728,-124.156658
2021-07-27T03:41:05.000,3.09,26.3,8.35,44.68728,-124.156658
2021-07-27T03:56:05.000,3.1,26.36,8.35,44.68728,-124.156658
2021-07-27T04:11:05.000,3.09,26.32,8.35,44.68728,-124.156658
2021-07-27T04:26:05.000,3.09,26.31,8.35,44.68728,-124.156658
2021-07-27T04:41:05.000,3.09,26.29,8.35,44.68728,-124.156658
2021-07-27T04:56:05.000,3.07,26.18,8.35,44.68728,-124.156658
2021-07-27T05:11:05.000,3.07,26.18,8.35,44.68728,-124.156658
2021-07-27T05:26:05.000,3.08,26.23,8.35,44.68728,-124.156658
2021-07-27T05:41:05.000,3.08,26.2,8.35,44.68728,-124.156658
2021-07-27T05:56:05.000,3.07,26.17,8.35,44.68728,-124.156658
2021-07-27T06:11:05.000,3.07,26.14,8.35,44.68728,-124.156658
2021-07-27T06:26:05.000,3.06,26.03,8.34,44.68728,-124.156658
2021-07-27T06:41:05.000,3.06,26.1,8.35,44.68728,-124.156658
2021-07-27T06:56:05.000,3.06,26.09,8.34,44.68728,-124.156658
2021-07-27T07:11:05.000,3.07,26.13,8.35,44.68728,-124.156658
2021-07-27T07:26:05.000,3.08,26.27,8.35,44.68728,-124.156658
2021-07-27T07:41:05.000,3.13,26.64,8.35,44.68728,-124.156658
2021-07-27T07:56:05.000,3.15,26.83,8.36,44.68728,-124.156658
2021-07-27T08:11:05.000,3.16,26.94,8.37,44.68728,-124.156658
2021-07-27T08:26:05.000,3.14,26.76,8.36,44.68728,-124.156658
2021-07-27T08:41:05.000,3.05,25.93,8.33,44.68728,-124.156658
2021-07-27T08:56:05.000,3.03,25.79,8.33,44.68728,-124.156658
2021-07-27T09:11:05.000,3,25.53,8.33,44.68728,-124.156658
2021-07-27T09:26:05.000,2.99,25.42,8.31,44.68728,-124.156658
2021-07-27T09:41:05.000,2.98,25.39,8.31,44.68728,-124.156658
2021-07-27T09:56:05.000,3,25.55,8.32,44.68728,-124.156658
2021-07-27T10:11:05.000,3,25.51,8.32,44.68728,-124.156658
2021-07-27T10:26:05.000,3.02,25.67,8.33,44.68728,-124.156658
2021-07-27T10:41:05.000,3.08,26.18,8.33,44.68728,-124.156658
2021-07-27T10:56:05.000,3.09,26.31,8.33,44.68728,-124.156658
2021-07-27T11:11:05.000,3.1,26.35,8.34,44.68728,-124.156658
2021-07-27T11:26:05.000,3.08,26.25,8.33,44.68728,-124.156658
2021-07-27T11:41:05.000,3.08,26.25,8.34,44.68728,-124.156658
2021-07-27T11:56:05.000,3.08,26.21,8.34,44.68728,-124.156658
2021-07-27T12:11:05.000,3.09,26.28,8.35,44.68728,-124.156658
2021-07-27T12:26:05.000,3.1,26.43,8.35,44.68728,-124.156658
2021-07-27T12:41:05.000,3.09,26.34,8.34,44.68728,-124.156658
2021-07-27T12:56:05.000,3.09,26.27,8.34,44.68728,-124.156658
2021-07-27T13:11:05.000,3.1,26.39,8.35,44.68728,-124.156658
2021-07-27T13:26:05.000,3.1,26.42,8.35,44.68728,-124.156658
2021-07-27T13:41:05.000,3.11,26.47,8.35,44.68728,-124.156658
2021-07-27T13:56:05.000,3.13,26.65,8.35,44.68728,-124.156658
2021-07-27T14:11:05.000,3.15,26.81,8.36,44.68728,-124.156658
2021-07-27T14:26:05.000,3.17,27.02,8.37,44.68728,-124.156658
2021-07-27T14:41:05.000,3.21,27.33,8.38,44.68728,-124.156658
2021-07-27T14:56:05.000,3.23,27.55,8.38,44.68728,-124.156658
2021-07-27T15:11:05.000,3.26,27.78,8.4,44.68728,-124.156658
2021-07-27T15:26:05.000,3.28,28,8.4,44.68728,-124.156658
2021-07-27T15:41:05.000,3.31,28.24,8.42,44.68728,-124.156658
2021-07-27T15:56:05.000,3.33,28.37,8.42,44.68728,-124.156658
2021-07-27T16:11:05.000,3.35,28.59,8.42,44.68728,-124.156658
2021-07-27T16:26:05.000,3.35,28.54,8.42,44.68728,-124.156658
2021-07-27T16:41:05.000,3.34,28.53,8.42,44.68728,-124.156658
2021-07-27T16:56:05.000,3.36,28.66,8.42,44.68728,-124.156658
2021-07-27T17:11:05.000,3.38,28.81,8.43,44.68728,-124.156658
2021-07-27T17:26:05.000,3.39,28.93,8.44,44.68728,-124.156658
2021-07-27T17:41:05.000,3.4,29.04,8.45,44.68728,-124.156658
2021-07-27T17:56:05.000,3.44,29.39,8.45,44.68728,-124.156658
2021-07-27T18:11:05.000,3.48,29.7,8.46,44.68728,-124.156658
2021-07-27T18:26:05.000,3.51,29.94,8.47,44.68728,-124.156658
2021-07-27T18:41:05.000,3.54,30.2,8.47,44.68728,-124.156658
2021-07-27T18:56:05.000,3.55,30.32,8.47,44.68728,-124.156658
2021-07-27T19:11:05.000,3.6,30.77,8.47,44.68728,-124.156658
2021-07-27T19:26:05.000,3.62,30.94,8.47,44.68728,-124.156658
2021-07-27T19:41:05.000,3.62,30.94,8.47,44.68728,-124.156658
2021-07-27T19:56:05.000,3.65,31.15,8.47,44.68728,-124.156658
2021-07-27T20:11:05.000,3.67,31.35,8.47,44.68728,-124.156658
2021-07-27T20:26:05.000,3.72,31.74,8.48,44.68728,-124.156658
2021-07-27T20:41:05.000,3.76,32.13,8.49,44.68728,-124.156658
2021-07-27T20:56:05.000,3.8,32.45,8.5,44.68728,-124.156658
2021-07-27T21:11:05.000,3.86,32.99,8.51,44.68728,-124.156658
2021-07-27T21:26:05.000,3.91,33.46,8.52,44.68728,-124.156658
2021-07-27T21:41:05.000,3.95,33.75,8.52,44.68728,-124.156658
2021-07-27T21:56:05.000,3.99,34.14,8.54,44.68728,-124.156658
2021-07-27T22:11:05.000,4.04,34.58,8.54,44.68728,-124.156658
2021-07-27T22:26:05.000,4.08,34.91,8.56,44.68728,-124.156658
2021-07-27T22:41:05.000,4.1,35.12,8.57,44.68728,-124.156658
2021-07-27T22:56:05.000,4.11,35.22,8.57,44.68728,-124.156658
2021-07-27T23:11:05.000,4.14,35.43,8.57,44.68728,-124.156658
2021-07-27T23:26:05.000,4.13,35.38,8.58,44.68728,-124.156658
2021-07-27T23:41:05.000,4.12,35.3,8.58,44.68728,-124.156658
2021-07-27T23:56:05.000,4.11,35.23,8.59,44.68728,-124.156658
2021-07-28T00:11:05.000,4.15,35.56,8.59,44.68728,-124.156658
2021-07-28T00:26:05.000,4.14,35.48,8.59,44.68728,-124.156658
2021-07-28T00:41:05.000,4.15,35.53,8.6,44.68728,-124.156658
2021-07-28T00:56:05.000,4.15,35.58,8.61,44.68728,-124.156658
2021-07-28T01:11:05.000,4.16,35.63,8.62,44.68728,-124.156658
2021-07-28T01:26:05.000,4.18,35.85,8.62,44.68728,-124.156658
2021-07-28T01:41:05.000,4.2,36,8.62,44.68728,-124.156658
2021-07-28T01:56:05.000,4.21,36.1,8.64,44.68728,-124.156658
2021-07-28T02:11:05.000,4.24,36.32,8.64,44.68728,-124.156658
2021-07-28T02:26:05.000,4.27,36.65,8.65,44.68728,-124.156658
2021-07-28T02:41:05.000,4.28,36.71,8.66,44.68728,-124.156658
2021-07-28T02:56:05.000,4.28,36.72,8.66,44.68728,-124.156658
2021-07-28T03:11:05.000,4.3,36.92,8.66,44.68728,-124.156658
2021-07-28T03:26:05.000,4.32,37.12,8.68,44.68728,-124.156658
2021-07-28T03:41:05.000,4.31,36.97,8.68,44.68728,-124.156658
2021-07-28T03:56:05.000,4.32,37.09,8.69,44.68728,-124.156658
2021-07-28T04:11:05.000,4.32,37.08,8.69,44.68728,-124.156658
2021-07-28T04:26:05.000,4.32,37.08,8.69,44.68728,-124.156658
2021-07-28T04:41:05.000,4.32,37.05,8.69,44.68728,-124.156658
2021-07-28T04:56:05.000,4.27,36.68,8.68,44.68728,-124.156658
2021-07-28T05:11:05.000,4.27,36.64,8.66,44.68728,-124.156658
2021-07-28T05:26:05.000,4.25,36.51,8.66,44.68728,-124.156658
2021-07-28T05:41:05.000,4.26,36.59,8.66,44.68728,-124.156658
2021-07-28T05:56:05.000,4.27,36.65,8.66,44.68728,-124.156658
2021-07-28T06:11:05.000,4.31,36.94,8.66,44.68728,-124.156658
2021-07-28T06:26:05.000,4.29,36.78,8.66,44.68728,-124.156658
2021-07-28T06:41:05.000,4.27,36.65,8.66,44.68728,-124.156658
2021-07-28T06:56:05.000,4.27,36.63,8.66,44.68728,-124.156658
2021-07-28T07:11:05.000,4.27,36.65,8.64,44.68728,-124.156658
2021-07-28T07:26:05.000,4.23,36.25,8.63,44.68728,-124.156658
2021-07-28T07:41:05.000,4.19,35.93,8.62,44.68728,-124.156658
2021-07-28T07:56:05.000,4.14,35.48,8.61,44.68728,-124.156658
2021-07-28T08:11:05.000,4.11,35.18,8.6,44.68728,-124.156658
2021-07-28T08:26:05.000,4.05,34.66,8.59,44.68728,-124.156658
2021-07-28T08:41:05.000,4.01,34.32,8.58,44.68728,-124.156658
2021-07-28T08:56:05.000,3.97,33.98,8.57,44.68728,-124.156658
2021-07-28T09:11:05.000,3.95,33.8,8.56,44.68728,-124.156658
2021-07-28T09:26:05.000,3.93,33.65,8.56,44.68728,-124.156658
2021-07-28T09:41:05.000,3.93,33.65,8.55,44.68728,-124.156658
2021-07-28T09:56:05.000,3.93,33.6,8.55,44.68728,-124.156658
2021-07-28T10:11:05.000,3.91,33.48,8.55,44.68728,-124.156658
2021-07-28T10:26:05.000,3.91,33.43,8.55,44.68728,-124.156658
2021-07-28T10:41:05.000,3.9,33.41,8.55,44.68728,-124.156658
2021-07-28T10:56:05.000,3.91,33.45,8.55,44.68728,-124.156658
2021-07-28T11:11:05.000,3.9,33.38,8.55,44.68728,-124.156658
2021-07-28T11:26:05.000,3.81,32.6,8.55,44.68728,-124.156658
2021-07-28T11:41:05.000,3.88,33.23,8.55,44.68728,-124.156658
2021-07-28T11:56:05.000,3.88,33.19,8.55,44.68728,-124.156658
2021-07-28T12:11:05.000,3.87,33.14,8.55,44.68728,-124.156658
2021-07-28T12:26:05.000,3.86,33.02,8.56,44.68728,-124.156658
2021-07-28T12:41:05.000,3.87,33.12,8.56,44.68728,-124.156658
2021-07-28T12:56:05.000,3.88,33.17,8.55,44.68728,-124.156658
2021-07-28T13:11:05.000,3.86,33.05,8.55,44.68728,-124.156658
2021-07-28T13:26:05.000,3.88,33.22,8.56,44.68728,-124.156658
2021-07-28T13:41:05.000,3.87,33.09,8.56,44.68728,-124.156658
2021-07-28T13:56:05.000,3.88,33.18,8.56,44.68728,-124.156658
2021-07-28T14:11:05.000,3.89,33.27,8.56,44.68728,-124.156658
2021-07-28T14:26:05.000,3.91,33.44,8.56,44.68728,-124.156658
2021-07-28T14:41:05.000,3.94,33.69,8.57,44.68728,-124.156658
2021-07-28T14:56:05.000,3.94,33.75,8.57,44.68728,-124.156658
2021-07-28T15:11:05.000,3.94,33.72,8.57,44.68728,-124.156658
2021-07-28T15:26:05.000,3.94,33.7,8.57,44.68728,-124.156658
2021-07-28T15:41:05.000,3.95,33.79,8.57,44.68728,-124.156658
2021-07-28T15:56:05.000,3.92,33.59,8.58,44.68728,-124.156658
2021-07-28T16:11:05.000,3.91,33.48,8.58,44.68728,-124.156658
2021-07-28T16:26:05.000,3.91,33.5,8.58,44.68728,-124.156658
2021-07-28T16:41:05.000,3.93,33.69,8.59,44.68728,-124.156658
2021-07-28T16:56:05.000,3.91,33.49,8.59,44.68728,-124.156658
2021-07-28T17:11:05.000,3.94,33.73,8.59,44.68728,-124.156658
2021-07-28T17:26:05.000,3.91,33.46,8.58,44.68728,-124.156658
2021-07-28T17:41:05.000,3.89,33.29,8.57,44.68728,-124.156658
2021-07-28T17:56:05.000,3.89,33.31,8.57,44.68728,-124.156658
2021-07-28T18:11:05.000,3.86,33.03,8.57,44.68728,-124.156658
2021-07-28T18:26:05.000,3.87,33.16,8.57,44.68728,-124.156658
2021-07-28T18:41:05.000,3.86,33.05,8.57,44.68728,-124.156658
2021-07-28T18:56:05.000,3.82,32.71,8.57,44.68728,-124.156658
2021-07-28T19:11:05.000,3.82,32.73,8.57,44.68728,-124.156658
2021-07-28T19:26:05.000,3.85,32.98,8.57,44.68728,-124.156658
2021-07-28T19:41:05.000,3.83,32.8,8.57,44.68728,-124.156658
2021-07-28T19:56:05.000,3.86,33.06,8.57,44.68728,-124.156658
2021-07-28T20:11:05.000,3.83,32.79,8.57,44.68728,-124.156658
2021-07-28T20:26:05.000,3.82,32.7,8.57,44.68728,-124.156658
2021-07-28T20:41:05.000,3.86,33.07,8.57,44.68728,-124.156658
2021-07-28T20:56:05.000,3.85,32.97,8.57,44.68728,-124.156658
2021-07-28T21:11:05.000,3.77,32.24,8.57,44.68728,-124.156658
2021-07-28T21:26:05.000,3.83,32.83,8.57,44.68728,-124.156658
2021-07-28T21:41:05.000,3.76,32.21,8.57,44.68728,-124.156658
2021-07-28T21:56:05.000,3.79,32.43,8.55,44.68728,-124.156658
2021-07-28T22:11:05.000,3.68,31.48,8.54,44.68728,-124.156658
2021-07-28T22:26:05.000,3.74,31.97,8.54,44.68728,-124.156658
2021-07-28T22:41:05.000,3.75,32.09,8.54,44.68728,-124.156658
2021-07-28T22:56:05.000,3.73,31.91,8.54,44.68728,-124.156658
2021-07-28T23:11:05.000,3.74,32.04,8.54,44.68728,-124.156658
2021-07-28T23:26:05.000,3.74,31.97,8.54,44.68728,-124.156658
2021-07-28T23:41:05.000,3.74,31.97,8.54,44.68728,-124.156658
2021-07-28T23:56:05.000,3.74,31.98,8.54,44.68728,-124.156658
2021-07-29T00:11:05.000,3.76,32.17,8.54,44.68728,-124.156658
2021-07-29T00:26:05.000,3.8,32.49,8.54,44.68728,-124.156658
2021-07-29T00:41:05.000,3.83,32.75,8.54,44.68728,-124.156658
2021-07-29T00:56:05.000,3.84,32.84,8.55,44.68728,-124.156658
2021-07-29T01:11:05.000,3.82,32.69,8.55,44.68728,-124.156658
2021-07-29T01:26:05.000,3.84,32.9,8.55,44.68728,-124.156658
2021-07-29T01:41:05.000,3.85,32.96,8.57,44.68728,-124.156658
2021-07-29T01:56:05.000,3.88,33.23,8.57,44.68728,-124.156658
2021-07-29T02:11:05.000,3.89,33.32,8.59,44.68728,-124.156658
2021-07-29T02:26:05.000,3.93,33.66,8.59,44.68728,-124.156658
2021-07-29T02:41:05.000,3.92,33.55,8.59,44.68728,-124.156658
2021-07-29T02:56:05.000,3.95,33.86,8.61,44.68728,-124.156658
2021-07-29T03:11:05.000,4.01,34.33,8.62,44.68728,-124.156658
2021-07-29T03:26:05.000,4.02,34.49,8.62,44.68728,-124.156658
2021-07-29T03:41:05.000,4.05,34.7,8.63,44.68728,-124.156658
2021-07-29T03:56:05.000,4.13,35.39,8.64,44.68728,-124.156658
2021-07-29T04:11:05.000,4.15,35.63,8.66,44.68728,-124.156658
2021-07-29T04:26:05.000,4.19,35.94,8.68,44.68728,-124.156658
2021-07-29T04:41:05.000,4.23,36.3,8.69,44.68728,-124.156658
2021-07-29T04:56:05.000,4.24,36.41,8.7,44.68728,-124.156658
2021-07-29T05:11:05.000,4.25,36.53,8.7,44.68728,-124.156658
2021-07-29T05:26:05.000,4.25,36.5,8.71,44.68728,-124.156658
2021-07-29T05:41:05.000,4.25,36.53,8.71,44.68728,-124.156658
2021-07-29T05:56:05.000,4.26,36.63,8.71,44.68728,-124.156658
2021-07-29T06:11:05.000,4.28,36.76,8.71,44.68728,-124.156658
2021-07-29T06:26:05.000,4.29,36.86,8.71,44.68728,-124.156658
2021-07-29T06:41:05.000,4.28,36.77,8.71,44.68728,-124.156658
2021-07-29T06:56:05.000,4.28,36.73,8.71,44.68728,-124.156658
2021-07-29T07:11:05.000,4.23,36.32,8.7,44.68728,-124.156658
2021-07-29T07:26:05.000,4.22,36.2,8.69,44.68728,-124.156658
2021-07-29T07:41:05.000,4.21,36.19,8.69,44.68728,-124.156658
2021-07-29T07:56:05.000,4.21,36.16,8.69,44.68728,-124.156658
2021-07-29T08:11:05.000,4.22,36.23,8.69,44.68728,-124.156658
2021-07-29T08:26:05.000,4.24,36.43,8.69,44.68728,-124.156658
2021-07-29T08:41:05.000,4.24,36.39,8.7,44.68728,-124.156658
2021-07-29T08:56:05.000,4.22,36.27,8.7,44.68728,-124.156658
2021-07-29T09:11:05.000,4.24,36.44,8.71,44.68728,-124.156658
2021-07-29T09:26:05.000,4.23,36.3,8.71,44.68728,-124.156658
2021-07-29T09:41:05.000,4.24,36.45,8.71,44.68728,-124.156658
2021-07-29T09:56:05.000,4.21,36.15,8.7,44.68728,-124.156658
2021-07-29T10:11:05.000,4.17,35.8,8.69,44.68728,-124.156658
2021-07-29T10:26:05.000,4.14,35.51,8.69,44.68728,-124.156658
2021-07-29T10:41:05.000,4.17,35.81,8.71,44.68728,-124.156658
2021-07-29T10:56:05.000,4.17,35.86,8.71,44.68728,-124.156658
2021-07-29T11:11:05.000,4.13,35.51,8.71,44.68728,-124.156658
2021-07-29T11:26:05.000,4.18,35.9,8.71,44.68728,-124.156658
2021-07-29T11:41:05.000,4.18,35.94,8.72,44.68728,-124.156658
2021-07-29T11:56:05.000,4.19,36.03,8.74,44.68728,-124.156658
2021-07-29T12:11:05.000,4.14,35.57,8.73,44.68728,-124.156658
2021-07-29T12:26:05.000,4.09,35.18,8.73,44.68728,-124.156658
2021-07-29T12:41:05.000,4.05,34.78,8.73,44.68728,-124.156658
2021-07-29T12:56:05.000,4.01,34.47,8.75,44.68728,-124.156658
2021-07-29T13:11:05.000,3.97,34.17,8.76,44.68728,-124.156658
2021-07-29T13:26:05.000,3.95,33.93,8.76,44.68728,-124.156658
2021-07-29T13:41:05.000,3.89,33.44,8.74,44.68728,-124.156658
2021-07-29T13:56:05.000,3.86,33.2,8.74,44.68728,-124.156658
2021-07-29T14:11:05.000,3.89,33.44,8.75,44.68728,-124.156658
2021-07-29T14:26:05.000,3.87,33.32,8.75,44.68728,-124.156658
2021-07-29T14:41:05.000,3.85,33.12,8.75,44.68728,-124.156658
2021-07-29T14:56:05.000,3.84,32.98,8.75,44.68728,-124.156658
2021-07-29T15:11:05.000,3.77,32.37,8.74,44.68728,-124.156658
2021-07-29T15:26:05.000,3.74,32.15,8.73,44.68728,-124.156658
2021-07-29T15:41:05.000,3.82,32.84,8.73,44.68728,-124.156658
2021-07-29T15:56:05.000,3.8,32.68,8.73,44.68728,-124.156658
2021-07-29T16:11:05.000,3.79,32.59,8.73,44.68728,-124.156658
2021-07-29T16:26:05.000,3.78,32.53,8.73,44.68728,-124.156658
2021-07-29T16:41:05.000,3.82,32.8,8.73,44.68728,-124.156658
2021-07-29T16:56:05.000,3.81,32.72,8.72,44.68728,-124.156658
2021-07-29T17:11:05.000,3.8,32.66,8.72,44.68728,-124.156658
2021-07-29T17:26:05.000,3.82,32.85,8.71,44.68728,-124.156658
2021-07-29T17:41:05.000,3.84,33.03,8.71,44.68728,-124.156658
2021-07-29T17:56:05.000,3.83,32.9,8.71,44.68728,-124.156658
2021-07-29T18:11:05.000,3.83,32.93,8.71,44.68728,-124.156658
2021-07-29T18:26:05.000,3.82,32.81,8.71,44.68728,-124.156658
2021-07-29T18:41:05.000,3.83,32.92,8.69,44.68728,-124.156658
2021-07-29T18:56:05.000,3.84,32.95,8.69,44.68728,-124.156658
2021-07-29T19:11:05.000,3.84,32.97,8.68,44.68728,-124.156658
2021-07-29T19:26:05.000,3.85,33.06,8.66,44.68728,-124.156658
2021-07-29T19:41:05.000,3.88,33.33,8.66,44.68728,-124.156658
2021-07-29T19:56:05.000,3.85,33.05,8.66,44.68728,-124.156658
2021-07-29T20:11:05.000,3.84,32.97,8.65,44.68728,-124.156658
2021-07-29T20:26:05.000,3.82,32.8,8.64,44.68728,-124.156658
2021-07-29T20:41:05.000,3.79,32.47,8.64,44.68728,-124.156658
2021-07-29T20:56:05.000,3.76,32.26,8.64,44.68728,-124.156658
2021-07-29T21:11:05.000,3.75,32.15,8.64,44.68728,-124.156658
2021-07-29T21:26:05.000,3.74,32.04,8.63,44.68728,-124.156658
2021-07-29T21:41:05.000,3.74,32.06,8.62,44.68728,-124.156658
2021-07-29T21:56:05.000,3.74,32.03,8.62,44.68728,-124.156658
2021-07-29T22:11:05.000,3.73,31.99,8.62,44.68728,-124.156658
2021-07-29T22:26:05.000,3.75,32.17,8.62,44.68728,-124.156658
2021-07-29T22:41:05.000,3.79,32.51,8.62,44.68728,-124.156658
2021-07-29T22:56:05.000,3.84,32.91,8.62,44.68728,-124.156658
2021-07-29T23:11:05.000,3.82,32.77,8.62,44.68728,-124.156658
2021-07-29T23:26:05.000,3.81,32.68,8.61,44.68728,-124.156658
2021-07-29T23:41:05.000,3.79,32.49,8.61,44.68728,-124.156658
2021-07-29T23:56:05.000,3.76,32.21,8.61,44.68728,-124.156658
2021-07-30T00:11:05.000,3.73,31.94,8.62,44.68728,-124.156658
2021-07-30T00:26:05.000,3.67,31.48,8.62,44.68728,-124.156658
2021-07-30T00:41:05.000,3.62,31.03,8.63,44.68728,-124.156658
2021-07-30T00:56:05.000,3.67,31.44,8.63,44.68728,-124.156658
2021-07-30T01:11:05.000,3.67,31.48,8.64,44.68728,-124.156658
2021-07-30T01:26:05.000,3.66,31.37,8.64,44.68728,-124.156658
2021-07-30T01:41:05.000,3.64,31.18,8.64,44.68728,-124.156658
2021-07-30T01:56:05.000,3.6,30.91,8.64,44.68728,-124.156658
2021-07-30T02:11:05.000,3.61,30.93,8.64,44.68728,-124.156658
2021-07-30T02:26:05.000,3.58,30.73,8.64,44.68728,-124.156658
2021-07-30T02:41:05.000,3.57,30.66,8.64,44.68728,-124.156658
2021-07-30T02:56:05.000,3.58,30.74,8.64,44.68728,-124.156658
2021-07-30T03:11:05.000,3.6,30.88,8.63,44.68728,-124.156658
2021-07-30T03:26:05.000,3.6,30.9,8.63,44.68728,-124.156658
2021-07-30T03:41:05.000,3.56,30.56,8.64,44.68728,-124.156658
2021-07-30T03:56:05.000,3.54,30.38,8.64,44.68728,-124.156658
2021-07-30T04:11:05.000,3.53,30.27,8.63,44.68728,-124.156658
2021-07-30T04:26:05.000,3.52,30.17,8.63,44.68728,-124.156658
2021-07-30T04:41:05.000,3.5,30.04,8.62,44.68728,-124.156658
2021-07-30T04:56:05.000,3.46,29.68,8.62,44.68728,-124.156658
2021-07-30T05:11:05.000,3.48,29.84,8.62,44.68728,-124.156658
2021-07-30T05:26:05.000,3.47,29.7,8.62,44.68728,-124.156658
2021-07-30T05:41:05.000,3.44,29.5,8.62,44.68728,-124.156658
2021-07-30T05:56:05.000,3.39,29.07,8.62,44.68728,-124.156658
2021-07-30T06:11:05.000,3.47,29.71,8.61,44.68728,-124.156658
2021-07-30T06:26:05.000,3.44,29.5,8.61,44.68728,-124.156658
2021-07-30T06:41:05.000,3.47,29.71,8.61,44.68728,-124.156658
2021-07-30T06:56:05.000,3.46,29.62,8.61,44.68728,-124.156658
2021-07-30T07:11:05.000,3.43,29.38,8.61,44.68728,-124.156658
2021-07-30T07:26:05.000,3.44,29.51,8.61,44.68728,-124.156658
2021-07-30T07:41:05.000,3.45,29.57,8.61,44.68728,-124.156658
2021-07-30T07:56:05.000,3.46,29.62,8.6,44.68728,-124.156658
2021-07-30T08:11:05.000,3.45,29.55,8.59,44.68728,-124.156658
2021-07-30T08:26:05.000,3.45,29.52,8.59,44.68728,-124.156658
2021-07-30T08:41:05.000,3.43,29.39,8.59,44.68728,-124.156658
2021-07-30T08:56:05.000,3.42,29.33,8.59,44.68728,-124.156658
2021-07-30T09:11:05.000,3.42,29.32,8.59,44.68728,-124.156658
2021-07-30T09:26:05.000,3.43,29.38,8.59,44.68728,-124.156658
2021-07-30T09:41:05.000,3.43,29.37,8.59,44.68728,-124.156658
2021-07-30T09:56:05.000,3.42,29.32,8.59,44.68728,-124.156658
2021-07-30T10:11:05.000,3.36,28.81,8.59,44.68728,-124.156658
2021-07-30T10:26:05.000,3.44,29.51,8.59,44.68728,-124.156658
2021-07-30T10:41:05.000,3.47,29.71,8.59,44.68728,-124.156658
2021-07-30T10:56:05.000,3.49,29.92,8.59,44.68728,-124.156658
2021-07-30T11:11:05.000,3.52,30.19,8.59,44.68728,-124.156658
2021-07-30T11:26:05.000,3.54,30.3,8.59,44.68728,-124.156658
2021-07-30T11:41:05.000,3.56,30.49,8.6,44.68728,-124.156658
2021-07-30T11:56:05.000,3.58,30.66,8.61,44.68728,-124.156658
2021-07-30T12:11:05.000,3.59,30.78,8.61,44.68728,-124.156658
2021-07-30T12:26:05.000,3.61,30.92,8.61,44.68728,-124.156658
2021-07-30T12:41:05.000,3.61,30.93,8.61,44.68728,-124.156658
2021-07-30T12:56:05.000,3.62,31.03,8.62,44.68728,-124.156658
2021-07-30T13:11:05.000,3.62,31.04,8.62,44.68728,-124.156658
2021-07-30T13:26:05.000,3.63,31.14,8.62,44.68728,-124.156658
2021-07-30T13:41:05.000,3.64,31.19,8.62,44.68728,-124.156658
2021-07-30T13:56:05.000,3.66,31.34,8.62,44.68728,-124.156658
2021-07-30T14:11:05.000,3.67,31.47,8.62,44.68728,-124.156658
2021-07-30T14:26:05.000,3.71,31.84,8.62,44.68728,-124.156658
2021-07-30T14:41:05.000,3.7,31.7,8.63,44.68728,-124.156658
2021-07-30T14:56:05.000,3.69,31.66,8.64,44.68728,-124.156658
2021-07-30T15:11:05.000,3.69,31.68,8.64,44.68728,-124.156658
2021-07-30T15:26:05.000,3.72,31.93,8.64,44.68728,-124.156658
2021-07-30T15:41:05.000,3.74,32.06,8.64,44.68728,-124.156658
2021-07-30T15:56:05.000,3.73,32.02,8.64,44.68728,-124.156658
2021-07-30T16:11:05.000,3.74,32.05,8.64,44.68728,-124.156658
2021-07-30T16:26:05.000,3.77,32.31,8.64,44.68728,-124.156658
2021-07-30T16:41:05.000,3.77,32.35,8.65,44.68728,-124.156658
2021-07-30T16:56:05.000,3.77,32.35,8.65,44.68728,-124.156658
2021-07-30T17:11:05.000,3.73,32,8.66,44.68728,-124.156658
2021-07-30T17:26:05.000,3.76,32.24,8.66,44.68728,-124.156658
2021-07-30T17:41:05.000,3.77,32.37,8.66,44.68728,-124.156658
2021-07-30T17:56:05.000,3.76,32.24,8.66,44.68728,-124.156658
2021-07-30T18:11:05.000,3.79,32.5,8.66,44.68728,-124.156658
2021-07-30T18:26:05.000,3.81,32.67,8.66,44.68728,-124.156658
2021-07-30T18:41:05.000,3.84,32.94,8.66,44.68728,-124.156658
2021-07-30T18:56:05.000,3.84,32.95,8.67,44.68728,-124.156658
2021-07-30T19:11:05.000,3.84,32.97,8.68,44.68728,-124.156658
2021-07-30T19:26:05.000,3.85,33.04,8.68,44.68728,-124.156658
2021-07-30T19:41:05.000,3.86,33.13,8.69,44.68728,-124.156658
2021-07-30T19:56:05.000,3.9,33.5,8.69,44.68728,-124.156658
2021-07-30T20:11:05.000,3.95,33.88,8.69,44.68728,-124.156658
2021-07-30T20:26:05.000,3.95,33.95,8.69,44.68728,-124.156658
2021-07-30T20:41:05.000,3.94,33.86,8.69,44.68728,-124.156658
2021-07-30T20:56:05.000,3.96,33.97,8.7,44.68728,-124.156658
2021-07-30T21:11:05.000,3.97,34.07,8.7,44.68728,-124.156658
2021-07-30T21:26:05.000,3.97,34.06,8.71,44.68728,-124.156658
2021-07-30T21:41:05.000,3.97,34.12,8.71,44.68728,-124.156658
2021-07-30T21:56:05.000,3.99,34.31,8.71,44.68728,-124.156658
2021-07-30T22:11:05.000,4,34.38,8.71,44.68728,-124.156658
2021-07-30T22:26:05.000,4.02,34.57,8.71,44.68728,-124.156658
2021-07-30T22:41:05.000,4.04,34.7,8.71,44.68728,-124.156658
2021-07-30T22:56:05.000,4.04,34.7,8.71,44.68728,-124.156658
2021-07-30T23:11:05.000,4.07,34.95,8.73,44.68728,-124.156658
2021-07-30T23:26:05.000,4.07,34.94,8.73,44.68728,-124.156658
2021-07-30T23:41:05.000,4.06,34.92,8.74,44.68728,-124.156658
2021-07-30T23:56:05.000,4.03,34.6,8.74,44.68728,-124.156658
2021-07-31T00:11:05.000,3.99,34.35,8.75,44.68728,-124.156658
2021-07-31T00:26:05.000,3.99,34.34,8.76,44.68728,-124.156658
2021-07-31T00:41:05.000,4.03,34.66,8.76,44.68728,-124.156658
2021-07-31T00:56:05.000,4.06,34.9,8.76,44.68728,-124.156658
2021-07-31T01:11:05.000,4.04,34.79,8.76,44.68728,-124.156658
2021-07-31T01:26:05.000,4,34.4,8.76,44.68728,-124.156658
2021-07-31T01:41:05.000,4.04,34.8,8.77,44.68728,-124.156658
2021-07-31T01:56:05.000,4.06,34.9,8.78,44.68728,-124.156658
2021-07-31T02:11:05.000,4.08,35.12,8.78,44.68728,-124.156658
2021-07-31T02:26:05.000,4.1,35.3,8.78,44.68728,-124.156658
2021-07-31T02:41:05.000,4.01,34.49,8.78,44.68728,-124.156658
2021-07-31T02:56:05.000,3.99,34.31,8.78,44.68728,-124.156658
2021-07-31T03:11:05.000,4.05,34.89,8.78,44.68728,-124.156658
2021-07-31T03:26:05.000,4.06,34.97,8.78,44.68728,-124.156658
2021-07-31T03:41:05.000,4.09,35.18,8.8,44.68728,-124.156658
2021-07-31T03:56:05.000,4.01,34.53,8.8,44.68728,-124.156658
2021-07-31T04:11:05.000,3.97,34.15,8.8,44.68728,-124.156658
2021-07-31T04:26:05.000,3.96,34.09,8.8,44.68728,-124.156658
2021-07-31T04:41:05.000,3.92,33.79,8.8,44.68728,-124.156658
2021-07-31T04:56:05.000,3.87,33.29,8.8,44.68728,-124.156658
2021-07-31T05:11:05.000,3.89,33.52,8.8,44.68728,-124.156658
2021-07-31T05:26:05.000,3.9,33.6,8.8,44.68728,-124.156658
2021-07-31T05:41:05.000,3.88,33.44,8.8,44.68728,-124.156658
2021-07-31T05:56:05.000,3.87,33.35,8.81,44.68728,-124.156658
2021-07-31T06:11:05.000,3.9,33.61,8.81,44.68728,-124.156658
2021-07-31T06:26:05.000,3.83,33,8.81,44.68728,-124.156658
2021-07-31T06:41:05.000,3.87,33.32,8.81,44.68728,-124.156658
2021-07-31T06:56:05.000,3.86,33.2,8.8,44.68728,-124.156658
2021-07-31T07:11:05.000,4,34.44,8.81,44.68728,-124.156658
2021-07-31T07:26:05.000,3.93,33.85,8.8,44.68728,-124.156658
2021-07-31T07:41:05.000,3.79,32.66,8.8,44.68728,-124.156658
2021-07-31T07:56:05.000,3.81,32.85,8.8,44.68728,-124.156658
2021-07-31T08:11:05.000,3.74,32.21,8.8,44.68728,-124.156658
2021-07-31T08:26:05.000,3.77,32.48,8.8,44.68728,-124.156658
2021-07-31T08:41:05.000,3.79,32.62,8.8,44.68728,-124.156658
2021-07-31T08:56:05.000,3.78,32.56,8.8,44.68728,-124.156658
2021-07-31T09:11:05.000,3.77,32.45,8.8,44.68728,-124.156658
2021-07-31T09:26:05.000,3.79,32.59,8.8,44.68728,-124.156658
2021-07-31T09:41:05.000,3.76,32.38,8.8,44.68728,-124.156658
2021-07-31T09:56:05.000,3.69,31.77,8.8,44.68728,-124.156658
2021-07-31T10:11:05.000,3.71,31.93,8.8,44.68728,-124.156658
2021-07-31T10:26:05.000,3.72,32.06,8.8,44.68728,-124.156658
2021-07-31T10:41:05.000,3.7,31.86,8.8,44.68728,-124.156658
2021-07-31T10:56:05.000,3.76,32.34,8.8,44.68728,-124.156658
2021-07-31T11:11:05.000,3.69,31.74,8.8,44.68728,-124.156658
2021-07-31T11:26:05.000,3.68,31.65,8.8,44.68728,-124.156658
2021-07-31T11:41:05.000,3.7,31.82,8.8,44.68728,-124.156658
2021-07-31T11:56:05.000,3.72,32,8.8,44.68728,-124.156658
2021-07-31T12:11:05.000,3.69,31.78,8.8,44.68728,-124.156658
2021-07-31T12:26:05.000,3.67,31.58,8.81,44.68728,-124.156658
2021-07-31T12:41:05.000,3.71,31.92,8.81,44.68728,-124.156658
2021-07-31T12:56:05.000,3.7,31.83,8.81,44.68728,-124.156658
2021-07-31T13:11:05.000,3.75,32.31,8.82,44.68728,-124.156658
2021-07-31T13:26:05.000,3.74,32.2,8.83,44.68728,-124.156658
2021-07-31T13:41:05.000,3.74,32.24,8.83,44.68728,-124.156658
2021-07-31T13:56:05.000,3.78,32.58,8.83,44.68728,-124.156658
2021-07-31T14:11:05.000,3.79,32.62,8.85,44.68728,-124.156658
2021-07-31T14:26:05.000,3.8,32.76,8.85,44.68728,-124.156658
2021-07-31T14:41:05.000,3.85,33.18,8.85,44.68728,-124.156658
2021-07-31T14:56:05.000,3.87,33.37,8.87,44.68728,-124.156658
2021-07-31T15:11:05.000,3.93,33.9,8.88,44.68728,-124.156658
2021-07-31T15:26:05.000,3.94,34.01,8.9,44.68728,-124.156658
2021-07-31T15:41:05.000,3.96,34.15,8.9,44.68728,-124.156658
2021-07-31T15:56:05.000,3.93,33.91,8.9,44.68728,-124.156658
2021-07-31T16:11:05.000,3.92,33.84,8.92,44.68728,-124.156658
2021-07-31T16:26:05.000,3.89,33.58,8.92,44.68728,-124.156658
2021-07-31T16:41:05.000,3.88,33.53,8.92,44.68728,-124.156658
2021-07-31T16:56:05.000,3.85,33.26,8.92,44.68728,-124.156658
2021-07-31T17:11:05.000,3.8,32.79,8.92,44.68728,-124.156658
2021-07-31T17:26:05.000,3.81,32.93,8.92,44.68728,-124.156658
2021-07-31T17:41:05.000,3.79,32.75,8.92,44.68728,-124.156658
2021-07-31T17:56:05.000,3.76,32.47,8.92,44.68728,-124.156658
2021-07-31T18:11:05.000,3.78,32.66,8.92,44.68728,-124.156658
2021-07-31T18:26:05.000,3.76,32.5,8.92,44.68728,-124.156658
2021-07-31T18:41:05.000,3.74,32.33,8.92,44.68728,-124.156658
2021-07-31T18:56:05.000,3.71,32.03,8.92,44.68728,-124.156658
2021-07-31T19:11:05.000,3.75,32.4,8.92,44.68728,-124.156658
2021-07-31T19:26:05.000,3.68,31.81,8.92,44.68728,-124.156658
2021-07-31T19:41:05.000,3.71,32.03,8.92,44.68728,-124.156658
2021-07-31T19:56:05.000,3.69,31.84,8.92,44.68728,-124.156658
2021-07-31T20:11:05.000,3.67,31.73,8.92,44.68728,-124.156658
2021-07-31T20:26:05.000,3.67,31.66,8.92,44.68728,-124.156658
2021-07-31T20:41:05.000,3.65,31.49,8.92,44.68728,-124.156658
2021-07-31T20:56:05.000,3.64,31.46,8.92,44.68728,-124.156658
2021-07-31T21:11:05.000,3.66,31.6,8.92,44.68728,-124.156658
2021-07-31T21:26:05.000,3.66,31.57,8.92,44.68728,-124.156658
2021-07-31T21:41:05.000,3.71,32.01,8.92,44.68728,-124.156658
2021-07-31T21:56:05.000,3.7,31.91,8.92,44.68728,-124.156658
2021-07-31T22:11:05.000,3.7,31.93,8.92,44.68728,-124.156658
2021-07-31T22:26:05.000,3.7,31.94,8.91,44.68728,-124.156658
2021-07-31T22:41:05.000,3.71,32.06,8.9,44.68728,-124.156658
2021-07-31T22:56:05.000,3.76,32.43,8.9,44.68728,-124.156658
2021-07-31T23:11:05.000,3.79,32.68,8.88,44.68728,-124.156658
2021-07-31T23:26:05.000,3.81,32.83,8.88,44.68728,-124.156658
2021-07-31T23:41:05.000,3.79,32.68,8.88,44.68728,-124.156658
2021-07-31T23:56:05.000,3.81,32.83,8.87,44.68728,-124.156658
2021-08-01T00:11:05.000,3.76,32.41,8.87,44.68728,-124.156658
2021-08-01T00:26:05.000,3.72,32.12,8.87,44.68728,-124.156658
2021-08-01T00:41:05.000,3.78,32.62,8.87,44.68728,-124.156658
2021-08-01T00:56:05.000,3.78,32.57,8.86,44.68728,-124.156658
2021-08-01T01:11:05.000,3.85,33.24,8.86,44.68728,-124.156658
2021-08-01T01:26:05.000,3.82,32.92,8.87,44.68728,-124.156658
2021-08-01T01:41:05.000,3.92,33.8,8.87,44.68728,-124.156658
2021-08-01T01:56:05.000,3.81,32.83,8.88,44.68728,-124.156658
2021-08-01T02:11:05.000,3.74,32.22,8.88,44.68728,-124.156658
2021-08-01T02:26:05.000,3.74,32.24,8.88,44.68728,-124.156658
2021-08-01T02:41:05.000,3.75,32.31,8.88,44.68728,-124.156658
2021-08-01T02:56:05.000,3.74,32.25,8.9,44.68728,-124.156658
2021-08-01T03:11:05.000,3.63,31.36,8.9,44.68728,-124.156658
2021-08-01T03:26:05.000,3.7,31.89,8.9,44.68728,-124.156658
2021-08-01T03:41:05.000,3.66,31.55,8.9,44.68728,-124.156658
2021-08-01T03:56:05.000,3.79,32.7,8.9,44.68728,-124.156658
2021-08-01T04:11:05.000,3.83,33.09,8.91,44.68728,-124.156658
2021-08-01T04:26:05.000,3.81,32.94,8.92,44.68728,-124.156658
2021-08-01T04:41:05.000,3.79,32.7,8.92,44.68728,-124.156658
2021-08-01T04:56:05.000,3.74,32.31,8.92,44.68728,-124.156658
2021-08-01T05:11:05.000,3.69,31.89,8.92,44.68728,-124.156658
2021-08-01T05:26:05.000,3.66,31.65,8.92,44.68728,-124.156658
2021-08-01T05:41:05.000,3.64,31.41,8.92,44.68728,-124.156658
2021-08-01T05:56:05.000,3.59,31.03,8.93,44.68728,-124.156658
2021-08-01T06:11:05.000,3.56,30.73,8.94,44.68728,-124.156658
2021-08-01T06:26:05.000,3.43,29.65,8.95,44.68728,-124.156658
2021-08-01T06:41:05.000,3.48,30.05,8.95,44.68728,-124.156658
2021-08-01T06:56:05.000,3.45,29.83,8.95,44.68728,-124.156658
2021-08-01T07:11:05.000,3.42,29.58,8.95,44.68728,-124.156658
2021-08-01T07:26:05.000,3.39,29.29,8.95,44.68728,-124.156658
2021-08-01T07:41:05.000,3.37,29.1,8.95,44.68728,-124.156658
2021-08-01T07:56:05.000,3.39,29.29,8.97,44.68728,-124.156658
2021-08-01T08:11:05.000,3.34,28.89,8.97,44.68728,-124.156658
2021-08-01T08:26:05.000,3.32,28.74,8.97,44.68728,-124.156658
2021-08-01T08:41:05.000,3.29,28.41,8.97,44.68728,-124.156658
2021-08-01T08:56:05.000,3.3,28.5,8.98,44.68728,-124.156658
2021-08-01T09:11:05.000,3.26,28.23,8.99,44.68728,-124.156658
2021-08-01T09:26:05.000,3.23,27.92,8.99,44.68728,-124.156658
2021-08-01T09:41:05.000,3.23,27.97,8.99,44.68728,-124.156658
2021-08-01T09:56:05.000,3.27,28.26,9,44.68728,-124.156658
2021-08-01T10:11:05.000,3.25,28.09,9,44.68728,-124.156658
2021-08-01T10:26:05.000,3.2,27.72,9.01,44.68728,-124.156658
2021-08-01T10:41:05.000,3.17,27.45,9.02,44.68728,-124.156658
2021-08-01T10:56:05.000,3.15,27.27,9.02,44.68728,-124.156658
2021-08-01T11:11:05.000,3.14,27.15,9.02,44.68728,-124.156658
2021-08-01T11:26:05.000,3.1,26.86,9.03,44.68728,-124.156658
2021-08-01T11:41:05.000,3.1,26.86,9.03,44.68728,-124.156658
2021-08-01T11:56:05.000,3.09,26.75,9.02,44.68728,-124.156658
2021-08-01T12:11:05.000,2.98,25.84,9.03,44.68728,-124.156658
2021-08-01T12:26:05.000,3.03,26.2,9.03,44.68728,-124.156658
2021-08-01T12:41:05.000,3.07,26.56,9.02,44.68728,-124.156658
2021-08-01T12:56:05.000,3.15,27.24,9.02,44.68728,-124.156658
2021-08-01T13:11:05.000,3.14,27.15,9.02,44.68728,-124.156658
2021-08-01T13:26:05.000,2.94,25.43,9.02,44.68728,-124.156658
2021-08-01T13:41:05.000,3.12,27.01,9.01,44.68728,-124.156658
2021-08-01T13:56:05.000,3.12,26.97,9.02,44.68728,-124.156658
2021-08-01T14:11:05.000,3.03,26.25,9.02,44.68728,-124.156658
2021-08-01T14:26:05.000,2.96,25.61,9.02,44.68728,-124.156658
2021-08-01T14:41:05.000,2.91,25.15,9.02,44.68728,-124.156658
2021-08-01T14:56:05.000,2.87,24.85,9.01,44.68728,-124.156658
2021-08-01T15:11:05.000,2.84,24.56,9,44.68728,-124.156658
2021-08-01T15:26:05.000,2.84,24.59,9,44.68728,-124.156658
2021-08-01T15:41:05.000,2.83,24.49,9,44.68728,-124.156658
2021-08-01T15:56:05.000,3,25.96,9,44.68728,-124.156658
2021-08-01T16:11:05.000,2.84,24.57,9,44.68728,-124.156658
2021-08-01T16:26:05.000,2.74,23.74,9,44.68728,-124.156658
2021-08-01T16:41:05.000,2.68,23.17,9,44.68728,-124.156658
2021-08-01T16:56:05.000,2.67,23.11,9,44.68728,-124.156658
2021-08-01T17:11:05.000,2.66,22.98,8.99,44.68728,-124.156658
2021-08-01T17:26:05.000,2.62,22.7,8.99,44.68728,-124.156658
2021-08-01T17:56:05.000,2.5,21.63,9.04,44.68728,-124.156658
2021-08-01T18:11:05.000,2.49,21.52,9.02,44.68728,-124.156658
2021-08-01T18:26:05.000,2.5,21.63,9.02,44.68728,-124.156658
2021-08-01T18:41:05.000,2.5,21.6,9.02,44.68728,-124.156658
2021-08-01T18:56:05.000,2.49,21.52,9.02,44.68728,-124.156658
2021-08-01T19:11:05.000,2.47,21.4,9.02,44.68728,-124.156658
2021-08-01T19:26:05.000,2.45,21.22,9.02,44.68728,-124.156658
2021-08-01T19:41:05.000,2.41,20.9,9.01,44.68728,-124.156658
2021-08-01T19:56:05.000,2.4,20.72,9.01,44.68728,-124.156658
2021-08-01T20:11:05.000,2.44,21.08,9,44.68728,-124.156658
2021-08-01T20:26:05.000,2.41,20.82,9,44.68728,-124.156658
2021-08-01T20:41:05.000,2.46,21.31,9,44.68728,-124.156658
2021-08-01T20:56:05.000,2.54,21.98,9,44.68728,-124.156658
2021-08-01T21:11:05.000,2.54,21.99,9,44.68728,-124.156658
2021-08-01T21:26:05.000,2.54,21.92,8.97,44.68728,-124.156658
2021-08-01T21:41:05.000,2.55,22.02,8.97,44.68728,-124.156658
2021-08-01T21:56:05.000,2.56,22.14,8.97,44.68728,-124.156658
2021-08-01T22:11:05.000,2.56,22.09,8.97,44.68728,-124.156658
2021-08-01T22:26:05.000,2.56,22.09,8.96,44.68728,-124.156658
2021-08-01T22:41:05.000,2.65,22.91,8.96,44.68728,-124.156658
2021-08-01T22:56:05.000,2.65,22.87,8.95,44.68728,-124.156658
2021-08-01T23:11:05.000,2.6,22.44,8.95,44.68728,-124.156658
2021-08-01T23:26:05.000,2.56,22.12,8.95,44.68728,-124.156658
2021-08-01T23:41:05.000,2.55,22,8.95,44.68728,-124.156658
2021-08-01T23:56:05.000,2.52,21.82,8.95,44.68728,-124.156658
2021-08-02T00:11:05.000,2.48,21.46,8.95,44.68728,-124.156658
2021-08-02T00:26:05.000,2.52,21.77,8.95,44.68728,-124.156658
2021-08-02T00:41:05.000,2.51,21.72,8.95,44.68728,-124.156658
2021-08-02T00:56:05.000,2.66,23.02,8.97,44.68728,-124.156658
2021-08-02T01:11:05.000,2.85,24.62,8.97,44.68728,-124.156658
2021-08-02T01:26:05.000,2.97,25.66,8.97,44.68728,-124.156658
2021-08-02T01:41:05.000,2.99,25.8,8.96,44.68728,-124.156658
2021-08-02T01:56:05.000,3.01,26.02,8.95,44.68728,-124.156658
2021-08-02T02:11:05.000,3,25.9,8.95,44.68728,-124.156658
2021-08-02T02:26:05.000,2.97,25.63,8.94,44.68728,-124.156658
2021-08-02T02:41:05.000,2.99,25.87,8.93,44.68728,-124.156658
2021-08-02T02:56:05.000,3,25.92,8.93,44.68728,-124.156658
2021-08-02T03:11:05.000,2.96,25.59,8.93,44.68728,-124.156658
2021-08-02T03:26:05.000,3,25.91,8.94,44.68728,-124.156658
2021-08-02T03:41:05.000,2.95,25.53,8.95,44.68728,-124.156658
2021-08-02T03:56:05.000,3.12,26.97,8.97,44.68728,-124.156658
2021-08-02T04:11:05.000,3.24,28.06,8.99,44.68728,-124.156658
2021-08-02T04:26:05.000,3.31,28.63,8.99,44.68728,-124.156658
2021-08-02T04:41:05.000,3.39,29.3,9.01,44.68728,-124.156658
2021-08-02T04:56:05.000,3.45,29.86,9.02,44.68728,-124.156658
2021-08-02T05:11:05.000,3.57,30.91,9.04,44.68728,-124.156658
2021-08-02T05:26:05.000,3.74,32.41,9.07,44.68728,-124.156658
2021-08-02T05:41:05.000,3.84,33.25,9.08,44.68728,-124.156658
2021-08-02T05:56:05.000,3.8,32.98,9.08,44.68728,-124.156658
2021-08-02T06:11:05.000,3.79,32.81,9.08,44.68728,-124.156658
2021-08-02T06:26:05.000,3.85,33.38,9.09,44.68728,-124.156658
2021-08-02T06:41:05.000,3.86,33.44,9.08,44.68728,-124.156658
2021-08-02T06:56:05.000,3.86,33.45,9.07,44.68728,-124.156658
2021-08-02T07:11:05.000,3.87,33.54,9.07,44.68728,-124.156658
2021-08-02T07:26:05.000,3.86,33.47,9.07,44.68728,-124.156658
2021-08-02T07:41:05.000,3.88,33.6,9.07,44.68728,-124.156658
2021-08-02T07:56:05.000,3.91,33.91,9.07,44.68728,-124.156658
2021-08-02T08:11:05.000,3.89,33.71,9.06,44.68728,-124.156658
2021-08-02T08:26:05.000,3.86,33.43,9.04,44.68728,-124.156658
2021-08-02T08:41:05.000,3.81,32.96,9.04,44.68728,-124.156658
2021-08-02T08:56:05.000,3.74,32.39,9.02,44.68728,-124.156658
2021-08-02T09:11:05.000,3.6,31.14,9.01,44.68728,-124.156658
2021-08-02T09:26:05.000,3.54,30.61,9,44.68728,-124.156658
2021-08-02T09:41:05.000,3.54,30.62,8.99,44.68728,-124.156658
2021-08-02T09:56:05.000,3.51,30.32,8.97,44.68728,-124.156658
2021-08-02T10:11:05.000,3.47,30.03,8.97,44.68728,-124.156658
2021-08-02T10:26:05.000,3.46,29.9,8.97,44.68728,-124.156658
2021-08-02T10:41:05.000,3.44,29.75,8.97,44.68728,-124.156658
2021-08-02T10:56:05.000,3.42,29.55,8.97,44.68728,-124.156658
2021-08-02T11:11:05.000,3.42,29.53,8.98,44.68728,-124.156658
2021-08-02T11:26:05.000,3.52,30.45,8.99,44.68728,-124.156658
2021-08-02T11:41:05.000,3.54,30.62,8.99,44.68728,-124.156658
2021-08-02T11:56:05.000,3.53,30.52,8.99,44.68728,-124.156658
2021-08-02T12:11:05.000,3.57,30.89,8.99,44.68728,-124.156658
2021-08-02T12:26:05.000,3.65,31.56,9,44.68728,-124.156658
2021-08-02T12:41:05.000,3.63,31.46,9.02,44.68728,-124.156658
2021-08-02T12:56:05.000,3.68,31.82,9.02,44.68728,-124.156658
2021-08-02T13:11:05.000,3.76,32.53,9.04,44.68728,-124.156658
2021-08-02T13:26:05.000,3.82,33.11,9.07,44.68728,-124.156658
2021-08-02T13:41:05.000,3.95,34.26,9.09,44.68728,-124.156658
2021-08-02T13:56:05.000,4.13,35.85,9.14,44.68728,-124.156658
2021-08-02T14:11:05.000,4.17,36.19,9.16,44.68728,-124.156658
2021-08-02T14:26:05.000,4.19,36.45,9.18,44.68728,-124.156658
2021-08-02T14:41:05.000,4.21,36.57,9.19,44.68728,-124.156658
2021-08-02T14:56:05.000,4.16,36.15,9.21,44.68728,-124.156658
2021-08-02T15:11:05.000,4.13,35.94,9.21,44.68728,-124.156658
2021-08-02T15:26:05.000,4.07,35.36,9.21,44.68728,-124.156658
2021-08-02T15:41:05.000,4.04,35.1,9.22,44.68728,-124.156658
2021-08-02T15:56:05.000,4.05,35.29,9.25,44.68728,-124.156658
2021-08-02T16:11:05.000,4.1,35.73,9.28,44.68728,-124.156658
2021-08-02T16:26:05.000,4.14,36.08,9.3,44.68728,-124.156658
2021-08-02T16:41:05.000,4.19,36.57,9.33,44.68728,-124.156658
2021-08-02T16:56:05.000,4.21,36.72,9.35,44.68728,-124.156658
2021-08-02T17:11:05.000,4.24,37.04,9.37,44.68728,-124.156658
2021-08-02T17:26:05.000,4.3,37.55,9.4,44.68728,-124.156658
2021-08-02T17:41:05.000,4.36,38.1,9.44,44.68728,-124.156658
2021-08-02T17:56:05.000,4.44,38.82,9.49,44.68728,-124.156658
2021-08-02T18:11:05.000,4.43,38.84,9.52,44.68728,-124.156658
2021-08-02T18:26:05.000,4.41,38.61,9.54,44.68728,-124.156658
2021-08-02T18:41:05.000,4.37,38.26,9.53,44.68728,-124.156658
2021-08-02T18:56:05.000,4.36,38.21,9.53,44.68728,-124.156658
2021-08-02T19:11:05.000,4.33,37.9,9.53,44.68728,-124.156658
2021-08-02T19:26:05.000,4.33,37.91,9.53,44.68728,-124.156658
2021-08-02T19:41:05.000,4.32,37.81,9.54,44.68728,-124.156658
2021-08-02T19:56:05.000,4.31,37.75,9.54,44.68728,-124.156658
2021-08-02T20:11:05.000,4.28,37.54,9.54,44.68728,-124.156658
2021-08-02T20:26:05.000,4.31,37.8,9.56,44.68728,-124.156658
2021-08-02T20:41:05.000,4.32,37.92,9.57,44.68728,-124.156658
2021-08-02T20:56:05.000,4.29,37.6,9.58,44.68728,-124.156658
2021-08-02T21:11:05.000,4.27,37.47,9.59,44.68728,-124.156658
2021-08-02T21:26:05.000,4.25,37.29,9.59,44.68728,-124.156658
2021-08-02T21:41:05.000,4.24,37.19,9.59,44.68728,-124.156658
2021-08-02T21:56:05.000,4.22,36.97,9.55,44.68728,-124.156658
2021-08-02T22:11:05.000,4.02,35.16,9.49,44.68728,-124.156658
2021-08-02T22:26:05.000,4,34.97,9.47,44.68728,-124.156658
2021-08-02T22:41:05.000,4.02,35.16,9.47,44.68728,-124.156658
2021-08-02T22:56:05.000,3.97,34.73,9.47,44.68728,-124.156658
2021-08-02T23:11:05.000,4.03,35.28,9.47,44.68728,-124.156658
2021-08-02T23:26:05.000,4.01,35.06,9.49,44.68728,-124.156658
2021-08-02T23:41:05.000,3.98,34.86,9.51,44.68728,-124.156658
2021-08-02T23:56:05.000,4,35.05,9.51,44.68728,-124.156658
2021-08-03T00:11:05.000,3.98,34.82,9.52,44.68728,-124.156658
2021-08-03T00:26:05.000,4.05,35.51,9.52,44.68728,-124.156658
2021-08-03T00:41:05.000,4.07,35.62,9.52,44.68728,-124.156658
2021-08-03T00:56:05.000,4.04,35.4,9.54,44.68728,-124.156658
2021-08-03T01:11:05.000,4.03,35.3,9.53,44.68728,-124.156658
2021-08-03T01:26:05.000,4.02,35.19,9.52,44.68728,-124.156658
2021-08-03T01:41:05.000,4.04,35.35,9.51,44.68728,-124.156658
2021-08-03T01:56:05.000,4.01,35.13,9.51,44.68728,-124.156658
2021-08-03T02:11:05.000,4.03,35.33,9.52,44.68728,-124.156658
2021-08-03T02:26:05.000,4.03,35.31,9.52,44.68728,-124.156658
2021-08-03T02:41:05.000,3.98,34.82,9.52,44.68728,-124.156658
2021-08-03T02:56:05.000,3.97,34.75,9.52,44.68728,-124.156658
2021-08-03T03:11:05.000,3.83,33.51,9.52,44.68728,-124.156658
2021-08-03T03:26:05.000,3.91,34.27,9.52,44.68728,-124.156658
2021-08-03T03:41:05.000,3.89,34.1,9.53,44.68728,-124.156658
2021-08-03T03:56:05.000,3.84,33.69,9.54,44.68728,-124.156658
2021-08-03T04:11:05.000,3.85,33.76,9.55,44.68728,-124.156658
2021-08-03T04:26:05.000,3.82,33.54,9.56,44.68728,-124.156658
2021-08-03T04:41:05.000,3.79,33.25,9.57,44.68728,-124.156658
2021-08-03T04:56:05.000,3.81,33.43,9.58,44.68728,-124.156658
2021-08-03T05:11:05.000,3.81,33.39,9.58,44.68728,-124.156658
2021-08-03T05:26:05.000,3.81,33.41,9.58,44.68728,-124.156658
2021-08-03T05:41:05.000,3.77,33.06,9.59,44.68728,-124.156658
2021-08-03T05:56:05.000,3.84,33.68,9.59,44.68728,-124.156658
2021-08-03T06:11:05.000,3.76,32.99,9.58,44.68728,-124.156658
2021-08-03T06:26:05.000,3.75,32.85,9.58,44.68728,-124.156658
2021-08-03T06:41:05.000,3.74,32.81,9.57,44.68728,-124.156658
2021-08-03T06:56:05.000,3.72,32.61,9.57,44.68728,-124.156658
2021-08-03T07:11:05.000,3.7,32.47,9.57,44.68728,-124.156658
2021-08-03T07:26:05.000,3.61,31.67,9.56,44.68728,-124.156658
2021-08-03T07:41:05.000,3.61,31.62,9.56,44.68728,-124.156658
2021-08-03T07:56:05.000,3.51,30.78,9.52,44.68728,-124.156658
2021-08-03T08:11:05.000,3.59,31.4,9.5,44.68728,-124.156658
2021-08-03T08:26:05.000,3.62,31.67,9.49,44.68728,-124.156658
2021-08-03T08:41:05.000,3.5,30.66,9.49,44.68728,-124.156658
2021-08-03T08:56:05.000,3.55,31.1,9.5,44.68728,-124.156658
2021-08-03T09:11:05.000,3.55,31.06,9.49,44.68728,-124.156658
2021-08-03T09:26:05.000,3.54,31,9.49,44.68728,-124.156658
2021-08-03T09:41:05.000,3.59,31.43,9.49,44.68728,-124.156658
2021-08-03T09:56:05.000,3.6,31.46,9.48,44.68728,-124.156658
2021-08-03T10:11:05.000,3.61,31.62,9.48,44.68728,-124.156658
2021-08-03T10:26:05.000,3.52,30.83,9.49,44.68728,-124.156658
2021-08-03T10:41:05.000,3.4,29.79,9.49,44.68728,-124.156658
2021-08-03T10:56:05.000,3.18,27.84,9.51,44.68728,-124.156658
2021-08-03T11:11:05.000,3.12,27.33,9.54,44.68728,-124.156658
2021-08-03T11:26:05.000,3.24,28.4,9.55,44.68728,-124.156658
2021-08-03T11:41:05.000,3.31,29,9.55,44.68728,-124.156658
2021-08-03T11:56:05.000,3.31,29.06,9.55,44.68728,-124.156658
2021-08-03T12:11:05.000,3.34,29.3,9.55,44.68728,-124.156658
2021-08-03T12:26:05.000,3.35,29.41,9.56,44.68728,-124.156658
2021-08-03T12:41:05.000,3.53,30.91,9.56,44.68728,-124.156658
2021-08-03T12:56:05.000,3.56,31.26,9.56,44.68728,-124.156658
2021-08-03T13:11:05.000,3.57,31.28,9.56,44.68728,-124.156658
2021-08-03T13:26:05.000,3.6,31.53,9.56,44.68728,-124.156658
2021-08-03T13:41:05.000,3.56,31.26,9.57,44.68728,-124.156658
2021-08-03T13:56:05.000,3.64,31.96,9.58,44.68728,-124.156658
2021-08-03T14:11:05.000,3.71,32.56,9.58,44.68728,-124.156658
2021-08-03T14:26:05.000,3.73,32.68,9.59,44.68728,-124.156658
2021-08-03T14:41:05.000,3.7,32.42,9.59,44.68728,-124.156658
2021-08-03T14:56:05.000,3.74,32.86,9.6,44.68728,-124.156658
2021-08-03T15:11:05.000,3.79,33.27,9.61,44.68728,-124.156658
2021-08-03T15:26:05.000,3.86,33.92,9.61,44.68728,-124.156658
2021-08-03T15:41:05.000,3.93,34.54,9.61,44.68728,-124.156658
2021-08-03T15:56:05.000,3.96,34.77,9.61,44.68728,-124.156658
2021-08-03T16:11:05.000,4.04,35.46,9.62,44.68728,-124.156658
2021-08-03T16:26:05.000,4.01,35.22,9.61,44.68728,-124.156658
2021-08-03T16:41:05.000,4.04,35.46,9.62,44.68728,-124.156658
2021-08-03T16:56:05.000,4.05,35.61,9.63,44.68728,-124.156658
2021-08-03T17:11:05.000,4.02,35.34,9.63,44.68728,-124.156658
2021-08-03T17:26:05.000,4.11,36.08,9.62,44.68728,-124.156658
2021-08-03T17:41:05.000,4.13,36.29,9.61,44.68728,-124.156658
2021-08-03T17:56:05.000,4.2,36.92,9.62,44.68728,-124.156658
2021-08-03T18:11:05.000,4.21,37.01,9.62,44.68728,-124.156658
2021-08-03T18:26:05.000,4.23,37.12,9.62,44.68728,-124.156658
2021-08-03T18:41:05.000,4.27,37.47,9.61,44.68728,-124.156658
2021-08-03T18:56:05.000,4.22,37.08,9.61,44.68728,-124.156658
2021-08-03T19:11:05.000,4.2,36.85,9.61,44.68728,-124.156658
2021-08-03T19:26:05.000,4.23,37.12,9.6,44.68728,-124.156658
2021-08-03T19:41:05.000,4.29,37.62,9.59,44.68728,-124.156658
2021-08-03T19:56:05.000,4.3,37.76,9.59,44.68728,-124.156658
2021-08-03T20:11:05.000,4.24,37.2,9.58,44.68728,-124.156658
2021-08-03T20:26:05.000,4.23,37.08,9.56,44.68728,-124.156658
2021-08-03T20:41:05.000,4.17,36.6,9.56,44.68728,-124.156658
2021-08-03T20:56:05.000,4.21,36.94,9.56,44.68728,-124.156658
2021-08-03T21:11:05.000,4.18,36.65,9.56,44.68728,-124.156658
2021-08-03T21:26:05.000,4.13,36.21,9.56,44.68728,-124.156658
2021-08-03T21:41:05.000,4.17,36.55,9.56,44.68728,-124.156658
2021-08-03T21:56:05.000,4.08,35.75,9.55,44.68728,-124.156658
2021-08-03T22:11:05.000,4.07,35.71,9.55,44.68728,-124.156658
2021-08-03T22:26:05.000,4.02,35.26,9.56,44.68728,-124.156658
2021-08-03T22:41:05.000,4.06,35.59,9.56,44.68728,-124.156658
2021-08-03T22:56:05.000,4.14,36.29,9.56,44.68728,-124.156658
2021-08-03T23:11:05.000,4.11,36.05,9.57,44.68728,-124.156658
2021-08-03T23:26:05.000,4.14,36.33,9.58,44.68728,-124.156658
2021-08-03T23:41:05.000,4.11,36.1,9.58,44.68728,-124.156658
2021-08-03T23:56:05.000,4.14,36.3,9.59,44.68728,-124.156658
2021-08-04T00:11:05.000,4.24,37.19,9.61,44.68728,-124.156658
2021-08-04T00:26:05.000,4.23,37.1,9.61,44.68728,-124.156658
2021-08-04T00:41:05.000,4.19,36.79,9.63,44.68728,-124.156658
2021-08-04T00:56:05.000,4.19,36.81,9.63,44.68728,-124.156658
2021-08-04T01:11:05.000,4.22,37.03,9.63,44.68728,-124.156658
2021-08-04T01:26:05.000,4.26,37.42,9.63,44.68728,-124.156658
2021-08-04T01:41:05.000,4.24,37.23,9.63,44.68728,-124.156658
2021-08-04T01:56:05.000,4.26,37.4,9.63,44.68728,-124.156658
2021-08-04T02:11:05.000,4.32,37.97,9.63,44.68728,-124.156658
2021-08-04T02:26:05.000,4.41,38.75,9.63,44.68728,-124.156658
2021-08-04T02:41:05.000,4.4,38.67,9.63,44.68728,-124.156658
2021-08-04T02:56:05.000,4.44,38.99,9.63,44.68728,-124.156658
2021-08-04T03:11:05.000,4.4,38.68,9.63,44.68728,-124.156658
2021-08-04T03:26:05.000,4.42,38.83,9.62,44.68728,-124.156658
2021-08-04T03:41:05.000,4.37,38.4,9.61,44.68728,-124.156658
2021-08-04T03:56:05.000,4.32,37.88,9.61,44.68728,-124.156658
2021-08-04T04:11:05.000,4.38,38.4,9.59,44.68728,-124.156658
2021-08-04T04:26:05.000,4.31,37.85,9.59,44.68728,-124.156658
2021-08-04T04:41:05.000,4.33,37.96,9.59,44.68728,-124.156658
2021-08-04T04:56:05.000,4.32,37.86,9.59,44.68728,-124.156658
2021-08-04T05:11:05.000,4.37,38.35,9.59,44.68728,-124.156658
2021-08-04T05:26:05.000,4.39,38.48,9.59,44.68728,-124.156658
2021-08-04T05:41:05.000,4.31,37.81,9.59,44.68728,-124.156658
2021-08-04T05:56:05.000,4.29,37.6,9.59,44.68728,-124.156658
2021-08-04T06:11:05.000,4.32,37.91,9.59,44.68728,-124.156658
2021-08-04T06:26:05.000,4.31,37.85,9.59,44.68728,-124.156658
2021-08-04T06:41:05.000,4.3,37.69,9.6,44.68728,-124.156658
2021-08-04T06:56:05.000,4.23,37.17,9.61,44.68728,-124.156658
2021-08-04T07:11:05.000,4.33,38,9.61,44.68728,-124.156658
2021-08-04T07:26:05.000,4.29,37.69,9.61,44.68728,-124.156658
2021-08-04T07:41:05.000,4.27,37.45,9.61,44.68728,-124.156658
2021-08-04T07:56:05.000,4.24,37.2,9.63,44.68728,-124.156658
2021-08-04T08:11:05.000,4.26,37.4,9.63,44.68728,-124.156658
2021-08-04T08:26:05.000,4.27,37.46,9.63,44.68728,-124.156658
2021-08-04T08:41:05.000,4.24,37.28,9.63,44.68728,-124.156658
2021-08-04T08:56:05.000,4.21,36.96,9.64,44.68728,-124.156658
2021-08-04T09:11:05.000,4.16,36.58,9.65,44.68728,-124.156658
2021-08-04T09:26:05.000,4.17,36.62,9.66,44.68728,-124.156658
2021-08-04T09:41:05.000,4.1,36.08,9.66,44.68728,-124.156658
2021-08-04T09:56:05.000,4.09,35.94,9.68,44.68728,-124.156658
2021-08-04T10:11:05.000,4.09,36.02,9.7,44.68728,-124.156658
2021-08-04T10:26:05.000,4.05,35.68,9.72,44.68728,-124.156658
2021-08-04T10:41:05.000,4,35.25,9.73,44.68728,-124.156658
2021-08-04T10:56:05.000,3.97,34.93,9.75,44.68728,-124.156658
2021-08-04T11:11:05.000,4.06,35.78,9.75,44.68728,-124.156658
2021-08-04T11:26:05.000,3.93,34.59,9.73,44.68728,-124.156658
2021-08-04T11:41:05.000,3.87,34.04,9.7,44.68728,-124.156658
2021-08-04T11:56:05.000,3.91,34.44,9.7,44.68728,-124.156658
2021-08-04T12:11:05.000,3.78,33.27,9.68,44.68728,-124.156658
2021-08-04T12:26:05.000,3.79,33.37,9.68,44.68728,-124.156658
2021-08-04T12:41:05.000,3.66,32.2,9.67,44.68728,-124.156658
2021-08-04T12:56:05.000,3.73,32.78,9.66,44.68728,-124.156658
2021-08-04T13:11:05.000,3.61,31.69,9.66,44.68728,-124.156658
2021-08-04T13:26:05.000,3.58,31.48,9.66,44.68728,-124.156658
2021-08-04T13:41:05.000,3.56,31.25,9.66,44.68728,-124.156658
2021-08-04T13:56:05.000,3.5,30.76,9.66,44.68728,-124.156658
2021-08-04T14:11:05.000,3.7,32.54,9.66,44.68728,-124.156658
2021-08-04T14:26:05.000,3.76,33.07,9.7,44.68728,-124.156658
2021-08-04T14:41:05.000,3.83,33.69,9.7,44.68728,-124.156658
2021-08-04T14:56:05.000,3.7,32.58,9.69,44.68728,-124.156658
2021-08-04T15:11:05.000,3.77,33.19,9.69,44.68728,-124.156658
2021-08-04T15:26:05.000,3.72,32.75,9.7,44.68728,-124.156658
2021-08-04T15:41:05.000,3.75,32.98,9.7,44.68728,-124.156658
2021-08-04T15:56:05.000,3.74,32.9,9.7,44.68728,-124.156658
2021-08-04T16:11:05.000,3.77,33.17,9.7,44.68728,-124.156658
2021-08-04T16:26:05.000,3.8,33.48,9.71,44.68728,-124.156658
2021-08-04T16:41:05.000,3.86,33.94,9.71,44.68728,-124.156658
2021-08-04T16:56:05.000,3.93,34.5,9.63,44.68728,-124.156658
2021-08-04T17:11:05.000,3.93,34.53,9.61,44.68728,-124.156658
2021-08-04T17:26:05.000,3.94,34.53,9.59,44.68728,-124.156658
2021-08-04T17:41:05.000,3.9,34.23,9.59,44.68728,-124.156658
2021-08-04T17:56:05.000,3.96,34.73,9.58,44.68728,-124.156658
2021-08-04T18:11:05.000,3.98,34.89,9.58,44.68728,-124.156658
2021-08-04T18:26:05.000,3.94,34.52,9.57,44.68728,-124.156658
2021-08-04T18:41:05.000,3.88,33.99,9.58,44.68728,-124.156658
2021-08-04T18:56:05.000,3.88,34.05,9.58,44.68728,-124.156658
2021-08-04T19:11:05.000,3.86,33.86,9.59,44.68728,-124.156658
2021-08-04T19:26:05.000,3.74,32.82,9.62,44.68728,-124.156658
2021-08-04T19:41:05.000,3.54,31.11,9.66,44.68728,-124.156658
2021-08-04T19:56:05.000,3.45,30.31,9.66,44.68728,-124.156658
2021-08-04T20:11:05.000,3.52,30.9,9.66,44.68728,-124.156658
2021-08-04T20:26:05.000,3.54,31.11,9.66,44.68728,-124.156658
2021-08-04T20:41:05.000,3.59,31.54,9.68,44.68728,-124.156658
2021-08-04T20:56:05.000,3.69,32.42,9.68,44.68728,-124.156658
2021-08-04T21:11:05.000,3.61,31.73,9.68,44.68728,-124.156658
2021-08-04T21:26:05.000,3.52,30.95,9.68,44.68728,-124.156658
2021-08-04T21:41:05.000,3.55,31.2,9.68,44.68728,-124.156658
2021-08-04T21:56:05.000,3.64,32.04,9.68,44.68728,-124.156658
2021-08-04T22:11:05.000,3.6,31.66,9.69,44.68728,-124.156658
2021-08-04T22:26:05.000,3.6,31.62,9.68,44.68728,-124.156658
2021-08-04T22:41:05.000,3.58,31.47,9.68,44.68728,-124.156658
2021-08-04T22:56:05.000,3.53,31.02,9.68,44.68728,-124.156658
2021-08-04T23:11:05.000,3.56,31.31,9.69,44.68728,-124.156658
2021-08-04T23:26:05.000,3.51,30.83,9.69,44.68728,-124.156658
2021-08-04T23:41:05.000,3.54,31.14,9.69,44.68728,-124.156658
2021-08-04T23:56:05.000,3.59,31.55,9.69,44.68728,-124.156658
2021-08-05T00:11:05.000,3.52,30.92,9.69,44.68728,-124.156658
2021-08-05T00:26:05.000,3.41,29.97,9.69,44.68728,-124.156658
2021-08-05T00:41:05.000,3.46,30.45,9.7,44.68728,-124.156658
2021-08-05T00:56:05.000,3.4,29.94,9.69,44.68728,-124.156658
2021-08-05T01:11:05.000,3.28,28.82,9.69,44.68728,-124.156658
2021-08-05T01:26:05.000,3.42,30.1,9.7,44.68728,-124.156658
2021-08-05T01:41:05.000,3.34,29.41,9.69,44.68728,-124.156658
2021-08-05T01:56:05.000,3.65,32.09,9.7,44.68728,-124.156658
2021-08-05T02:11:05.000,3.69,32.48,9.7,44.68728,-124.156658
2021-08-05T02:26:05.000,3.73,32.78,9.68,44.68728,-124.156658
2021-08-05T02:41:05.000,3.62,31.85,9.68,44.68728,-124.156658
2021-08-05T02:56:05.000,3.62,31.87,9.68,44.68728,-124.156658
2021-08-05T03:11:05.000,3.63,31.91,9.68,44.68728,-124.156658
2021-08-05T03:26:05.000,3.61,31.76,9.68,44.68728,-124.156658
2021-08-05T03:41:05.000,3.59,31.56,9.68,44.68728,-124.156658
2021-08-05T03:56:05.000,3.57,31.35,9.68,44.68728,-124.156658
2021-08-05T04:11:05.000,3.52,30.97,9.68,44.68728,-124.156658
2021-08-05T04:26:05.000,3.55,31.18,9.68,44.68728,-124.156658
2021-08-05T04:41:05.000,3.53,31.08,9.69,44.68728,-124.156658
2021-08-05T04:56:05.000,3.7,32.54,9.7,44.68728,-124.156658
2021-08-05T05:11:05.000,3.72,32.69,9.7,44.68728,-124.156658
2021-08-05T05:26:05.000,3.69,32.49,9.7,44.68728,-124.156658
2021-08-05T05:41:05.000,3.64,32.06,9.7,44.68728,-124.156658
2021-08-05T05:56:05.000,3.57,31.39,9.7,44.68728,-124.156658
2021-08-05T06:11:05.000,3.65,32.08,9.71,44.68728,-124.156658
2021-08-05T06:26:05.000,3.76,33.12,9.73,44.68728,-124.156658
2021-08-05T06:41:05.000,3.81,33.58,9.75,44.68728,-124.156658
2021-08-05T06:56:05.000,3.82,33.64,9.75,44.68728,-124.156658
2021-08-05T07:11:05.000,3.94,34.7,9.76,44.68728,-124.156658
2021-08-05T07:26:05.000,3.91,34.44,9.77,44.68728,-124.156658
2021-08-05T07:41:05.000,3.88,34.21,9.77,44.68728,-124.156658
2021-08-05T07:56:05.000,3.94,34.74,9.77,44.68728,-124.156658
2021-08-05T08:11:05.000,3.99,35.16,9.78,44.68728,-124.156658
2021-08-05T08:26:05.000,3.99,35.15,9.79,44.68728,-124.156658
2021-08-05T08:41:05.000,3.98,35.06,9.78,44.68728,-124.156658
2021-08-05T08:56:05.000,4.07,35.84,9.77,44.68728,-124.156658
2021-08-05T09:11:05.000,4.12,36.37,9.82,44.68728,-124.156658
2021-08-05T09:26:05.000,4.04,35.61,9.8,44.68728,-124.156658
2021-08-05T09:41:05.000,4.17,36.81,9.82,44.68728,-124.156658
2021-08-05T09:56:05.000,4.14,36.55,9.83,44.68728,-124.156658
2021-08-05T10:11:05.000,4.14,36.58,9.84,44.68728,-124.156658
2021-08-05T10:26:05.000,4.24,37.45,9.87,44.68728,-124.156658
2021-08-05T10:41:05.000,4.24,37.42,9.87,44.68728,-124.156658
2021-08-05T10:56:05.000,4.19,37.01,9.87,44.68728,-124.156658
2021-08-05T11:11:05.000,4.17,36.83,9.87,44.68728,-124.156658
2021-08-05T11:26:05.000,4.24,37.47,9.87,44.68728,-124.156658
2021-08-05T11:41:05.000,4.18,36.9,9.87,44.68728,-124.156658
2021-08-05T11:56:05.000,4.16,36.73,9.87,44.68728,-124.156658
2021-08-05T12:11:05.000,4.03,35.62,9.87,44.68728,-124.156658
2021-08-05T12:26:05.000,4.08,36.04,9.86,44.68728,-124.156658
2021-08-05T12:41:05.000,4.02,35.47,9.85,44.68728,-124.156658
2021-08-05T12:56:05.000,4.01,35.4,9.84,44.68728,-124.156658
2021-08-05T13:11:05.000,3.97,35.07,9.84,44.68728,-124.156658
2021-08-05T13:26:05.000,3.98,35.16,9.84,44.68728,-124.156658
2021-08-05T13:41:05.000,3.85,33.97,9.8,44.68728,-124.156658
2021-08-05T13:56:05.000,3.82,33.71,9.79,44.68728,-124.156658
2021-08-05T14:11:05.000,3.72,32.8,9.75,44.68728,-124.156658
2021-08-05T14:26:05.000,3.69,32.46,9.75,44.68728,-124.156658
2021-08-05T14:41:05.000,3.66,32.2,9.74,44.68728,-124.156658
2021-08-05T14:56:05.000,3.57,31.44,9.73,44.68728,-124.156658
2021-08-05T15:11:05.000,3.63,31.92,9.73,44.68728,-124.156658
2021-08-05T15:26:05.000,3.6,31.66,9.73,44.68728,-124.156658
2021-08-05T15:41:05.000,3.6,31.7,9.73,44.68728,-124.156658
2021-08-05T15:56:05.000,3.59,31.6,9.73,44.68728,-124.156658
2021-08-05T16:11:05.000,3.52,30.96,9.73,44.68728,-124.156658
2021-08-05T16:26:05.000,3.57,31.39,9.73,44.68728,-124.156658
2021-08-05T16:41:05.000,3.53,31.05,9.73,44.68728,-124.156658
2021-08-05T16:56:05.000,3.55,31.27,9.73,44.68728,-124.156658
2021-08-05T17:11:05.000,3.61,31.74,9.73,44.68728,-124.156658
2021-08-05T17:26:05.000,3.52,30.99,9.73,44.68728,-124.156658
2021-08-05T17:41:05.000,3.56,31.31,9.73,44.68728,-124.156658
2021-08-05T17:56:05.000,3.57,31.44,9.74,44.68728,-124.156658
2021-08-05T18:11:05.000,3.66,32.21,9.75,44.68728,-124.156658
2021-08-05T18:26:05.000,3.69,32.52,9.77,44.68728,-124.156658
2021-08-05T18:41:05.000,3.69,32.58,9.82,44.68728,-124.156658
2021-08-05T18:56:05.000,3.85,34,9.86,44.68728,-124.156658
2021-08-05T19:11:05.000,3.87,34.2,9.87,44.68728,-124.156658
2021-08-05T19:26:05.000,4.11,36.29,9.91,44.68728,-124.156658
2021-08-05T19:41:05.000,4.23,37.4,9.93,44.68728,-124.156658
2021-08-05T19:56:05.000,4.24,37.47,9.94,44.68728,-124.156658
2021-08-05T20:11:05.000,4.3,38.09,9.96,44.68728,-124.156658
2021-08-05T20:26:05.000,2.81,24.88,9.96,44.68728,-124.156658
2021-08-05T20:41:05.000,4.23,37.38,9.94,44.68728,-124.156658
2021-08-05T20:56:05.000,4.59,40.68,10.05,44.68728,-124.156658
2021-08-05T21:11:05.000,4.49,39.8,10.06,44.68728,-124.156658
2021-08-05T21:26:05.000,4.54,40.24,10.06,44.68728,-124.156658
2021-08-05T21:41:05.000,4.61,40.96,10.12,44.68728,-124.156658
2021-08-05T21:56:05.000,4.6,40.92,10.14,44.68728,-124.156658
2021-08-05T22:11:05.000,4.58,40.69,10.13,44.68728,-124.156658
2021-08-05T22:26:05.000,4.65,41.36,10.14,44.68728,-124.156658
2021-08-05T22:41:05.000,4.61,40.94,10.13,44.68728,-124.156658
2021-08-05T22:56:05.000,4.53,40.28,10.13,44.68728,-124.156658
2021-08-05T23:11:05.000,4.52,40.11,10.1,44.68728,-124.156658
2021-08-05T23:26:05.000,4.37,38.76,10.01,44.68728,-124.156658
2021-08-05T23:41:05.000,4.32,38.23,9.94,44.68728,-124.156658
2021-08-05T23:56:05.000,4.3,37.99,9.93,44.68728,-124.156658
2021-08-06T00:11:05.000,4.17,36.83,9.91,44.68728,-124.156658
2021-08-06T00:26:05.000,4.18,36.92,9.89,44.68728,-124.156658
2021-08-06T00:41:05.000,4.02,35.48,9.87,44.68728,-124.156658
2021-08-06T00:56:05.000,3.97,35.05,9.84,44.68728,-124.156658
2021-08-06T01:11:05.000,3.89,34.34,9.82,44.68728,-124.156658
2021-08-06T01:26:05.000,3.86,34.05,9.8,44.68728,-124.156658
2021-08-06T01:41:05.000,3.82,33.66,9.78,44.68728,-124.156658
2021-08-06T01:56:05.000,3.83,33.7,9.76,44.68728,-124.156658
2021-08-06T02:11:05.000,3.85,33.91,9.75,44.68728,-124.156658
2021-08-06T02:26:05.000,3.89,34.26,9.75,44.68728,-124.156658
2021-08-06T02:41:05.000,3.97,34.98,9.73,44.68728,-124.156658
2021-08-06T02:56:05.000,3.93,34.58,9.72,44.68728,-124.156658
2021-08-06T03:11:05.000,3.81,33.5,9.7,44.68728,-124.156658
2021-08-06T03:26:05.000,3.88,34.08,9.69,44.68728,-124.156658
2021-08-06T03:41:05.000,3.85,33.86,9.69,44.68728,-124.156658
2021-08-06T03:56:05.000,3.85,33.83,9.68,44.68728,-124.156658
2021-08-06T04:11:05.000,3.8,33.37,9.68,44.68728,-124.156658
2021-08-06T04:26:05.000,3.8,33.42,9.66,44.68728,-124.156658
2021-08-06T04:41:05.000,3.74,32.85,9.65,44.68728,-124.156658
2021-08-06T04:56:05.000,3.64,32,9.64,44.68728,-124.156658
2021-08-06T05:11:05.000,3.73,32.72,9.64,44.68728,-124.156658
2021-08-06T05:26:05.000,3.67,32.26,9.63,44.68728,-124.156658
2021-08-06T05:41:05.000,3.65,32.07,9.63,44.68728,-124.156658
2021-08-06T05:56:05.000,3.6,31.6,9.61,44.68728,-124.156658
2021-08-06T06:11:05.000,3.55,31.15,9.61,44.68728,-124.156658
2021-08-06T06:26:05.000,3.56,31.25,9.61,44.68728,-124.156658
2021-08-06T06:41:05.000,3.51,30.79,9.59,44.68728,-124.156658
2021-08-06T06:56:05.000,3.42,30,9.56,44.68728,-124.156658
2021-08-06T07:11:05.000,3.38,29.65,9.55,44.68728,-124.156658
2021-08-06T07:26:05.000,3.4,29.8,9.54,44.68728,-124.156658
2021-08-06T07:41:05.000,3.36,29.46,9.56,44.68728,-124.156658
2021-08-06T07:56:05.000,3.43,30.07,9.56,44.68728,-124.156658
2021-08-06T08:11:05.000,3.39,29.71,9.56,44.68728,-124.156658
2021-08-06T08:26:05.000,3.37,29.57,9.56,44.68728,-124.156658
2021-08-06T08:41:05.000,3.37,29.59,9.56,44.68728,-124.156658
2021-08-06T08:56:05.000,3.38,29.6,9.56,44.68728,-124.156658
2021-08-06T09:11:05.000,3.32,29.14,9.54,44.68728,-124.156658
2021-08-06T09:26:05.000,3.31,29.01,9.54,44.68728,-124.156658
2021-08-06T09:41:05.000,3.3,28.89,9.54,44.68728,-124.156658
2021-08-06T09:56:05.000,3.41,29.9,9.56,44.68728,-124.156658
2021-08-06T10:11:05.000,3.3,28.93,9.54,44.68728,-124.156658
2021-08-06T10:26:05.000,3.33,29.21,9.56,44.68728,-124.156658
2021-08-06T10:41:05.000,3.29,28.86,9.54,44.68728,-124.156658
2021-08-06T10:56:05.000,3.45,30.28,9.57,44.68728,-124.156658
2021-08-06T11:11:05.000,3.2,28.04,9.51,44.68728,-124.156658
2021-08-06T11:26:05.000,3.24,28.42,9.52,44.68728,-124.156658
2021-08-06T11:41:05.000,3.21,28.13,9.52,44.68728,-124.156658
2021-08-06T11:56:05.000,3.32,29.12,9.55,44.68728,-124.156658
2021-08-06T12:11:05.000,3.29,28.85,9.56,44.68728,-124.156658
2021-08-06T12:26:05.000,3.18,27.84,9.51,44.68728,-124.156658
2021-08-06T12:41:05.000,3.23,28.27,9.52,44.68728,-124.156658
2021-08-06T12:56:05.000,3.2,28.04,9.52,44.68728,-124.156658
2021-08-06T13:11:05.000,3.31,29.03,9.56,44.68728,-124.156658
2021-08-06T13:26:05.000,3.29,28.87,9.56,44.68728,-124.156658
2021-08-06T13:41:05.000,3.33,29.17,9.57,44.68728,-124.156658
2021-08-06T13:56:05.000,3.28,28.73,9.56,44.68728,-124.156658
2021-08-06T14:11:05.000,3.29,28.84,9.56,44.68728,-124.156658
2021-08-06T14:26:05.000,3.19,28,9.56,44.68728,-124.156658
2021-08-06T14:41:05.000,3.23,28.28,9.55,44.68728,-124.156658
2021-08-06T14:56:05.000,3.19,28,9.56,44.68728,-124.156658
2021-08-06T15:11:05.000,3.19,27.95,9.56,44.68728,-124.156658
2021-08-06T15:26:05.000,3.11,27.26,9.54,44.68728,-124.156658
2021-08-06T15:41:05.000,3.05,26.76,9.53,44.68728,-124.156658
2021-08-06T15:56:05.000,3.07,26.87,9.52,44.68728,-124.156658
2021-08-06T16:11:05.000,3.02,26.47,9.5,44.68728,-124.156658
2021-08-06T16:26:05.000,3,26.22,9.49,44.68728,-124.156658
2021-08-06T16:41:05.000,2.97,25.98,9.49,44.68728,-124.156658
2021-08-06T16:56:05.000,2.94,25.72,9.47,44.68728,-124.156658
2021-08-06T17:11:05.000,2.92,25.5,9.46,44.68728,-124.156658
2021-08-06T17:26:05.000,2.85,24.89,9.42,44.68728,-124.156658
2021-08-06T17:41:05.000,2.82,24.65,9.42,44.68728,-124.156658
2021-08-06T17:56:05.000,2.82,24.6,9.41,44.68728,-124.156658
2021-08-06T18:11:05.000,2.8,24.44,9.4,44.68728,-124.156658
2021-08-06T18:26:05.000,2.82,24.65,9.4,44.68728,-124.156658
2021-08-06T18:41:05.000,2.81,24.5,9.4,44.68728,-124.156658
2021-08-06T18:56:05.000,2.74,23.95,9.38,44.68728,-124.156658
2021-08-06T19:11:05.000,2.76,24.11,9.37,44.68728,-124.156658
2021-08-06T19:26:05.000,2.75,24.04,9.37,44.68728,-124.156658
2021-08-06T19:41:05.000,2.68,23.4,9.39,44.68728,-124.156658
2021-08-06T19:56:05.000,2.65,23.16,9.4,44.68728,-124.156658
2021-08-06T20:11:05.000,2.7,23.62,9.42,44.68728,-124.156658
2021-08-06T20:26:05.000,2.69,23.49,9.45,44.68728,-124.156658
2021-08-06T20:41:05.000,2.7,23.64,9.47,44.68728,-124.156658
2021-08-06T20:56:05.000,2.71,23.69,9.47,44.68728,-124.156658
2021-08-06T21:11:05.000,2.74,24.03,9.49,44.68728,-124.156658
2021-08-06T21:26:05.000,2.83,24.8,9.51,44.68728,-124.156658
2021-08-06T21:41:05.000,2.83,24.77,9.52,44.68728,-124.156658
2021-08-06T21:56:05.000,2.8,24.56,9.53,44.68728,-124.156658
2021-08-06T22:11:05.000,2.84,24.86,9.54,44.68728,-124.156658
2021-08-06T22:26:05.000,2.94,25.77,9.56,44.68728,-124.156658
2021-08-06T22:41:05.000,2.95,25.88,9.58,44.68728,-124.156658
2021-08-06T22:56:05.000,2.92,25.61,9.59,44.68728,-124.156658
2021-08-06T23:11:05.000,2.92,25.65,9.6,44.68728,-124.156658
2021-08-06T23:26:05.000,2.94,25.83,9.61,44.68728,-124.156658
2021-08-06T23:41:05.000,2.87,25.16,9.61,44.68728,-124.156658
2021-08-06T23:56:05.000,2.86,25.12,9.61,44.68728,-124.156658
2021-08-07T00:11:05.000,2.91,25.57,9.62,44.68728,-124.156658
2021-08-07T00:26:05.000,2.88,25.32,9.61,44.68728,-124.156658
2021-08-07T00:41:05.000,2.95,25.93,9.61,44.68728,-124.156658
2021-08-07T00:56:05.000,2.84,24.91,9.61,44.68728,-124.156658
2021-08-07T01:11:05.000,2.87,25.15,9.61,44.68728,-124.156658
2021-08-07T01:26:05.000,2.95,25.9,9.61,44.68728,-124.156658
2021-08-07T01:41:05.000,2.91,25.56,9.6,44.68728,-124.156658
2021-08-07T01:56:05.000,2.89,25.4,9.61,44.68728,-124.156658
2021-08-07T02:11:05.000,2.92,25.63,9.61,44.68728,-124.156658
2021-08-07T02:26:05.000,2.91,25.57,9.61,44.68728,-124.156658
2021-08-07T02:41:05.000,2.93,25.68,9.6,44.68728,-124.156658
2021-08-07T02:56:05.000,2.92,25.6,9.59,44.68728,-124.156658
2021-08-07T03:11:05.000,2.84,24.88,9.59,44.68728,-124.156658
2021-08-07T03:26:05.000,2.88,25.28,9.56,44.68728,-124.156658
2021-08-07T03:41:05.000,2.92,25.59,9.54,44.68728,-124.156658
2021-08-07T03:56:05.000,2.81,24.62,9.52,44.68728,-124.156658
2021-08-07T04:11:05.000,2.78,24.35,9.5,44.68728,-124.156658
2021-08-07T04:26:05.000,2.78,24.3,9.49,44.68728,-124.156658
2021-08-07T04:41:05.000,2.83,24.72,9.47,44.68728,-124.156658
2021-08-07T04:56:05.000,2.79,24.42,9.44,44.68728,-124.156658
2021-08-07T05:11:05.000,2.81,24.53,9.42,44.68728,-124.156658
2021-08-07T05:26:05.000,2.76,24.11,9.41,44.68728,-124.156658
2021-08-07T05:41:05.000,2.68,23.44,9.4,44.68728,-124.156658
2021-08-07T05:56:05.000,2.75,24,9.39,44.68728,-124.156658
2021-08-07T06:11:05.000,2.72,23.75,9.37,44.68728,-124.156658
2021-08-07T06:26:05.000,2.75,24.02,9.37,44.68728,-124.156658
2021-08-07T06:41:05.000,2.74,23.92,9.37,44.68728,-124.156658
2021-08-07T06:56:05.000,2.71,23.66,9.35,44.68728,-124.156658
2021-08-07T07:11:05.000,2.65,23.08,9.35,44.68728,-124.156658
2021-08-07T07:26:05.000,2.68,23.41,9.34,44.68728,-124.156658
2021-08-07T07:41:05.000,2.65,23.1,9.33,44.68728,-124.156658
2021-08-07T07:56:05.000,2.68,23.4,9.33,44.68728,-124.156658
2021-08-07T08:11:05.000,2.64,23.01,9.32,44.68728,-124.156658
2021-08-07T08:26:05.000,2.66,23.18,9.32,44.68728,-124.156658
2021-08-07T08:41:05.000,2.66,23.22,9.33,44.68728,-124.156658
2021-08-07T08:56:05.000,2.67,23.31,9.33,44.68728,-124.156658
2021-08-07T09:11:05.000,2.68,23.34,9.33,44.68728,-124.156658
2021-08-07T09:26:05.000,2.69,23.44,9.33,44.68728,-124.156658
2021-08-07T09:41:05.000,2.7,23.52,9.33,44.68728,-124.156658
2021-08-07T09:56:05.000,2.71,23.6,9.33,44.68728,-124.156658
2021-08-07T10:11:05.000,2.8,24.44,9.37,44.68728,-124.156658
2021-08-07T10:26:05.000,2.84,24.76,9.4,44.68728,-124.156658
2021-08-07T10:41:05.000,2.87,25.05,9.41,44.68728,-124.156658
2021-08-07T10:56:05.000,2.93,25.6,9.42,44.68728,-124.156658
2021-08-07T11:11:05.000,2.96,25.84,9.44,44.68728,-124.156658
2021-08-07T11:26:05.000,3,26.24,9.45,44.68728,-124.156658
2021-08-07T11:41:05.000,3.06,26.8,9.47,44.68728,-124.156658
2021-08-07T11:56:05.000,3.09,27.01,9.48,44.68728,-124.156658
2021-08-07T12:11:05.000,3.12,27.26,9.47,44.68728,-124.156658
2021-08-07T12:26:05.000,3.08,26.95,9.46,44.68728,-124.156658
2021-08-07T12:41:05.000,3.09,27,9.44,44.68728,-124.156658
2021-08-07T12:56:05.000,3.08,26.95,9.44,44.68728,-124.156658
2021-08-07T13:11:05.000,3.07,26.87,9.44,44.68728,-124.156658
2021-08-07T13:26:05.000,3.06,26.77,9.45,44.68728,-124.156658
2021-08-07T13:41:05.000,3.11,27.17,9.46,44.68728,-124.156658
2021-08-07T13:56:05.000,3.09,27.05,9.46,44.68728,-124.156658
2021-08-07T14:11:05.000,3.14,27.43,9.46,44.68728,-124.156658
2021-08-07T14:26:05.000,3.14,27.46,9.47,44.68728,-124.156658
2021-08-07T14:41:05.000,3.13,27.38,9.46,44.68728,-124.156658
2021-08-07T14:56:05.000,3.11,27.19,9.44,44.68728,-124.156658
2021-08-07T15:11:05.000,3.1,27.09,9.44,44.68728,-124.156658
2021-08-07T15:26:05.000,3.07,26.79,9.4,44.68728,-124.156658
2021-08-07T15:41:05.000,2.94,25.64,9.39,44.68728,-124.156658
2021-08-07T15:56:05.000,2.9,25.31,9.37,44.68728,-124.156658
2021-08-07T16:11:05.000,2.92,25.49,9.37,44.68728,-124.156658
2021-08-07T16:26:05.000,2.87,25.08,9.37,44.68728,-124.156658
2021-08-07T16:41:05.000,2.87,25.07,9.35,44.68728,-124.156658
