Time (UTC),DO (ml/L),Dissolved Oxygen (%),Temperature (C),Latitude,Longitude
2021-05-05T19:36:46.000,3.75,31.43,7.7,44.68728,-124.156658
2021-05-05T19:51:46.000,3.75,31.41,7.69,44.68728,-124.156658
2021-05-05T20:06:46.000,3.75,31.39,7.69,44.68728,-124.156658
2021-05-05T20:21:46.000,3.74,31.37,7.69,44.68728,-124.156658
2021-05-05T20:36:46.000,3.76,31.53,7.69,44.68728,-124.156658
2021-05-05T20:51:46.000,3.81,31.91,7.69,44.68728,-124.156658
2021-05-05T21:06:46.000,3.78,31.71,7.69,44.68728,-124.156658
2021-05-05T21:21:46.000,3.78,31.66,7.69,44.68728,-124.156658
2021-05-05T21:36:46.000,3.76,31.47,7.68,44.68728,-124.156658
2021-05-05T21:51:46.000,3.76,31.48,7.68,44.68728,-124.156658
2021-05-05T22:06:46.000,3.75,31.41,7.68,44.68728,-124.156658
2021-05-05T22:21:46.000,3.75,31.39,7.68,44.68728,-124.156658
2021-05-05T22:36:46.000,3.75,31.41,7.68,44.68728,-124.156658
2021-05-05T22:51:46.000,3.74,31.35,7.68,44.68728,-124.156658
2021-05-05T23:06:46.000,3.74,31.34,7.68,44.68728,-124.156658
2021-05-05T23:21:46.000,3.76,31.47,7.68,44.68728,-124.156658
2021-05-05T23:36:46.000,3.76,31.52,7.68,44.68728,-124.156658
2021-05-05T23:51:46.000,3.77,31.59,7.68,44.68728,-124.156658
2021-05-06T00:06:46.000,3.75,31.45,7.68,44.68728,-124.156658
2021-05-06T00:21:46.000,3.76,31.48,7.68,44.68728,-124.156658
2021-05-06T00:36:46.000,3.74,31.34,7.68,44.68728,-124.156658
2021-05-06T00:51:46.000,3.73,31.27,7.68,44.68728,-124.156658
2021-05-06T01:06:46.000,3.76,31.48,7.68,44.68728,-124.156658
2021-05-06T01:21:46.000,3.74,31.34,7.68,44.68728,-124.156658
2021-05-06T01:36:46.000,3.76,31.54,7.68,44.68728,-124.156658
2021-05-06T01:51:46.000,3.76,31.5,7.68,44.68728,-124.156658
2021-05-06T02:06:46.000,3.78,31.69,7.68,44.68728,-124.156658
2021-05-06T02:21:46.000,3.75,31.39,7.68,44.68728,-124.156658
2021-05-06T02:36:46.000,3.77,31.58,7.68,44.68728,-124.156658
2021-05-06T02:51:46.000,3.79,31.73,7.68,44.68728,-124.156658
2021-05-06T03:06:46.000,3.77,31.6,7.68,44.68728,-124.156658
2021-05-06T03:21:46.000,3.77,31.56,7.68,44.68728,-124.156658
2021-05-06T03:36:46.000,3.76,31.49,7.68,44.68728,-124.156658
2021-05-06T03:51:46.000,3.76,31.51,7.68,44.68728,-124.156658
2021-05-06T04:06:46.000,3.65,30.62,7.68,44.68728,-124.156658
2021-05-06T04:21:46.000,3.68,30.85,7.68,44.68728,-124.156658
2021-05-06T04:36:46.000,3.6,30.12,7.68,44.68728,-124.156658
2021-05-06T04:51:46.000,3.5,29.33,7.68,44.68728,-124.156658
2021-05-06T05:06:46.000,3.51,29.37,7.68,44.68728,-124.156658
2021-05-06T05:21:46.000,3.5,29.34,7.68,44.68728,-124.156658
2021-05-06T05:36:46.000,3.53,29.59,7.68,44.68728,-124.156658
2021-05-06T05:51:46.000,3.56,29.79,7.68,44.68728,-124.156658
2021-05-06T06:06:46.000,3.56,29.78,7.68,44.68728,-124.156658
2021-05-06T06:21:46.000,3.56,29.84,7.68,44.68728,-124.156658
2021-05-06T06:36:46.000,3.58,29.96,7.68,44.68728,-124.156658
2021-05-06T06:51:46.000,3.59,30.06,7.68,44.68728,-124.156658
2021-05-06T07:06:46.000,3.6,30.19,7.68,44.68728,-124.156658
2021-05-06T07:21:46.000,3.61,30.25,7.68,44.68728,-124.156658
2021-05-06T07:36:46.000,3.62,30.29,7.67,44.68728,-124.156658
2021-05-06T07:51:46.000,3.62,30.29,7.67,44.68728,-124.156658
2021-05-06T08:06:46.000,3.62,30.36,7.66,44.68728,-124.156658
2021-05-06T08:21:46.000,3.63,30.42,7.66,44.68728,-124.156658
2021-05-06T08:36:46.000,3.64,30.5,7.66,44.68728,-124.156658
2021-05-06T08:51:46.000,3.65,30.58,7.66,44.68728,-124.156658
2021-05-06T09:06:46.000,3.67,30.69,7.66,44.68728,-124.156658
2021-05-06T09:21:46.000,3.67,30.77,7.66,44.68728,-124.156658
2021-05-06T09:36:46.000,3.68,30.82,7.66,44.68728,-124.156658
2021-05-06T09:51:46.000,3.68,30.79,7.66,44.68728,-124.156658
2021-05-06T10:06:46.000,3.68,30.8,7.66,44.68728,-124.156658
2021-05-06T10:21:46.000,3.67,30.74,7.66,44.68728,-124.156658
2021-05-06T10:36:46.000,3.66,30.68,7.66,44.68728,-124.156658
2021-05-06T10:51:46.000,3.67,30.71,7.66,44.68728,-124.156658
2021-05-06T11:06:46.000,3.66,30.66,7.66,44.68728,-124.156658
2021-05-06T11:21:46.000,3.65,30.55,7.66,44.68728,-124.156658
2021-05-06T11:36:46.000,3.65,30.54,7.66,44.68728,-124.156658
2021-05-06T11:51:46.000,3.63,30.4,7.66,44.68728,-124.156658
2021-05-06T12:06:46.000,3.63,30.37,7.65,44.68728,-124.156658
2021-05-06T12:21:46.000,3.62,30.29,7.65,44.68728,-124.156658
2021-05-06T12:36:46.000,3.6,30.18,7.65,44.68728,-124.156658
2021-05-06T12:51:46.000,3.61,30.23,7.65,44.68728,-124.156658
2021-05-06T13:06:46.000,3.6,30.11,7.65,44.68728,-124.156658
2021-05-06T13:21:46.000,3.6,30.15,7.65,44.68728,-124.156658
2021-05-06T13:36:46.000,3.6,30.11,7.65,44.68728,-124.156658
2021-05-06T13:51:46.000,3.59,30.08,7.65,44.68728,-124.156658
2021-05-06T14:06:46.000,3.57,29.85,7.65,44.68728,-124.156658
2021-05-06T14:21:46.000,3.57,29.92,7.64,44.68728,-124.156658
2021-05-06T14:36:46.000,3.57,29.91,7.64,44.68728,-124.156658
2021-05-06T14:51:46.000,3.57,29.88,7.64,44.68728,-124.156658
2021-05-06T15:06:46.000,3.56,29.82,7.64,44.68728,-124.156658
2021-05-06T15:21:46.000,3.56,29.8,7.64,44.68728,-124.156658
2021-05-06T15:36:46.000,3.55,29.74,7.65,44.68728,-124.156658
2021-05-06T15:51:46.000,3.54,29.67,7.65,44.68728,-124.156658
2021-05-06T16:06:46.000,3.55,29.72,7.65,44.68728,-124.156658
2021-05-06T16:21:46.000,3.55,29.73,7.65,44.68728,-124.156658
2021-05-06T16:36:46.000,3.54,29.63,7.65,44.68728,-124.156658
2021-05-06T16:51:46.000,3.57,29.86,7.65,44.68728,-124.156658
2021-05-06T17:06:46.000,3.53,29.59,7.65,44.68728,-124.156658
2021-05-06T17:21:46.000,3.55,29.74,7.65,44.68728,-124.156658
2021-05-06T17:36:46.000,3.54,29.62,7.65,44.68728,-124.156658
2021-05-06T17:51:46.000,3.52,29.44,7.65,44.68728,-124.156658
2021-05-06T18:06:46.000,3.54,29.65,7.65,44.68728,-124.156658
2021-05-06T18:21:46.000,3.54,29.62,7.65,44.68728,-124.156658
2021-05-06T18:36:46.000,3.56,29.79,7.65,44.68728,-124.156658
2021-05-06T18:51:46.000,3.57,29.86,7.65,44.68728,-124.156658
2021-05-06T19:06:46.000,3.56,29.82,7.65,44.68728,-124.156658
2021-05-06T19:21:46.000,3.57,29.85,7.66,44.68728,-124.156658
2021-05-06T19:36:46.000,3.58,29.94,7.66,44.68728,-124.156658
2021-05-06T19:51:46.000,3.56,29.82,7.66,44.68728,-124.156658
2021-05-06T20:06:46.000,3.57,29.9,7.66,44.68728,-124.156658
2021-05-06T20:21:46.000,3.56,29.78,7.66,44.68728,-124.156658
2021-05-06T20:36:46.000,3.55,29.73,7.66,44.68728,-124.156658
2021-05-06T20:51:46.000,3.56,29.83,7.66,44.68728,-124.156658
2021-05-06T21:06:46.000,3.57,29.91,7.66,44.68728,-124.156658
2021-05-06T21:21:46.000,3.59,30.08,7.66,44.68728,-124.156658
2021-05-06T21:36:46.000,3.59,30.03,7.65,44.68728,-124.156658
2021-05-06T21:51:46.000,3.58,29.99,7.65,44.68728,-124.156658
2021-05-06T22:06:46.000,3.58,29.96,7.64,44.68728,-124.156658
2021-05-06T22:21:46.000,3.56,29.79,7.63,44.68728,-124.156658
2021-05-06T22:36:46.000,3.54,29.63,7.64,44.68728,-124.156658
2021-05-06T22:51:46.000,3.54,29.61,7.63,44.68728,-124.156658
2021-05-06T23:06:46.000,3.53,29.55,7.63,44.68728,-124.156658
2021-05-06T23:21:46.000,3.54,29.58,7.63,44.68728,-124.156658
2021-05-06T23:36:46.000,3.54,29.61,7.63,44.68728,-124.156658
2021-05-06T23:51:46.000,3.53,29.51,7.63,44.68728,-124.156658
2021-05-07T00:06:46.000,3.52,29.42,7.63,44.68728,-124.156658
2021-05-07T00:21:46.000,3.51,29.35,7.63,44.68728,-124.156658
2021-05-07T00:36:46.000,3.5,29.32,7.63,44.68728,-124.156658
2021-05-07T00:51:46.000,3.5,29.31,7.63,44.68728,-124.156658
2021-05-07T01:06:46.000,3.48,29.15,7.63,44.68728,-124.156658
2021-05-07T01:21:46.000,3.47,29.03,7.63,44.68728,-124.156658
2021-05-07T01:36:46.000,3.45,28.86,7.63,44.68728,-124.156658
2021-05-07T01:51:46.000,3.45,28.83,7.63,44.68728,-124.156658
2021-05-07T02:06:46.000,3.43,28.71,7.63,44.68728,-124.156658
2021-05-07T02:21:46.000,3.43,28.67,7.63,44.68728,-124.156658
2021-05-07T02:36:46.000,3.42,28.63,7.63,44.68728,-124.156658
2021-05-07T02:51:46.000,3.41,28.53,7.63,44.68728,-124.156658
2021-05-07T03:06:46.000,3.41,28.54,7.63,44.68728,-124.156658
2021-05-07T03:21:46.000,3.41,28.5,7.63,44.68728,-124.156658
2021-05-07T03:36:46.000,3.4,28.47,7.63,44.68728,-124.156658
2021-05-07T03:51:46.000,3.41,28.57,7.63,44.68728,-124.156658
2021-05-07T04:06:46.000,3.41,28.54,7.63,44.68728,-124.156658
2021-05-07T04:21:46.000,3.41,28.52,7.63,44.68728,-124.156658
2021-05-07T04:36:46.000,3.41,28.5,7.63,44.68728,-124.156658
2021-05-07T04:51:46.000,3.41,28.57,7.63,44.68728,-124.156658
2021-05-07T05:06:46.000,3.41,28.51,7.63,44.68728,-124.156658
2021-05-07T05:21:46.000,3.41,28.54,7.63,44.68728,-124.156658
2021-05-07T05:36:46.000,3.41,28.56,7.63,44.68728,-124.156658
2021-05-07T05:51:46.000,3.42,28.61,7.63,44.68728,-124.156658
2021-05-07T06:06:46.000,3.42,28.61,7.63,44.68728,-124.156658
2021-05-07T06:21:46.000,3.41,28.53,7.63,44.68728,-124.156658
2021-05-07T06:36:46.000,3.43,28.71,7.63,44.68728,-124.156658
2021-05-07T06:51:46.000,3.4,28.45,7.63,44.68728,-124.156658
2021-05-07T07:06:46.000,3.42,28.62,7.63,44.68728,-124.156658
2021-05-07T07:21:46.000,3.41,28.55,7.63,44.68728,-124.156658
2021-05-07T07:36:46.000,3.42,28.6,7.63,44.68728,-124.156658
2021-05-07T07:51:46.000,3.42,28.64,7.63,44.68728,-124.156658
2021-05-07T08:06:46.000,3.44,28.77,7.63,44.68728,-124.156658
2021-05-07T08:21:46.000,3.43,28.69,7.64,44.68728,-124.156658
2021-05-07T08:36:46.000,3.42,28.65,7.63,44.68728,-124.156658
2021-05-07T08:51:46.000,3.41,28.55,7.64,44.68728,-124.156658
2021-05-07T09:06:46.000,3.43,28.72,7.64,44.68728,-124.156658
2021-05-07T09:21:46.000,3.42,28.61,7.64,44.68728,-124.156658
2021-05-07T09:36:46.000,3.43,28.72,7.64,44.68728,-124.156658
2021-05-07T09:51:46.000,3.43,28.74,7.64,44.68728,-124.156658
2021-05-07T10:06:46.000,3.45,28.84,7.64,44.68728,-124.156658
2021-05-07T10:21:46.000,3.46,28.95,7.64,44.68728,-124.156658
2021-05-07T10:36:46.000,3.43,28.74,7.64,44.68728,-124.156658
2021-05-07T10:51:46.000,3.44,28.8,7.64,44.68728,-124.156658
2021-05-07T11:06:46.000,3.44,28.75,7.64,44.68728,-124.156658
2021-05-07T11:21:46.000,3.42,28.65,7.64,44.68728,-124.156658
2021-05-07T11:36:46.000,3.45,28.86,7.64,44.68728,-124.156658
2021-05-07T11:51:46.000,3.44,28.77,7.64,44.68728,-124.156658
2021-05-07T12:06:46.000,3.44,28.79,7.64,44.68728,-124.156658
2021-05-07T12:21:46.000,3.47,29.02,7.64,44.68728,-124.156658
2021-05-07T12:36:46.000,3.45,28.91,7.64,44.68728,-124.156658
2021-05-07T12:51:46.000,3.48,29.15,7.65,44.68728,-124.156658
2021-05-07T13:06:46.000,3.49,29.18,7.65,44.68728,-124.156658
2021-05-07T13:21:46.000,3.49,29.19,7.65,44.68728,-124.156658
2021-05-07T13:36:46.000,3.49,29.25,7.65,44.68728,-124.156658
2021-05-07T13:51:46.000,3.49,29.23,7.65,44.68728,-124.156658
2021-05-07T14:06:46.000,3.52,29.43,7.65,44.68728,-124.156658
2021-05-07T14:21:46.000,3.52,29.51,7.66,44.68728,-124.156658
2021-05-07T14:36:46.000,3.55,29.7,7.66,44.68728,-124.156658
2021-05-07T14:51:46.000,3.54,29.62,7.66,44.68728,-124.156658
2021-05-07T15:06:46.000,3.55,29.74,7.66,44.68728,-124.156658
2021-05-07T15:21:46.000,3.56,29.8,7.66,44.68728,-124.156658
2021-05-07T15:36:46.000,3.58,29.98,7.66,44.68728,-124.156658
2021-05-07T15:51:46.000,3.58,29.94,7.66,44.68728,-124.156658
2021-05-07T16:06:46.000,3.59,30.04,7.66,44.68728,-124.156658
2021-05-07T16:21:46.000,3.59,30.02,7.66,44.68728,-124.156658
2021-05-07T16:36:46.000,3.59,30.09,7.66,44.68728,-124.156658
2021-05-07T16:51:46.000,3.59,30.07,7.66,44.68728,-124.156658
2021-05-07T17:06:46.000,3.6,30.14,7.66,44.68728,-124.156658
2021-05-07T17:21:46.000,3.59,30.02,7.66,44.68728,-124.156658
2021-05-07T17:36:46.000,3.6,30.13,7.66,44.68728,-124.156658
2021-05-07T17:51:46.000,3.59,30.07,7.66,44.68728,-124.156658
2021-05-07T18:06:46.000,3.6,30.16,7.66,44.68728,-124.156658
2021-05-07T18:21:46.000,3.6,30.17,7.66,44.68728,-124.156658
2021-05-07T18:36:46.000,3.6,30.18,7.66,44.68728,-124.156658
2021-05-07T18:51:46.000,3.6,30.16,7.66,44.68728,-124.156658
2021-05-07T19:06:46.000,3.6,30.12,7.66,44.68728,-124.156658
2021-05-07T19:21:46.000,3.6,30.15,7.66,44.68728,-124.156658
2021-05-07T19:36:46.000,3.6,30.11,7.66,44.68728,-124.156658
2021-05-07T19:51:46.000,3.59,30.1,7.66,44.68728,-124.156658
2021-05-07T20:06:46.000,3.59,30.07,7.66,44.68728,-124.156658
2021-05-07T20:21:46.000,3.57,29.91,7.66,44.68728,-124.156658
2021-05-07T20:36:46.000,3.58,29.97,7.66,44.68728,-124.156658
2021-05-07T20:51:46.000,3.58,29.95,7.66,44.68728,-124.156658
2021-05-07T21:06:46.000,3.57,29.91,7.66,44.68728,-124.156658
2021-05-07T21:21:46.000,3.57,29.88,7.66,44.68728,-124.156658
2021-05-07T21:36:46.000,3.57,29.89,7.66,44.68728,-124.156658
2021-05-07T21:51:46.000,3.56,29.82,7.66,44.68728,-124.156658
2021-05-07T22:06:46.000,3.57,29.91,7.66,44.68728,-124.156658
2021-05-07T22:21:46.000,3.57,29.91,7.66,44.68728,-124.156658
2021-05-07T22:36:46.000,3.58,29.96,7.66,44.68728,-124.156658
2021-05-07T22:51:46.000,3.57,29.91,7.67,44.68728,-124.156658
2021-05-07T23:06:46.000,3.57,29.94,7.67,44.68728,-124.156658
2021-05-07T23:21:46.000,3.58,30.01,7.67,44.68728,-124.156658
2021-05-07T23:36:46.000,3.59,30.09,7.67,44.68728,-124.156658
2021-05-07T23:51:46.000,3.59,30.11,7.68,44.68728,-124.156658
2021-05-08T00:06:46.000,3.58,30.01,7.68,44.68728,-124.156658
2021-05-08T00:21:46.000,3.59,30.04,7.68,44.68728,-124.156658
2021-05-08T00:36:46.000,3.57,29.89,7.68,44.68728,-124.156658
2021-05-08T00:51:46.000,3.51,29.45,7.68,44.68728,-124.156658
2021-05-08T01:06:46.000,3.48,29.12,7.68,44.68728,-124.156658
2021-05-08T01:21:46.000,3.4,28.46,7.67,44.68728,-124.156658
2021-05-08T01:36:46.000,3.32,27.79,7.66,44.68728,-124.156658
2021-05-08T01:51:46.000,3.27,27.42,7.66,44.68728,-124.156658
2021-05-08T02:06:46.000,3.24,27.15,7.66,44.68728,-124.156658
2021-05-08T02:21:46.000,3.22,26.95,7.66,44.68728,-124.156658
2021-05-08T02:36:46.000,3.21,26.91,7.66,44.68728,-124.156658
2021-05-08T02:51:46.000,3.22,27,7.66,44.68728,-124.156658
2021-05-08T03:06:46.000,3.22,26.98,7.66,44.68728,-124.156658
2021-05-08T03:21:46.000,3.24,27.13,7.67,44.68728,-124.156658
2021-05-08T03:36:46.000,3.23,27.04,7.68,44.68728,-124.156658
2021-05-08T03:51:46.000,3.21,26.89,7.68,44.68728,-124.156658
2021-05-08T04:06:46.000,3.2,26.8,7.68,44.68728,-124.156658
2021-05-08T04:21:46.000,3.21,26.86,7.68,44.68728,-124.156658
2021-05-08T04:36:46.000,3.21,26.89,7.68,44.68728,-124.156658
2021-05-08T04:51:46.000,3.22,26.95,7.69,44.68728,-124.156658
2021-05-08T05:06:46.000,3.22,27.02,7.7,44.68728,-124.156658
2021-05-08T05:21:46.000,3.24,27.2,7.7,44.68728,-124.156658
2021-05-08T05:36:46.000,3.26,27.3,7.71,44.68728,-124.156658
2021-05-08T05:51:46.000,3.29,27.57,7.72,44.68728,-124.156658
2021-05-08T06:06:46.000,3.3,27.69,7.73,44.68728,-124.156658
2021-05-08T06:21:46.000,3.35,28.09,7.73,44.68728,-124.156658
2021-05-08T06:36:46.000,3.35,28.14,7.75,44.68728,-124.156658
2021-05-08T06:51:46.000,3.37,28.32,7.75,44.68728,-124.156658
2021-05-08T07:06:46.000,3.39,28.49,7.75,44.68728,-124.156658
2021-05-08T07:21:46.000,3.41,28.59,7.75,44.68728,-124.156658
2021-05-08T07:36:46.000,3.41,28.62,7.75,44.68728,-124.156658
2021-05-08T07:51:46.000,3.41,28.66,7.75,44.68728,-124.156658
2021-05-08T08:06:46.000,3.41,28.6,7.75,44.68728,-124.156658
2021-05-08T08:21:46.000,3.38,28.36,7.74,44.68728,-124.156658
2021-05-08T08:36:46.000,3.36,28.18,7.74,44.68728,-124.156658
2021-05-08T08:51:46.000,3.33,27.89,7.73,44.68728,-124.156658
2021-05-08T09:06:46.000,3.34,28.03,7.71,44.68728,-124.156658
2021-05-08T09:21:46.000,3.34,27.98,7.7,44.68728,-124.156658
2021-05-08T09:36:46.000,3.35,28.04,7.68,44.68728,-124.156658
2021-05-08T09:51:46.000,3.41,28.6,7.68,44.68728,-124.156658
2021-05-08T10:06:46.000,3.49,29.2,7.67,44.68728,-124.156658
2021-05-08T10:21:46.000,3.51,29.44,7.67,44.68728,-124.156658
2021-05-08T10:36:46.000,3.54,29.62,7.66,44.68728,-124.156658
2021-05-08T10:51:46.000,3.57,29.91,7.67,44.68728,-124.156658
2021-05-08T11:06:46.000,3.63,30.38,7.67,44.68728,-124.156658
2021-05-08T11:21:46.000,3.7,30.99,7.67,44.68728,-124.156658
2021-05-08T11:36:46.000,3.7,31,7.66,44.68728,-124.156658
2021-05-08T11:51:46.000,3.66,30.64,7.66,44.68728,-124.156658
2021-05-08T12:06:46.000,3.58,29.95,7.66,44.68728,-124.156658
2021-05-08T12:21:46.000,3.41,28.58,7.66,44.68728,-124.156658
2021-05-08T12:36:46.000,3.33,27.87,7.65,44.68728,-124.156658
2021-05-08T12:51:46.000,3.3,27.59,7.65,44.68728,-124.156658
2021-05-08T13:06:46.000,3.24,27.17,7.65,44.68728,-124.156658
2021-05-08T13:21:46.000,3.21,26.9,7.65,44.68728,-124.156658
2021-05-08T13:36:46.000,3.32,27.78,7.64,44.68728,-124.156658
2021-05-08T13:51:46.000,3.39,28.36,7.64,44.68728,-124.156658
2021-05-08T14:06:46.000,3.45,28.91,7.64,44.68728,-124.156658
2021-05-08T14:21:46.000,3.52,29.49,7.63,44.68728,-124.156658
2021-05-08T14:36:46.000,3.53,29.57,7.63,44.68728,-124.156658
2021-05-08T14:51:46.000,3.59,30.02,7.63,44.68728,-124.156658
2021-05-08T15:06:46.000,3.57,29.9,7.63,44.68728,-124.156658
2021-05-08T15:21:46.000,3.58,29.92,7.63,44.68728,-124.156658
2021-05-08T15:36:46.000,3.64,30.47,7.61,44.68728,-124.156658
2021-05-08T15:51:46.000,3.61,30.21,7.61,44.68728,-124.156658
2021-05-08T16:06:46.000,3.65,30.52,7.61,44.68728,-124.156658
2021-05-08T16:21:46.000,3.64,30.44,7.61,44.68728,-124.156658
2021-05-08T16:36:46.000,3.62,30.29,7.61,44.68728,-124.156658
2021-05-08T16:51:46.000,3.61,30.15,7.6,44.68728,-124.156658
2021-05-08T17:06:46.000,3.6,30.08,7.6,44.68728,-124.156658
2021-05-08T17:21:46.000,3.6,30.05,7.59,44.68728,-124.156658
2021-05-08T17:36:46.000,3.6,30.11,7.59,44.68728,-124.156658
2021-05-08T17:51:46.000,3.59,30.05,7.59,44.68728,-124.156658
2021-05-08T18:06:46.000,3.55,29.67,7.59,44.68728,-124.156658
2021-05-08T18:21:46.000,3.51,29.33,7.59,44.68728,-124.156658
2021-05-08T18:36:46.000,3.47,29.02,7.59,44.68728,-124.156658
2021-05-08T18:51:46.000,3.47,29.04,7.59,44.68728,-124.156658
2021-05-08T19:06:46.000,3.49,29.2,7.58,44.68728,-124.156658
2021-05-08T19:21:46.000,3.51,29.37,7.59,44.68728,-124.156658
2021-05-08T19:36:46.000,3.47,29.01,7.58,44.68728,-124.156658
2021-05-08T19:51:46.000,3.44,28.76,7.58,44.68728,-124.156658
2021-05-08T20:06:46.000,3.4,28.42,7.58,44.68728,-124.156658
2021-05-08T20:21:46.000,3.39,28.34,7.58,44.68728,-124.156658
2021-05-08T20:36:46.000,3.35,28,7.57,44.68728,-124.156658
2021-05-08T20:51:46.000,3.34,27.89,7.56,44.68728,-124.156658
2021-05-08T21:06:46.000,3.33,27.85,7.57,44.68728,-124.156658
2021-05-08T21:21:46.000,3.34,27.91,7.56,44.68728,-124.156658
2021-05-08T21:36:46.000,3.33,27.84,7.56,44.68728,-124.156658
2021-05-08T21:51:46.000,3.33,27.86,7.56,44.68728,-124.156658
2021-05-08T22:06:46.000,3.34,27.86,7.56,44.68728,-124.156658
2021-05-08T22:21:46.000,3.35,27.96,7.56,44.68728,-124.156658
2021-05-08T22:36:46.000,3.34,27.89,7.56,44.68728,-124.156658
2021-05-08T22:51:46.000,3.33,27.8,7.56,44.68728,-124.156658
2021-05-08T23:06:46.000,3.34,27.9,7.56,44.68728,-124.156658
2021-05-08T23:21:46.000,3.32,27.72,7.56,44.68728,-124.156658
2021-05-08T23:36:46.000,3.3,27.6,7.56,44.68728,-124.156658
2021-05-08T23:51:46.000,3.3,27.57,7.55,44.68728,-124.156658
2021-05-09T00:06:46.000,3.28,27.43,7.55,44.68728,-124.156658
2021-05-09T00:21:46.000,3.28,27.41,7.55,44.68728,-124.156658
2021-05-09T00:36:46.000,3.27,27.33,7.55,44.68728,-124.156658
2021-05-09T00:51:46.000,3.24,27.06,7.55,44.68728,-124.156658
2021-05-09T01:06:46.000,3.24,27.08,7.55,44.68728,-124.156658
2021-05-09T01:21:46.000,3.24,27.03,7.55,44.68728,-124.156658
2021-05-09T01:36:46.000,3.22,26.9,7.55,44.68728,-124.156658
2021-05-09T01:51:46.000,3.24,27.07,7.55,44.68728,-124.156658
2021-05-09T02:06:46.000,3.22,26.86,7.54,44.68728,-124.156658
2021-05-09T02:21:46.000,3.22,26.89,7.54,44.68728,-124.156658
2021-05-09T02:36:46.000,3.22,26.89,7.54,44.68728,-124.156658
2021-05-09T02:51:46.000,3.23,26.99,7.54,44.68728,-124.156658
2021-05-09T03:06:46.000,3.23,26.97,7.54,44.68728,-124.156658
2021-05-09T03:21:46.000,3.23,26.98,7.55,44.68728,-124.156658
2021-05-09T03:36:46.000,3.22,26.88,7.54,44.68728,-124.156658
2021-05-09T03:51:46.000,3.21,26.84,7.55,44.68728,-124.156658
2021-05-09T04:06:46.000,3.2,26.71,7.54,44.68728,-124.156658
2021-05-09T04:21:46.000,3.16,26.34,7.54,44.68728,-124.156658
2021-05-09T04:36:46.000,3.13,26.13,7.54,44.68728,-124.156658
2021-05-09T04:51:46.000,3.12,26.07,7.54,44.68728,-124.156658
2021-05-09T05:06:46.000,3.13,26.09,7.54,44.68728,-124.156658
2021-05-09T05:21:46.000,3.13,26.12,7.54,44.68728,-124.156658
2021-05-09T05:36:46.000,3.14,26.19,7.54,44.68728,-124.156658
2021-05-09T05:51:46.000,3.15,26.33,7.54,44.68728,-124.156658
2021-05-09T06:06:46.000,3.16,26.36,7.54,44.68728,-124.156658
2021-05-09T06:21:46.000,3.15,26.3,7.54,44.68728,-124.156658
2021-05-09T06:36:46.000,3.16,26.35,7.55,44.68728,-124.156658
2021-05-09T06:51:46.000,3.15,26.29,7.55,44.68728,-124.156658
2021-05-09T07:06:46.000,3.15,26.33,7.55,44.68728,-124.156658
2021-05-09T07:21:46.000,3.15,26.28,7.56,44.68728,-124.156658
2021-05-09T07:36:46.000,3.16,26.38,7.56,44.68728,-124.156658
2021-05-09T07:51:46.000,3.16,26.41,7.56,44.68728,-124.156658
2021-05-09T08:06:46.000,3.19,26.63,7.57,44.68728,-124.156658
2021-05-09T08:21:46.000,3.22,26.94,7.58,44.68728,-124.156658
2021-05-09T08:36:46.000,3.24,27.1,7.57,44.68728,-124.156658
2021-05-09T08:51:46.000,3.26,27.28,7.58,44.68728,-124.156658
2021-05-09T09:06:46.000,3.31,27.69,7.58,44.68728,-124.156658
2021-05-09T09:21:46.000,3.35,27.97,7.58,44.68728,-124.156658
2021-05-09T09:36:46.000,3.36,28.06,7.58,44.68728,-124.156658
2021-05-09T09:51:46.000,3.33,27.81,7.58,44.68728,-124.156658
2021-05-09T10:06:46.000,3.28,27.39,7.58,44.68728,-124.156658
2021-05-09T10:21:46.000,3.21,26.87,7.58,44.68728,-124.156658
2021-05-09T10:36:46.000,3.18,26.59,7.58,44.68728,-124.156658
2021-05-09T10:51:46.000,3.16,26.44,7.58,44.68728,-124.156658
2021-05-09T11:06:46.000,3.11,26.01,7.57,44.68728,-124.156658
2021-05-09T11:21:46.000,3.08,25.78,7.57,44.68728,-124.156658
2021-05-09T11:36:46.000,3.08,25.74,7.56,44.68728,-124.156658
2021-05-09T11:51:46.000,3.11,25.94,7.56,44.68728,-124.156658
2021-05-09T12:06:46.000,3.1,25.92,7.56,44.68728,-124.156658
2021-05-09T12:21:46.000,3.19,26.61,7.56,44.68728,-124.156658
2021-05-09T12:36:46.000,3.21,26.81,7.56,44.68728,-124.156658
2021-05-09T12:51:46.000,3.24,27.08,7.56,44.68728,-124.156658
2021-05-09T13:06:46.000,3.22,26.92,7.56,44.68728,-124.156658
2021-05-09T13:21:46.000,3.22,26.93,7.56,44.68728,-124.156658
2021-05-09T13:36:46.000,3.29,27.5,7.56,44.68728,-124.156658
2021-05-09T13:51:46.000,3.35,27.95,7.56,44.68728,-124.156658
2021-05-09T14:06:46.000,3.39,28.35,7.56,44.68728,-124.156658
2021-05-09T14:21:46.000,3.64,30.39,7.57,44.68728,-124.156658
2021-05-09T14:36:46.000,3.64,30.42,7.57,44.68728,-124.156658
2021-05-09T14:51:46.000,3.58,29.93,7.56,44.68728,-124.156658
2021-05-09T15:06:46.000,3.74,31.25,7.58,44.68728,-124.156658
2021-05-09T15:21:46.000,3.75,31.38,7.58,44.68728,-124.156658
2021-05-09T15:36:46.000,3.73,31.2,7.58,44.68728,-124.156658
2021-05-09T15:51:46.000,3.64,30.39,7.57,44.68728,-124.156658
2021-05-09T16:06:46.000,3.59,29.99,7.56,44.68728,-124.156658
2021-05-09T16:21:46.000,3.81,31.88,7.58,44.68728,-124.156658
2021-05-09T16:36:46.000,3.78,31.62,7.58,44.68728,-124.156658
2021-05-09T16:51:46.000,3.71,31.02,7.56,44.68728,-124.156658
2021-05-09T17:06:46.000,3.52,29.42,7.56,44.68728,-124.156658
2021-05-09T17:21:46.000,3.34,27.88,7.54,44.68728,-124.156658
2021-05-09T17:36:46.000,2.98,24.88,7.49,44.68728,-124.156658
2021-05-09T17:51:46.000,2.79,23.22,7.46,44.68728,-124.156658
2021-05-09T18:06:46.000,2.75,22.89,7.46,44.68728,-124.156658
2021-05-09T18:21:46.000,2.71,22.54,7.44,44.68728,-124.156658
2021-05-09T18:36:46.000,2.69,22.39,7.44,44.68728,-124.156658
2021-05-09T18:51:46.000,2.67,22.2,7.44,44.68728,-124.156658
2021-05-09T19:06:46.000,2.62,21.83,7.44,44.68728,-124.156658
2021-05-09T19:21:46.000,2.63,21.91,7.44,44.68728,-124.156658
2021-05-09T19:36:46.000,2.62,21.81,7.44,44.68728,-124.156658
2021-05-09T19:51:46.000,2.59,21.61,7.44,44.68728,-124.156658
2021-05-09T20:06:46.000,2.61,21.7,7.44,44.68728,-124.156658
2021-05-09T20:21:46.000,2.59,21.61,7.44,44.68728,-124.156658
2021-05-09T20:36:46.000,2.61,21.74,7.44,44.68728,-124.156658
2021-05-09T20:51:46.000,2.63,21.91,7.44,44.68728,-124.156658
2021-05-09T21:06:46.000,2.65,22.05,7.44,44.68728,-124.156658
2021-05-09T21:21:46.000,2.64,22,7.44,44.68728,-124.156658
2021-05-09T21:36:46.000,2.64,21.98,7.44,44.68728,-124.156658
2021-05-09T21:51:46.000,2.64,22.02,7.44,44.68728,-124.156658
2021-05-09T22:06:46.000,2.65,22.07,7.45,44.68728,-124.156658
2021-05-09T22:21:46.000,2.64,22.03,7.46,44.68728,-124.156658
2021-05-09T22:36:46.000,2.61,21.72,7.44,44.68728,-124.156658
2021-05-09T22:51:46.000,2.6,21.66,7.44,44.68728,-124.156658
2021-05-09T23:06:46.000,2.58,21.52,7.44,44.68728,-124.156658
2021-05-09T23:21:46.000,2.6,21.7,7.45,44.68728,-124.156658
2021-05-09T23:36:46.000,2.63,21.9,7.46,44.68728,-124.156658
2021-05-09T23:51:46.000,2.64,21.99,7.46,44.68728,-124.156658
2021-05-10T00:06:46.000,2.65,22.09,7.46,44.68728,-124.156658
2021-05-10T00:21:46.000,2.68,22.35,7.47,44.68728,-124.156658
2021-05-10T00:36:46.000,2.69,22.41,7.47,44.68728,-124.156658
2021-05-10T00:51:46.000,2.68,22.34,7.46,44.68728,-124.156658
2021-05-10T01:06:46.000,2.71,22.63,7.48,44.68728,-124.156658
2021-05-10T01:21:46.000,2.73,22.74,7.49,44.68728,-124.156658
2021-05-10T01:36:46.000,2.82,23.54,7.51,44.68728,-124.156658
2021-05-10T01:51:46.000,2.94,24.57,7.53,44.68728,-124.156658
2021-05-10T02:06:46.000,2.94,24.53,7.54,44.68728,-124.156658
2021-05-10T02:21:46.000,2.96,24.72,7.53,44.68728,-124.156658
2021-05-10T02:36:46.000,2.97,24.79,7.54,44.68728,-124.156658
2021-05-10T02:51:46.000,2.94,24.58,7.53,44.68728,-124.156658
2021-05-10T03:06:46.000,3.33,27.78,7.56,44.68728,-124.156658
2021-05-10T03:21:46.000,3.6,30.08,7.59,44.68728,-124.156658
2021-05-10T03:36:46.000,3.52,29.39,7.58,44.68728,-124.156658
2021-05-10T03:51:46.000,3.28,27.39,7.56,44.68728,-124.156658
2021-05-10T04:06:46.000,3.18,26.52,7.56,44.68728,-124.156658
2021-05-10T04:21:46.000,3.33,27.85,7.56,44.68728,-124.156658
2021-05-10T04:36:46.000,3.3,27.54,7.56,44.68728,-124.156658
2021-05-10T04:51:46.000,3.09,25.82,7.54,44.68728,-124.156658
2021-05-10T05:06:46.000,2.9,24.22,7.51,44.68728,-124.156658
2021-05-10T05:21:46.000,2.97,24.81,7.53,44.68728,-124.156658
2021-05-10T05:36:46.000,2.82,23.51,7.49,44.68728,-124.156658
2021-05-10T05:51:46.000,2.91,24.27,7.51,44.68728,-124.156658
2021-05-10T06:06:46.000,2.83,23.61,7.5,44.68728,-124.156658
2021-05-10T06:21:46.000,2.86,23.89,7.49,44.68728,-124.156658
2021-05-10T06:36:46.000,2.82,23.51,7.49,44.68728,-124.156658
2021-05-10T06:51:46.000,2.89,24.06,7.49,44.68728,-124.156658
2021-05-10T07:06:46.000,2.86,23.82,7.49,44.68728,-124.156658
2021-05-10T07:21:46.000,2.94,24.49,7.49,44.68728,-124.156658
2021-05-10T07:36:46.000,2.82,23.53,7.47,44.68728,-124.156658
2021-05-10T07:51:46.000,2.87,23.9,7.46,44.68728,-124.156658
2021-05-10T08:06:46.000,2.93,24.43,7.46,44.68728,-124.156658
2021-05-10T08:21:46.000,2.98,24.83,7.48,44.68728,-124.156658
2021-05-10T08:36:46.000,3.31,27.64,7.51,44.68728,-124.156658
2021-05-10T08:51:46.000,3.25,27.1,7.51,44.68728,-124.156658
2021-05-10T09:06:46.000,3.43,28.63,7.51,44.68728,-124.156658
2021-05-10T09:21:46.000,3.2,26.69,7.49,44.68728,-124.156658
2021-05-10T09:36:46.000,3.16,26.37,7.47,44.68728,-124.156658
2021-05-10T09:51:46.000,3.29,27.45,7.48,44.68728,-124.156658
2021-05-10T10:06:46.000,3.61,30.12,7.51,44.68728,-124.156658
2021-05-10T10:21:46.000,3.73,31.13,7.54,44.68728,-124.156658
2021-05-10T10:36:46.000,3.7,30.9,7.54,44.68728,-124.156658
2021-05-10T10:51:46.000,3.55,29.58,7.51,44.68728,-124.156658
2021-05-10T11:06:46.000,3.25,27.06,7.46,44.68728,-124.156658
2021-05-10T11:21:46.000,3.22,26.8,7.46,44.68728,-124.156658
2021-05-10T11:36:46.000,3.19,26.54,7.46,44.68728,-124.156658
2021-05-10T11:51:46.000,3.15,26.24,7.45,44.68728,-124.156658
2021-05-10T12:06:46.000,3.02,25.13,7.43,44.68728,-124.156658
2021-05-10T12:21:46.000,2.88,23.95,7.4,44.68728,-124.156658
2021-05-10T12:36:46.000,2.75,22.89,7.38,44.68728,-124.156658
2021-05-10T12:51:46.000,2.76,22.92,7.38,44.68728,-124.156658
2021-05-10T13:06:46.000,2.77,23.06,7.38,44.68728,-124.156658
2021-05-10T13:21:46.000,2.81,23.36,7.38,44.68728,-124.156658
2021-05-10T13:36:46.000,2.82,23.49,7.39,44.68728,-124.156658
2021-05-10T13:51:46.000,2.85,23.7,7.38,44.68728,-124.156658
2021-05-10T14:06:46.000,2.8,23.29,7.37,44.68728,-124.156658
2021-05-10T14:21:46.000,2.83,23.52,7.37,44.68728,-124.156658
2021-05-10T14:36:46.000,2.78,23.1,7.37,44.68728,-124.156658
2021-05-10T14:51:46.000,2.83,23.51,7.37,44.68728,-124.156658
2021-05-10T15:06:46.000,2.81,23.37,7.37,44.68728,-124.156658
2021-05-10T15:21:46.000,2.8,23.25,7.34,44.68728,-124.156658
2021-05-10T15:36:46.000,2.78,23.13,7.34,44.68728,-124.156658
2021-05-10T15:51:46.000,2.79,23.22,7.34,44.68728,-124.156658
2021-05-10T16:06:46.000,2.76,22.93,7.32,44.68728,-124.156658
2021-05-10T16:21:46.000,2.76,22.89,7.3,44.68728,-124.156658
2021-05-10T16:36:46.000,2.75,22.78,7.29,44.68728,-124.156658
2021-05-10T16:51:46.000,2.74,22.71,7.29,44.68728,-124.156658
2021-05-10T17:06:46.000,2.74,22.76,7.29,44.68728,-124.156658
2021-05-10T17:21:46.000,2.74,22.74,7.29,44.68728,-124.156658
2021-05-10T17:36:46.000,2.72,22.53,7.29,44.68728,-124.156658
2021-05-10T17:51:46.000,2.72,22.54,7.29,44.68728,-124.156658
2021-05-10T18:06:46.000,2.71,22.48,7.28,44.68728,-124.156658
2021-05-10T18:21:46.000,2.69,22.3,7.27,44.68728,-124.156658
2021-05-10T18:36:46.000,2.66,22.09,7.27,44.68728,-124.156658
2021-05-10T18:51:46.000,2.66,22.08,7.27,44.68728,-124.156658
2021-05-10T19:06:46.000,2.66,22.03,7.27,44.68728,-124.156658
2021-05-10T19:21:46.000,2.64,21.87,7.27,44.68728,-124.156658
2021-05-10T19:36:46.000,2.63,21.78,7.26,44.68728,-124.156658
2021-05-10T19:51:46.000,2.62,21.71,7.25,44.68728,-124.156658
2021-05-10T20:06:46.000,2.6,21.56,7.25,44.68728,-124.156658
2021-05-10T20:21:46.000,2.59,21.48,7.25,44.68728,-124.156658
2021-05-10T20:36:46.000,2.58,21.35,7.25,44.68728,-124.156658
2021-05-10T20:51:46.000,2.58,21.37,7.24,44.68728,-124.156658
2021-05-10T21:06:46.000,2.57,21.27,7.24,44.68728,-124.156658
2021-05-10T21:21:46.000,2.57,21.3,7.24,44.68728,-124.156658
2021-05-10T21:36:46.000,2.57,21.28,7.24,44.68728,-124.156658
2021-05-10T21:51:46.000,2.57,21.29,7.25,44.68728,-124.156658
2021-05-10T22:06:46.000,2.58,21.36,7.25,44.68728,-124.156658
2021-05-10T22:21:46.000,2.58,21.37,7.25,44.68728,-124.156658
2021-05-10T22:36:46.000,2.6,21.55,7.25,44.68728,-124.156658
2021-05-10T22:51:46.000,2.61,21.65,7.25,44.68728,-124.156658
2021-05-10T23:06:46.000,2.62,21.69,7.25,44.68728,-124.156658
2021-05-10T23:21:46.000,2.63,21.79,7.25,44.68728,-124.156658
2021-05-10T23:36:46.000,2.64,21.91,7.26,44.68728,-124.156658
2021-05-10T23:51:46.000,2.66,22.07,7.26,44.68728,-124.156658
2021-05-11T00:06:46.000,2.64,21.85,7.25,44.68728,-124.156658
2021-05-11T00:21:46.000,2.76,22.91,7.27,44.68728,-124.156658
2021-05-11T00:36:46.000,2.9,24.07,7.29,44.68728,-124.156658
2021-05-11T00:51:46.000,2.81,23.35,7.28,44.68728,-124.156658
2021-05-11T01:06:46.000,2.97,24.64,7.3,44.68728,-124.156658
2021-05-11T01:21:46.000,3.11,25.79,7.32,44.68728,-124.156658
2021-05-11T01:36:46.000,3.11,25.82,7.31,44.68728,-124.156658
2021-05-11T01:51:46.000,3.18,26.37,7.32,44.68728,-124.156658
2021-05-11T02:06:46.000,3.38,28.06,7.34,44.68728,-124.156658
2021-05-11T02:21:46.000,3.37,28.02,7.34,44.68728,-124.156658
2021-05-11T02:36:46.000,3.38,28.08,7.34,44.68728,-124.156658
2021-05-11T02:51:46.000,3.45,28.7,7.34,44.68728,-124.156658
2021-05-11T03:06:46.000,3.58,29.76,7.37,44.68728,-124.156658
2021-05-11T03:21:46.000,3.72,30.97,7.39,44.68728,-124.156658
2021-05-11T03:36:46.000,3.85,32.03,7.42,44.68728,-124.156658
2021-05-11T03:51:46.000,3.75,31.23,7.41,44.68728,-124.156658
2021-05-11T04:06:46.000,3.84,31.98,7.42,44.68728,-124.156658
2021-05-11T04:21:46.000,3.9,32.5,7.42,44.68728,-124.156658
2021-05-11T04:36:46.000,3.96,32.96,7.42,44.68728,-124.156658
2021-05-11T04:51:46.000,3.93,32.69,7.42,44.68728,-124.156658
2021-05-11T05:06:46.000,3.87,32.25,7.41,44.68728,-124.156658
2021-05-11T05:21:46.000,3.98,33.12,7.43,44.68728,-124.156658
2021-05-11T05:36:46.000,4.06,33.76,7.42,44.68728,-124.156658
2021-05-11T05:51:46.000,4.07,33.92,7.42,44.68728,-124.156658
2021-05-11T06:06:46.000,4.05,33.72,7.41,44.68728,-124.156658
2021-05-11T06:21:46.000,3.95,32.87,7.39,44.68728,-124.156658
2021-05-11T06:36:46.000,3.97,33.01,7.39,44.68728,-124.156658
2021-05-11T06:51:46.000,3.89,32.34,7.38,44.68728,-124.156658
2021-05-11T07:06:46.000,3.64,30.26,7.35,44.68728,-124.156658
2021-05-11T07:21:46.000,3.4,28.25,7.32,44.68728,-124.156658
2021-05-11T07:36:46.000,3.27,27.12,7.28,44.68728,-124.156658
2021-05-11T07:51:46.000,3.14,26.02,7.27,44.68728,-124.156658
2021-05-11T08:06:46.000,3.38,28.01,7.29,44.68728,-124.156658
2021-05-11T08:21:46.000,3.58,29.73,7.3,44.68728,-124.156658
2021-05-11T08:36:46.000,3.62,30.05,7.3,44.68728,-124.156658
2021-05-11T08:51:46.000,3.68,30.52,7.3,44.68728,-124.156658
2021-05-11T09:06:46.000,3.67,30.43,7.29,44.68728,-124.156658
2021-05-11T09:21:46.000,3.62,30,7.29,44.68728,-124.156658
2021-05-11T09:36:46.000,3.63,30.09,7.29,44.68728,-124.156658
2021-05-11T09:51:46.000,3.65,30.31,7.29,44.68728,-124.156658
2021-05-11T10:06:46.000,3.58,29.72,7.29,44.68728,-124.156658
2021-05-11T10:21:46.000,3.54,29.34,7.28,44.68728,-124.156658
2021-05-11T10:36:46.000,3.47,28.82,7.27,44.68728,-124.156658
2021-05-11T10:51:46.000,3.39,28.13,7.27,44.68728,-124.156658
2021-05-11T11:06:46.000,3.36,27.89,7.26,44.68728,-124.156658
2021-05-11T11:21:46.000,3.34,27.67,7.25,44.68728,-124.156658
2021-05-11T11:36:46.000,3.33,27.58,7.25,44.68728,-124.156658
2021-05-11T11:51:46.000,3.29,27.24,7.24,44.68728,-124.156658
2021-05-11T12:06:46.000,3.37,27.96,7.23,44.68728,-124.156658
2021-05-11T12:21:46.000,3.28,27.14,7.22,44.68728,-124.156658
2021-05-11T12:36:46.000,3.22,26.69,7.22,44.68728,-124.156658
2021-05-11T12:51:46.000,3.28,27.15,7.22,44.68728,-124.156658
2021-05-11T13:06:46.000,3.09,25.55,7.2,44.68728,-124.156658
2021-05-11T13:21:46.000,2.99,24.73,7.19,44.68728,-124.156658
2021-05-11T13:36:46.000,2.85,23.55,7.17,44.68728,-124.156658
2021-05-11T13:51:46.000,2.73,22.58,7.17,44.68728,-124.156658
2021-05-11T14:06:46.000,2.57,21.27,7.14,44.68728,-124.156658
2021-05-11T14:21:46.000,2.51,20.73,7.13,44.68728,-124.156658
2021-05-11T14:36:46.000,2.46,20.34,7.12,44.68728,-124.156658
2021-05-11T14:51:46.000,2.47,20.44,7.13,44.68728,-124.156658
2021-05-11T15:06:46.000,2.51,20.73,7.14,44.68728,-124.156658
2021-05-11T15:21:46.000,2.55,21.06,7.15,44.68728,-124.156658
2021-05-11T15:36:46.000,2.54,21.03,7.15,44.68728,-124.156658
2021-05-11T15:51:46.000,2.54,21.04,7.15,44.68728,-124.156658
2021-05-11T16:06:46.000,2.54,20.98,7.15,44.68728,-124.156658
2021-05-11T16:21:46.000,2.51,20.73,7.15,44.68728,-124.156658
2021-05-11T16:36:46.000,2.52,20.8,7.15,44.68728,-124.156658
2021-05-11T16:51:46.000,2.48,20.47,7.15,44.68728,-124.156658
2021-05-11T17:06:46.000,2.45,20.23,7.15,44.68728,-124.156658
2021-05-11T17:21:46.000,2.54,21,7.15,44.68728,-124.156658
2021-05-11T17:36:46.000,2.52,20.84,7.15,44.68728,-124.156658
2021-05-11T17:51:46.000,2.52,20.8,7.15,44.68728,-124.156658
2021-05-11T18:06:46.000,2.54,21.03,7.15,44.68728,-124.156658
2021-05-11T18:21:46.000,2.59,21.43,7.15,44.68728,-124.156658
2021-05-11T18:36:46.000,2.47,20.46,7.15,44.68728,-124.156658
2021-05-11T18:51:46.000,2.47,20.42,7.15,44.68728,-124.156658
2021-05-11T19:06:46.000,2.43,20.07,7.14,44.68728,-124.156658
2021-05-11T19:21:46.000,2.44,20.14,7.14,44.68728,-124.156658
2021-05-11T19:36:46.000,2.47,20.43,7.15,44.68728,-124.156658
2021-05-11T19:51:46.000,2.61,21.55,7.15,44.68728,-124.156658
2021-05-11T20:06:46.000,2.67,22.11,7.16,44.68728,-124.156658
2021-05-11T20:21:46.000,2.59,21.42,7.15,44.68728,-124.156658
2021-05-11T20:36:46.000,2.65,21.88,7.16,44.68728,-124.156658
2021-05-11T20:51:46.000,2.64,21.84,7.16,44.68728,-124.156658
2021-05-11T21:06:46.000,2.62,21.66,7.15,44.68728,-124.156658
2021-05-11T21:21:46.000,2.7,22.34,7.17,44.68728,-124.156658
2021-05-11T21:36:46.000,2.76,22.81,7.17,44.68728,-124.156658
2021-05-11T21:51:46.000,2.71,22.4,7.17,44.68728,-124.156658
2021-05-11T22:06:46.000,2.72,22.48,7.17,44.68728,-124.156658
2021-05-11T22:21:46.000,2.73,22.55,7.17,44.68728,-124.156658
2021-05-11T22:36:46.000,2.73,22.58,7.17,44.68728,-124.156658
2021-05-11T22:51:46.000,2.7,22.31,7.17,44.68728,-124.156658
2021-05-11T23:06:46.000,2.83,23.41,7.18,44.68728,-124.156658
2021-05-11T23:21:46.000,2.71,22.42,7.17,44.68728,-124.156658
2021-05-11T23:36:46.000,2.8,23.15,7.17,44.68728,-124.156658
2021-05-11T23:51:46.000,2.8,23.13,7.18,44.68728,-124.156658
2021-05-12T00:06:46.000,2.56,21.16,7.15,44.68728,-124.156658
2021-05-12T00:21:46.000,2.59,21.39,7.15,44.68728,-124.156658
2021-05-12T00:36:46.000,2.82,23.37,7.17,44.68728,-124.156658
2021-05-12T00:51:46.000,2.64,21.86,7.15,44.68728,-124.156658
2021-05-12T01:06:46.000,2.4,19.86,7.12,44.68728,-124.156658
2021-05-12T01:21:46.000,2.67,22.1,7.15,44.68728,-124.156658
2021-05-12T01:36:46.000,2.88,23.8,7.17,44.68728,-124.156658
2021-05-12T01:51:46.000,2.9,23.97,7.17,44.68728,-124.156658
2021-05-12T02:06:46.000,3.09,25.59,7.18,44.68728,-124.156658
2021-05-12T02:21:46.000,3.07,25.42,7.18,44.68728,-124.156658
2021-05-12T02:36:46.000,3.03,25.09,7.17,44.68728,-124.156658
2021-05-12T02:51:46.000,3.07,25.41,7.17,44.68728,-124.156658
2021-05-12T03:06:46.000,3.04,25.14,7.17,44.68728,-124.156658
2021-05-12T03:21:46.000,3.01,24.85,7.15,44.68728,-124.156658
2021-05-12T03:36:46.000,3,24.81,7.15,44.68728,-124.156658
2021-05-12T03:51:46.000,2.95,24.39,7.14,44.68728,-124.156658
2021-05-12T04:06:46.000,2.94,24.33,7.14,44.68728,-124.156658
2021-05-12T04:21:46.000,2.93,24.21,7.14,44.68728,-124.156658
2021-05-12T04:36:46.000,2.92,24.12,7.14,44.68728,-124.156658
2021-05-12T04:51:46.000,3.02,24.97,7.14,44.68728,-124.156658
2021-05-12T05:06:46.000,2.99,24.69,7.13,44.68728,-124.156658
2021-05-12T05:21:46.000,3.01,24.86,7.12,44.68728,-124.156658
2021-05-12T05:36:46.000,2.98,24.65,7.12,44.68728,-124.156658
2021-05-12T05:51:46.000,2.96,24.43,7.12,44.68728,-124.156658
2021-05-12T06:06:46.000,3.27,27.04,7.12,44.68728,-124.156658
2021-05-12T06:21:46.000,3.15,26,7.12,44.68728,-124.156658
2021-05-12T06:36:46.000,3.47,28.71,7.15,44.68728,-124.156658
2021-05-12T06:51:46.000,3.6,29.77,7.15,44.68728,-124.156658
2021-05-12T07:06:46.000,3.53,29.18,7.15,44.68728,-124.156658
2021-05-12T07:21:46.000,3.62,29.9,7.15,44.68728,-124.156658
2021-05-12T07:36:46.000,3.55,29.37,7.14,44.68728,-124.156658
2021-05-12T07:51:46.000,3.55,29.33,7.14,44.68728,-124.156658
2021-05-12T08:06:46.000,3.53,29.17,7.13,44.68728,-124.156658
2021-05-12T08:21:46.000,3.55,29.38,7.14,44.68728,-124.156658
2021-05-12T08:36:46.000,3.49,28.81,7.13,44.68728,-124.156658
2021-05-12T08:51:46.000,3.43,28.32,7.12,44.68728,-124.156658
2021-05-12T09:06:46.000,3.34,27.6,7.12,44.68728,-124.156658
2021-05-12T09:21:46.000,3.2,26.43,7.1,44.68728,-124.156658
2021-05-12T09:36:46.000,3.06,25.24,7.1,44.68728,-124.156658
2021-05-12T09:51:46.000,2.78,22.97,7.08,44.68728,-124.156658
2021-05-12T10:06:46.000,2.69,22.17,7.07,44.68728,-124.156658
2021-05-12T10:21:46.000,2.55,21.01,7.06,44.68728,-124.156658
2021-05-12T10:36:46.000,2.33,19.24,7.05,44.68728,-124.156658
2021-05-12T10:51:46.000,2.27,18.73,7.05,44.68728,-124.156658
2021-05-12T11:06:46.000,2.29,18.92,7.05,44.68728,-124.156658
2021-05-12T11:21:46.000,2.32,19.15,7.05,44.68728,-124.156658
2021-05-12T11:36:46.000,2.26,18.61,7.04,44.68728,-124.156658
2021-05-12T11:51:46.000,2.14,17.63,7.03,44.68728,-124.156658
2021-05-12T12:06:46.000,2.12,17.44,7.02,44.68728,-124.156658
2021-05-12T12:21:46.000,2.08,17.11,7.01,44.68728,-124.156658
2021-05-12T12:36:46.000,2.04,16.82,7,44.68728,-124.156658
2021-05-12T12:51:46.000,2.03,16.73,7,44.68728,-124.156658
2021-05-12T13:06:46.000,1.98,16.31,7,44.68728,-124.156658
2021-05-12T13:21:46.000,1.99,16.4,7,44.68728,-124.156658
2021-05-12T13:36:46.000,1.94,16.02,7,44.68728,-124.156658
2021-05-12T13:51:46.000,1.91,15.72,7,44.68728,-124.156658
2021-05-12T14:06:46.000,1.9,15.62,7.01,44.68728,-124.156658
2021-05-12T14:21:46.000,1.9,15.66,7.01,44.68728,-124.156658
2021-05-12T14:36:46.000,1.91,15.7,7.01,44.68728,-124.156658
2021-05-12T14:51:46.000,1.9,15.68,7.01,44.68728,-124.156658
2021-05-12T15:06:46.000,1.92,15.8,7.01,44.68728,-124.156658
2021-05-12T15:21:46.000,1.91,15.76,7.01,44.68728,-124.156658
2021-05-12T15:36:46.000,1.93,15.89,7,44.68728,-124.156658
2021-05-12T15:51:46.000,1.93,15.91,7,44.68728,-124.156658
2021-05-12T16:06:46.000,1.93,15.93,7,44.68728,-124.156658
2021-05-12T16:21:46.000,1.95,16.03,7,44.68728,-124.156658
2021-05-12T16:36:46.000,1.96,16.15,7,44.68728,-124.156658
2021-05-12T16:51:46.000,2,16.44,7,44.68728,-124.156658
2021-05-12T17:06:46.000,2.05,16.92,7,44.68728,-124.156658
2021-05-12T17:21:46.000,2.1,17.29,7,44.68728,-124.156658
2021-05-12T17:36:46.000,2.14,17.64,7,44.68728,-124.156658
2021-05-12T17:51:46.000,2.2,18.15,7,44.68728,-124.156658
2021-05-12T18:06:46.000,2.26,18.58,7.01,44.68728,-124.156658
2021-05-12T18:21:46.000,2.32,19.13,7.02,44.68728,-124.156658
2021-05-12T18:36:46.000,2.49,20.51,7.03,44.68728,-124.156658
2021-05-12T18:51:46.000,2.64,21.77,7.05,44.68728,-124.156658
2021-05-12T19:06:46.000,2.76,22.8,7.07,44.68728,-124.156658
2021-05-12T19:21:46.000,2.91,24.04,7.08,44.68728,-124.156658
2021-05-12T19:36:46.000,3.07,25.35,7.08,44.68728,-124.156658
2021-05-12T19:51:46.000,3.12,25.74,7.08,44.68728,-124.156658
2021-05-12T20:06:46.000,3.13,25.87,7.08,44.68728,-124.156658
2021-05-12T20:21:46.000,3.17,26.18,7.1,44.68728,-124.156658
2021-05-12T20:36:46.000,3.33,27.53,7.12,44.68728,-124.156658
2021-05-12T20:51:46.000,3.41,28.17,7.13,44.68728,-124.156658
2021-05-12T21:06:46.000,3.44,28.41,7.14,44.68728,-124.156658
2021-05-12T21:21:46.000,3.37,27.87,7.13,44.68728,-124.156658
2021-05-12T21:36:46.000,3.26,26.98,7.12,44.68728,-124.156658
2021-05-12T21:51:46.000,3.24,26.76,7.13,44.68728,-124.156658
2021-05-12T22:06:46.000,3.26,26.97,7.13,44.68728,-124.156658
2021-05-12T22:21:46.000,3.35,27.69,7.15,44.68728,-124.156658
2021-05-12T22:36:46.000,3.4,28.1,7.15,44.68728,-124.156658
2021-05-12T22:51:46.000,3.46,28.61,7.17,44.68728,-124.156658
2021-05-12T23:06:46.000,3.53,29.23,7.17,44.68728,-124.156658
2021-05-12T23:21:46.000,3.59,29.69,7.18,44.68728,-124.156658
2021-05-12T23:36:46.000,3.64,30.1,7.2,44.68728,-124.156658
2021-05-12T23:51:46.000,3.69,30.51,7.2,44.68728,-124.156658
2021-05-13T00:06:46.000,3.73,30.92,7.22,44.68728,-124.156658
2021-05-13T00:21:46.000,3.78,31.29,7.22,44.68728,-124.156658
2021-05-13T00:36:46.000,3.81,31.53,7.22,44.68728,-124.156658
2021-05-13T00:51:46.000,3.85,31.88,7.24,44.68728,-124.156658
2021-05-13T01:06:46.000,3.89,32.23,7.24,44.68728,-124.156658
2021-05-13T01:21:46.000,3.93,32.58,7.25,44.68728,-124.156658
2021-05-13T01:36:46.000,3.97,32.92,7.26,44.68728,-124.156658
2021-05-13T01:51:46.000,3.98,33.02,7.26,44.68728,-124.156658
2021-05-13T02:06:46.000,4.01,33.27,7.27,44.68728,-124.156658
2021-05-13T02:21:46.000,4.05,33.58,7.27,44.68728,-124.156658
2021-05-13T02:36:46.000,4.08,33.83,7.27,44.68728,-124.156658
2021-05-13T02:51:46.000,4.12,34.19,7.27,44.68728,-124.156658
2021-05-13T03:06:46.000,4.16,34.52,7.28,44.68728,-124.156658
2021-05-13T03:21:46.000,4.23,35.12,7.29,44.68728,-124.156658
2021-05-13T03:36:46.000,4.3,35.71,7.3,44.68728,-124.156658
2021-05-13T03:51:46.000,4.37,36.25,7.32,44.68728,-124.156658
2021-05-13T04:06:46.000,4.46,37,7.33,44.68728,-124.156658
2021-05-13T04:21:46.000,4.49,37.33,7.34,44.68728,-124.156658
2021-05-13T04:36:46.000,4.52,37.56,7.34,44.68728,-124.156658
2021-05-13T04:51:46.000,4.57,37.95,7.35,44.68728,-124.156658
2021-05-13T05:06:46.000,4.61,38.32,7.36,44.68728,-124.156658
2021-05-13T05:21:46.000,4.66,38.75,7.37,44.68728,-124.156658
2021-05-13T05:36:46.000,4.69,39.01,7.37,44.68728,-124.156658
2021-05-13T05:51:46.000,4.75,39.46,7.37,44.68728,-124.156658
2021-05-13T06:06:46.000,4.8,39.88,7.38,44.68728,-124.156658
2021-05-13T06:21:46.000,4.85,40.32,7.39,44.68728,-124.156658
2021-05-13T06:36:46.000,4.89,40.65,7.39,44.68728,-124.156658
2021-05-13T06:51:46.000,4.94,41.06,7.39,44.68728,-124.156658
2021-05-13T07:06:46.000,4.97,41.39,7.41,44.68728,-124.156658
2021-05-13T07:21:46.000,5,41.63,7.41,44.68728,-124.156658
2021-05-13T07:36:46.000,5.02,41.82,7.41,44.68728,-124.156658
2021-05-13T07:51:46.000,5.04,41.95,7.41,44.68728,-124.156658
2021-05-13T08:06:46.000,5.05,42.06,7.41,44.68728,-124.156658
2021-05-13T08:21:46.000,5.05,42,7.41,44.68728,-124.156658
2021-05-13T08:36:46.000,5.05,42.03,7.41,44.68728,-124.156658
2021-05-13T08:51:46.000,5.01,41.69,7.41,44.68728,-124.156658
2021-05-13T09:06:46.000,5.01,41.72,7.41,44.68728,-124.156658
2021-05-13T09:21:46.000,5.03,41.91,7.41,44.68728,-124.156658
2021-05-13T09:36:46.000,5.08,42.27,7.42,44.68728,-124.156658
2021-05-13T09:51:46.000,5.12,42.63,7.43,44.68728,-124.156658
2021-05-13T10:06:46.000,5.12,42.63,7.43,44.68728,-124.156658
2021-05-13T10:21:46.000,5.05,42.03,7.42,44.68728,-124.156658
2021-05-13T10:36:46.000,4.93,41.02,7.41,44.68728,-124.156658
2021-05-13T10:51:46.000,4.83,40.16,7.39,44.68728,-124.156658
2021-05-13T11:06:46.000,4.72,39.28,7.39,44.68728,-124.156658
2021-05-13T11:21:46.000,4.57,38.02,7.37,44.68728,-124.156658
2021-05-13T11:36:46.000,4.5,37.43,7.37,44.68728,-124.156658
2021-05-13T11:51:46.000,4.42,36.71,7.36,44.68728,-124.156658
2021-05-13T12:06:46.000,4.36,36.28,7.36,44.68728,-124.156658
2021-05-13T12:21:46.000,4.32,35.87,7.35,44.68728,-124.156658
2021-05-13T12:36:46.000,4.27,35.45,7.34,44.68728,-124.156658
2021-05-13T12:51:46.000,4.25,35.35,7.34,44.68728,-124.156658
2021-05-13T13:06:46.000,4.22,35.1,7.34,44.68728,-124.156658
2021-05-13T13:21:46.000,4.22,35.04,7.34,44.68728,-124.156658
2021-05-13T13:36:46.000,4.25,35.29,7.34,44.68728,-124.156658
2021-05-13T13:51:46.000,4.25,35.31,7.34,44.68728,-124.156658
2021-05-13T14:06:46.000,4.25,35.33,7.34,44.68728,-124.156658
2021-05-13T14:21:46.000,4.21,34.95,7.34,44.68728,-124.156658
2021-05-13T14:36:46.000,4.2,34.93,7.34,44.68728,-124.156658
2021-05-13T14:51:46.000,4.21,34.95,7.34,44.68728,-124.156658
2021-05-13T15:06:46.000,4.2,34.9,7.34,44.68728,-124.156658
2021-05-13T15:21:46.000,4.16,34.59,7.34,44.68728,-124.156658
2021-05-13T15:36:46.000,4.16,34.56,7.34,44.68728,-124.156658
2021-05-13T15:51:46.000,4.15,34.47,7.34,44.68728,-124.156658
2021-05-13T16:06:46.000,4.15,34.5,7.34,44.68728,-124.156658
2021-05-13T16:21:46.000,4.17,34.65,7.34,44.68728,-124.156658
2021-05-13T16:36:46.000,4.17,34.64,7.34,44.68728,-124.156658
2021-05-13T16:51:46.000,4.18,34.71,7.34,44.68728,-124.156658
2021-05-13T17:06:46.000,4.18,34.76,7.35,44.68728,-124.156658
2021-05-13T17:21:46.000,4.19,34.79,7.36,44.68728,-124.156658
2021-05-13T17:36:46.000,4.19,34.82,7.36,44.68728,-124.156658
2021-05-13T17:51:46.000,4.19,34.86,7.36,44.68728,-124.156658
2021-05-13T18:06:46.000,4.2,34.91,7.37,44.68728,-124.156658
2021-05-13T18:21:46.000,4.25,35.3,7.37,44.68728,-124.156658
2021-05-13T18:36:46.000,4.34,36.09,7.37,44.68728,-124.156658
2021-05-13T18:51:46.000,4.41,36.68,7.37,44.68728,-124.156658
2021-05-13T19:06:46.000,4.44,36.92,7.38,44.68728,-124.156658
2021-05-13T19:21:46.000,4.4,36.59,7.37,44.68728,-124.156658
2021-05-13T19:36:46.000,4.32,35.91,7.37,44.68728,-124.156658
2021-05-13T19:51:46.000,4.32,35.96,7.37,44.68728,-124.156658
2021-05-13T20:06:46.000,4.37,36.29,7.37,44.68728,-124.156658
2021-05-13T20:21:46.000,4.39,36.49,7.37,44.68728,-124.156658
2021-05-13T20:36:46.000,4.41,36.67,7.37,44.68728,-124.156658
2021-05-13T20:51:46.000,4.42,36.72,7.37,44.68728,-124.156658
2021-05-13T21:06:46.000,4.38,36.43,7.38,44.68728,-124.156658
2021-05-13T21:21:46.000,4.3,35.79,7.38,44.68728,-124.156658
2021-05-13T21:36:46.000,4.2,34.88,7.37,44.68728,-124.156658
2021-05-13T21:51:46.000,4.17,34.67,7.38,44.68728,-124.156658
2021-05-13T22:06:46.000,4.17,34.71,7.39,44.68728,-124.156658
2021-05-13T22:21:46.000,4.2,34.98,7.39,44.68728,-124.156658
2021-05-13T22:36:46.000,4.24,35.28,7.39,44.68728,-124.156658
2021-05-13T22:51:46.000,4.3,35.79,7.41,44.68728,-124.156658
2021-05-13T23:06:46.000,4.37,36.34,7.42,44.68728,-124.156658
2021-05-13T23:21:46.000,4.41,36.74,7.44,44.68728,-124.156658
2021-05-13T23:36:46.000,4.45,37.04,7.44,44.68728,-124.156658
2021-05-13T23:51:46.000,4.48,37.36,7.46,44.68728,-124.156658
2021-05-14T00:06:46.000,4.54,37.8,7.46,44.68728,-124.156658
2021-05-14T00:21:46.000,4.6,38.34,7.46,44.68728,-124.156658
2021-05-14T00:36:46.000,4.69,39.11,7.49,44.68728,-124.156658
2021-05-14T00:51:46.000,4.74,39.54,7.49,44.68728,-124.156658
2021-05-14T01:06:46.000,4.82,40.22,7.51,44.68728,-124.156658
2021-05-14T01:21:46.000,4.86,40.53,7.51,44.68728,-124.156658
2021-05-14T01:36:46.000,4.9,40.89,7.53,44.68728,-124.156658
2021-05-14T01:51:46.000,4.93,41.17,7.54,44.68728,-124.156658
2021-05-14T02:06:46.000,4.95,41.3,7.54,44.68728,-124.156658
2021-05-14T02:21:46.000,4.97,41.48,7.54,44.68728,-124.156658
2021-05-14T02:36:46.000,4.98,41.57,7.54,44.68728,-124.156658
2021-05-14T02:51:46.000,5,41.77,7.54,44.68728,-124.156658
2021-05-14T03:06:46.000,5.02,41.89,7.55,44.68728,-124.156658
2021-05-14T03:21:46.000,5.03,42.02,7.55,44.68728,-124.156658
2021-05-14T03:36:46.000,5.02,41.95,7.55,44.68728,-124.156658
2021-05-14T03:51:46.000,5.03,41.99,7.55,44.68728,-124.156658
2021-05-14T04:06:46.000,5.02,41.95,7.55,44.68728,-124.156658
2021-05-14T04:21:46.000,5.02,41.91,7.55,44.68728,-124.156658
2021-05-14T04:36:46.000,5,41.77,7.55,44.68728,-124.156658
2021-05-14T04:51:46.000,5.01,41.84,7.55,44.68728,-124.156658
2021-05-14T05:06:46.000,5.01,41.82,7.55,44.68728,-124.156658
2021-05-14T05:21:46.000,4.98,41.59,7.55,44.68728,-124.156658
2021-05-14T05:36:46.000,4.94,41.26,7.55,44.68728,-124.156658
2021-05-14T05:51:46.000,4.91,40.96,7.55,44.68728,-124.156658
2021-05-14T06:06:46.000,4.86,40.58,7.55,44.68728,-124.156658
2021-05-14T06:21:46.000,4.81,40.19,7.55,44.68728,-124.156658
2021-05-14T06:36:46.000,4.77,39.86,7.55,44.68728,-124.156658
2021-05-14T06:51:46.000,4.73,39.53,7.55,44.68728,-124.156658
2021-05-14T07:06:46.000,4.7,39.24,7.55,44.68728,-124.156658
2021-05-14T07:21:46.000,4.67,39.03,7.55,44.68728,-124.156658
2021-05-14T07:36:46.000,4.64,38.73,7.54,44.68728,-124.156658
2021-05-14T07:51:46.000,4.61,38.53,7.54,44.68728,-124.156658
2021-05-14T08:06:46.000,4.58,38.27,7.54,44.68728,-124.156658
2021-05-14T08:21:46.000,4.54,37.92,7.54,44.68728,-124.156658
2021-05-14T08:36:46.000,4.52,37.72,7.54,44.68728,-124.156658
2021-05-14T08:51:46.000,4.51,37.63,7.54,44.68728,-124.156658
2021-05-14T09:06:46.000,4.48,37.38,7.54,44.68728,-124.156658
2021-05-14T09:21:46.000,4.45,37.15,7.54,44.68728,-124.156658
2021-05-14T09:36:46.000,4.44,37.06,7.53,44.68728,-124.156658
2021-05-14T09:51:46.000,4.44,37.05,7.53,44.68728,-124.156658
2021-05-14T10:06:46.000,4.42,36.86,7.53,44.68728,-124.156658
2021-05-14T10:21:46.000,4.42,36.92,7.53,44.68728,-124.156658
2021-05-14T10:36:46.000,4.42,36.93,7.54,44.68728,-124.156658
2021-05-14T10:51:46.000,4.4,36.76,7.54,44.68728,-124.156658
2021-05-14T11:06:46.000,4.4,36.74,7.54,44.68728,-124.156658
2021-05-14T11:21:46.000,4.41,36.82,7.54,44.68728,-124.156658
2021-05-14T11:36:46.000,4.4,36.76,7.54,44.68728,-124.156658
2021-05-14T11:51:46.000,4.41,36.83,7.54,44.68728,-124.156658
2021-05-14T12:06:46.000,4.41,36.83,7.54,44.68728,-124.156658
2021-05-14T12:21:46.000,4.4,36.72,7.54,44.68728,-124.156658
2021-05-14T12:36:46.000,4.43,36.94,7.54,44.68728,-124.156658
2021-05-14T12:51:46.000,4.43,36.98,7.54,44.68728,-124.156658
2021-05-14T13:06:46.000,4.45,37.12,7.54,44.68728,-124.156658
2021-05-14T13:21:46.000,4.46,37.25,7.54,44.68728,-124.156658
2021-05-14T13:36:46.000,4.46,37.22,7.54,44.68728,-124.156658
2021-05-14T13:51:46.000,4.46,37.26,7.54,44.68728,-124.156658
2021-05-14T14:06:46.000,4.47,37.32,7.54,44.68728,-124.156658
2021-05-14T14:21:46.000,4.48,37.43,7.55,44.68728,-124.156658
2021-05-14T14:36:46.000,4.49,37.47,7.55,44.68728,-124.156658
2021-05-14T14:51:46.000,4.51,37.68,7.55,44.68728,-124.156658
2021-05-14T15:06:46.000,4.51,37.69,7.55,44.68728,-124.156658
2021-05-14T15:21:46.000,4.53,37.82,7.55,44.68728,-124.156658
2021-05-14T15:36:46.000,4.54,37.96,7.56,44.68728,-124.156658
2021-05-14T15:51:46.000,4.57,38.18,7.56,44.68728,-124.156658
2021-05-14T16:06:46.000,4.59,38.37,7.56,44.68728,-124.156658
2021-05-14T16:21:46.000,4.63,38.66,7.56,44.68728,-124.156658
2021-05-14T16:36:46.000,4.63,38.66,7.56,44.68728,-124.156658
2021-05-14T16:51:46.000,4.64,38.72,7.56,44.68728,-124.156658
2021-05-14T17:06:46.000,4.67,39.03,7.56,44.68728,-124.156658
2021-05-14T17:21:46.000,4.7,39.26,7.58,44.68728,-124.156658
2021-05-14T17:36:46.000,4.72,39.49,7.58,44.68728,-124.156658
2021-05-14T17:51:46.000,4.73,39.56,7.58,44.68728,-124.156658
2021-05-14T18:06:46.000,4.74,39.62,7.59,44.68728,-124.156658
2021-05-14T18:21:46.000,4.74,39.65,7.59,44.68728,-124.156658
2021-05-14T18:36:46.000,4.77,39.86,7.6,44.68728,-124.156658
2021-05-14T18:51:46.000,4.77,39.87,7.59,44.68728,-124.156658
2021-05-14T19:06:46.000,4.78,39.99,7.61,44.68728,-124.156658
2021-05-14T19:21:46.000,4.83,40.39,7.61,44.68728,-124.156658
2021-05-14T19:36:46.000,4.84,40.49,7.61,44.68728,-124.156658
2021-05-14T19:51:46.000,4.82,40.31,7.61,44.68728,-124.156658
2021-05-14T20:06:46.000,4.77,39.88,7.61,44.68728,-124.156658
2021-05-14T20:21:46.000,4.71,39.39,7.61,44.68728,-124.156658
2021-05-14T20:36:46.000,4.66,39,7.61,44.68728,-124.156658
2021-05-14T20:51:46.000,4.6,38.47,7.61,44.68728,-124.156658
2021-05-14T21:06:46.000,4.53,37.88,7.61,44.68728,-124.156658
2021-05-14T21:21:46.000,4.56,38.15,7.62,44.68728,-124.156658
2021-05-14T21:36:46.000,4.54,37.96,7.63,44.68728,-124.156658
2021-05-14T21:51:46.000,4.52,37.81,7.63,44.68728,-124.156658
2021-05-14T22:06:46.000,4.54,38,7.63,44.68728,-124.156658
2021-05-14T22:21:46.000,4.58,38.34,7.63,44.68728,-124.156658
2021-05-14T22:36:46.000,4.63,38.77,7.65,44.68728,-124.156658
2021-05-14T22:51:46.000,4.7,39.32,7.66,44.68728,-124.156658
2021-05-14T23:06:46.000,4.73,39.58,7.66,44.68728,-124.156658
2021-05-14T23:21:46.000,4.76,39.89,7.66,44.68728,-124.156658
2021-05-14T23:36:46.000,4.74,39.69,7.66,44.68728,-124.156658
2021-05-14T23:51:46.000,4.67,39.12,7.66,44.68728,-124.156658
2021-05-15T00:06:46.000,4.57,38.24,7.66,44.68728,-124.156658
2021-05-15T00:21:46.000,4.53,37.96,7.66,44.68728,-124.156658
2021-05-15T00:36:46.000,4.55,38.08,7.66,44.68728,-124.156658
2021-05-15T00:51:46.000,4.4,36.86,7.66,44.68728,-124.156658
2021-05-15T01:06:46.000,4.38,36.7,7.66,44.68728,-124.156658
2021-05-15T01:21:46.000,4.3,35.98,7.66,44.68728,-124.156658
2021-05-15T01:36:46.000,4.33,36.25,7.66,44.68728,-124.156658
2021-05-15T01:51:46.000,5.04,42.28,7.75,44.68728,-124.156658
2021-05-15T02:06:46.000,4.56,38.27,7.73,44.68728,-124.156658
2021-05-15T02:21:46.000,4.63,38.81,7.73,44.68728,-124.156658
2021-05-15T02:36:46.000,4.54,38.11,7.71,44.68728,-124.156658
2021-05-15T02:51:46.000,4.59,38.47,7.73,44.68728,-124.156658
2021-05-15T03:06:46.000,4.64,38.89,7.73,44.68728,-124.156658
2021-05-15T03:21:46.000,5.74,48.23,7.8,44.68728,-124.156658
2021-05-15T03:36:46.000,5.36,45.01,7.79,44.68728,-124.156658
2021-05-15T03:51:46.000,5.31,44.59,7.78,44.68728,-124.156658
2021-05-15T04:06:46.000,5.61,47.13,7.8,44.68728,-124.156658
2021-05-15T04:21:46.000,5.54,46.6,7.81,44.68728,-124.156658
2021-05-15T04:36:46.000,5.44,45.71,7.8,44.68728,-124.156658
2021-05-15T04:51:46.000,5.4,45.38,7.82,44.68728,-124.156658
2021-05-15T05:06:46.000,5.27,44.28,7.82,44.68728,-124.156658
2021-05-15T05:21:46.000,5.1,42.88,7.81,44.68728,-124.156658
2021-05-15T05:36:46.000,3.45,28.91,7.63,44.68728,-124.156658
2021-05-15T05:51:46.000,3.29,27.46,7.58,44.68728,-124.156658
2021-05-15T06:06:46.000,3.25,27.11,7.56,44.68728,-124.156658
2021-05-15T06:21:46.000,3.16,26.35,7.54,44.68728,-124.156658
2021-05-15T06:36:46.000,3.07,25.64,7.51,44.68728,-124.156658
2021-05-15T06:51:46.000,3.05,25.41,7.49,44.68728,-124.156658
2021-05-15T07:06:46.000,3.09,25.75,7.46,44.68728,-124.156658
2021-05-15T07:21:46.000,3.04,25.34,7.45,44.68728,-124.156658
2021-05-15T07:36:46.000,2.97,24.74,7.42,44.68728,-124.156658
2021-05-15T07:51:46.000,2.94,24.5,7.41,44.68728,-124.156658
2021-05-15T08:06:46.000,3.03,25.22,7.39,44.68728,-124.156658
2021-05-15T08:21:46.000,3.06,25.45,7.37,44.68728,-124.156658
2021-05-15T08:36:46.000,3.06,25.43,7.36,44.68728,-124.156658
2021-05-15T08:51:46.000,3.05,25.38,7.34,44.68728,-124.156658
2021-05-15T09:06:46.000,3.06,25.4,7.34,44.68728,-124.156658
2021-05-15T09:21:46.000,3.05,25.34,7.32,44.68728,-124.156658
2021-05-15T09:36:46.000,3.05,25.34,7.32,44.68728,-124.156658
2021-05-15T09:51:46.000,3.04,25.27,7.31,44.68728,-124.156658
2021-05-15T10:06:46.000,3.03,25.13,7.3,44.68728,-124.156658
2021-05-15T10:21:46.000,2.99,24.78,7.29,44.68728,-124.156658
2021-05-15T10:36:46.000,2.96,24.56,7.29,44.68728,-124.156658
2021-05-15T10:51:46.000,2.97,24.65,7.29,44.68728,-124.156658
2021-05-15T11:06:46.000,2.98,24.7,7.29,44.68728,-124.156658
2021-05-15T11:21:46.000,2.99,24.82,7.29,44.68728,-124.156658
2021-05-15T11:36:46.000,3.01,24.97,7.29,44.68728,-124.156658
2021-05-15T11:51:46.000,3.01,24.99,7.29,44.68728,-124.156658
2021-05-15T12:06:46.000,3.02,25.06,7.29,44.68728,-124.156658
2021-05-15T12:21:46.000,3.02,25.08,7.29,44.68728,-124.156658
2021-05-15T12:36:46.000,3.02,25.04,7.31,44.68728,-124.156658
2021-05-15T12:51:46.000,3.01,25,7.32,44.68728,-124.156658
2021-05-15T13:06:46.000,3,24.89,7.33,44.68728,-124.156658
2021-05-15T13:21:46.000,2.98,24.73,7.34,44.68728,-124.156658
2021-05-15T13:36:46.000,2.97,24.69,7.34,44.68728,-124.156658
2021-05-15T13:51:46.000,2.96,24.6,7.34,44.68728,-124.156658
2021-05-15T14:06:46.000,2.97,24.65,7.34,44.68728,-124.156658
2021-05-15T14:21:46.000,2.97,24.64,7.34,44.68728,-124.156658
2021-05-15T14:36:46.000,2.97,24.67,7.34,44.68728,-124.156658
2021-05-15T14:51:46.000,2.97,24.66,7.34,44.68728,-124.156658
2021-05-15T15:06:46.000,2.97,24.63,7.34,44.68728,-124.156658
2021-05-15T15:21:46.000,2.96,24.63,7.34,44.68728,-124.156658
2021-05-15T15:36:46.000,2.97,24.65,7.34,44.68728,-124.156658
2021-05-15T15:51:46.000,2.98,24.73,7.32,44.68728,-124.156658
2021-05-15T16:06:46.000,2.96,24.57,7.32,44.68728,-124.156658
2021-05-15T16:21:46.000,2.95,24.52,7.32,44.68728,-124.156658
2021-05-15T16:36:46.000,2.96,24.6,7.32,44.68728,-124.156658
2021-05-15T16:51:46.000,2.97,24.66,7.32,44.68728,-124.156658
2021-05-15T17:06:46.000,2.98,24.76,7.32,44.68728,-124.156658
2021-05-15T17:21:46.000,2.98,24.71,7.32,44.68728,-124.156658
2021-05-15T17:36:46.000,2.98,24.77,7.32,44.68728,-124.156658
2021-05-15T17:51:46.000,2.99,24.79,7.31,44.68728,-124.156658
2021-05-15T18:06:46.000,2.98,24.77,7.31,44.68728,-124.156658
2021-05-15T18:21:46.000,2.97,24.68,7.3,44.68728,-124.156658
2021-05-15T18:36:46.000,2.95,24.44,7.29,44.68728,-124.156658
2021-05-15T18:51:46.000,2.89,23.95,7.27,44.68728,-124.156658
2021-05-15T19:06:46.000,2.87,23.83,7.25,44.68728,-124.156658
2021-05-15T19:21:46.000,2.86,23.76,7.26,44.68728,-124.156658
2021-05-15T19:36:46.000,2.8,23.18,7.24,44.68728,-124.156658
2021-05-15T19:51:46.000,2.75,22.79,7.22,44.68728,-124.156658
2021-05-15T20:06:46.000,2.73,22.6,7.21,44.68728,-124.156658
2021-05-15T20:21:46.000,2.75,22.73,7.2,44.68728,-124.156658
2021-05-15T20:36:46.000,2.75,22.76,7.2,44.68728,-124.156658
2021-05-15T20:51:46.000,2.76,22.88,7.2,44.68728,-124.156658
2021-05-15T21:06:46.000,2.78,22.98,7.2,44.68728,-124.156658
2021-05-15T21:21:46.000,2.74,22.67,7.19,44.68728,-124.156658
2021-05-15T21:36:46.000,2.64,21.86,7.17,44.68728,-124.156658
2021-05-15T21:51:46.000,2.54,20.97,7.15,44.68728,-124.156658
2021-05-15T22:06:46.000,2.51,20.79,7.15,44.68728,-124.156658
2021-05-15T22:21:46.000,2.46,20.31,7.15,44.68728,-124.156658
2021-05-15T22:36:46.000,2.41,19.95,7.14,44.68728,-124.156658
2021-05-15T22:51:46.000,2.38,19.7,7.13,44.68728,-124.156658
2021-05-15T23:06:46.000,2.37,19.57,7.13,44.68728,-124.156658
2021-05-15T23:21:46.000,2.35,19.46,7.12,44.68728,-124.156658
2021-05-15T23:36:46.000,2.34,19.38,7.13,44.68728,-124.156658
2021-05-15T23:51:46.000,2.35,19.39,7.12,44.68728,-124.156658
2021-05-16T00:06:46.000,2.35,19.39,7.12,44.68728,-124.156658
2021-05-16T00:21:46.000,2.36,19.47,7.13,44.68728,-124.156658
2021-05-16T00:36:46.000,2.36,19.52,7.13,44.68728,-124.156658
2021-05-16T00:51:46.000,2.36,19.54,7.13,44.68728,-124.156658
2021-05-16T01:06:46.000,2.37,19.59,7.13,44.68728,-124.156658
2021-05-16T01:21:46.000,2.38,19.65,7.13,44.68728,-124.156658
2021-05-16T01:36:46.000,2.39,19.75,7.13,44.68728,-124.156658
2021-05-16T01:51:46.000,2.4,19.87,7.14,44.68728,-124.156658
2021-05-16T02:06:46.000,2.46,20.34,7.15,44.68728,-124.156658
2021-05-16T02:21:46.000,2.48,20.48,7.15,44.68728,-124.156658
2021-05-16T02:36:46.000,2.51,20.74,7.15,44.68728,-124.156658
2021-05-16T02:51:46.000,2.56,21.2,7.15,44.68728,-124.156658
2021-05-16T03:06:46.000,2.65,21.95,7.16,44.68728,-124.156658
2021-05-16T03:21:46.000,2.72,22.52,7.17,44.68728,-124.156658
2021-05-16T03:36:46.000,2.75,22.72,7.17,44.68728,-124.156658
2021-05-16T03:51:46.000,2.83,23.41,7.18,44.68728,-124.156658
2021-05-16T04:06:46.000,2.77,22.95,7.18,44.68728,-124.156658
2021-05-16T04:21:46.000,2.96,24.53,7.22,44.68728,-124.156658
2021-05-16T04:36:46.000,2.88,23.85,7.22,44.68728,-124.156658
2021-05-16T04:51:46.000,2.77,22.98,7.21,44.68728,-124.156658
2021-05-16T05:06:46.000,2.95,24.49,7.24,44.68728,-124.156658
2021-05-16T05:21:46.000,2.93,24.29,7.24,44.68728,-124.156658
2021-05-16T05:36:46.000,3.01,24.96,7.25,44.68728,-124.156658
2021-05-16T05:51:46.000,3.1,25.69,7.26,44.68728,-124.156658
2021-05-16T06:06:46.000,3.14,26.01,7.27,44.68728,-124.156658
2021-05-16T06:21:46.000,3.31,27.49,7.29,44.68728,-124.156658
2021-05-16T06:36:46.000,3.52,29.22,7.3,44.68728,-124.156658
2021-05-16T06:51:46.000,3.65,30.28,7.32,44.68728,-124.156658
2021-05-16T07:06:46.000,3.9,32.41,7.34,44.68728,-124.156658
2021-05-16T07:21:46.000,4.16,34.55,7.37,44.68728,-124.156658
2021-05-16T07:36:46.000,4.56,37.96,7.39,44.68728,-124.156658
2021-05-16T07:51:46.000,4.71,39.17,7.4,44.68728,-124.156658
2021-05-16T08:06:46.000,4.6,38.27,7.39,44.68728,-124.156658
2021-05-16T08:21:46.000,4.54,37.78,7.39,44.68728,-124.156658
2021-05-16T08:36:46.000,4.49,37.37,7.38,44.68728,-124.156658
2021-05-16T08:51:46.000,4.49,37.35,7.38,44.68728,-124.156658
2021-05-16T09:06:46.000,4.33,36.01,7.37,44.68728,-124.156658
2021-05-16T09:21:46.000,3.64,30.25,7.32,44.68728,-124.156658
2021-05-16T09:36:46.000,3.42,28.37,7.29,44.68728,-124.156658
2021-05-16T09:51:46.000,4.44,36.9,7.33,44.68728,-124.156658
2021-05-16T10:06:46.000,4.42,36.68,7.32,44.68728,-124.156658
2021-05-16T10:21:46.000,4.4,36.53,7.32,44.68728,-124.156658
2021-05-16T10:36:46.000,4.39,36.43,7.32,44.68728,-124.156658
2021-05-16T10:51:46.000,4.38,36.34,7.32,44.68728,-124.156658
2021-05-16T11:06:46.000,4.33,35.93,7.32,44.68728,-124.156658
2021-05-16T11:21:46.000,3.46,28.72,7.29,44.68728,-124.156658
2021-05-16T11:36:46.000,4.02,33.33,7.29,44.68728,-124.156658
2021-05-16T11:51:46.000,4.2,34.87,7.3,44.68728,-124.156658
2021-05-16T12:06:46.000,4.19,34.76,7.3,44.68728,-124.156658
2021-05-16T12:21:46.000,4.03,33.45,7.29,44.68728,-124.156658
2021-05-16T12:36:46.000,3.91,32.46,7.29,44.68728,-124.156658
2021-05-16T12:51:46.000,3.8,31.52,7.27,44.68728,-124.156658
2021-05-16T13:06:46.000,3.56,29.52,7.26,44.68728,-124.156658
2021-05-16T13:21:46.000,3.42,28.33,7.23,44.68728,-124.156658
2021-05-16T13:36:46.000,3.37,27.94,7.22,44.68728,-124.156658
2021-05-16T13:51:46.000,3.33,27.53,7.2,44.68728,-124.156658
2021-05-16T14:06:46.000,3.29,27.25,7.18,44.68728,-124.156658
2021-05-16T14:21:46.000,3.28,27.15,7.18,44.68728,-124.156658
2021-05-16T14:36:46.000,3.24,26.85,7.17,44.68728,-124.156658
2021-05-16T14:51:46.000,3.19,26.42,7.17,44.68728,-124.156658
2021-05-16T15:06:46.000,3.15,26.08,7.16,44.68728,-124.156658
2021-05-16T15:21:46.000,3.09,25.55,7.15,44.68728,-124.156658
2021-05-16T15:36:46.000,3.04,25.16,7.14,44.68728,-124.156658
2021-05-16T15:51:46.000,3.04,25.09,7.14,44.68728,-124.156658
2021-05-16T16:06:46.000,3.05,25.19,7.14,44.68728,-124.156658
2021-05-16T16:21:46.000,3.03,25.03,7.13,44.68728,-124.156658
2021-05-16T16:36:46.000,3.01,24.86,7.12,44.68728,-124.156658
2021-05-16T16:51:46.000,3,24.82,7.12,44.68728,-124.156658
2021-05-16T17:06:46.000,2.99,24.72,7.12,44.68728,-124.156658
2021-05-16T17:21:46.000,3,24.79,7.12,44.68728,-124.156658
2021-05-16T17:36:46.000,3,24.8,7.12,44.68728,-124.156658
2021-05-16T17:51:46.000,3.01,24.9,7.13,44.68728,-124.156658
2021-05-16T18:06:46.000,3.03,25.03,7.13,44.68728,-124.156658
2021-05-16T18:21:46.000,3.03,25.06,7.13,44.68728,-124.156658
2021-05-16T18:36:46.000,3.02,24.95,7.13,44.68728,-124.156658
2021-05-16T18:51:46.000,3.01,24.87,7.13,44.68728,-124.156658
2021-05-16T19:06:46.000,3.03,25.04,7.13,44.68728,-124.156658
2021-05-16T19:21:46.000,3.03,25.09,7.14,44.68728,-124.156658
2021-05-16T19:36:46.000,3.07,25.39,7.15,44.68728,-124.156658
2021-05-16T19:51:46.000,3.11,25.68,7.15,44.68728,-124.156658
2021-05-16T20:06:46.000,3.32,27.49,7.17,44.68728,-124.156658
2021-05-16T20:21:46.000,3.69,30.6,7.22,44.68728,-124.156658
2021-05-16T20:36:46.000,4.35,36.1,7.29,44.68728,-124.156658
2021-05-16T20:51:46.000,4.4,36.56,7.31,44.68728,-124.156658
2021-05-16T21:06:46.000,4.44,36.87,7.32,44.68728,-124.156658
2021-05-16T21:21:46.000,4.43,36.82,7.32,44.68728,-124.156658
2021-05-16T21:36:46.000,4.43,36.77,7.32,44.68728,-124.156658
2021-05-16T21:51:46.000,4.42,36.71,7.34,44.68728,-124.156658
2021-05-16T22:06:46.000,4.43,36.8,7.34,44.68728,-124.156658
2021-05-16T22:21:46.000,4.45,36.99,7.36,44.68728,-124.156658
2021-05-16T22:36:46.000,4.55,37.79,7.37,44.68728,-124.156658
2021-05-16T22:51:46.000,4.65,38.65,7.39,44.68728,-124.156658
2021-05-16T23:06:46.000,4.75,39.5,7.4,44.68728,-124.156658
2021-05-16T23:21:46.000,4.86,40.43,7.42,44.68728,-124.156658
2021-05-16T23:36:46.000,4.94,41.12,7.44,44.68728,-124.156658
2021-05-16T23:51:46.000,4.93,41.05,7.44,44.68728,-124.156658
2021-05-17T00:06:46.000,4.87,40.57,7.46,44.68728,-124.156658
2021-05-17T00:21:46.000,4.78,39.84,7.46,44.68728,-124.156658
2021-05-17T00:36:46.000,4.64,38.65,7.46,44.68728,-124.156658
2021-05-17T00:51:46.000,4.4,36.63,7.44,44.68728,-124.156658
2021-05-17T01:06:46.000,4.35,36.26,7.44,44.68728,-124.156658
2021-05-17T01:21:46.000,4.3,35.82,7.44,44.68728,-124.156658
2021-05-17T01:36:46.000,4.2,34.97,7.43,44.68728,-124.156658
2021-05-17T01:51:46.000,4.16,34.61,7.42,44.68728,-124.156658
2021-05-17T02:06:46.000,4.05,33.75,7.41,44.68728,-124.156658
2021-05-17T02:21:46.000,3.99,33.18,7.41,44.68728,-124.156658
2021-05-17T02:36:46.000,3.97,33.01,7.41,44.68728,-124.156658
2021-05-17T02:51:46.000,3.93,32.68,7.4,44.68728,-124.156658
2021-05-17T03:06:46.000,3.88,32.26,7.39,44.68728,-124.156658
2021-05-17T03:21:46.000,3.81,31.68,7.39,44.68728,-124.156658
2021-05-17T03:36:46.000,3.77,31.35,7.39,44.68728,-124.156658
2021-05-17T03:51:46.000,3.74,31.14,7.38,44.68728,-124.156658
2021-05-17T04:06:46.000,3.74,31.07,7.38,44.68728,-124.156658
2021-05-17T04:21:46.000,3.69,30.71,7.37,44.68728,-124.156658
2021-05-17T04:36:46.000,3.67,30.53,7.37,44.68728,-124.156658
2021-05-17T04:51:46.000,3.67,30.47,7.37,44.68728,-124.156658
2021-05-17T05:06:46.000,3.65,30.32,7.37,44.68728,-124.156658
2021-05-17T05:21:46.000,3.63,30.22,7.37,44.68728,-124.156658
2021-05-17T05:36:46.000,3.62,30.09,7.37,44.68728,-124.156658
2021-05-17T05:51:46.000,3.61,30.04,7.37,44.68728,-124.156658
2021-05-17T06:06:46.000,3.61,29.97,7.37,44.68728,-124.156658
2021-05-17T06:21:46.000,3.59,29.84,7.36,44.68728,-124.156658
2021-05-17T06:36:46.000,3.58,29.73,7.36,44.68728,-124.156658
2021-05-17T06:51:46.000,3.57,29.65,7.36,44.68728,-124.156658
2021-05-17T07:06:46.000,3.56,29.56,7.36,44.68728,-124.156658
2021-05-17T07:21:46.000,3.56,29.58,7.36,44.68728,-124.156658
2021-05-17T07:36:46.000,3.55,29.49,7.36,44.68728,-124.156658
2021-05-17T07:51:46.000,3.54,29.4,7.36,44.68728,-124.156658
2021-05-17T08:06:46.000,3.55,29.48,7.36,44.68728,-124.156658
2021-05-17T08:21:46.000,3.55,29.5,7.35,44.68728,-124.156658
2021-05-17T08:36:46.000,3.54,29.46,7.35,44.68728,-124.156658
2021-05-17T08:51:46.000,3.52,29.28,7.36,44.68728,-124.156658
2021-05-17T09:06:46.000,3.53,29.34,7.35,44.68728,-124.156658
2021-05-17T09:21:46.000,3.53,29.35,7.35,44.68728,-124.156658
2021-05-17T09:36:46.000,3.54,29.39,7.35,44.68728,-124.156658
2021-05-17T09:51:46.000,3.53,29.31,7.35,44.68728,-124.156658
2021-05-17T10:06:46.000,3.54,29.42,7.35,44.68728,-124.156658
2021-05-17T10:21:46.000,3.54,29.45,7.35,44.68728,-124.156658
2021-05-17T10:36:46.000,3.54,29.41,7.35,44.68728,-124.156658
2021-05-17T10:51:46.000,3.54,29.46,7.35,44.68728,-124.156658
2021-05-17T11:06:46.000,3.54,29.39,7.35,44.68728,-124.156658
2021-05-17T11:21:46.000,3.54,29.44,7.35,44.68728,-124.156658
2021-05-17T11:36:46.000,3.55,29.47,7.35,44.68728,-124.156658
2021-05-17T11:51:46.000,3.55,29.51,7.35,44.68728,-124.156658
2021-05-17T12:06:46.000,3.56,29.59,7.36,44.68728,-124.156658
2021-05-17T12:21:46.000,3.55,29.5,7.36,44.68728,-124.156658
2021-05-17T12:36:46.000,3.54,29.44,7.36,44.68728,-124.156658
2021-05-17T12:51:46.000,3.53,29.34,7.37,44.68728,-124.156658
2021-05-17T13:06:46.000,3.52,29.28,7.37,44.68728,-124.156658
2021-05-17T13:21:46.000,3.51,29.22,7.37,44.68728,-124.156658
2021-05-17T13:36:46.000,3.51,29.18,7.37,44.68728,-124.156658
2021-05-17T13:51:46.000,3.49,29.05,7.37,44.68728,-124.156658
2021-05-17T14:06:46.000,3.5,29.07,7.37,44.68728,-124.156658
2021-05-17T14:21:46.000,3.49,29.04,7.37,44.68728,-124.156658
2021-05-17T14:36:46.000,3.49,29.05,7.37,44.68728,-124.156658
2021-05-17T14:51:46.000,3.49,29.01,7.37,44.68728,-124.156658
2021-05-17T15:06:46.000,3.49,29.04,7.37,44.68728,-124.156658
2021-05-17T15:21:46.000,3.49,29.03,7.37,44.68728,-124.156658
2021-05-17T15:36:46.000,3.49,29,7.37,44.68728,-124.156658
2021-05-17T15:51:46.000,3.49,29.05,7.37,44.68728,-124.156658
2021-05-17T16:06:46.000,3.5,29.11,7.37,44.68728,-124.156658
2021-05-17T16:21:46.000,3.49,28.98,7.37,44.68728,-124.156658
2021-05-17T16:36:46.000,3.49,29.03,7.37,44.68728,-124.156658
2021-05-17T16:51:46.000,3.5,29.09,7.37,44.68728,-124.156658
2021-05-17T17:06:46.000,3.5,29.13,7.37,44.68728,-124.156658
2021-05-17T17:21:46.000,3.49,29.05,7.37,44.68728,-124.156658
2021-05-17T17:36:46.000,3.52,29.25,7.37,44.68728,-124.156658
2021-05-17T17:51:46.000,3.52,29.3,7.37,44.68728,-124.156658
2021-05-17T18:06:46.000,3.54,29.41,7.37,44.68728,-124.156658
2021-05-17T18:21:46.000,3.54,29.45,7.37,44.68728,-124.156658
2021-05-17T18:36:46.000,3.56,29.64,7.37,44.68728,-124.156658
2021-05-17T18:51:46.000,3.58,29.77,7.38,44.68728,-124.156658
2021-05-17T19:06:46.000,3.62,30.14,7.38,44.68728,-124.156658
2021-05-17T19:21:46.000,3.64,30.3,7.38,44.68728,-124.156658
2021-05-17T19:36:46.000,3.66,30.45,7.39,44.68728,-124.156658
2021-05-17T19:51:46.000,3.69,30.72,7.39,44.68728,-124.156658
2021-05-17T20:06:46.000,3.7,30.75,7.39,44.68728,-124.156658
2021-05-17T20:21:46.000,3.71,30.89,7.39,44.68728,-124.156658
2021-05-17T20:36:46.000,3.72,30.96,7.39,44.68728,-124.156658
2021-05-17T20:51:46.000,3.75,31.2,7.39,44.68728,-124.156658
2021-05-17T21:06:46.000,3.76,31.28,7.39,44.68728,-124.156658
2021-05-17T21:21:46.000,3.78,31.44,7.39,44.68728,-124.156658
2021-05-17T21:36:46.000,3.78,31.42,7.39,44.68728,-124.156658
2021-05-17T21:51:46.000,3.75,31.18,7.39,44.68728,-124.156658
2021-05-17T22:06:46.000,3.74,31.16,7.39,44.68728,-124.156658
2021-05-17T22:21:46.000,3.74,31.09,7.4,44.68728,-124.156658
2021-05-17T22:36:46.000,3.75,31.24,7.4,44.68728,-124.156658
2021-05-17T22:51:46.000,3.75,31.23,7.4,44.68728,-124.156658
2021-05-17T23:06:46.000,3.79,31.54,7.41,44.68728,-124.156658
2021-05-17T23:21:46.000,3.81,31.69,7.41,44.68728,-124.156658
2021-05-17T23:36:46.000,3.83,31.85,7.41,44.68728,-124.156658
2021-05-17T23:51:46.000,3.87,32.2,7.41,44.68728,-124.156658
2021-05-18T00:06:46.000,3.91,32.55,7.42,44.68728,-124.156658
2021-05-18T00:21:46.000,3.92,32.63,7.41,44.68728,-124.156658
2021-05-18T00:36:46.000,3.92,32.66,7.41,44.68728,-124.156658
2021-05-18T00:51:46.000,3.93,32.68,7.42,44.68728,-124.156658
2021-05-18T01:06:46.000,3.93,32.67,7.42,44.68728,-124.156658
2021-05-18T01:21:46.000,3.96,32.94,7.42,44.68728,-124.156658
2021-05-18T01:36:46.000,3.94,32.78,7.42,44.68728,-124.156658
2021-05-18T01:51:46.000,3.95,32.89,7.42,44.68728,-124.156658
2021-05-18T02:06:46.000,3.97,33.02,7.43,44.68728,-124.156658
2021-05-18T02:21:46.000,3.98,33.11,7.43,44.68728,-124.156658
2021-05-18T02:36:46.000,3.98,33.18,7.44,44.68728,-124.156658
2021-05-18T02:51:46.000,4,33.3,7.44,44.68728,-124.156658
2021-05-18T03:06:46.000,4.02,33.47,7.44,44.68728,-124.156658
2021-05-18T03:21:46.000,4.01,33.44,7.44,44.68728,-124.156658
2021-05-18T03:36:46.000,4.03,33.54,7.44,44.68728,-124.156658
2021-05-18T03:51:46.000,4.02,33.5,7.44,44.68728,-124.156658
2021-05-18T04:06:46.000,4.02,33.46,7.44,44.68728,-124.156658
2021-05-18T04:21:46.000,4.01,33.42,7.44,44.68728,-124.156658
2021-05-18T04:36:46.000,4.01,33.4,7.44,44.68728,-124.156658
2021-05-18T04:51:46.000,4,33.29,7.44,44.68728,-124.156658
2021-05-18T05:06:46.000,3.98,33.16,7.44,44.68728,-124.156658
2021-05-18T05:21:46.000,4,33.28,7.44,44.68728,-124.156658
2021-05-18T05:36:46.000,3.99,33.27,7.44,44.68728,-124.156658
2021-05-18T05:51:46.000,3.99,33.2,7.44,44.68728,-124.156658
2021-05-18T06:06:46.000,3.99,33.25,7.44,44.68728,-124.156658
2021-05-18T06:21:46.000,3.99,33.26,7.44,44.68728,-124.156658
2021-05-18T06:36:46.000,4,33.33,7.45,44.68728,-124.156658
2021-05-18T06:51:46.000,4.01,33.44,7.45,44.68728,-124.156658
2021-05-18T07:06:46.000,4.01,33.43,7.45,44.68728,-124.156658
2021-05-18T07:21:46.000,4.05,33.73,7.46,44.68728,-124.156658
2021-05-18T07:36:46.000,4.08,33.99,7.46,44.68728,-124.156658
2021-05-18T07:51:46.000,4.1,34.14,7.46,44.68728,-124.156658
2021-05-18T08:06:46.000,4.12,34.35,7.46,44.68728,-124.156658
2021-05-18T08:21:46.000,4.16,34.67,7.47,44.68728,-124.156658
2021-05-18T08:36:46.000,4.18,34.85,7.47,44.68728,-124.156658
2021-05-18T08:51:46.000,4.23,35.31,7.49,44.68728,-124.156658
2021-05-18T09:06:46.000,4.34,36.16,7.49,44.68728,-124.156658
2021-05-18T09:21:46.000,4.36,36.34,7.5,44.68728,-124.156658
2021-05-18T09:36:46.000,4.44,37.06,7.51,44.68728,-124.156658
2021-05-18T09:51:46.000,4.57,38.14,7.51,44.68728,-124.156658
2021-05-18T10:06:46.000,4.66,38.93,7.54,44.68728,-124.156658
2021-05-18T10:21:46.000,4.76,39.76,7.54,44.68728,-124.156658
2021-05-18T10:36:46.000,4.84,40.43,7.54,44.68728,-124.156658
2021-05-18T10:51:46.000,4.88,40.76,7.55,44.68728,-124.156658
2021-05-18T11:06:46.000,4.96,41.42,7.55,44.68728,-124.156658
2021-05-18T11:21:46.000,5.09,42.52,7.56,44.68728,-124.156658
2021-05-18T11:36:46.000,5.16,43.07,7.56,44.68728,-124.156658
2021-05-18T11:51:46.000,5.18,43.29,7.56,44.68728,-124.156658
2021-05-18T12:06:46.000,5.18,43.25,7.56,44.68728,-124.156658
2021-05-18T12:21:46.000,5.14,42.95,7.56,44.68728,-124.156658
2021-05-18T12:36:46.000,5.17,43.21,7.56,44.68728,-124.156658
2021-05-18T12:51:46.000,5.14,42.98,7.56,44.68728,-124.156658
2021-05-18T13:06:46.000,5.12,42.78,7.56,44.68728,-124.156658
2021-05-18T13:21:46.000,5.09,42.55,7.56,44.68728,-124.156658
2021-05-18T13:36:46.000,5.08,42.47,7.56,44.68728,-124.156658
2021-05-18T13:51:46.000,5.06,42.31,7.56,44.68728,-124.156658
2021-05-18T14:06:46.000,5.08,42.47,7.56,44.68728,-124.156658
2021-05-18T14:21:46.000,5.03,42.02,7.56,44.68728,-124.156658
2021-05-18T14:36:46.000,5.02,41.93,7.56,44.68728,-124.156658
2021-05-18T14:51:46.000,4.98,41.6,7.56,44.68728,-124.156658
2021-05-18T15:06:46.000,5.01,41.83,7.56,44.68728,-124.156658
2021-05-18T15:21:46.000,4.92,41.13,7.56,44.68728,-124.156658
2021-05-18T15:36:46.000,4.78,39.96,7.56,44.68728,-124.156658
2021-05-18T15:51:46.000,4.7,39.23,7.55,44.68728,-124.156658
2021-05-18T16:06:46.000,4.59,38.35,7.55,44.68728,-124.156658
2021-05-18T16:21:46.000,4.5,37.58,7.54,44.68728,-124.156658
2021-05-18T16:36:46.000,4.41,36.8,7.54,44.68728,-124.156658
2021-05-18T16:51:46.000,4.33,36.18,7.54,44.68728,-124.156658
2021-05-18T17:06:46.000,4.3,35.92,7.54,44.68728,-124.156658
2021-05-18T17:21:46.000,4.27,35.69,7.54,44.68728,-124.156658
2021-05-18T17:36:46.000,4.25,35.46,7.54,44.68728,-124.156658
2021-05-18T17:51:46.000,4.24,35.42,7.54,44.68728,-124.156658
2021-05-18T18:06:46.000,4.24,35.4,7.54,44.68728,-124.156658
2021-05-18T18:21:46.000,4.26,35.6,7.55,44.68728,-124.156658
2021-05-18T18:36:46.000,4.27,35.62,7.55,44.68728,-124.156658
2021-05-18T18:51:46.000,4.28,35.77,7.55,44.68728,-124.156658
2021-05-18T19:06:46.000,4.29,35.83,7.55,44.68728,-124.156658
2021-05-18T19:21:46.000,4.3,35.91,7.55,44.68728,-124.156658
2021-05-18T19:36:46.000,4.32,36.12,7.56,44.68728,-124.156658
2021-05-18T19:51:46.000,4.34,36.29,7.56,44.68728,-124.156658
2021-05-18T20:06:46.000,4.37,36.46,7.56,44.68728,-124.156658
2021-05-18T20:21:46.000,4.37,36.52,7.56,44.68728,-124.156658
2021-05-18T20:36:46.000,4.41,36.81,7.56,44.68728,-124.156658
2021-05-18T20:51:46.000,4.42,36.9,7.57,44.68728,-124.156658
2021-05-18T21:06:46.000,4.41,36.86,7.58,44.68728,-124.156658
2021-05-18T21:21:46.000,4.43,37.03,7.58,44.68728,-124.156658
2021-05-18T21:36:46.000,4.46,37.27,7.59,44.68728,-124.156658
2021-05-18T21:51:46.000,4.48,37.48,7.59,44.68728,-124.156658
2021-05-18T22:06:46.000,4.51,37.72,7.6,44.68728,-124.156658
2021-05-18T22:21:46.000,4.51,37.72,7.6,44.68728,-124.156658
2021-05-18T22:36:46.000,4.5,37.62,7.61,44.68728,-124.156658
2021-05-18T22:51:46.000,4.51,37.74,7.61,44.68728,-124.156658
2021-05-18T23:06:46.000,4.5,37.61,7.61,44.68728,-124.156658
2021-05-18T23:21:46.000,4.5,37.64,7.61,44.68728,-124.156658
2021-05-18T23:36:46.000,4.51,37.68,7.61,44.68728,-124.156658
2021-05-18T23:51:46.000,4.47,37.4,7.61,44.68728,-124.156658
2021-05-19T00:06:46.000,4.46,37.29,7.61,44.68728,-124.156658
2021-05-19T00:21:46.000,4.44,37.16,7.61,44.68728,-124.156658
2021-05-19T00:36:46.000,4.42,36.93,7.6,44.68728,-124.156658
2021-05-19T01:36:46.000,4.3,35.9,7.56,44.68728,-124.156658
2021-05-19T02:06:46.000,4.3,35.89,7.56,44.68728,-124.156658
2021-05-19T04:06:46.000,4.4,36.76,7.58,44.68728,-124.156658
2021-05-19T10:21:46.000,4.35,36.36,7.57,44.68728,-124.156658
2021-05-19T10:51:46.000,4.36,36.48,7.58,44.68728,-124.156658
2021-05-19T12:06:46.000,4.46,37.25,7.58,44.68728,-124.156658
2021-05-19T20:51:46.000,4.43,37.04,7.58,44.68728,-124.156658
2021-05-19T21:51:46.000,4.43,37.05,7.58,44.68728,-124.156658
2021-05-19T22:36:46.000,4.44,37.12,7.58,44.68728,-124.156658
2021-05-20T00:21:46.000,4.38,36.62,7.58,44.68728,-124.156658
2021-05-20T00:36:46.000,4.37,36.53,7.58,44.68728,-124.156658
2021-05-20T01:36:46.000,4.31,36.04,7.58,44.68728,-124.156658
2021-05-20T02:06:46.000,4.26,35.63,7.58,44.68728,-124.156658
2021-05-20T03:21:46.000,4.15,34.67,7.56,44.68728,-124.156658
2021-05-20T03:51:46.000,3.95,32.97,7.54,44.68728,-124.156658
2021-05-20T04:06:46.000,3.86,32.26,7.54,44.68728,-124.156658
2021-05-20T04:21:46.000,3.8,31.7,7.52,44.68728,-124.156658
2021-05-20T04:36:46.000,3.81,31.78,7.52,44.68728,-124.156658
2021-05-20T04:51:46.000,3.75,31.27,7.51,44.68728,-124.156658
2021-05-20T05:06:46.000,3.74,31.19,7.51,44.68728,-124.156658
2021-05-20T05:21:46.000,3.67,30.62,7.51,44.68728,-124.156658
2021-05-20T05:36:46.000,3.68,30.71,7.49,44.68728,-124.156658
2021-05-20T05:51:46.000,3.67,30.61,7.49,44.68728,-124.156658
2021-05-20T06:06:46.000,3.66,30.54,7.49,44.68728,-124.156658
2021-05-20T06:21:46.000,3.66,30.56,7.49,44.68728,-124.156658
2021-05-20T06:36:46.000,3.64,30.32,7.49,44.68728,-124.156658
2021-05-20T06:51:46.000,3.62,30.22,7.49,44.68728,-124.156658
2021-05-20T07:06:46.000,3.61,30.12,7.49,44.68728,-124.156658
2021-05-20T07:21:46.000,3.61,30.07,7.49,44.68728,-124.156658
2021-05-20T07:36:46.000,3.59,29.94,7.49,44.68728,-124.156658
2021-05-20T07:51:46.000,3.57,29.76,7.49,44.68728,-124.156658
2021-05-20T08:06:46.000,3.57,29.74,7.49,44.68728,-124.156658
2021-05-20T08:21:46.000,3.56,29.69,7.49,44.68728,-124.156658
2021-05-20T08:36:46.000,3.56,29.65,7.49,44.68728,-124.156658
2021-05-20T08:51:46.000,3.53,29.45,7.49,44.68728,-124.156658
2021-05-20T09:06:46.000,3.54,29.52,7.48,44.68728,-124.156658
2021-05-20T09:21:46.000,3.53,29.44,7.49,44.68728,-124.156658
2021-05-20T09:36:46.000,3.5,29.19,7.49,44.68728,-124.156658
2021-05-20T09:51:46.000,3.51,29.25,7.49,44.68728,-124.156658
2021-05-20T10:06:46.000,3.5,29.21,7.48,44.68728,-124.156658
2021-05-20T10:21:46.000,3.49,29.08,7.49,44.68728,-124.156658
2021-05-20T10:36:46.000,3.49,29.1,7.48,44.68728,-124.156658
2021-05-20T10:51:46.000,3.5,29.21,7.49,44.68728,-124.156658
2021-05-20T11:06:46.000,3.49,29.12,7.49,44.68728,-124.156658
2021-05-20T11:21:46.000,3.47,28.92,7.49,44.68728,-124.156658
2021-05-20T11:36:46.000,3.45,28.79,7.49,44.68728,-124.156658
2021-05-20T11:51:46.000,3.44,28.65,7.49,44.68728,-124.156658
2021-05-20T12:06:46.000,3.4,28.38,7.49,44.68728,-124.156658
2021-05-20T12:21:46.000,3.41,28.45,7.49,44.68728,-124.156658
2021-05-20T12:36:46.000,3.41,28.41,7.49,44.68728,-124.156658
2021-05-20T12:51:46.000,3.31,27.61,7.47,44.68728,-124.156658
2021-05-20T13:06:46.000,3.24,27.03,7.46,44.68728,-124.156658
2021-05-20T13:21:46.000,3.23,26.91,7.47,44.68728,-124.156658
2021-05-20T13:36:46.000,3.21,26.76,7.46,44.68728,-124.156658
2021-05-20T13:51:46.000,3.18,26.51,7.47,44.68728,-124.156658
2021-05-20T14:06:46.000,3.17,26.44,7.46,44.68728,-124.156658
2021-05-20T14:21:46.000,3.17,26.43,7.46,44.68728,-124.156658
2021-05-20T14:36:46.000,3.16,26.34,7.46,44.68728,-124.156658
2021-05-20T14:51:46.000,3.17,26.39,7.46,44.68728,-124.156658
2021-05-20T15:06:46.000,3.16,26.32,7.46,44.68728,-124.156658
2021-05-20T15:21:46.000,3.15,26.21,7.46,44.68728,-124.156658
2021-05-20T15:36:46.000,3.13,26.1,7.46,44.68728,-124.156658
2021-05-20T15:51:46.000,3.12,26.02,7.46,44.68728,-124.156658
2021-05-20T16:06:46.000,3.11,25.88,7.46,44.68728,-124.156658
2021-05-20T16:21:46.000,3.07,25.61,7.46,44.68728,-124.156658
2021-05-20T16:36:46.000,3.07,25.54,7.46,44.68728,-124.156658
2021-05-20T16:51:46.000,3.05,25.43,7.46,44.68728,-124.156658
2021-05-20T17:06:46.000,3.04,25.33,7.46,44.68728,-124.156658
2021-05-20T17:21:46.000,3.02,25.18,7.46,44.68728,-124.156658
2021-05-20T17:36:46.000,3.03,25.25,7.46,44.68728,-124.156658
2021-05-20T17:51:46.000,3.02,25.14,7.46,44.68728,-124.156658
2021-05-20T18:06:46.000,2.99,24.92,7.46,44.68728,-124.156658
2021-05-20T18:21:46.000,2.96,24.69,7.46,44.68728,-124.156658
2021-05-20T18:36:46.000,2.96,24.69,7.46,44.68728,-124.156658
2021-05-20T18:51:46.000,2.97,24.72,7.46,44.68728,-124.156658
2021-05-20T19:06:46.000,2.96,24.67,7.46,44.68728,-124.156658
2021-05-20T19:21:46.000,2.95,24.59,7.46,44.68728,-124.156658
2021-05-20T19:36:46.000,2.95,24.55,7.46,44.68728,-124.156658
2021-05-20T19:51:46.000,2.94,24.46,7.46,44.68728,-124.156658
2021-05-20T20:06:46.000,2.93,24.44,7.46,44.68728,-124.156658
2021-05-20T20:21:46.000,2.93,24.4,7.46,44.68728,-124.156658
2021-05-20T20:36:46.000,2.92,24.35,7.46,44.68728,-124.156658
2021-05-20T20:51:46.000,2.92,24.33,7.46,44.68728,-124.156658
2021-05-20T21:06:46.000,2.91,24.29,7.46,44.68728,-124.156658
2021-05-20T21:21:46.000,2.92,24.31,7.47,44.68728,-124.156658
2021-05-20T21:36:46.000,2.91,24.29,7.47,44.68728,-124.156658
2021-05-20T21:51:46.000,2.91,24.22,7.47,44.68728,-124.156658
2021-05-20T22:06:46.000,2.92,24.36,7.46,44.68728,-124.156658
2021-05-20T22:21:46.000,2.92,24.3,7.46,44.68728,-124.156658
2021-05-20T22:36:46.000,2.92,24.35,7.46,44.68728,-124.156658
2021-05-20T22:51:46.000,2.93,24.41,7.46,44.68728,-124.156658
2021-05-20T23:06:46.000,2.93,24.38,7.46,44.68728,-124.156658
2021-05-20T23:21:46.000,2.91,24.26,7.46,44.68728,-124.156658
2021-05-20T23:36:46.000,2.91,24.23,7.46,44.68728,-124.156658
2021-05-20T23:51:46.000,2.91,24.23,7.46,44.68728,-124.156658
2021-05-21T00:06:46.000,2.87,23.92,7.46,44.68728,-124.156658
2021-05-21T00:21:46.000,2.87,23.96,7.46,44.68728,-124.156658
2021-05-21T00:36:46.000,2.85,23.79,7.46,44.68728,-124.156658
2021-05-21T00:51:46.000,2.85,23.72,7.46,44.68728,-124.156658
2021-05-21T01:06:46.000,2.85,23.74,7.46,44.68728,-124.156658
2021-05-21T01:21:46.000,2.83,23.61,7.46,44.68728,-124.156658
2021-05-21T01:36:46.000,2.83,23.62,7.46,44.68728,-124.156658
2021-05-21T01:51:46.000,2.85,23.72,7.46,44.68728,-124.156658
2021-05-21T02:06:46.000,2.83,23.58,7.46,44.68728,-124.156658
2021-05-21T02:21:46.000,2.82,23.51,7.46,44.68728,-124.156658
2021-05-21T02:36:46.000,2.83,23.62,7.46,44.68728,-124.156658
2021-05-21T02:51:46.000,2.81,23.41,7.46,44.68728,-124.156658
2021-05-21T03:06:46.000,2.84,23.68,7.46,44.68728,-124.156658
2021-05-21T03:21:46.000,2.84,23.64,7.46,44.68728,-124.156658
2021-05-21T03:36:46.000,2.85,23.72,7.46,44.68728,-124.156658
2021-05-21T03:51:46.000,2.82,23.53,7.46,44.68728,-124.156658
2021-05-21T04:06:46.000,2.81,23.44,7.46,44.68728,-124.156658
2021-05-21T04:21:46.000,2.83,23.59,7.46,44.68728,-124.156658
2021-05-21T04:36:46.000,2.83,23.58,7.46,44.68728,-124.156658
2021-05-21T04:51:46.000,2.83,23.57,7.46,44.68728,-124.156658
2021-05-21T05:06:46.000,2.83,23.59,7.46,44.68728,-124.156658
2021-05-21T05:21:46.000,2.83,23.56,7.46,44.68728,-124.156658
2021-05-21T05:36:46.000,2.83,23.55,7.46,44.68728,-124.156658
2021-05-21T05:51:46.000,2.83,23.58,7.46,44.68728,-124.156658
2021-05-21T06:06:46.000,2.82,23.5,7.46,44.68728,-124.156658
2021-05-21T06:21:46.000,2.82,23.48,7.47,44.68728,-124.156658
2021-05-21T06:36:46.000,2.8,23.32,7.47,44.68728,-124.156658
2021-05-21T06:51:46.000,2.78,23.15,7.47,44.68728,-124.156658
2021-05-21T07:06:46.000,2.77,23.11,7.47,44.68728,-124.156658
2021-05-21T07:21:46.000,2.77,23.07,7.47,44.68728,-124.156658
2021-05-21T07:36:46.000,2.76,23.02,7.48,44.68728,-124.156658
2021-05-21T07:51:46.000,2.75,22.95,7.48,44.68728,-124.156658
2021-05-21T08:06:46.000,2.76,23.03,7.48,44.68728,-124.156658
2021-05-21T08:21:46.000,2.77,23.13,7.49,44.68728,-124.156658
2021-05-21T08:36:46.000,2.78,23.17,7.49,44.68728,-124.156658
2021-05-21T08:51:46.000,2.78,23.17,7.49,44.68728,-124.156658
2021-05-21T09:06:46.000,2.77,23.11,7.49,44.68728,-124.156658
2021-05-21T09:21:46.000,2.78,23.15,7.49,44.68728,-124.156658
2021-05-21T09:36:46.000,2.77,23.08,7.49,44.68728,-124.156658
2021-05-21T09:51:46.000,2.76,22.98,7.48,44.68728,-124.156658
2021-05-21T10:06:46.000,2.75,22.94,7.48,44.68728,-124.156658
2021-05-21T10:21:46.000,2.75,22.93,7.48,44.68728,-124.156658
2021-05-21T10:36:46.000,2.74,22.85,7.48,44.68728,-124.156658
2021-05-21T10:51:46.000,2.74,22.86,7.48,44.68728,-124.156658
2021-05-21T11:06:46.000,2.74,22.83,7.47,44.68728,-124.156658
2021-05-21T11:21:46.000,2.76,23,7.47,44.68728,-124.156658
2021-05-21T11:36:46.000,2.78,23.18,7.47,44.68728,-124.156658
2021-05-21T11:51:46.000,2.79,23.29,7.47,44.68728,-124.156658
2021-05-21T12:06:46.000,2.84,23.63,7.46,44.68728,-124.156658
2021-05-21T12:21:46.000,2.83,23.62,7.46,44.68728,-124.156658
2021-05-21T12:36:46.000,2.82,23.46,7.46,44.68728,-124.156658
2021-05-21T12:51:46.000,2.81,23.41,7.46,44.68728,-124.156658
2021-05-21T13:06:46.000,2.83,23.6,7.46,44.68728,-124.156658
2021-05-21T13:21:46.000,2.86,23.84,7.45,44.68728,-124.156658
2021-05-21T13:36:46.000,2.86,23.85,7.45,44.68728,-124.156658
2021-05-21T13:51:46.000,2.87,23.94,7.45,44.68728,-124.156658
2021-05-21T14:06:46.000,2.87,23.88,7.45,44.68728,-124.156658
2021-05-21T14:21:46.000,2.87,23.92,7.46,44.68728,-124.156658
2021-05-21T14:36:46.000,2.89,24.05,7.46,44.68728,-124.156658
2021-05-21T14:51:46.000,2.89,24.09,7.46,44.68728,-124.156658
2021-05-21T15:06:46.000,2.89,24.08,7.46,44.68728,-124.156658
2021-05-21T15:21:46.000,2.87,23.94,7.46,44.68728,-124.156658
2021-05-21T15:36:46.000,2.88,23.98,7.46,44.68728,-124.156658
2021-05-21T15:51:46.000,2.88,24,7.46,44.68728,-124.156658
2021-05-21T16:06:46.000,2.89,24.11,7.46,44.68728,-124.156658
2021-05-21T16:21:46.000,2.88,24.02,7.46,44.68728,-124.156658
2021-05-21T16:36:46.000,2.89,24.11,7.46,44.68728,-124.156658
2021-05-21T16:51:46.000,2.89,24.07,7.46,44.68728,-124.156658
2021-05-21T17:06:46.000,2.86,23.84,7.46,44.68728,-124.156658
2021-05-21T17:21:46.000,2.85,23.71,7.46,44.68728,-124.156658
2021-05-21T17:36:46.000,2.83,23.54,7.44,44.68728,-124.156658
2021-05-21T17:51:46.000,2.82,23.46,7.45,44.68728,-124.156658
2021-05-21T18:06:46.000,2.8,23.33,7.45,44.68728,-124.156658
2021-05-21T18:21:46.000,2.79,23.26,7.44,44.68728,-124.156658
2021-05-21T18:36:46.000,2.78,23.16,7.45,44.68728,-124.156658
2021-05-21T18:51:46.000,2.78,23.14,7.44,44.68728,-124.156658
2021-05-21T19:06:46.000,2.76,23.01,7.45,44.68728,-124.156658
2021-05-21T19:21:46.000,2.75,22.94,7.44,44.68728,-124.156658
2021-05-21T19:36:46.000,2.76,22.97,7.45,44.68728,-124.156658
2021-05-21T19:51:46.000,2.75,22.9,7.45,44.68728,-124.156658
2021-05-21T20:06:46.000,2.74,22.84,7.44,44.68728,-124.156658
2021-05-21T20:21:46.000,2.74,22.79,7.44,44.68728,-124.156658
2021-05-21T20:36:46.000,2.73,22.74,7.44,44.68728,-124.156658
2021-05-21T20:51:46.000,2.73,22.71,7.44,44.68728,-124.156658
2021-05-21T21:06:46.000,2.72,22.63,7.44,44.68728,-124.156658
2021-05-21T21:21:46.000,2.71,22.6,7.44,44.68728,-124.156658
2021-05-21T21:36:46.000,2.7,22.5,7.44,44.68728,-124.156658
2021-05-21T21:51:46.000,2.7,22.46,7.43,44.68728,-124.156658
2021-05-21T22:06:46.000,2.69,22.39,7.42,44.68728,-124.156658
2021-05-21T22:21:46.000,2.68,22.31,7.43,44.68728,-124.156658
2021-05-21T22:36:46.000,2.67,22.26,7.42,44.68728,-124.156658
2021-05-21T22:51:46.000,2.67,22.19,7.42,44.68728,-124.156658
2021-05-21T23:06:46.000,2.66,22.14,7.41,44.68728,-124.156658
2021-05-21T23:21:46.000,2.65,22.09,7.41,44.68728,-124.156658
2021-05-21T23:36:46.000,2.65,22.03,7.41,44.68728,-124.156658
2021-05-21T23:51:46.000,2.65,22.02,7.41,44.68728,-124.156658
2021-05-22T00:06:46.000,2.64,21.99,7.41,44.68728,-124.156658
2021-05-22T00:21:46.000,2.64,21.96,7.42,44.68728,-124.156658
2021-05-22T00:36:46.000,2.64,21.98,7.42,44.68728,-124.156658
2021-05-22T00:51:46.000,2.64,21.96,7.42,44.68728,-124.156658
2021-05-22T01:06:46.000,2.64,21.99,7.42,44.68728,-124.156658
2021-05-22T01:21:46.000,2.64,21.98,7.42,44.68728,-124.156658
2021-05-22T01:36:46.000,2.65,22.09,7.42,44.68728,-124.156658
2021-05-22T01:51:46.000,2.66,22.15,7.41,44.68728,-124.156658
2021-05-22T02:06:46.000,2.68,22.3,7.42,44.68728,-124.156658
2021-05-22T02:21:46.000,2.7,22.48,7.42,44.68728,-124.156658
2021-05-22T02:36:46.000,2.73,22.74,7.42,44.68728,-124.156658
2021-05-22T02:51:46.000,2.75,22.85,7.42,44.68728,-124.156658
2021-05-22T03:06:46.000,2.77,23.07,7.42,44.68728,-124.156658
2021-05-22T03:21:46.000,2.8,23.32,7.42,44.68728,-124.156658
2021-05-22T03:36:46.000,2.83,23.55,7.42,44.68728,-124.156658
2021-05-22T03:51:46.000,2.82,23.51,7.42,44.68728,-124.156658
2021-05-22T04:06:46.000,2.83,23.52,7.41,44.68728,-124.156658
2021-05-22T04:21:46.000,2.79,23.22,7.41,44.68728,-124.156658
2021-05-22T04:36:46.000,2.77,23.06,7.41,44.68728,-124.156658
2021-05-22T04:51:46.000,2.77,23.06,7.4,44.68728,-124.156658
2021-05-22T05:06:46.000,2.77,23.05,7.4,44.68728,-124.156658
2021-05-22T05:21:46.000,2.8,23.3,7.4,44.68728,-124.156658
2021-05-22T05:36:46.000,2.82,23.44,7.4,44.68728,-124.156658
2021-05-22T05:51:46.000,2.84,23.59,7.4,44.68728,-124.156658
2021-05-22T06:06:46.000,2.85,23.7,7.4,44.68728,-124.156658
2021-05-22T06:21:46.000,2.84,23.62,7.4,44.68728,-124.156658
2021-05-22T06:36:46.000,2.84,23.59,7.39,44.68728,-124.156658
2021-05-22T06:51:46.000,2.85,23.72,7.39,44.68728,-124.156658
2021-05-22T07:06:46.000,2.86,23.77,7.39,44.68728,-124.156658
2021-05-22T07:21:46.000,2.87,23.88,7.39,44.68728,-124.156658
2021-05-22T07:36:46.000,2.88,23.93,7.39,44.68728,-124.156658
2021-05-22T07:51:46.000,2.87,23.9,7.39,44.68728,-124.156658
2021-05-22T08:06:46.000,2.89,24.03,7.39,44.68728,-124.156658
2021-05-22T08:21:46.000,2.9,24.1,7.39,44.68728,-124.156658
2021-05-22T08:36:46.000,2.89,24.01,7.39,44.68728,-124.156658
2021-05-22T08:51:46.000,2.91,24.22,7.39,44.68728,-124.156658
2021-05-22T09:06:46.000,2.91,24.2,7.39,44.68728,-124.156658
2021-05-22T09:21:46.000,2.91,24.23,7.39,44.68728,-124.156658
2021-05-22T09:36:46.000,2.92,24.27,7.39,44.68728,-124.156658
2021-05-22T09:51:46.000,2.94,24.48,7.39,44.68728,-124.156658
2021-05-22T10:06:46.000,2.95,24.55,7.39,44.68728,-124.156658
2021-05-22T10:21:46.000,2.92,24.28,7.39,44.68728,-124.156658
2021-05-22T10:36:46.000,2.92,24.27,7.39,44.68728,-124.156658
2021-05-22T10:51:46.000,2.89,24.08,7.39,44.68728,-124.156658
2021-05-22T11:06:46.000,2.99,24.87,7.39,44.68728,-124.156658
2021-05-22T11:21:46.000,3.02,25.1,7.39,44.68728,-124.156658
2021-05-22T11:36:46.000,2.94,24.48,7.39,44.68728,-124.156658
2021-05-22T11:51:46.000,2.92,24.28,7.39,44.68728,-124.156658
2021-05-22T12:06:46.000,2.96,24.58,7.39,44.68728,-124.156658
2021-05-22T12:21:46.000,3.02,25.11,7.39,44.68728,-124.156658
2021-05-22T12:36:46.000,3.05,25.37,7.39,44.68728,-124.156658
2021-05-22T12:51:46.000,3,24.92,7.39,44.68728,-124.156658
2021-05-22T13:06:46.000,2.97,24.73,7.39,44.68728,-124.156658
2021-05-22T13:21:46.000,2.97,24.73,7.38,44.68728,-124.156658
2021-05-22T13:36:46.000,3.03,25.2,7.39,44.68728,-124.156658
2021-05-22T13:51:46.000,2.99,24.87,7.37,44.68728,-124.156658
2021-05-22T14:06:46.000,2.99,24.86,7.37,44.68728,-124.156658
2021-05-22T14:21:46.000,2.98,24.77,7.37,44.68728,-124.156658
2021-05-22T14:36:46.000,2.96,24.57,7.37,44.68728,-124.156658
2021-05-22T14:51:46.000,2.93,24.35,7.37,44.68728,-124.156658
2021-05-22T15:06:46.000,2.94,24.47,7.36,44.68728,-124.156658
2021-05-22T15:21:46.000,2.91,24.16,7.35,44.68728,-124.156658
2021-05-22T15:36:46.000,2.91,24.19,7.34,44.68728,-124.156658
2021-05-22T15:51:46.000,2.9,24.08,7.34,44.68728,-124.156658
2021-05-22T16:06:46.000,2.85,23.68,7.32,44.68728,-124.156658
2021-05-22T16:21:46.000,2.84,23.56,7.32,44.68728,-124.156658
2021-05-22T16:36:46.000,2.82,23.43,7.32,44.68728,-124.156658
2021-05-22T16:51:46.000,2.84,23.6,7.32,44.68728,-124.156658
2021-05-22T17:06:46.000,2.84,23.59,7.31,44.68728,-124.156658
2021-05-22T17:21:46.000,2.88,23.94,7.32,44.68728,-124.156658
2021-05-22T17:36:46.000,3.01,25,7.32,44.68728,-124.156658
2021-05-22T17:51:46.000,3.2,26.6,7.34,44.68728,-124.156658
2021-05-22T18:06:46.000,3.26,27.1,7.34,44.68728,-124.156658
2021-05-22T18:21:46.000,3.16,26.22,7.33,44.68728,-124.156658
2021-05-22T18:36:46.000,2.92,24.21,7.3,44.68728,-124.156658
2021-05-22T18:51:46.000,2.83,23.48,7.29,44.68728,-124.156658
2021-05-22T19:06:46.000,2.91,24.16,7.29,44.68728,-124.156658
2021-05-22T19:21:46.000,3.09,25.69,7.32,44.68728,-124.156658
2021-05-22T19:36:46.000,3.23,26.87,7.34,44.68728,-124.156658
2021-05-22T19:51:46.000,3.13,26,7.32,44.68728,-124.156658
2021-05-22T20:06:46.000,3.29,27.29,7.34,44.68728,-124.156658
2021-05-22T20:21:46.000,3.4,28.23,7.37,44.68728,-124.156658
2021-05-22T20:36:46.000,3.53,29.33,7.38,44.68728,-124.156658
2021-05-22T20:51:46.000,3.61,30.04,7.39,44.68728,-124.156658
2021-05-22T21:06:46.000,3.66,30.48,7.4,44.68728,-124.156658
2021-05-22T21:21:46.000,3.76,31.29,7.41,44.68728,-124.156658
2021-05-22T21:36:46.000,3.85,32.06,7.42,44.68728,-124.156658
2021-05-22T21:51:46.000,3.93,32.71,7.44,44.68728,-124.156658
2021-05-22T22:06:46.000,3.51,29.23,7.39,44.68728,-124.156658
2021-05-22T22:21:46.000,3.42,28.43,7.38,44.68728,-124.156658
2021-05-22T22:36:46.000,3.42,28.44,7.38,44.68728,-124.156658
2021-05-22T22:51:46.000,3.43,28.55,7.38,44.68728,-124.156658
2021-05-22T23:06:46.000,3.35,27.84,7.37,44.68728,-124.156658
2021-05-22T23:21:46.000,3.33,27.68,7.37,44.68728,-124.156658
2021-05-22T23:36:46.000,3.32,27.62,7.37,44.68728,-124.156658
2021-05-22T23:51:46.000,3.35,27.85,7.37,44.68728,-124.156658
2021-05-23T00:06:46.000,3.38,28.11,7.37,44.68728,-124.156658
2021-05-23T00:21:46.000,3.4,28.29,7.37,44.68728,-124.156658
2021-05-23T00:36:46.000,3.4,28.23,7.37,44.68728,-124.156658
2021-05-23T00:51:46.000,3.39,28.15,7.37,44.68728,-124.156658
2021-05-23T01:06:46.000,3.38,28.13,7.37,44.68728,-124.156658
2021-05-23T01:21:46.000,3.39,28.18,7.37,44.68728,-124.156658
2021-05-23T01:36:46.000,3.43,28.5,7.37,44.68728,-124.156658
2021-05-23T01:51:46.000,3.37,28.02,7.37,44.68728,-124.156658
2021-05-23T02:06:46.000,3.36,27.9,7.37,44.68728,-124.156658
2021-05-23T02:21:46.000,3.36,27.9,7.37,44.68728,-124.156658
2021-05-23T02:36:46.000,3.34,27.74,7.37,44.68728,-124.156658
2021-05-23T02:51:46.000,3.34,27.76,7.37,44.68728,-124.156658
2021-05-23T03:06:46.000,3.4,28.3,7.38,44.68728,-124.156658
2021-05-23T03:21:46.000,3.4,28.27,7.38,44.68728,-124.156658
2021-05-23T03:36:46.000,3.54,29.42,7.39,44.68728,-124.156658
2021-05-23T03:51:46.000,3.28,27.27,7.37,44.68728,-124.156658
2021-05-23T04:06:46.000,3.16,26.25,7.35,44.68728,-124.156658
2021-05-23T04:21:46.000,3.1,25.77,7.34,44.68728,-124.156658
2021-05-23T04:36:46.000,3.07,25.51,7.34,44.68728,-124.156658
2021-05-23T04:51:46.000,3.04,25.24,7.34,44.68728,-124.156658
2021-05-23T05:06:46.000,3.01,25.03,7.34,44.68728,-124.156658
2021-05-23T05:21:46.000,2.98,24.78,7.33,44.68728,-124.156658
2021-05-23T05:36:46.000,3.01,24.96,7.33,44.68728,-124.156658
2021-05-23T05:51:46.000,2.99,24.83,7.32,44.68728,-124.156658
2021-05-23T06:06:46.000,2.97,24.68,7.32,44.68728,-124.156658
2021-05-23T06:21:46.000,2.95,24.48,7.32,44.68728,-124.156658
2021-05-23T06:36:46.000,2.92,24.24,7.32,44.68728,-124.156658
2021-05-23T06:51:46.000,2.91,24.2,7.32,44.68728,-124.156658
2021-05-23T07:06:46.000,2.89,23.99,7.31,44.68728,-124.156658
2021-05-23T07:21:46.000,2.91,24.16,7.31,44.68728,-124.156658
2021-05-23T07:36:46.000,2.93,24.36,7.31,44.68728,-124.156658
2021-05-23T07:51:46.000,3.02,25.04,7.32,44.68728,-124.156658
2021-05-23T08:06:46.000,2.99,24.8,7.31,44.68728,-124.156658
2021-05-23T08:21:46.000,2.96,24.57,7.31,44.68728,-124.156658
2021-05-23T08:36:46.000,3.07,25.45,7.32,44.68728,-124.156658
2021-05-23T08:51:46.000,3.14,26.1,7.32,44.68728,-124.156658
2021-05-23T09:06:46.000,3.26,27.07,7.34,44.68728,-124.156658
2021-05-23T09:21:46.000,3.48,28.94,7.37,44.68728,-124.156658
2021-05-23T09:36:46.000,3.53,29.35,7.37,44.68728,-124.156658
2021-05-23T09:51:46.000,3.4,28.29,7.36,44.68728,-124.156658
2021-05-23T10:06:46.000,3.31,27.53,7.34,44.68728,-124.156658
2021-05-23T10:21:46.000,3.28,27.25,7.34,44.68728,-124.156658
2021-05-23T10:36:46.000,3.2,26.53,7.32,44.68728,-124.156658
2021-05-23T10:51:46.000,3.29,27.31,7.34,44.68728,-124.156658
2021-05-23T11:06:46.000,3.44,28.59,7.34,44.68728,-124.156658
2021-05-23T11:21:46.000,3.56,29.55,7.34,44.68728,-124.156658
2021-05-23T11:36:46.000,3.66,30.44,7.36,44.68728,-124.156658
2021-05-23T11:51:46.000,3.66,30.45,7.36,44.68728,-124.156658
2021-05-23T12:06:46.000,3.67,30.51,7.36,44.68728,-124.156658
2021-05-23T12:21:46.000,3.65,30.35,7.36,44.68728,-124.156658
2021-05-23T12:36:46.000,3.59,29.79,7.34,44.68728,-124.156658
2021-05-23T12:51:46.000,3.53,29.36,7.34,44.68728,-124.156658
2021-05-23T13:06:46.000,3.47,28.86,7.34,44.68728,-124.156658
2021-05-23T13:21:46.000,3.49,28.97,7.34,44.68728,-124.156658
2021-05-23T13:36:46.000,3.52,29.27,7.34,44.68728,-124.156658
2021-05-23T13:51:46.000,3.37,28.02,7.32,44.68728,-124.156658
2021-05-23T14:06:46.000,3.37,28.01,7.32,44.68728,-124.156658
2021-05-23T14:21:46.000,3.41,28.33,7.34,44.68728,-124.156658
2021-05-23T14:36:46.000,3.5,29.06,7.34,44.68728,-124.156658
2021-05-23T14:51:46.000,3.52,29.23,7.34,44.68728,-124.156658
2021-05-23T15:06:46.000,3.51,29.2,7.34,44.68728,-124.156658
2021-05-23T15:21:46.000,3.49,29,7.34,44.68728,-124.156658
2021-05-23T15:36:46.000,3.42,28.41,7.32,44.68728,-124.156658
2021-05-23T15:51:46.000,3.37,27.95,7.32,44.68728,-124.156658
2021-05-23T16:06:46.000,3.34,27.71,7.32,44.68728,-124.156658
2021-05-23T16:21:46.000,3.37,27.96,7.32,44.68728,-124.156658
2021-05-23T16:36:46.000,3.35,27.78,7.32,44.68728,-124.156658
2021-05-23T16:51:46.000,3.34,27.75,7.32,44.68728,-124.156658
2021-05-23T17:06:46.000,3.24,26.92,7.31,44.68728,-124.156658
2021-05-23T17:21:46.000,2.97,24.68,7.29,44.68728,-124.156658
2021-05-23T17:36:46.000,2.95,24.49,7.29,44.68728,-124.156658
2021-05-23T17:51:46.000,2.99,24.84,7.29,44.68728,-124.156658
2021-05-23T18:06:46.000,3.05,25.32,7.3,44.68728,-124.156658
2021-05-23T18:21:46.000,3.13,26,7.31,44.68728,-124.156658
