Time (UTC),DO (ml/L),Dissolved Oxygen (%),Temperature (C),Latitude,Longitude
2021-07-28T15:32:51.000,4.5,37.88,7.91,44.68728,-124.156658
2021-07-28T15:47:51.000,4.32,36.38,7.87,44.68728,-124.156658
2021-07-28T16:02:51.000,4.21,35.41,7.85,44.68728,-124.156658
2021-07-28T16:17:51.000,4.12,34.67,7.83,44.68728,-124.156658
2021-07-28T16:32:51.000,4.08,34.28,7.83,44.68728,-124.156658
2021-07-28T16:47:51.000,4.04,33.93,7.82,44.68728,-124.156658
2021-07-28T17:02:51.000,4.01,33.71,7.81,44.68728,-124.156658
2021-07-28T17:17:51.000,3.98,33.46,7.8,44.68728,-124.156658
2021-07-28T17:32:51.000,3.86,32.42,7.78,44.68728,-124.156658
2021-07-28T17:47:51.000,3.82,32.06,7.77,44.68728,-124.156658
2021-07-28T18:02:51.000,3.76,31.61,7.77,44.68728,-124.156658
2021-07-28T18:17:51.000,3.78,31.71,7.78,44.68728,-124.156658
2021-07-28T18:32:51.000,3.78,31.73,7.78,44.68728,-124.156658
2021-07-28T18:47:51.000,3.72,31.26,7.78,44.68728,-124.156658
2021-07-28T19:02:51.000,3.73,31.31,7.78,44.68728,-124.156658
2021-07-28T19:17:51.000,3.73,31.34,7.78,44.68728,-124.156658
2021-07-28T19:32:51.000,3.79,31.81,7.78,44.68728,-124.156658
2021-07-28T19:47:51.000,3.82,32.12,7.78,44.68728,-124.156658
2021-07-28T20:02:51.000,3.82,32.09,7.78,44.68728,-124.156658
2021-07-28T20:17:51.000,3.84,32.22,7.78,44.68728,-124.156658
2021-07-28T20:32:51.000,3.88,32.64,7.8,44.68728,-124.156658
2021-07-28T20:47:51.000,4.01,33.75,7.82,44.68728,-124.156658
2021-07-28T21:02:51.000,4.1,34.44,7.84,44.68728,-124.156658
2021-07-28T21:17:51.000,4.19,35.22,7.85,44.68728,-124.156658
2021-07-28T21:32:51.000,4.31,36.25,7.87,44.68728,-124.156658
2021-07-28T21:47:51.000,4.5,37.91,7.92,44.68728,-124.156658
2021-07-28T22:02:51.000,4.57,38.5,7.94,44.68728,-124.156658
2021-07-28T22:17:51.000,4.49,37.85,7.95,44.68728,-124.156658
2021-07-28T22:32:51.000,4.37,36.87,7.94,44.68728,-124.156658
2021-07-28T22:47:51.000,4.34,36.56,7.94,44.68728,-124.156658
2021-07-28T23:02:51.000,4.34,36.59,7.95,44.68728,-124.156658
2021-07-28T23:17:51.000,4.38,36.95,7.95,44.68728,-124.156658
2021-07-28T23:32:51.000,4.41,37.22,7.95,44.68728,-124.156658
2021-07-28T23:47:51.000,4.49,37.85,7.96,44.68728,-124.156658
2021-07-29T00:02:51.000,4.55,38.4,7.97,44.68728,-124.156658
2021-07-29T00:17:51.000,4.64,39.16,8.02,44.68728,-124.156658
2021-07-29T00:32:51.000,4.84,40.9,8.07,44.68728,-124.156658
2021-07-29T00:47:51.000,5.04,42.67,8.13,44.68728,-124.156658
2021-07-29T01:02:51.000,5.31,45.06,8.19,44.68728,-124.156658
2021-07-29T01:17:51.000,5.73,48.67,8.28,44.68728,-124.156658
2021-07-29T01:32:51.000,6.12,52.2,8.38,44.68728,-124.156658
2021-07-29T01:47:51.000,6.22,53.05,8.42,44.68728,-124.156658
2021-07-29T02:02:51.000,6.25,53.29,8.43,44.68728,-124.156658
2021-07-29T02:17:51.000,6.25,53.37,8.43,44.68728,-124.156658
2021-07-29T02:32:51.000,6.19,52.85,8.43,44.68728,-124.156658
2021-07-29T02:47:51.000,6.14,52.38,8.42,44.68728,-124.156658
2021-07-29T03:02:51.000,6.07,51.76,8.42,44.68728,-124.156658
2021-07-29T03:17:51.000,5.95,50.73,8.42,44.68728,-124.156658
2021-07-29T03:32:51.000,5.85,49.93,8.43,44.68728,-124.156658
2021-07-29T03:47:51.000,5.74,49.01,8.43,44.68728,-124.156658
2021-07-29T04:02:51.000,5.6,47.8,8.41,44.68728,-124.156658
2021-07-29T04:17:51.000,5.53,47.09,8.38,44.68728,-124.156658
2021-07-29T04:32:51.000,5.47,46.56,8.35,44.68728,-124.156658
2021-07-29T04:47:51.000,5.46,46.48,8.35,44.68728,-124.156658
2021-07-29T05:02:51.000,5.48,46.68,8.35,44.68728,-124.156658
2021-07-29T05:17:51.000,5.52,47,8.35,44.68728,-124.156658
2021-07-29T05:32:51.000,5.5,46.82,8.33,44.68728,-124.156658
2021-07-29T05:47:51.000,5.25,44.58,8.27,44.68728,-124.156658
2021-07-29T06:02:51.000,4.8,40.7,8.18,44.68728,-124.156658
2021-07-29T06:17:51.000,4.68,39.71,8.16,44.68728,-124.156658
2021-07-29T06:32:51.000,4.72,40,8.16,44.68728,-124.156658
2021-07-29T06:47:51.000,4.79,40.6,8.19,44.68728,-124.156658
2021-07-29T07:02:51.000,4.91,41.72,8.21,44.68728,-124.156658
2021-07-29T07:17:51.000,5.04,42.8,8.25,44.68728,-124.156658
2021-07-29T07:32:51.000,4.95,42.02,8.25,44.68728,-124.156658
2021-07-29T07:47:51.000,4.97,42.2,8.26,44.68728,-124.156658
2021-07-29T08:02:51.000,5.09,43.31,8.28,44.68728,-124.156658
2021-07-29T08:17:51.000,5.28,44.9,8.31,44.68728,-124.156658
2021-07-29T08:32:51.000,5.36,45.59,8.33,44.68728,-124.156658
2021-07-29T08:47:51.000,5.49,46.69,8.33,44.68728,-124.156658
2021-07-29T09:02:51.000,5.51,46.9,8.35,44.68728,-124.156658
2021-07-29T09:17:51.000,5.53,47.08,8.35,44.68728,-124.156658
2021-07-29T09:32:51.000,5.4,45.96,8.33,44.68728,-124.156658
2021-07-29T09:47:51.000,5.18,44.08,8.31,44.68728,-124.156658
2021-07-29T10:02:51.000,5,42.55,8.28,44.68728,-124.156658
2021-07-29T10:17:51.000,4.86,41.35,8.28,44.68728,-124.156658
2021-07-29T10:32:51.000,4.79,40.71,8.26,44.68728,-124.156658
2021-07-29T10:47:51.000,4.79,40.73,8.27,44.68728,-124.156658
2021-07-29T11:02:51.000,4.83,41.09,8.27,44.68728,-124.156658
2021-07-29T11:17:51.000,4.9,41.68,8.27,44.68728,-124.156658
2021-07-29T11:32:51.000,4.9,41.62,8.27,44.68728,-124.156658
2021-07-29T11:47:51.000,4.9,41.67,8.27,44.68728,-124.156658
2021-07-29T12:02:51.000,4.94,41.99,8.27,44.68728,-124.156658
2021-07-29T12:17:51.000,4.88,41.5,8.26,44.68728,-124.156658
2021-07-29T12:32:51.000,4.8,40.81,8.26,44.68728,-124.156658
2021-07-29T12:47:51.000,4.7,39.92,8.24,44.68728,-124.156658
2021-07-29T13:02:51.000,4.62,39.2,8.23,44.68728,-124.156658
2021-07-29T13:17:51.000,4.39,37.24,8.2,44.68728,-124.156658
2021-07-29T13:32:51.000,4.31,36.55,8.17,44.68728,-124.156658
2021-07-29T13:47:51.000,4.14,35.13,8.16,44.68728,-124.156658
2021-07-29T14:02:51.000,4.19,35.52,8.14,44.68728,-124.156658
2021-07-29T14:17:51.000,4.07,34.51,8.14,44.68728,-124.156658
2021-07-29T14:32:51.000,3.93,33.26,8.14,44.68728,-124.156658
2021-07-29T14:47:51.000,3.82,32.37,8.14,44.68728,-124.156658
2021-07-29T15:02:51.000,3.96,33.54,8.14,44.68728,-124.156658
2021-07-29T15:17:51.000,4.01,33.94,8.14,44.68728,-124.156658
2021-07-29T15:32:51.000,3.62,30.64,8.11,44.68728,-124.156658
2021-07-29T15:47:51.000,3.82,32.34,8.11,44.68728,-124.156658
2021-07-29T16:02:51.000,0.67,5.64,8.09,44.68728,-124.156658
2021-07-29T16:17:51.000,0.47,3.96,8.08,44.68728,-124.156658
2021-07-29T16:32:51.000,1,8.5,8.07,44.68728,-124.156658
2021-07-29T16:47:51.000,1.97,16.64,8.05,44.68728,-124.156658
2021-07-29T17:02:51.000,1.72,14.53,8.04,44.68728,-124.156658
2021-07-29T17:17:51.000,1.03,8.68,8.04,44.68728,-124.156658
2021-07-29T17:32:51.000,2.66,22.45,8.03,44.68728,-124.156658
2021-07-29T17:47:51.000,2.89,24.42,8.02,44.68728,-124.156658
2021-07-29T18:02:51.000,3.03,25.56,8.02,44.68728,-124.156658
2021-07-29T18:17:51.000,2.16,18.28,8.02,44.68728,-124.156658
2021-07-29T18:32:51.000,2.09,17.62,8.02,44.68728,-124.156658
2021-07-29T18:47:51.000,3.99,33.74,8.02,44.68728,-124.156658
2021-07-29T19:02:51.000,4.12,34.84,8.01,44.68728,-124.156658
2021-07-29T19:17:51.000,3.98,33.58,8.01,44.68728,-124.156658
2021-07-29T19:32:51.000,3.61,30.52,8.01,44.68728,-124.156658
2021-07-29T19:47:51.000,3.89,32.84,8.02,44.68728,-124.156658
2021-07-29T20:02:51.000,3.82,32.29,8.02,44.68728,-124.156658
2021-07-29T20:17:51.000,2.96,25.02,8.02,44.68728,-124.156658
2021-07-29T20:32:51.000,3.29,27.81,8.04,44.68728,-124.156658
2021-07-29T20:47:51.000,3.76,31.79,8.08,44.68728,-124.156658
2021-07-29T21:02:51.000,3.24,27.43,8.09,44.68728,-124.156658
2021-07-29T21:17:51.000,3.09,26.11,8.09,44.68728,-124.156658
2021-07-29T21:32:51.000,2.4,20.31,8.09,44.68728,-124.156658
2021-07-29T21:47:51.000,2.12,17.91,8.1,44.68728,-124.156658
2021-07-29T22:02:51.000,2.26,19.16,8.11,44.68728,-124.156658
2021-07-29T22:17:51.000,2.42,20.5,8.14,44.68728,-124.156658
2021-07-29T22:32:51.000,2.19,18.52,8.14,44.68728,-124.156658
2021-07-29T22:47:51.000,2.25,19.07,8.14,44.68728,-124.156658
2021-07-29T23:02:51.000,2.42,20.53,8.16,44.68728,-124.156658
2021-07-29T23:17:51.000,2.48,21.05,8.23,44.68728,-124.156658
2021-07-29T23:32:51.000,2.3,19.61,8.35,44.68728,-124.156658
2021-07-29T23:47:51.000,2.04,17.42,8.49,44.68728,-124.156658
2021-07-30T00:02:51.000,2.34,20.01,8.47,44.68728,-124.156658
2021-07-30T00:17:51.000,2.29,19.58,8.5,44.68728,-124.156658
2021-07-30T00:32:51.000,2.21,18.84,8.46,44.68728,-124.156658
2021-07-30T00:47:51.000,2.68,22.93,8.47,44.68728,-124.156658
2021-07-30T01:02:51.000,2.4,20.52,8.45,44.68728,-124.156658
2021-07-30T01:17:51.000,2.25,19.18,8.45,44.68728,-124.156658
2021-07-30T01:32:51.000,1.64,13.98,8.46,44.68728,-124.156658
2021-07-30T01:47:51.000,4.38,37.45,8.47,44.68728,-124.156658
2021-07-30T02:02:51.000,4.79,40.93,8.47,44.68728,-124.156658
2021-07-30T02:17:51.000,3.67,31.35,8.47,44.68728,-124.156658
2021-07-30T02:32:51.000,3.38,28.85,8.48,44.68728,-124.156658
2021-07-30T02:47:51.000,3.12,26.61,8.48,44.68728,-124.156658
2021-07-30T03:02:51.000,3.4,29.01,8.47,44.68728,-124.156658
2021-07-30T03:17:51.000,3.2,27.3,8.47,44.68728,-124.156658
2021-07-30T03:32:51.000,3.54,30.22,8.49,44.68728,-124.156658
2021-07-30T03:47:51.000,3.12,26.69,8.49,44.68728,-124.156658
2021-07-30T04:02:51.000,2.77,23.7,8.5,44.68728,-124.156658
2021-07-30T04:17:51.000,2.77,23.71,8.51,44.68728,-124.156658
2021-07-30T04:32:51.000,2.84,24.27,8.52,44.68728,-124.156658
2021-07-30T04:47:51.000,2.78,23.83,8.57,44.68728,-124.156658
2021-07-30T05:02:51.000,1.31,11.19,8.57,44.68728,-124.156658
2021-07-30T05:17:51.000,5.34,45.76,8.59,44.68728,-124.156658
2021-07-30T05:32:51.000,5.98,51.23,8.59,44.68728,-124.156658
2021-07-30T05:47:51.000,5.99,51.28,8.59,44.68728,-124.156658
2021-07-30T06:02:51.000,6.02,51.58,8.59,44.68728,-124.156658
2021-07-30T06:17:51.000,5.94,50.84,8.57,44.68728,-124.156658
2021-07-30T06:32:51.000,5.69,48.65,8.54,44.68728,-124.156658
2021-07-30T06:47:51.000,5.6,47.93,8.52,44.68728,-124.156658
2021-07-30T07:02:51.000,5.52,47.19,8.52,44.68728,-124.156658
2021-07-30T07:17:51.000,5.43,46.42,8.5,44.68728,-124.156658
2021-07-30T07:32:51.000,5.29,45.19,8.49,44.68728,-124.156658
2021-07-30T07:47:51.000,5.1,43.59,8.47,44.68728,-124.156658
2021-07-30T08:02:51.000,4.9,41.86,8.45,44.68728,-124.156658
2021-07-30T08:17:51.000,4.71,40.16,8.43,44.68728,-124.156658
2021-07-30T08:32:51.000,4.54,38.76,8.42,44.68728,-124.156658
2021-07-30T08:47:51.000,2.63,22.47,8.42,44.68728,-124.156658
2021-07-30T09:02:51.000,4.3,36.64,8.4,44.68728,-124.156658
2021-07-30T09:17:51.000,4.16,35.44,8.4,44.68728,-124.156658
2021-07-30T09:32:51.000,4.06,34.59,8.38,44.68728,-124.156658
2021-07-30T09:47:51.000,3.94,33.59,8.38,44.68728,-124.156658
2021-07-30T10:02:51.000,3.87,32.96,8.38,44.68728,-124.156658
2021-07-30T10:17:51.000,3.79,32.31,8.37,44.68728,-124.156658
2021-07-30T10:32:51.000,3.8,32.37,8.37,44.68728,-124.156658
2021-07-30T10:47:51.000,3.73,31.77,8.36,44.68728,-124.156658
2021-07-30T11:02:51.000,3.69,31.46,8.35,44.68728,-124.156658
2021-07-30T11:17:51.000,3.73,31.79,8.36,44.68728,-124.156658
2021-07-30T11:32:51.000,3.72,31.72,8.37,44.68728,-124.156658
2021-07-30T11:47:51.000,3.79,32.28,8.4,44.68728,-124.156658
2021-07-30T12:02:51.000,3.68,31.31,8.35,44.68728,-124.156658
2021-07-30T12:17:51.000,3.54,30.11,8.34,44.68728,-124.156658
2021-07-30T12:32:51.000,3.33,28.31,8.32,44.68728,-124.156658
2021-07-30T12:47:51.000,3.26,27.7,8.32,44.68728,-124.156658
2021-07-30T13:02:51.000,3.28,27.95,8.31,44.68728,-124.156658
2021-07-30T13:17:51.000,3.1,26.38,8.28,44.68728,-124.156658
2021-07-30T13:32:51.000,2.98,25.32,8.27,44.68728,-124.156658
2021-07-30T13:47:51.000,2.86,24.26,8.25,44.68728,-124.156658
2021-07-30T14:02:51.000,2.84,24.13,8.25,44.68728,-124.156658
2021-07-30T14:17:51.000,2.86,24.29,8.26,44.68728,-124.156658
2021-07-30T14:32:51.000,2.82,23.95,8.25,44.68728,-124.156658
2021-07-30T14:47:51.000,2.87,24.37,8.26,44.68728,-124.156658
2021-07-30T15:02:51.000,2.82,23.94,8.25,44.68728,-124.156658
2021-07-30T15:17:51.000,2.88,24.44,8.26,44.68728,-124.156658
2021-07-30T15:32:51.000,2.92,24.78,8.26,44.68728,-124.156658
2021-07-30T15:47:51.000,2.92,24.79,8.26,44.68728,-124.156658
2021-07-30T16:02:51.000,3.07,26.09,8.29,44.68728,-124.156658
2021-07-30T16:17:51.000,3.05,25.91,8.28,44.68728,-124.156658
2021-07-30T16:32:51.000,2.88,24.5,8.26,44.68728,-124.156658
2021-07-30T16:47:51.000,3.12,26.57,8.3,44.68728,-124.156658
2021-07-30T17:02:51.000,3.27,27.82,8.31,44.68728,-124.156658
2021-07-30T17:17:51.000,3.44,29.3,8.33,44.68728,-124.156658
2021-07-30T17:32:51.000,3.65,31.08,8.37,44.68728,-124.156658
2021-07-30T17:47:51.000,3.99,34,8.4,44.68728,-124.156658
2021-07-30T18:02:51.000,4.12,35.19,8.42,44.68728,-124.156658
2021-07-30T18:17:51.000,4.4,37.59,8.45,44.68728,-124.156658
2021-07-30T18:32:51.000,4.44,37.9,8.45,44.68728,-124.156658
2021-07-30T18:47:51.000,4.46,38.1,8.45,44.68728,-124.156658
2021-07-30T19:02:51.000,4.49,38.38,8.47,44.68728,-124.156658
2021-07-30T19:17:51.000,4.48,38.26,8.46,44.68728,-124.156658
2021-07-30T19:32:51.000,4.47,38.2,8.45,44.68728,-124.156658
2021-07-30T19:47:51.000,4.33,36.97,8.45,44.68728,-124.156658
2021-07-30T20:02:51.000,4.28,36.56,8.45,44.68728,-124.156658
2021-07-30T20:17:51.000,4.2,35.86,8.42,44.68728,-124.156658
2021-07-30T20:32:51.000,4.07,34.75,8.42,44.68728,-124.156658
2021-07-30T20:47:51.000,3.86,32.93,8.39,44.68728,-124.156658
2021-07-30T21:02:51.000,3.71,31.59,8.37,44.68728,-124.156658
2021-07-30T21:17:51.000,3.3,28.09,8.33,44.68728,-124.156658
2021-07-30T21:32:51.000,3.03,25.74,8.28,44.68728,-124.156658
2021-07-30T21:47:51.000,2.97,25.28,8.28,44.68728,-124.156658
2021-07-30T22:02:51.000,2.88,24.51,8.26,44.68728,-124.156658
2021-07-30T22:17:51.000,2.86,24.28,8.26,44.68728,-124.156658
2021-07-30T22:32:51.000,2.91,24.76,8.27,44.68728,-124.156658
2021-07-30T22:47:51.000,2.93,24.89,8.27,44.68728,-124.156658
2021-07-30T23:02:51.000,2.9,24.62,8.28,44.68728,-124.156658
2021-07-30T23:17:51.000,3.06,26.01,8.3,44.68728,-124.156658
2021-07-30T23:32:51.000,3.1,26.34,8.33,44.68728,-124.156658
2021-07-30T23:47:51.000,3.3,28.09,8.35,44.68728,-124.156658
2021-07-31T00:02:51.000,3.47,29.54,8.38,44.68728,-124.156658
2021-07-31T00:17:51.000,3.67,31.35,8.43,44.68728,-124.156658
2021-07-31T00:32:51.000,3.8,32.47,8.45,44.68728,-124.156658
2021-07-31T00:47:51.000,3.48,29.66,8.39,44.68728,-124.156658
2021-07-31T01:02:51.000,3.34,28.42,8.36,44.68728,-124.156658
2021-07-31T01:17:51.000,3.26,27.72,8.35,44.68728,-124.156658
2021-07-31T01:32:51.000,3.19,27.12,8.35,44.68728,-124.156658
2021-07-31T01:47:51.000,3.23,27.5,8.35,44.68728,-124.156658
2021-07-31T02:02:51.000,3.34,28.49,8.38,44.68728,-124.156658
2021-07-31T02:17:51.000,3.37,28.73,8.41,44.68728,-124.156658
2021-07-31T02:32:51.000,3.45,29.4,8.42,44.68728,-124.156658
2021-07-31T02:47:51.000,3.67,31.32,8.47,44.68728,-124.156658
2021-07-31T03:02:51.000,3.84,32.87,8.52,44.68728,-124.156658
2021-07-31T03:17:51.000,4.04,34.59,8.55,44.68728,-124.156658
2021-07-31T03:32:51.000,4.13,35.35,8.57,44.68728,-124.156658
2021-07-31T03:47:51.000,4.11,35.18,8.57,44.68728,-124.156658
2021-07-31T04:02:51.000,4.08,34.91,8.59,44.68728,-124.156658
2021-07-31T04:17:51.000,4.05,34.68,8.59,44.68728,-124.156658
2021-07-31T04:32:51.000,4.02,34.44,8.57,44.68728,-124.156658
2021-07-31T04:47:51.000,3.95,33.86,8.57,44.68728,-124.156658
2021-07-31T05:02:51.000,3.95,33.79,8.57,44.68728,-124.156658
2021-07-31T05:17:51.000,3.98,34.06,8.59,44.68728,-124.156658
2021-07-31T05:32:51.000,3.92,33.57,8.59,44.68728,-124.156658
2021-07-31T05:47:51.000,3.93,33.64,8.59,44.68728,-124.156658
2021-07-31T06:02:51.000,4.07,34.92,8.62,44.68728,-124.156658
2021-07-31T06:17:51.000,4.07,34.89,8.64,44.68728,-124.156658
2021-07-31T06:32:51.000,4.11,35.21,8.64,44.68728,-124.156658
2021-07-31T06:47:51.000,4.15,35.63,8.65,44.68728,-124.156658
2021-07-31T07:02:51.000,4.43,38.02,8.67,44.68728,-124.156658
2021-07-31T07:17:51.000,4.7,40.31,8.69,44.68728,-124.156658
2021-07-31T07:32:51.000,4.62,39.65,8.66,44.68728,-124.156658
2021-07-31T07:47:51.000,4.5,38.56,8.64,44.68728,-124.156658
2021-07-31T08:02:51.000,4.47,38.28,8.62,44.68728,-124.156658
2021-07-31T08:17:51.000,4.39,37.57,8.6,44.68728,-124.156658
2021-07-31T08:32:51.000,4.33,37.06,8.59,44.68728,-124.156658
2021-07-31T08:47:51.000,4.32,36.97,8.59,44.68728,-124.156658
2021-07-31T09:02:51.000,4.15,35.53,8.56,44.68728,-124.156658
2021-07-31T09:17:51.000,4.04,34.53,8.54,44.68728,-124.156658
2021-07-31T09:32:51.000,4.06,34.71,8.54,44.68728,-124.156658
2021-07-31T09:47:51.000,4.03,34.46,8.55,44.68728,-124.156658
2021-07-31T10:02:51.000,4.09,34.97,8.55,44.68728,-124.156658
2021-07-31T10:17:51.000,4.1,35.05,8.55,44.68728,-124.156658
2021-07-31T10:32:51.000,4.08,34.92,8.56,44.68728,-124.156658
2021-07-31T10:47:51.000,4.1,35.13,8.57,44.68728,-124.156658
2021-07-31T11:02:51.000,4.1,35.09,8.57,44.68728,-124.156658
2021-07-31T11:17:51.000,4.1,35.13,8.57,44.68728,-124.156658
2021-07-31T11:32:51.000,4.14,35.43,8.57,44.68728,-124.156658
2021-07-31T11:47:51.000,4.15,35.49,8.57,44.68728,-124.156658
2021-07-31T12:02:51.000,4.18,35.82,8.57,44.68728,-124.156658
2021-07-31T12:17:51.000,4.19,35.85,8.57,44.68728,-124.156658
2021-07-31T12:32:51.000,4.18,35.76,8.57,44.68728,-124.156658
2021-07-31T12:47:51.000,4.14,35.41,8.57,44.68728,-124.156658
2021-07-31T13:02:51.000,4.06,34.79,8.57,44.68728,-124.156658
2021-07-31T13:17:51.000,4.08,34.93,8.57,44.68728,-124.156658
2021-07-31T13:32:51.000,4.08,34.93,8.56,44.68728,-124.156658
2021-07-31T13:47:51.000,4.01,34.34,8.56,44.68728,-124.156658
2021-07-31T14:02:51.000,3.99,34.12,8.56,44.68728,-124.156658
2021-07-31T14:17:51.000,3.98,34.09,8.56,44.68728,-124.156658
2021-07-31T14:32:51.000,4.01,34.33,8.55,44.68728,-124.156658
2021-07-31T14:47:51.000,3.94,33.72,8.55,44.68728,-124.156658
2021-07-31T15:02:51.000,3.93,33.63,8.54,44.68728,-124.156658
2021-07-31T15:17:51.000,4.02,34.47,8.59,44.68728,-124.156658
2021-07-31T15:32:51.000,3.97,33.97,8.57,44.68728,-124.156658
2021-07-31T15:47:51.000,3.84,32.86,8.55,44.68728,-124.156658
2021-07-31T16:02:51.000,3.81,32.63,8.54,44.68728,-124.156658
2021-07-31T16:17:51.000,3.82,32.66,8.54,44.68728,-124.156658
2021-07-31T16:32:51.000,3.86,33.02,8.55,44.68728,-124.156658
2021-07-31T16:47:51.000,3.84,32.85,8.54,44.68728,-124.156658
2021-07-31T17:02:51.000,3.87,33.14,8.54,44.68728,-124.156658
2021-07-31T17:17:51.000,3.81,32.6,8.54,44.68728,-124.156658
2021-07-31T17:32:51.000,3.72,31.83,8.53,44.68728,-124.156658
2021-07-31T17:47:51.000,3.69,31.6,8.53,44.68728,-124.156658
2021-07-31T18:02:51.000,3.68,31.51,8.53,44.68728,-124.156658
2021-07-31T18:17:51.000,3.64,31.16,8.53,44.68728,-124.156658
2021-07-31T18:32:51.000,3.66,31.27,8.52,44.68728,-124.156658
2021-07-31T18:47:51.000,3.64,31.17,8.52,44.68728,-124.156658
2021-07-31T19:02:51.000,3.62,30.97,8.52,44.68728,-124.156658
2021-07-31T19:17:51.000,3.61,30.86,8.52,44.68728,-124.156658
2021-07-31T19:32:51.000,3.61,30.87,8.53,44.68728,-124.156658
2021-07-31T19:47:51.000,3.6,30.78,8.54,44.68728,-124.156658
2021-07-31T20:02:51.000,3.64,31.18,8.54,44.68728,-124.156658
2021-07-31T20:17:51.000,3.62,30.99,8.54,44.68728,-124.156658
2021-07-31T20:32:51.000,3.72,31.84,8.55,44.68728,-124.156658
2021-07-31T20:47:51.000,3.77,32.25,8.57,44.68728,-124.156658
2021-07-31T21:02:51.000,3.95,33.87,8.61,44.68728,-124.156658
2021-07-31T21:17:51.000,4.2,36.02,8.64,44.68728,-124.156658
2021-07-31T21:32:51.000,4.31,37.04,8.68,44.68728,-124.156658
2021-07-31T21:47:51.000,4.25,36.44,8.67,44.68728,-124.156658
2021-07-31T22:02:51.000,4.29,36.84,8.69,44.68728,-124.156658
2021-07-31T22:17:51.000,4.49,38.58,8.74,44.68728,-124.156658
2021-07-31T22:32:51.000,4.82,41.56,8.84,44.68728,-124.156658
2021-07-31T22:47:51.000,5.02,43.34,8.88,44.68728,-124.156658
2021-07-31T23:02:51.000,5.19,44.79,8.93,44.68728,-124.156658
2021-07-31T23:17:51.000,5.38,46.52,8.97,44.68728,-124.156658
2021-07-31T23:32:51.000,5.25,45.41,8.97,44.68728,-124.156658
2021-07-31T23:47:51.000,5.18,44.79,8.95,44.68728,-124.156658
2021-08-01T00:02:51.000,5.05,43.58,8.92,44.68728,-124.156658
2021-08-01T00:17:51.000,4.88,42.09,8.9,44.68728,-124.156658
2021-08-01T00:32:51.000,4.64,39.98,8.86,44.68728,-124.156658
2021-08-01T00:47:51.000,4.6,39.65,8.85,44.68728,-124.156658
2021-08-01T01:02:51.000,4.73,40.78,8.88,44.68728,-124.156658
2021-08-01T01:17:51.000,4.77,41.14,8.91,44.68728,-124.156658
2021-08-01T01:32:51.000,4.93,42.62,8.97,44.68728,-124.156658
2021-08-01T01:47:51.000,5.04,43.6,8.98,44.68728,-124.156658
2021-08-01T02:02:51.000,4.97,43.03,8.99,44.68728,-124.156658
2021-08-01T02:17:51.000,4.93,42.63,8.99,44.68728,-124.156658
2021-08-01T02:32:51.000,4.76,41.08,8.92,44.68728,-124.156658
2021-08-01T02:47:51.000,4.19,36.06,8.76,44.68728,-124.156658
2021-08-01T03:02:51.000,4.04,34.71,8.72,44.68728,-124.156658
2021-08-01T03:17:51.000,4,34.38,8.71,44.68728,-124.156658
2021-08-01T03:32:51.000,3.96,33.95,8.67,44.68728,-124.156658
2021-08-01T03:47:51.000,3.88,33.3,8.65,44.68728,-124.156658
2021-08-01T04:02:51.000,3.81,32.62,8.62,44.68728,-124.156658
2021-08-01T04:17:51.000,3.73,31.92,8.6,44.68728,-124.156658
2021-08-01T04:32:51.000,3.65,31.28,8.58,44.68728,-124.156658
2021-08-01T04:47:51.000,3.61,30.93,8.57,44.68728,-124.156658
2021-08-01T05:02:51.000,3.58,30.67,8.56,44.68728,-124.156658
2021-08-01T05:17:51.000,3.65,31.25,8.56,44.68728,-124.156658
2021-08-01T05:32:51.000,3.67,31.44,8.57,44.68728,-124.156658
2021-08-01T05:47:51.000,3.64,31.15,8.56,44.68728,-124.156658
2021-08-01T06:02:51.000,3.65,31.25,8.57,44.68728,-124.156658
2021-08-01T06:17:51.000,3.78,32.38,8.6,44.68728,-124.156658
2021-08-01T06:32:51.000,3.89,33.3,8.62,44.68728,-124.156658
2021-08-01T06:47:51.000,3.69,31.61,8.57,44.68728,-124.156658
2021-08-01T07:02:51.000,3.65,31.21,8.55,44.68728,-124.156658
2021-08-01T07:17:51.000,3.54,30.26,8.53,44.68728,-124.156658
2021-08-01T07:32:51.000,3.53,30.16,8.54,44.68728,-124.156658
2021-08-01T07:47:51.000,3.46,29.56,8.52,44.68728,-124.156658
2021-08-01T08:02:51.000,3.36,28.69,8.5,44.68728,-124.156658
2021-08-01T08:17:51.000,3.3,28.23,8.49,44.68728,-124.156658
2021-08-01T08:32:51.000,3.27,27.94,8.47,44.68728,-124.156658
2021-08-01T08:47:51.000,3.14,26.78,8.46,44.68728,-124.156658
2021-08-01T09:02:51.000,3.12,26.65,8.46,44.68728,-124.156658
2021-08-01T09:17:51.000,3.05,26.08,8.45,44.68728,-124.156658
2021-08-01T09:32:51.000,2.99,25.55,8.44,44.68728,-124.156658
2021-08-01T09:47:51.000,2.97,25.37,8.43,44.68728,-124.156658
2021-08-01T10:02:51.000,2.95,25.18,8.42,44.68728,-124.156658
2021-08-01T10:17:51.000,2.92,24.95,8.42,44.68728,-124.156658
2021-08-01T10:32:51.000,2.91,24.87,8.42,44.68728,-124.156658
2021-08-01T10:47:51.000,2.93,25.03,8.42,44.68728,-124.156658
2021-08-01T11:02:51.000,2.9,24.7,8.42,44.68728,-124.156658
2021-08-01T11:17:51.000,2.89,24.69,8.42,44.68728,-124.156658
2021-08-01T11:32:51.000,2.86,24.43,8.42,44.68728,-124.156658
2021-08-01T11:47:51.000,2.87,24.46,8.42,44.68728,-124.156658
2021-08-01T12:02:51.000,2.85,24.27,8.41,44.68728,-124.156658
2021-08-01T12:17:51.000,2.82,24.07,8.4,44.68728,-124.156658
2021-08-01T12:32:51.000,2.81,23.96,8.4,44.68728,-124.156658
2021-08-01T12:47:51.000,2.79,23.8,8.4,44.68728,-124.156658
2021-08-01T13:02:51.000,2.81,23.94,8.4,44.68728,-124.156658
2021-08-01T13:17:51.000,2.84,24.22,8.4,44.68728,-124.156658
2021-08-01T13:32:51.000,2.8,23.91,8.4,44.68728,-124.156658
2021-08-01T13:47:51.000,2.76,23.55,8.39,44.68728,-124.156658
2021-08-01T14:02:51.000,2.74,23.33,8.38,44.68728,-124.156658
2021-08-01T14:17:51.000,2.71,23.06,8.38,44.68728,-124.156658
2021-08-01T14:32:51.000,2.67,22.75,8.38,44.68728,-124.156658
2021-08-01T14:47:51.000,2.71,23.09,8.38,44.68728,-124.156658
2021-08-01T15:02:51.000,2.7,23.03,8.38,44.68728,-124.156658
2021-08-01T15:17:51.000,2.69,22.89,8.38,44.68728,-124.156658
2021-08-01T15:32:51.000,2.7,22.97,8.37,44.68728,-124.156658
2021-08-01T15:47:51.000,2.66,22.7,8.37,44.68728,-124.156658
2021-08-01T16:02:51.000,2.65,22.53,8.36,44.68728,-124.156658
2021-08-01T16:17:51.000,2.63,22.4,8.35,44.68728,-124.156658
2021-08-01T16:32:51.000,2.65,22.57,8.35,44.68728,-124.156658
2021-08-01T16:47:51.000,2.63,22.43,8.35,44.68728,-124.156658
2021-08-01T17:02:51.000,2.62,22.31,8.35,44.68728,-124.156658
2021-08-01T17:17:51.000,2.62,22.3,8.35,44.68728,-124.156658
2021-08-01T17:32:51.000,2.68,22.83,8.37,44.68728,-124.156658
2021-08-01T17:47:51.000,2.75,23.41,8.38,44.68728,-124.156658
2021-08-01T18:02:51.000,2.77,23.58,8.4,44.68728,-124.156658
2021-08-01T18:17:51.000,2.81,23.93,8.4,44.68728,-124.156658
2021-08-01T18:32:51.000,2.82,24.03,8.41,44.68728,-124.156658
2021-08-01T18:47:51.000,2.82,24.06,8.42,44.68728,-124.156658
2021-08-01T19:02:51.000,2.85,24.35,8.42,44.68728,-124.156658
2021-08-01T19:17:51.000,2.89,24.66,8.42,44.68728,-124.156658
2021-08-01T19:32:51.000,2.9,24.71,8.42,44.68728,-124.156658
2021-08-01T19:47:51.000,2.85,24.36,8.42,44.68728,-124.156658
2021-08-01T20:02:51.000,2.85,24.31,8.41,44.68728,-124.156658
2021-08-01T20:17:51.000,2.77,23.6,8.39,44.68728,-124.156658
2021-08-01T20:32:51.000,2.69,22.92,8.38,44.68728,-124.156658
2021-08-01T20:47:51.000,2.67,22.76,8.37,44.68728,-124.156658
2021-08-01T21:02:51.000,2.67,22.72,8.38,44.68728,-124.156658
2021-08-01T21:17:51.000,2.7,23.03,8.38,44.68728,-124.156658
2021-08-01T21:32:51.000,2.71,23.07,8.38,44.68728,-124.156658
2021-08-01T21:47:51.000,2.74,23.38,8.4,44.68728,-124.156658
2021-08-01T22:02:51.000,2.62,22.36,8.38,44.68728,-124.156658
2021-08-01T22:17:51.000,2.48,21.16,8.38,44.68728,-124.156658
2021-08-01T22:32:51.000,2.53,21.59,8.4,44.68728,-124.156658
2021-08-01T22:47:51.000,2.86,24.48,8.48,44.68728,-124.156658
2021-08-01T23:02:51.000,3.16,27.03,8.56,44.68728,-124.156658
2021-08-01T23:17:51.000,3.1,26.51,8.54,44.68728,-124.156658
2021-08-01T23:32:51.000,3.04,26.03,8.54,44.68728,-124.156658
2021-08-01T23:47:51.000,3.26,27.92,8.61,44.68728,-124.156658
2021-08-02T00:02:51.000,3.42,29.33,8.64,44.68728,-124.156658
2021-08-02T00:17:51.000,3.39,29.05,8.64,44.68728,-124.156658
2021-08-02T00:32:51.000,3.42,29.31,8.64,44.68728,-124.156658
2021-08-02T00:47:51.000,3.4,29.16,8.65,44.68728,-124.156658
2021-08-02T01:02:51.000,3.38,28.98,8.64,44.68728,-124.156658
2021-08-02T01:17:51.000,3.29,28.23,8.62,44.68728,-124.156658
2021-08-02T01:32:51.000,3.18,27.23,8.59,44.68728,-124.156658
2021-08-02T01:47:51.000,3.14,26.87,8.58,44.68728,-124.156658
2021-08-02T02:02:51.000,3.03,25.94,8.57,44.68728,-124.156658
2021-08-02T02:17:51.000,3.06,26.25,8.59,44.68728,-124.156658
2021-08-02T02:32:51.000,3.15,26.98,8.62,44.68728,-124.156658
2021-08-02T02:47:51.000,3.48,29.89,8.71,44.68728,-124.156658
2021-08-02T03:02:51.000,3.59,30.89,8.76,44.68728,-124.156658
2021-08-02T03:17:51.000,3.78,32.56,8.81,44.68728,-124.156658
2021-08-02T03:32:51.000,3.79,32.63,8.82,44.68728,-124.156658
2021-08-02T03:47:51.000,3.84,33.11,8.85,44.68728,-124.156658
2021-08-02T04:02:51.000,3.83,32.99,8.86,44.68728,-124.156658
2021-08-02T04:17:51.000,4.12,35.63,8.95,44.68728,-124.156658
2021-08-02T04:32:51.000,4.18,36.09,8.94,44.68728,-124.156658
2021-08-02T04:47:51.000,4.12,35.54,8.93,44.68728,-124.156658
2021-08-02T05:02:51.000,4.09,35.31,8.93,44.68728,-124.156658
2021-08-02T05:17:51.000,4.14,35.8,8.95,44.68728,-124.156658
2021-08-02T05:32:51.000,4.15,35.89,8.96,44.68728,-124.156658
2021-08-02T05:47:51.000,4.23,36.54,8.97,44.68728,-124.156658
2021-08-02T06:02:51.000,4.28,37.03,8.98,44.68728,-124.156658
2021-08-02T06:17:51.000,4.24,36.69,8.98,44.68728,-124.156658
2021-08-02T06:32:51.000,4.17,36.01,8.97,44.68728,-124.156658
2021-08-02T06:47:51.000,4.14,35.76,8.97,44.68728,-124.156658
2021-08-02T07:02:51.000,4.14,35.83,8.97,44.68728,-124.156658
2021-08-02T07:17:51.000,4.11,35.51,8.95,44.68728,-124.156658
2021-08-02T07:32:51.000,4.1,35.39,8.95,44.68728,-124.156658
2021-08-02T07:47:51.000,4.1,35.42,8.95,44.68728,-124.156658
2021-08-02T08:02:51.000,4.07,35.16,8.95,44.68728,-124.156658
2021-08-02T08:17:51.000,4.14,35.74,8.95,44.68728,-124.156658
2021-08-02T08:32:51.000,4.03,34.82,8.95,44.68728,-124.156658
2021-08-02T08:47:51.000,4.07,35.16,8.95,44.68728,-124.156658
2021-08-02T09:02:51.000,4.06,35.11,8.95,44.68728,-124.156658
2021-08-02T09:17:51.000,4.1,35.46,8.95,44.68728,-124.156658
2021-08-02T09:32:51.000,4.08,35.26,8.95,44.68728,-124.156658
2021-08-02T09:47:51.000,4.07,35.16,8.95,44.68728,-124.156658
2021-08-02T10:02:51.000,4.05,35.03,8.95,44.68728,-124.156658
2021-08-02T10:17:51.000,4.03,34.86,8.95,44.68728,-124.156658
2021-08-02T10:32:51.000,3.93,33.92,8.93,44.68728,-124.156658
2021-08-02T10:47:51.000,3.94,34.04,8.93,44.68728,-124.156658
2021-08-02T11:02:51.000,3.95,34.14,8.93,44.68728,-124.156658
2021-08-02T11:17:51.000,3.91,33.8,8.94,44.68728,-124.156658
2021-08-02T11:32:51.000,3.92,33.88,8.95,44.68728,-124.156658
2021-08-02T11:47:51.000,3.88,33.55,8.95,44.68728,-124.156658
2021-08-02T12:02:51.000,3.89,33.65,8.95,44.68728,-124.156658
2021-08-02T12:17:51.000,3.91,33.8,8.95,44.68728,-124.156658
2021-08-02T12:32:51.000,3.87,33.44,8.95,44.68728,-124.156658
2021-08-02T12:47:51.000,3.91,33.82,8.95,44.68728,-124.156658
2021-08-02T13:02:51.000,3.99,34.46,8.99,44.68728,-124.156658
2021-08-02T13:17:51.000,4.06,35.08,9,44.68728,-124.156658
2021-08-02T13:32:51.000,4.56,39.52,9.11,44.68728,-124.156658
2021-08-02T13:47:51.000,4.64,40.31,9.14,44.68728,-124.156658
2021-08-02T14:02:51.000,4.79,41.61,9.18,44.68728,-124.156658
2021-08-02T14:17:51.000,5.05,43.96,9.23,44.68728,-124.156658
2021-08-02T14:32:51.000,5.14,44.67,9.23,44.68728,-124.156658
2021-08-02T14:47:51.000,5.2,45.22,9.25,44.68728,-124.156658
2021-08-02T15:02:51.000,5.17,44.95,9.22,44.68728,-124.156658
2021-08-02T15:17:51.000,5.2,45.23,9.23,44.68728,-124.156658
2021-08-02T15:32:51.000,5.1,44.3,9.21,44.68728,-124.156658
2021-08-02T15:47:51.000,5,43.4,9.19,44.68728,-124.156658
2021-08-02T16:02:51.000,4.88,42.36,9.15,44.68728,-124.156658
2021-08-02T16:17:51.000,4.77,41.39,9.14,44.68728,-124.156658
2021-08-02T16:32:51.000,4.73,41.05,9.14,44.68728,-124.156658
2021-08-02T16:47:51.000,4.73,41.06,9.14,44.68728,-124.156658
2021-08-02T17:02:51.000,4.79,41.6,9.19,44.68728,-124.156658
2021-08-02T17:17:51.000,4.96,43.11,9.21,44.68728,-124.156658
2021-08-02T17:32:51.000,4.95,43.02,9.23,44.68728,-124.156658
2021-08-02T17:47:51.000,5.09,44.33,9.28,44.68728,-124.156658
2021-08-02T18:02:51.000,5.47,47.72,9.37,44.68728,-124.156658
2021-08-02T18:17:51.000,5.53,48.3,9.4,44.68728,-124.156658
2021-08-02T18:32:51.000,5.43,47.43,9.37,44.68728,-124.156658
2021-08-02T18:47:51.000,5.42,47.29,9.4,44.68728,-124.156658
2021-08-02T19:02:51.000,5.46,47.71,9.4,44.68728,-124.156658
2021-08-02T19:17:51.000,5.49,47.96,9.41,44.68728,-124.156658
2021-08-02T19:32:51.000,5.44,47.52,9.4,44.68728,-124.156658
2021-08-02T19:47:51.000,5.48,47.9,9.42,44.68728,-124.156658
2021-08-02T20:02:51.000,5.46,47.72,9.42,44.68728,-124.156658
2021-08-02T20:17:51.000,5.52,48.3,9.44,44.68728,-124.156658
2021-08-02T20:32:51.000,5.55,48.54,9.46,44.68728,-124.156658
2021-08-02T20:47:51.000,5.38,46.97,9.42,44.68728,-124.156658
2021-08-02T21:02:51.000,5.28,46.09,9.4,44.68728,-124.156658
2021-08-02T21:17:51.000,5.22,45.55,9.38,44.68728,-124.156658
2021-08-02T21:32:51.000,5.15,44.97,9.35,44.68728,-124.156658
2021-08-02T21:47:51.000,5.05,44.06,9.34,44.68728,-124.156658
2021-08-02T22:02:51.000,5.07,44.25,9.35,44.68728,-124.156658
2021-08-02T22:17:51.000,5.02,43.81,9.35,44.68728,-124.156658
2021-08-02T22:32:51.000,5.02,43.78,9.35,44.68728,-124.156658
2021-08-02T22:47:51.000,5.08,44.26,9.33,44.68728,-124.156658
2021-08-02T23:02:51.000,4.85,42.27,9.31,44.68728,-124.156658
2021-08-02T23:17:51.000,4.87,42.43,9.31,44.68728,-124.156658
2021-08-02T23:32:51.000,4.9,42.71,9.3,44.68728,-124.156658
2021-08-02T23:47:51.000,4.92,42.84,9.3,44.68728,-124.156658
2021-08-03T00:02:51.000,4.92,42.91,9.3,44.68728,-124.156658
2021-08-03T00:17:51.000,4.91,42.74,9.3,44.68728,-124.156658
2021-08-03T00:32:51.000,5.05,43.99,9.3,44.68728,-124.156658
2021-08-03T00:47:51.000,5.14,44.78,9.29,44.68728,-124.156658
2021-08-03T01:02:51.000,5.09,44.35,9.26,44.68728,-124.156658
2021-08-03T01:17:51.000,5.04,43.89,9.26,44.68728,-124.156658
2021-08-03T01:32:51.000,5.08,44.21,9.23,44.68728,-124.156658
2021-08-03T01:47:51.000,5.08,44.17,9.23,44.68728,-124.156658
2021-08-03T02:02:51.000,5.03,43.76,9.23,44.68728,-124.156658
2021-08-03T02:17:51.000,5.36,46.66,9.28,44.68728,-124.156658
2021-08-03T02:32:51.000,5.33,46.37,9.24,44.68728,-124.156658
2021-08-03T02:47:51.000,5.27,45.83,9.23,44.68728,-124.156658
2021-08-03T03:02:51.000,5.23,45.5,9.25,44.68728,-124.156658
2021-08-03T03:17:51.000,5.18,45.07,9.26,44.68728,-124.156658
2021-08-03T03:32:51.000,5.12,44.61,9.27,44.68728,-124.156658
2021-08-03T03:47:51.000,5.18,45.12,9.28,44.68728,-124.156658
2021-08-03T04:02:51.000,5.19,45.16,9.27,44.68728,-124.156658
2021-08-03T04:17:51.000,5.12,44.59,9.26,44.68728,-124.156658
2021-08-03T04:32:51.000,5.16,44.88,9.26,44.68728,-124.156658
2021-08-03T04:47:51.000,5.14,44.76,9.28,44.68728,-124.156658
2021-08-03T05:02:51.000,5.05,43.98,9.28,44.68728,-124.156658
2021-08-03T05:17:51.000,5.12,44.62,9.28,44.68728,-124.156658
2021-08-03T05:32:51.000,5.23,45.51,9.28,44.68728,-124.156658
2021-08-03T05:47:51.000,5.2,45.27,9.26,44.68728,-124.156658
2021-08-03T06:02:51.000,5.22,45.46,9.25,44.68728,-124.156658
2021-08-03T06:17:51.000,5.27,45.85,9.23,44.68728,-124.156658
2021-08-03T06:32:51.000,5.22,45.44,9.22,44.68728,-124.156658
2021-08-03T06:47:51.000,5.21,45.31,9.21,44.68728,-124.156658
2021-08-03T07:02:51.000,5.13,44.6,9.19,44.68728,-124.156658
2021-08-03T07:17:51.000,5.03,43.67,9.16,44.68728,-124.156658
2021-08-03T07:32:51.000,4.98,43.25,9.13,44.68728,-124.156658
2021-08-03T07:47:51.000,4.89,42.44,9.11,44.68728,-124.156658
2021-08-03T08:02:51.000,4.87,42.23,9.09,44.68728,-124.156658
2021-08-03T08:17:51.000,4.75,41.18,9.08,44.68728,-124.156658
2021-08-03T08:32:51.000,4.76,41.27,9.07,44.68728,-124.156658
2021-08-03T08:47:51.000,4.71,40.78,9.07,44.68728,-124.156658
2021-08-03T09:02:51.000,4.71,40.82,9.05,44.68728,-124.156658
2021-08-03T09:17:51.000,4.68,40.52,9.04,44.68728,-124.156658
2021-08-03T09:32:51.000,4.65,40.25,9.04,44.68728,-124.156658
2021-08-03T09:47:51.000,4.61,39.93,9.03,44.68728,-124.156658
2021-08-03T10:02:51.000,4.64,40.19,9.02,44.68728,-124.156658
2021-08-03T10:17:51.000,4.67,40.45,9.02,44.68728,-124.156658
2021-08-03T10:32:51.000,4.62,39.99,9.01,44.68728,-124.156658
2021-08-03T10:47:51.000,4.62,39.94,9,44.68728,-124.156658
2021-08-03T11:02:51.000,4.55,39.32,8.99,44.68728,-124.156658
2021-08-03T11:17:51.000,4.51,38.95,8.98,44.68728,-124.156658
2021-08-03T11:32:51.000,4.51,38.99,8.97,44.68728,-124.156658
2021-08-03T11:47:51.000,4.47,38.66,8.97,44.68728,-124.156658
2021-08-03T12:02:51.000,4.47,38.64,8.97,44.68728,-124.156658
2021-08-03T12:17:51.000,4.44,38.32,8.95,44.68728,-124.156658
2021-08-03T12:32:51.000,4.43,38.25,8.95,44.68728,-124.156658
2021-08-03T12:47:51.000,4.41,38.11,8.95,44.68728,-124.156658
2021-08-03T13:02:51.000,4.36,37.69,8.95,44.68728,-124.156658
2021-08-03T13:17:51.000,4.3,37.13,8.95,44.68728,-124.156658
2021-08-03T13:32:51.000,4.29,37.02,8.94,44.68728,-124.156658
2021-08-03T13:47:51.000,4.24,36.59,8.93,44.68728,-124.156658
2021-08-03T14:02:51.000,4.25,36.7,8.93,44.68728,-124.156658
2021-08-03T14:17:51.000,4.24,36.59,8.93,44.68728,-124.156658
2021-08-03T14:32:51.000,4.24,36.6,8.93,44.68728,-124.156658
2021-08-03T14:47:51.000,4.19,36.15,8.93,44.68728,-124.156658
2021-08-03T15:02:51.000,4.18,36.08,8.92,44.68728,-124.156658
2021-08-03T15:17:51.000,4.17,36.03,8.92,44.68728,-124.156658
2021-08-03T15:32:51.000,4.23,36.53,8.92,44.68728,-124.156658
2021-08-03T15:47:51.000,4.18,36.09,8.92,44.68728,-124.156658
2021-08-03T16:02:51.000,4.2,36.23,8.92,44.68728,-124.156658
2021-08-03T16:17:51.000,4.13,35.68,8.92,44.68728,-124.156658
2021-08-03T16:32:51.000,4.15,35.81,8.92,44.68728,-124.156658
2021-08-03T16:47:51.000,4.17,36,8.91,44.68728,-124.156658
2021-08-03T17:02:51.000,4.1,35.39,8.9,44.68728,-124.156658
2021-08-03T17:17:51.000,4.14,35.71,8.9,44.68728,-124.156658
2021-08-03T17:32:51.000,4.13,35.61,8.9,44.68728,-124.156658
2021-08-03T17:47:51.000,4.11,35.49,8.9,44.68728,-124.156658
2021-08-03T18:02:51.000,4.07,35.16,8.9,44.68728,-124.156658
2021-08-03T18:17:51.000,4.07,35.17,8.9,44.68728,-124.156658
2021-08-03T18:32:51.000,4.05,34.94,8.9,44.68728,-124.156658
2021-08-03T18:47:51.000,4.03,34.77,8.88,44.68728,-124.156658
2021-08-03T19:02:51.000,4.02,34.69,8.86,44.68728,-124.156658
2021-08-03T19:17:51.000,4.02,34.62,8.85,44.68728,-124.156658
2021-08-03T19:32:51.000,4.04,34.79,8.86,44.68728,-124.156658
2021-08-03T19:47:51.000,4.06,35.02,8.88,44.68728,-124.156658
2021-08-03T20:02:51.000,4.07,35.09,8.9,44.68728,-124.156658
2021-08-03T20:17:51.000,4.14,35.78,8.95,44.68728,-124.156658
2021-08-03T20:32:51.000,4.16,36,8.99,44.68728,-124.156658
2021-08-03T20:47:51.000,4.35,37.66,9.04,44.68728,-124.156658
2021-08-03T21:02:51.000,4.49,38.89,9.09,44.68728,-124.156658
2021-08-03T21:17:51.000,4.76,41.36,9.21,44.68728,-124.156658
2021-08-03T21:32:51.000,4.9,42.64,9.27,44.68728,-124.156658
2021-08-03T21:47:51.000,4.95,43.08,9.28,44.68728,-124.156658
2021-08-03T22:02:51.000,5,43.56,9.3,44.68728,-124.156658
2021-08-03T22:17:51.000,5.03,43.81,9.32,44.68728,-124.156658
2021-08-03T22:32:51.000,5.28,46.05,9.35,44.68728,-124.156658
2021-08-03T22:47:51.000,5.14,44.94,9.41,44.68728,-124.156658
2021-08-03T23:02:51.000,5.13,44.79,9.43,44.68728,-124.156658
2021-08-03T23:17:51.000,5.09,44.54,9.45,44.68728,-124.156658
2021-08-03T23:32:51.000,5.1,44.62,9.47,44.68728,-124.156658
2021-08-03T23:47:51.000,5.07,44.35,9.47,44.68728,-124.156658
2021-08-04T00:02:51.000,5.02,43.91,9.46,44.68728,-124.156658
2021-08-04T00:17:51.000,5.03,43.97,9.44,44.68728,-124.156658
2021-08-04T00:32:51.000,4.67,40.44,9.07,44.68728,-124.156658
2021-08-04T00:47:51.000,4.51,39.03,9,44.68728,-124.156658
2021-08-04T01:02:51.000,4.49,38.86,8.99,44.68728,-124.156658
2021-08-04T01:17:51.000,4.64,40.17,9.05,44.68728,-124.156658
2021-08-04T01:32:51.000,4.66,40.43,9.09,44.68728,-124.156658
2021-08-04T01:47:51.000,4.63,40.13,9.11,44.68728,-124.156658
2021-08-04T02:02:51.000,4.82,41.88,9.18,44.68728,-124.156658
2021-08-04T02:17:51.000,4.69,40.74,9.18,44.68728,-124.156658
2021-08-04T02:32:51.000,4.77,41.49,9.21,44.68728,-124.156658
2021-08-04T02:47:51.000,4.77,41.57,9.27,44.68728,-124.156658
2021-08-04T03:02:51.000,4.8,41.82,9.28,44.68728,-124.156658
2021-08-04T03:17:51.000,4.84,42.11,9.26,44.68728,-124.156658
2021-08-04T03:32:51.000,4.7,40.84,9.18,44.68728,-124.156658
2021-08-04T03:47:51.000,4.66,40.39,9.09,44.68728,-124.156658
2021-08-04T04:02:51.000,4.62,40.07,9.11,44.68728,-124.156658
2021-08-04T04:17:51.000,4.62,40.01,9.06,44.68728,-124.156658
2021-08-04T04:32:51.000,4.5,38.95,9.04,44.68728,-124.156658
2021-08-04T04:47:51.000,4.5,38.93,9.02,44.68728,-124.156658
2021-08-04T05:02:51.000,4.47,38.7,9,44.68728,-124.156658
2021-08-04T05:17:51.000,4.45,38.5,8.98,44.68728,-124.156658
2021-08-04T05:32:51.000,4.44,38.33,8.92,44.68728,-124.156658
2021-08-04T05:47:51.000,4.34,37.44,8.9,44.68728,-124.156658
2021-08-04T06:02:51.000,4.29,36.96,8.88,44.68728,-124.156658
2021-08-04T06:17:51.000,4.28,36.93,8.86,44.68728,-124.156658
2021-08-04T06:32:51.000,4.28,36.93,8.86,44.68728,-124.156658
2021-08-04T06:47:51.000,4.27,36.81,8.87,44.68728,-124.156658
2021-08-04T07:02:51.000,4.19,36.11,8.86,44.68728,-124.156658
2021-08-04T07:17:51.000,4.14,35.67,8.83,44.68728,-124.156658
2021-08-04T07:32:51.000,4.11,35.38,8.83,44.68728,-124.156658
2021-08-04T07:47:51.000,4.14,35.65,8.83,44.68728,-124.156658
2021-08-04T08:02:51.000,4.12,35.51,8.83,44.68728,-124.156658
2021-08-04T08:17:51.000,4.12,35.49,8.82,44.68728,-124.156658
2021-08-04T08:32:51.000,4.07,35.06,8.82,44.68728,-124.156658
2021-08-04T08:47:51.000,4.18,36.03,8.81,44.68728,-124.156658
2021-08-04T09:02:51.000,4.11,35.42,8.81,44.68728,-124.156658
2021-08-04T09:17:51.000,4.07,35.08,8.81,44.68728,-124.156658
2021-08-04T09:32:51.000,4.1,35.33,8.8,44.68728,-124.156658
2021-08-04T09:47:51.000,4.05,34.82,8.78,44.68728,-124.156658
2021-08-04T10:02:51.000,3.98,34.2,8.76,44.68728,-124.156658
2021-08-04T10:17:51.000,4.01,34.51,8.76,44.68728,-124.156658
2021-08-04T10:32:51.000,4,34.42,8.76,44.68728,-124.156658
2021-08-04T10:47:51.000,3.96,34.03,8.74,44.68728,-124.156658
2021-08-04T11:02:51.000,3.91,33.58,8.73,44.68728,-124.156658
2021-08-04T11:17:51.000,3.94,33.82,8.71,44.68728,-124.156658
2021-08-04T11:32:51.000,3.86,33.11,8.69,44.68728,-124.156658
2021-08-04T11:47:51.000,3.82,32.81,8.66,44.68728,-124.156658
2021-08-04T12:02:51.000,3.83,32.88,8.64,44.68728,-124.156658
2021-08-04T12:17:51.000,3.78,32.45,8.63,44.68728,-124.156658
2021-08-04T12:32:51.000,3.74,32.05,8.62,44.68728,-124.156658
2021-08-04T12:47:51.000,3.77,32.3,8.62,44.68728,-124.156658
2021-08-04T13:02:51.000,3.78,32.38,8.61,44.68728,-124.156658
2021-08-04T13:17:51.000,3.75,32.11,8.61,44.68728,-124.156658
2021-08-04T13:32:51.000,3.77,32.33,8.61,44.68728,-124.156658
2021-08-04T13:47:51.000,3.84,32.93,8.61,44.68728,-124.156658
2021-08-04T14:02:51.000,3.75,32.18,8.61,44.68728,-124.156658
2021-08-04T14:17:51.000,3.69,31.65,8.62,44.68728,-124.156658
2021-08-04T14:32:51.000,3.77,32.3,8.62,44.68728,-124.156658
2021-08-04T14:47:51.000,3.73,32.01,8.62,44.68728,-124.156658
2021-08-04T15:02:51.000,3.7,31.7,8.62,44.68728,-124.156658
2021-08-04T15:17:51.000,3.66,31.33,8.62,44.68728,-124.156658
2021-08-04T15:32:51.000,3.75,32.16,8.63,44.68728,-124.156658
2021-08-04T15:47:51.000,3.67,31.48,8.63,44.68728,-124.156658
2021-08-04T16:02:51.000,3.69,31.69,8.64,44.68728,-124.156658
2021-08-04T16:17:51.000,3.71,31.82,8.64,44.68728,-124.156658
2021-08-04T16:32:51.000,3.71,31.85,8.66,44.68728,-124.156658
2021-08-04T16:47:51.000,3.75,32.17,8.69,44.68728,-124.156658
2021-08-04T17:02:51.000,3.75,32.24,8.71,44.68728,-124.156658
2021-08-04T17:17:51.000,3.74,32.12,8.72,44.68728,-124.156658
2021-08-04T17:32:51.000,3.77,32.39,8.74,44.68728,-124.156658
2021-08-04T17:47:51.000,3.81,32.85,8.81,44.68728,-124.156658
2021-08-04T18:02:51.000,3.94,33.98,8.9,44.68728,-124.156658
2021-08-04T18:17:51.000,4.1,35.54,9.07,44.68728,-124.156658
2021-08-04T18:32:51.000,4.35,37.89,9.26,44.68728,-124.156658
2021-08-04T18:47:51.000,4.39,38.28,9.35,44.68728,-124.156658
2021-08-04T19:02:51.000,4.9,43.11,9.73,44.68728,-124.156658
2021-08-04T19:17:51.000,5.11,45.15,9.84,44.68728,-124.156658
2021-08-04T19:32:51.000,5.18,45.8,9.91,44.68728,-124.156658
2021-08-04T19:47:51.000,5.16,45.7,9.99,44.68728,-124.156658
2021-08-04T20:02:51.000,5.36,47.52,10.06,44.68728,-124.156658
2021-08-04T20:17:51.000,5.23,46.45,10.08,44.68728,-124.156658
2021-08-04T20:32:51.000,5.28,46.9,10.08,44.68728,-124.156658
2021-08-04T20:47:51.000,5.25,46.58,10.06,44.68728,-124.156658
2021-08-04T21:02:51.000,5.22,46.32,10.06,44.68728,-124.156658
2021-08-04T21:17:51.000,4.96,43.78,9.87,44.68728,-124.156658
2021-08-04T21:32:51.000,4.8,42.3,9.79,44.68728,-124.156658
2021-08-04T21:47:51.000,4.73,41.65,9.73,44.68728,-124.156658
2021-08-04T22:02:51.000,4.7,41.33,9.72,44.68728,-124.156658
2021-08-04T22:17:51.000,4.63,40.78,9.71,44.68728,-124.156658
2021-08-04T22:32:51.000,4.65,40.92,9.7,44.68728,-124.156658
2021-08-04T22:47:51.000,4.63,40.71,9.7,44.68728,-124.156658
2021-08-04T23:02:51.000,4.63,40.69,9.68,44.68728,-124.156658
2021-08-04T23:17:51.000,4.56,40.14,9.69,44.68728,-124.156658
2021-08-04T23:32:51.000,4.74,41.73,9.77,44.68728,-124.156658
2021-08-04T23:47:51.000,4.69,41.36,9.8,44.68728,-124.156658
2021-08-05T00:02:51.000,4.67,41.18,9.78,44.68728,-124.156658
2021-08-05T00:17:51.000,4.68,41.19,9.68,44.68728,-124.156658
2021-08-05T00:32:51.000,4.64,40.76,9.63,44.68728,-124.156658
2021-08-05T00:47:51.000,4.53,39.72,9.58,44.68728,-124.156658
2021-08-05T01:02:51.000,4.52,39.59,9.54,44.68728,-124.156658
2021-08-05T01:17:51.000,4.52,39.59,9.52,44.68728,-124.156658
2021-08-05T01:32:51.000,4.48,39.2,9.51,44.68728,-124.156658
2021-08-05T01:47:51.000,4.46,39.09,9.51,44.68728,-124.156658
2021-08-05T02:02:51.000,4.41,38.66,9.53,44.68728,-124.156658
2021-08-05T02:17:51.000,4.51,39.54,9.54,44.68728,-124.156658
2021-08-05T02:32:51.000,4.58,40.06,9.46,44.68728,-124.156658
2021-08-05T02:47:51.000,4.5,39.31,9.44,44.68728,-124.156658
2021-08-05T03:02:51.000,4.42,38.63,9.42,44.68728,-124.156658
2021-08-05T03:17:51.000,4.43,38.69,9.4,44.68728,-124.156658
2021-08-05T03:32:51.000,4.42,38.55,9.37,44.68728,-124.156658
2021-08-05T03:47:51.000,4.36,38.1,9.37,44.68728,-124.156658
2021-08-05T04:02:51.000,4.31,37.59,9.35,44.68728,-124.156658
2021-08-05T04:17:51.000,4.28,37.37,9.34,44.68728,-124.156658
2021-08-05T04:32:51.000,4.29,37.39,9.33,44.68728,-124.156658
2021-08-05T04:47:51.000,4.35,37.94,9.31,44.68728,-124.156658
2021-08-05T05:02:51.000,4.35,37.88,9.3,44.68728,-124.156658
2021-08-05T05:17:51.000,4.31,37.5,9.28,44.68728,-124.156658
2021-08-05T05:32:51.000,4.34,37.75,9.26,44.68728,-124.156658
2021-08-05T05:47:51.000,4.31,37.48,9.23,44.68728,-124.156658
2021-08-05T06:02:51.000,4.37,38.03,9.21,44.68728,-124.156658
2021-08-05T06:17:51.000,4.29,37.3,9.21,44.68728,-124.156658
2021-08-05T06:32:51.000,4.26,37.02,9.18,44.68728,-124.156658
2021-08-05T06:47:51.000,4.3,37.33,9.18,44.68728,-124.156658
2021-08-05T07:02:51.000,4.26,37.01,9.18,44.68728,-124.156658
2021-08-05T07:17:51.000,4.15,36.03,9.18,44.68728,-124.156658
2021-08-05T07:32:51.000,4.19,36.4,9.19,44.68728,-124.156658
2021-08-05T07:47:51.000,4.23,36.77,9.21,44.68728,-124.156658
2021-08-05T08:02:51.000,4.2,36.51,9.21,44.68728,-124.156658
2021-08-05T08:17:51.000,4.15,36.09,9.22,44.68728,-124.156658
2021-08-05T08:32:51.000,4.21,36.62,9.23,44.68728,-124.156658
2021-08-05T08:47:51.000,4.15,36.09,9.21,44.68728,-124.156658
2021-08-05T09:02:51.000,4.16,36.16,9.19,44.68728,-124.156658
2021-08-05T09:17:51.000,4.14,36,9.18,44.68728,-124.156658
2021-08-05T09:32:51.000,4.19,36.4,9.16,44.68728,-124.156658
2021-08-05T09:47:51.000,4.11,35.64,9.14,44.68728,-124.156658
2021-08-05T10:02:51.000,4.17,36.23,9.14,44.68728,-124.156658
2021-08-05T10:17:51.000,4.19,36.35,9.14,44.68728,-124.156658
2021-08-05T10:32:51.000,4.11,35.71,9.14,44.68728,-124.156658
2021-08-05T10:47:51.000,4.13,35.8,9.14,44.68728,-124.156658
2021-08-05T11:02:51.000,4.15,36.05,9.14,44.68728,-124.156658
2021-08-05T11:17:51.000,4.19,36.33,9.14,44.68728,-124.156658
2021-08-05T11:32:51.000,4.2,36.46,9.14,44.68728,-124.156658
2021-08-05T11:47:51.000,4.16,36.11,9.14,44.68728,-124.156658
2021-08-05T12:02:51.000,4.19,36.35,9.14,44.68728,-124.156658
2021-08-05T12:17:51.000,4.24,36.77,9.12,44.68728,-124.156658
2021-08-05T12:32:51.000,4.19,36.34,9.11,44.68728,-124.156658
2021-08-05T12:47:51.000,4.16,36.03,9.09,44.68728,-124.156658
2021-08-05T13:02:51.000,4.25,36.86,9.08,44.68728,-124.156658
2021-08-05T13:17:51.000,4.29,37.19,9.08,44.68728,-124.156658
2021-08-05T13:32:51.000,4.31,37.35,9.08,44.68728,-124.156658
2021-08-05T13:47:51.000,4.27,37.01,9.08,44.68728,-124.156658
2021-08-05T14:02:51.000,4.19,36.34,9.09,44.68728,-124.156658
2021-08-05T14:17:51.000,4.27,36.99,9.09,44.68728,-124.156658
2021-08-05T14:32:51.000,4.17,36.15,9.09,44.68728,-124.156658
2021-08-05T14:47:51.000,4.16,36.03,9.1,44.68728,-124.156658
2021-08-05T15:02:51.000,4.1,35.59,9.11,44.68728,-124.156658
2021-08-05T15:17:51.000,4.1,35.58,9.11,44.68728,-124.156658
2021-08-05T15:32:51.000,4,34.72,9.11,44.68728,-124.156658
2021-08-05T15:47:51.000,4.03,34.94,9.11,44.68728,-124.156658
2021-08-05T16:02:51.000,4.04,35.01,9.12,44.68728,-124.156658
2021-08-05T16:17:51.000,3.98,34.51,9.13,44.68728,-124.156658
2021-08-05T16:32:51.000,3.96,34.39,9.14,44.68728,-124.156658
2021-08-05T16:47:51.000,4.04,35.04,9.14,44.68728,-124.156658
2021-08-05T17:02:51.000,4,34.71,9.16,44.68728,-124.156658
2021-08-05T17:17:51.000,3.99,34.67,9.16,44.68728,-124.156658
2021-08-05T17:32:51.000,3.99,34.66,9.18,44.68728,-124.156658
2021-08-05T17:47:51.000,4.04,35.11,9.18,44.68728,-124.156658
2021-08-05T18:02:51.000,4,34.76,9.18,44.68728,-124.156658
2021-08-05T18:17:51.000,4.05,35.19,9.21,44.68728,-124.156658
2021-08-05T18:32:51.000,4.15,36.09,9.23,44.68728,-124.156658
2021-08-05T18:47:51.000,4.25,36.97,9.23,44.68728,-124.156658
2021-08-05T19:02:51.000,4.13,35.97,9.23,44.68728,-124.156658
2021-08-05T19:17:51.000,4.1,35.66,9.23,44.68728,-124.156658
2021-08-05T19:32:51.000,4.17,36.28,9.23,44.68728,-124.156658
2021-08-05T19:47:51.000,4.2,36.54,9.23,44.68728,-124.156658
2021-08-05T20:02:51.000,4.13,35.91,9.23,44.68728,-124.156658
2021-08-05T20:17:51.000,4.2,36.53,9.24,44.68728,-124.156658
2021-08-05T20:32:51.000,4.21,36.66,9.25,44.68728,-124.156658
2021-08-05T20:47:51.000,4.13,35.97,9.26,44.68728,-124.156658
2021-08-05T21:02:51.000,4.29,37.37,9.26,44.68728,-124.156658
2021-08-05T21:17:51.000,4.37,38.01,9.26,44.68728,-124.156658
2021-08-05T21:32:51.000,4.3,37.45,9.28,44.68728,-124.156658
2021-08-05T21:47:51.000,4.28,37.3,9.28,44.68728,-124.156658
2021-08-05T22:02:51.000,4.39,38.24,9.3,44.68728,-124.156658
2021-08-05T22:17:51.000,4.28,37.34,9.35,44.68728,-124.156658
2021-08-05T22:32:51.000,4.3,37.59,9.45,44.68728,-124.156658
2021-08-05T22:47:51.000,4.08,35.62,9.38,44.68728,-124.156658
2021-08-05T23:02:51.000,4.06,35.43,9.35,44.68728,-124.156658
2021-08-05T23:17:51.000,3.96,34.56,9.35,44.68728,-124.156658
2021-08-05T23:32:51.000,3.96,34.5,9.33,44.68728,-124.156658
2021-08-05T23:47:51.000,3.87,33.76,9.33,44.68728,-124.156658
2021-08-06T00:02:51.000,3.92,34.13,9.32,44.68728,-124.156658
2021-08-06T00:17:51.000,3.98,34.68,9.32,44.68728,-124.156658
2021-08-06T00:32:51.000,3.99,34.7,9.21,44.68728,-124.156658
2021-08-06T00:47:51.000,3.95,34.31,9.16,44.68728,-124.156658
2021-08-06T01:02:51.000,3.96,34.37,9.16,44.68728,-124.156658
2021-08-06T01:17:51.000,3.97,34.49,9.18,44.68728,-124.156658
2021-08-06T01:32:51.000,3.93,34.11,9.18,44.68728,-124.156658
2021-08-06T01:47:51.000,3.93,34.18,9.18,44.68728,-124.156658
2021-08-06T02:02:51.000,3.96,34.39,9.19,44.68728,-124.156658
2021-08-06T02:17:51.000,4.01,34.86,9.19,44.68728,-124.156658
2021-08-06T02:32:51.000,4.02,34.95,9.19,44.68728,-124.156658
2021-08-06T02:47:51.000,3.99,34.7,9.2,44.68728,-124.156658
2021-08-06T03:02:51.000,3.99,34.69,9.19,44.68728,-124.156658
2021-08-06T03:17:51.000,4.05,35.15,9.11,44.68728,-124.156658
2021-08-06T03:32:51.000,4,34.66,9.06,44.68728,-124.156658
2021-08-06T03:47:51.000,3.99,34.51,9.04,44.68728,-124.156658
2021-08-06T04:02:51.000,3.95,34.17,9.02,44.68728,-124.156658
2021-08-06T04:17:51.000,3.97,34.36,8.97,44.68728,-124.156658
2021-08-06T04:32:51.000,3.98,34.42,8.95,44.68728,-124.156658
2021-08-06T04:47:51.000,3.96,34.22,8.93,44.68728,-124.156658
2021-08-06T05:02:51.000,3.88,33.52,8.92,44.68728,-124.156658
2021-08-06T05:17:51.000,3.87,33.43,8.9,44.68728,-124.156658
2021-08-06T05:32:51.000,3.82,32.94,8.9,44.68728,-124.156658
2021-08-06T05:47:51.000,4.09,35.27,8.9,44.68728,-124.156658
2021-08-06T06:02:51.000,4.08,35.22,8.88,44.68728,-124.156658
2021-08-06T06:17:51.000,4.05,34.88,8.84,44.68728,-124.156658
2021-08-06T06:32:51.000,3.9,33.63,8.83,44.68728,-124.156658
2021-08-06T06:47:51.000,3.96,34.15,8.83,44.68728,-124.156658
2021-08-06T07:02:51.000,3.9,33.59,8.83,44.68728,-124.156658
2021-08-06T07:17:51.000,3.87,33.36,8.83,44.68728,-124.156658
2021-08-06T07:32:51.000,3.8,32.71,8.83,44.68728,-124.156658
2021-08-06T07:47:51.000,3.81,32.86,8.83,44.68728,-124.156658
2021-08-06T08:02:51.000,3.77,32.48,8.83,44.68728,-124.156658
2021-08-06T08:17:51.000,3.76,32.37,8.83,44.68728,-124.156658
2021-08-06T08:32:51.000,3.82,32.86,8.82,44.68728,-124.156658
2021-08-06T08:47:51.000,3.78,32.57,8.82,44.68728,-124.156658
2021-08-06T09:02:51.000,3.77,32.47,8.83,44.68728,-124.156658
2021-08-06T09:17:51.000,3.85,33.15,8.83,44.68728,-124.156658
2021-08-06T09:32:51.000,3.87,33.3,8.83,44.68728,-124.156658
2021-08-06T09:47:51.000,3.89,33.49,8.83,44.68728,-124.156658
2021-08-06T10:02:51.000,3.82,32.92,8.83,44.68728,-124.156658
2021-08-06T10:17:51.000,3.88,33.4,8.85,44.68728,-124.156658
2021-08-06T10:32:51.000,3.87,33.4,8.85,44.68728,-124.156658
2021-08-06T10:47:51.000,3.83,33.04,8.85,44.68728,-124.156658
2021-08-06T11:02:51.000,3.81,32.87,8.86,44.68728,-124.156658
2021-08-06T11:17:51.000,3.61,31.17,8.87,44.68728,-124.156658
2021-08-06T11:32:51.000,3.79,32.66,8.87,44.68728,-124.156658
2021-08-06T11:47:51.000,3.84,33.12,8.87,44.68728,-124.156658
2021-08-06T12:02:51.000,3.8,32.75,8.86,44.68728,-124.156658
2021-08-06T12:17:51.000,3.84,33.09,8.85,44.68728,-124.156658
2021-08-06T12:32:51.000,3.89,33.54,8.85,44.68728,-124.156658
2021-08-06T12:47:51.000,3.77,32.48,8.85,44.68728,-124.156658
2021-08-06T13:02:51.000,3.81,32.86,8.87,44.68728,-124.156658
2021-08-06T13:17:51.000,3.8,32.82,8.88,44.68728,-124.156658
2021-08-06T13:32:51.000,3.77,32.49,8.88,44.68728,-124.156658
2021-08-06T13:47:51.000,3.73,32.22,8.9,44.68728,-124.156658
2021-08-06T14:02:51.000,3.73,32.19,8.93,44.68728,-124.156658
2021-08-06T14:17:51.000,3.71,32.04,8.95,44.68728,-124.156658
2021-08-06T14:32:51.000,3.64,31.41,8.95,44.68728,-124.156658
2021-08-06T14:47:51.000,3.5,30.21,8.94,44.68728,-124.156658
2021-08-06T15:02:51.000,3.6,31.13,8.95,44.68728,-124.156658
2021-08-06T15:17:51.000,3.61,31.22,8.96,44.68728,-124.156658
