Time (UTC),DO (ml/L),Dissolved Oxygen (%),Temperature (C),Latitude,Longitude
2021-07-22T16:06:57.000,1.85,15.42,7.42,44.68728,-124.156658
2021-07-22T16:21:57.000,1.86,15.51,7.41,44.68728,-124.156658
2021-07-22T16:36:57.000,1.88,15.65,7.41,44.68728,-124.156658
2021-07-22T16:51:57.000,1.85,15.43,7.41,44.68728,-124.156658
2021-07-22T17:06:57.000,1.81,15.06,7.41,44.68728,-124.156658
2021-07-22T17:21:57.000,1.82,15.13,7.41,44.68728,-124.156658
2021-07-22T17:36:57.000,1.77,14.77,7.41,44.68728,-124.156658
2021-07-22T17:51:57.000,1.74,14.5,7.41,44.68728,-124.156658
2021-07-22T18:06:57.000,1.71,14.2,7.4,44.68728,-124.156658
2021-07-22T18:21:57.000,1.67,13.85,7.4,44.68728,-124.156658
2021-07-22T18:36:57.000,1.66,13.8,7.39,44.68728,-124.156658
2021-07-22T18:51:57.000,1.63,13.58,7.39,44.68728,-124.156658
2021-07-22T19:06:57.000,1.58,13.16,7.39,44.68728,-124.156658
2021-07-22T19:21:57.000,1.54,12.82,7.39,44.68728,-124.156658
2021-07-22T19:36:57.000,1.55,12.91,7.39,44.68728,-124.156658
2021-07-22T19:51:57.000,1.48,12.34,7.39,44.68728,-124.156658
2021-07-22T20:06:57.000,1.49,12.38,7.39,44.68728,-124.156658
2021-07-22T20:21:57.000,1.45,12.09,7.39,44.68728,-124.156658
2021-07-22T20:36:57.000,1.44,12,7.39,44.68728,-124.156658
2021-07-22T20:51:57.000,1.43,11.91,7.39,44.68728,-124.156658
2021-07-22T21:06:57.000,1.43,11.87,7.39,44.68728,-124.156658
2021-07-22T21:21:57.000,1.4,11.68,7.38,44.68728,-124.156658
2021-07-22T21:36:57.000,1.42,11.83,7.38,44.68728,-124.156658
2021-07-22T21:51:57.000,1.38,11.48,7.38,44.68728,-124.156658
2021-07-22T22:06:57.000,1.43,11.89,7.38,44.68728,-124.156658
2021-07-22T22:21:57.000,1.41,11.76,7.38,44.68728,-124.156658
2021-07-22T22:36:57.000,1.48,12.27,7.38,44.68728,-124.156658
2021-07-22T22:51:57.000,1.43,11.88,7.38,44.68728,-124.156658
2021-07-22T23:06:57.000,1.38,11.45,7.38,44.68728,-124.156658
2021-07-22T23:21:57.000,1.38,11.47,7.38,44.68728,-124.156658
2021-07-22T23:36:57.000,1.3,10.8,7.38,44.68728,-124.156658
2021-07-22T23:51:57.000,1.31,10.89,7.38,44.68728,-124.156658
2021-07-23T00:06:57.000,1.36,11.35,7.38,44.68728,-124.156658
2021-07-23T00:21:57.000,1.32,10.97,7.37,44.68728,-124.156658
2021-07-23T00:36:57.000,1.33,11.05,7.37,44.68728,-124.156658
2021-07-23T00:51:57.000,1.29,10.74,7.37,44.68728,-124.156658
2021-07-23T01:06:57.000,1.34,11.16,7.37,44.68728,-124.156658
2021-07-23T01:21:57.000,1.26,10.46,7.37,44.68728,-124.156658
2021-07-23T01:36:57.000,1.3,10.82,7.37,44.68728,-124.156658
2021-07-23T01:51:57.000,1.33,11.07,7.37,44.68728,-124.156658
2021-07-23T02:06:57.000,1.33,11.08,7.37,44.68728,-124.156658
2021-07-23T02:21:57.000,1.3,10.78,7.37,44.68728,-124.156658
2021-07-23T02:36:57.000,1.35,11.21,7.37,44.68728,-124.156658
2021-07-23T02:51:57.000,1.36,11.29,7.37,44.68728,-124.156658
2021-07-23T03:06:57.000,1.34,11.1,7.37,44.68728,-124.156658
2021-07-23T03:21:57.000,1.32,10.98,7.37,44.68728,-124.156658
2021-07-23T03:36:57.000,1.27,10.58,7.37,44.68728,-124.156658
2021-07-23T03:51:57.000,1.31,10.87,7.37,44.68728,-124.156658
2021-07-23T04:06:57.000,1.34,11.15,7.37,44.68728,-124.156658
2021-07-23T04:21:57.000,1.4,11.62,7.37,44.68728,-124.156658
2021-07-23T04:36:57.000,1.37,11.4,7.37,44.68728,-124.156658
2021-07-23T04:51:57.000,1.37,11.42,7.37,44.68728,-124.156658
2021-07-23T05:06:57.000,1.4,11.61,7.38,44.68728,-124.156658
2021-07-23T05:21:57.000,1.44,11.95,7.38,44.68728,-124.156658
2021-07-23T05:36:57.000,1.4,11.66,7.38,44.68728,-124.156658
2021-07-23T05:51:57.000,1.45,12.09,7.38,44.68728,-124.156658
2021-07-23T06:06:57.000,1.44,11.96,7.38,44.68728,-124.156658
2021-07-23T06:21:57.000,1.42,11.84,7.39,44.68728,-124.156658
2021-07-23T06:36:57.000,1.23,10.27,7.39,44.68728,-124.156658
2021-07-23T06:51:57.000,1.36,11.3,7.39,44.68728,-124.156658
2021-07-23T07:06:57.000,1.39,11.58,7.39,44.68728,-124.156658
2021-07-23T07:21:57.000,1.23,10.2,7.39,44.68728,-124.156658
2021-07-23T07:36:57.000,1.37,11.37,7.39,44.68728,-124.156658
2021-07-23T07:51:57.000,1.39,11.58,7.39,44.68728,-124.156658
2021-07-23T08:06:57.000,1.33,11.06,7.39,44.68728,-124.156658
2021-07-23T08:21:57.000,1.34,11.17,7.39,44.68728,-124.156658
2021-07-23T08:36:57.000,1.37,11.42,7.39,44.68728,-124.156658
2021-07-23T08:51:57.000,1.34,11.11,7.39,44.68728,-124.156658
2021-07-23T09:06:57.000,1.31,10.91,7.39,44.68728,-124.156658
2021-07-23T09:21:57.000,1.29,10.72,7.39,44.68728,-124.156658
2021-07-23T09:36:57.000,1.19,9.89,7.39,44.68728,-124.156658
2021-07-23T09:51:57.000,1.14,9.51,7.39,44.68728,-124.156658
2021-07-23T10:06:57.000,1.16,9.66,7.39,44.68728,-124.156658
2021-07-23T10:21:57.000,1.17,9.71,7.39,44.68728,-124.156658
2021-07-23T10:36:57.000,1.24,10.32,7.39,44.68728,-124.156658
2021-07-23T10:51:57.000,1.29,10.72,7.39,44.68728,-124.156658
2021-07-23T11:06:57.000,1.25,10.41,7.39,44.68728,-124.156658
2021-07-23T11:21:57.000,1.27,10.56,7.39,44.68728,-124.156658
2021-07-23T11:36:57.000,1.29,10.75,7.39,44.68728,-124.156658
2021-07-23T11:51:57.000,1.33,11.07,7.39,44.68728,-124.156658
2021-07-23T12:06:57.000,1.31,10.86,7.39,44.68728,-124.156658
2021-07-23T12:21:57.000,1.31,10.9,7.39,44.68728,-124.156658
2021-07-23T12:36:57.000,1.3,10.85,7.39,44.68728,-124.156658
2021-07-23T12:51:57.000,1.3,10.8,7.39,44.68728,-124.156658
2021-07-23T13:06:57.000,1.32,10.98,7.39,44.68728,-124.156658
2021-07-23T13:21:57.000,1.29,10.75,7.39,44.68728,-124.156658
2021-07-23T13:36:57.000,1.26,10.48,7.38,44.68728,-124.156658
2021-07-23T13:51:57.000,1.3,10.79,7.38,44.68728,-124.156658
2021-07-23T14:06:57.000,1.28,10.66,7.38,44.68728,-124.156658
2021-07-23T14:21:57.000,1.28,10.63,7.37,44.68728,-124.156658
2021-07-23T14:36:57.000,1.31,10.89,7.37,44.68728,-124.156658
2021-07-23T14:51:57.000,1.31,10.9,7.37,44.68728,-124.156658
2021-07-23T15:06:57.000,1.3,10.79,7.37,44.68728,-124.156658
2021-07-23T15:21:57.000,1.31,10.87,7.37,44.68728,-124.156658
2021-07-23T15:36:57.000,1.27,10.52,7.37,44.68728,-124.156658
2021-07-23T15:51:57.000,1.3,10.78,7.37,44.68728,-124.156658
2021-07-23T16:06:57.000,1.28,10.6,7.37,44.68728,-124.156658
2021-07-23T16:21:57.000,1.3,10.83,7.37,44.68728,-124.156658
2021-07-23T16:36:57.000,1.31,10.91,7.37,44.68728,-124.156658
2021-07-23T16:51:57.000,1.34,11.12,7.36,44.68728,-124.156658
2021-07-23T17:06:57.000,1.33,11.04,7.37,44.68728,-124.156658
2021-07-23T17:21:57.000,1.3,10.81,7.37,44.68728,-124.156658
2021-07-23T17:36:57.000,1.23,10.26,7.37,44.68728,-124.156658
2021-07-23T17:51:57.000,1.34,11.14,7.36,44.68728,-124.156658
2021-07-23T18:06:57.000,1.31,10.89,7.36,44.68728,-124.156658
2021-07-23T18:21:57.000,1.35,11.21,7.36,44.68728,-124.156658
2021-07-23T18:36:57.000,1.12,9.33,7.36,44.68728,-124.156658
2021-07-23T18:51:57.000,1.19,9.9,7.36,44.68728,-124.156658
2021-07-23T19:06:57.000,1.33,11.07,7.36,44.68728,-124.156658
2021-07-23T19:21:57.000,1.25,10.37,7.36,44.68728,-124.156658
2021-07-23T19:36:57.000,1.32,10.98,7.36,44.68728,-124.156658
2021-07-23T19:51:57.000,1.29,10.7,7.36,44.68728,-124.156658
2021-07-23T20:06:57.000,1.34,11.11,7.36,44.68728,-124.156658
2021-07-23T20:21:57.000,1.34,11.15,7.36,44.68728,-124.156658
2021-07-23T20:36:57.000,1.29,10.74,7.36,44.68728,-124.156658
2021-07-23T20:51:57.000,1.31,10.89,7.36,44.68728,-124.156658
2021-07-23T21:06:57.000,1.38,11.51,7.37,44.68728,-124.156658
2021-07-23T21:21:57.000,1.24,10.35,7.37,44.68728,-124.156658
2021-07-23T21:36:57.000,1.29,10.73,7.37,44.68728,-124.156658
2021-07-23T21:51:57.000,1.34,11.12,7.37,44.68728,-124.156658
2021-07-23T22:06:57.000,1.37,11.42,7.37,44.68728,-124.156658
2021-07-23T22:21:57.000,1.35,11.21,7.37,44.68728,-124.156658
2021-07-23T22:36:57.000,1.37,11.36,7.37,44.68728,-124.156658
2021-07-23T22:51:57.000,1.3,10.78,7.37,44.68728,-124.156658
2021-07-23T23:06:57.000,1.18,9.85,7.37,44.68728,-124.156658
2021-07-23T23:21:57.000,1.29,10.72,7.37,44.68728,-124.156658
2021-07-23T23:36:57.000,1.27,10.56,7.37,44.68728,-124.156658
2021-07-23T23:51:57.000,1.26,10.46,7.37,44.68728,-124.156658
2021-07-24T00:06:57.000,1.06,8.8,7.37,44.68728,-124.156658
2021-07-24T00:21:57.000,1.2,10,7.37,44.68728,-124.156658
2021-07-24T00:36:57.000,1.11,9.27,7.37,44.68728,-124.156658
2021-07-24T00:51:57.000,1.07,8.93,7.37,44.68728,-124.156658
2021-07-24T01:06:57.000,1.2,9.95,7.37,44.68728,-124.156658
2021-07-24T01:21:57.000,1.28,10.68,7.37,44.68728,-124.156658
2021-07-24T01:36:57.000,1.27,10.56,7.37,44.68728,-124.156658
2021-07-24T01:51:57.000,1.18,9.79,7.37,44.68728,-124.156658
2021-07-24T02:06:57.000,1.18,9.84,7.37,44.68728,-124.156658
2021-07-24T02:21:57.000,1.21,10.09,7.37,44.68728,-124.156658
2021-07-24T02:36:57.000,1.14,9.47,7.37,44.68728,-124.156658
2021-07-24T02:51:57.000,1.14,9.49,7.38,44.68728,-124.156658
2021-07-24T03:06:57.000,1.22,10.11,7.38,44.68728,-124.156658
2021-07-24T03:21:57.000,1.22,10.15,7.38,44.68728,-124.156658
2021-07-24T03:36:57.000,1.24,10.31,7.38,44.68728,-124.156658
2021-07-24T03:51:57.000,1.23,10.24,7.38,44.68728,-124.156658
2021-07-24T04:06:57.000,1.27,10.53,7.38,44.68728,-124.156658
2021-07-24T04:21:57.000,1.26,10.5,7.38,44.68728,-124.156658
2021-07-24T04:36:57.000,1.27,10.55,7.38,44.68728,-124.156658
2021-07-24T04:51:57.000,1.25,10.36,7.38,44.68728,-124.156658
2021-07-24T05:06:57.000,1.19,9.88,7.38,44.68728,-124.156658
2021-07-24T05:21:57.000,1.18,9.77,7.38,44.68728,-124.156658
2021-07-24T05:36:57.000,1.28,10.67,7.38,44.68728,-124.156658
2021-07-24T05:51:57.000,1.26,10.45,7.38,44.68728,-124.156658
2021-07-24T06:06:57.000,1.21,10.1,7.38,44.68728,-124.156658
2021-07-24T06:21:57.000,1.23,10.19,7.38,44.68728,-124.156658
2021-07-24T06:36:57.000,1.17,9.7,7.38,44.68728,-124.156658
2021-07-24T06:51:57.000,1.18,9.78,7.38,44.68728,-124.156658
2021-07-24T07:06:57.000,1.14,9.48,7.38,44.68728,-124.156658
2021-07-24T07:21:57.000,1.13,9.4,7.38,44.68728,-124.156658
2021-07-24T07:36:57.000,1.15,9.6,7.38,44.68728,-124.156658
2021-07-24T07:51:57.000,1.12,9.29,7.38,44.68728,-124.156658
2021-07-24T08:06:57.000,1.1,9.18,7.38,44.68728,-124.156658
2021-07-24T08:21:57.000,0.97,8.1,7.38,44.68728,-124.156658
2021-07-24T08:36:57.000,0.99,8.24,7.38,44.68728,-124.156658
2021-07-24T08:51:57.000,1,8.32,7.38,44.68728,-124.156658
2021-07-24T09:06:57.000,0.98,8.15,7.38,44.68728,-124.156658
2021-07-24T09:21:57.000,1.06,8.78,7.38,44.68728,-124.156658
2021-07-24T09:36:57.000,1.03,8.6,7.38,44.68728,-124.156658
2021-07-24T09:51:57.000,0.99,8.24,7.38,44.68728,-124.156658
2021-07-24T10:06:57.000,0.92,7.65,7.38,44.68728,-124.156658
2021-07-24T10:21:57.000,0.92,7.64,7.38,44.68728,-124.156658
2021-07-24T10:36:57.000,0.95,7.92,7.38,44.68728,-124.156658
2021-07-24T10:51:57.000,0.98,8.18,7.38,44.68728,-124.156658
2021-07-24T11:06:57.000,1.02,8.47,7.38,44.68728,-124.156658
2021-07-24T11:21:57.000,1.03,8.56,7.38,44.68728,-124.156658
2021-07-24T11:36:57.000,1.05,8.71,7.38,44.68728,-124.156658
2021-07-24T11:51:57.000,1.05,8.75,7.38,44.68728,-124.156658
2021-07-24T12:06:57.000,1.12,9.31,7.38,44.68728,-124.156658
2021-07-24T12:21:57.000,1.17,9.76,7.38,44.68728,-124.156658
2021-07-24T12:36:57.000,1.23,10.19,7.38,44.68728,-124.156658
2021-07-24T12:51:57.000,1.23,10.22,7.38,44.68728,-124.156658
2021-07-24T13:06:57.000,1.21,10.09,7.38,44.68728,-124.156658
2021-07-24T13:21:57.000,1.33,11.07,7.38,44.68728,-124.156658
2021-07-24T13:36:57.000,1.31,10.93,7.38,44.68728,-124.156658
2021-07-24T13:51:57.000,1.32,10.97,7.38,44.68728,-124.156658
2021-07-24T14:06:57.000,1.33,11.07,7.37,44.68728,-124.156658
2021-07-24T14:21:57.000,1.35,11.26,7.37,44.68728,-124.156658
2021-07-24T14:36:57.000,1.37,11.42,7.37,44.68728,-124.156658
2021-07-24T14:51:57.000,1.44,11.95,7.37,44.68728,-124.156658
2021-07-24T15:06:57.000,1.48,12.3,7.37,44.68728,-124.156658
2021-07-24T15:21:57.000,1.6,13.29,7.38,44.68728,-124.156658
2021-07-24T15:36:57.000,1.69,14.09,7.38,44.68728,-124.156658
2021-07-24T15:51:57.000,1.8,14.94,7.39,44.68728,-124.156658
2021-07-24T16:06:57.000,1.83,15.19,7.39,44.68728,-124.156658
2021-07-24T16:21:57.000,1.81,15.07,7.39,44.68728,-124.156658
2021-07-24T16:36:57.000,1.78,14.77,7.39,44.68728,-124.156658
2021-07-24T16:51:57.000,1.71,14.26,7.4,44.68728,-124.156658
2021-07-24T17:06:57.000,1.66,13.82,7.4,44.68728,-124.156658
2021-07-24T17:21:57.000,1.63,13.55,7.4,44.68728,-124.156658
2021-07-24T17:36:57.000,1.54,12.78,7.41,44.68728,-124.156658
2021-07-24T17:51:57.000,1.46,12.13,7.41,44.68728,-124.156658
2021-07-24T18:06:57.000,1.37,11.43,7.41,44.68728,-124.156658
2021-07-24T18:21:57.000,1.35,11.27,7.41,44.68728,-124.156658
2021-07-24T18:36:57.000,1.35,11.27,7.41,44.68728,-124.156658
2021-07-24T18:51:57.000,1.39,11.55,7.4,44.68728,-124.156658
2021-07-24T19:06:57.000,1.38,11.47,7.39,44.68728,-124.156658
2021-07-24T19:21:57.000,1.44,11.99,7.39,44.68728,-124.156658
2021-07-24T19:36:57.000,1.4,11.64,7.39,44.68728,-124.156658
2021-07-24T19:51:57.000,1.44,12.02,7.39,44.68728,-124.156658
2021-07-24T20:06:57.000,1.44,11.96,7.39,44.68728,-124.156658
2021-07-24T20:21:57.000,1.44,11.94,7.39,44.68728,-124.156658
2021-07-24T20:36:57.000,1.42,11.77,7.38,44.68728,-124.156658
2021-07-24T20:51:57.000,1.41,11.73,7.37,44.68728,-124.156658
2021-07-24T21:06:57.000,1.4,11.63,7.37,44.68728,-124.156658
2021-07-24T21:21:57.000,1.4,11.67,7.37,44.68728,-124.156658
2021-07-24T21:36:57.000,1.4,11.66,7.37,44.68728,-124.156658
2021-07-24T21:51:57.000,1.41,11.73,7.36,44.68728,-124.156658
2021-07-24T22:06:57.000,1.4,11.66,7.35,44.68728,-124.156658
2021-07-24T22:21:57.000,1.37,11.38,7.34,44.68728,-124.156658
2021-07-24T22:36:57.000,1.41,11.73,7.34,44.68728,-124.156658
2021-07-24T22:51:57.000,1.46,12.14,7.34,44.68728,-124.156658
2021-07-24T23:06:57.000,1.47,12.25,7.34,44.68728,-124.156658
2021-07-24T23:21:57.000,1.5,12.5,7.34,44.68728,-124.156658
2021-07-24T23:36:57.000,1.57,13.08,7.34,44.68728,-124.156658
2021-07-24T23:51:57.000,1.57,13.04,7.34,44.68728,-124.156658
2021-07-25T00:06:57.000,1.59,13.19,7.34,44.68728,-124.156658
2021-07-25T00:21:57.000,1.59,13.24,7.34,44.68728,-124.156658
2021-07-25T00:36:57.000,1.59,13.24,7.34,44.68728,-124.156658
2021-07-25T00:51:57.000,1.56,12.96,7.34,44.68728,-124.156658
2021-07-25T01:06:57.000,1.58,13.09,7.34,44.68728,-124.156658
2021-07-25T01:21:57.000,1.62,13.45,7.34,44.68728,-124.156658
2021-07-25T01:36:57.000,1.61,13.38,7.34,44.68728,-124.156658
2021-07-25T01:51:57.000,1.58,13.11,7.34,44.68728,-124.156658
2021-07-25T02:06:57.000,1.58,13.1,7.34,44.68728,-124.156658
2021-07-25T02:21:57.000,1.57,13.06,7.34,44.68728,-124.156658
2021-07-25T02:36:57.000,1.55,12.9,7.34,44.68728,-124.156658
2021-07-25T02:51:57.000,1.54,12.81,7.33,44.68728,-124.156658
2021-07-25T03:06:57.000,1.53,12.67,7.33,44.68728,-124.156658
2021-07-25T03:21:57.000,1.51,12.52,7.32,44.68728,-124.156658
2021-07-25T03:36:57.000,1.51,12.55,7.32,44.68728,-124.156658
2021-07-25T03:51:57.000,1.49,12.36,7.32,44.68728,-124.156658
2021-07-25T04:06:57.000,1.48,12.27,7.32,44.68728,-124.156658
2021-07-25T04:21:57.000,1.49,12.34,7.32,44.68728,-124.156658
2021-07-25T04:36:57.000,1.48,12.27,7.32,44.68728,-124.156658
2021-07-25T04:51:57.000,1.45,12.05,7.32,44.68728,-124.156658
2021-07-25T05:06:57.000,1.43,11.86,7.32,44.68728,-124.156658
2021-07-25T05:21:57.000,1.43,11.9,7.32,44.68728,-124.156658
2021-07-25T05:36:57.000,1.38,11.46,7.32,44.68728,-124.156658
2021-07-25T05:51:57.000,1.39,11.53,7.32,44.68728,-124.156658
2021-07-25T06:06:57.000,1.39,11.54,7.32,44.68728,-124.156658
2021-07-25T06:21:57.000,1.32,10.98,7.32,44.68728,-124.156658
2021-07-25T06:36:57.000,1.24,10.28,7.32,44.68728,-124.156658
2021-07-25T06:51:57.000,1.3,10.82,7.32,44.68728,-124.156658
2021-07-25T07:06:57.000,1.31,10.91,7.32,44.68728,-124.156658
2021-07-25T07:21:57.000,1.25,10.38,7.32,44.68728,-124.156658
2021-07-25T07:36:57.000,1.29,10.73,7.32,44.68728,-124.156658
2021-07-25T07:51:57.000,1.23,10.23,7.32,44.68728,-124.156658
2021-07-25T08:06:57.000,1.19,9.88,7.32,44.68728,-124.156658
2021-07-25T08:21:57.000,1.32,10.92,7.32,44.68728,-124.156658
2021-07-25T08:36:57.000,1.31,10.89,7.32,44.68728,-124.156658
2021-07-25T08:51:57.000,1.28,10.65,7.32,44.68728,-124.156658
2021-07-25T09:06:57.000,1.31,10.89,7.32,44.68728,-124.156658
2021-07-25T09:21:57.000,1.26,10.45,7.32,44.68728,-124.156658
2021-07-25T09:36:57.000,1.26,10.45,7.32,44.68728,-124.156658
2021-07-25T09:51:57.000,1.4,11.59,7.32,44.68728,-124.156658
2021-07-25T10:06:57.000,1.34,11.16,7.32,44.68728,-124.156658
2021-07-25T10:21:57.000,1.35,11.22,7.32,44.68728,-124.156658
2021-07-25T10:36:57.000,1.35,11.23,7.32,44.68728,-124.156658
2021-07-25T10:51:57.000,1.38,11.46,7.32,44.68728,-124.156658
2021-07-25T11:06:57.000,1.4,11.65,7.32,44.68728,-124.156658
2021-07-25T11:21:57.000,1.41,11.71,7.32,44.68728,-124.156658
2021-07-25T11:36:57.000,1.39,11.52,7.31,44.68728,-124.156658
2021-07-25T11:51:57.000,1.42,11.75,7.31,44.68728,-124.156658
2021-07-25T12:06:57.000,1.42,11.81,7.3,44.68728,-124.156658
2021-07-25T12:21:57.000,1.41,11.7,7.29,44.68728,-124.156658
2021-07-25T12:36:57.000,1.39,11.52,7.29,44.68728,-124.156658
2021-07-25T12:51:57.000,1.37,11.34,7.29,44.68728,-124.156658
2021-07-25T13:06:57.000,1.37,11.39,7.29,44.68728,-124.156658
2021-07-25T13:21:57.000,1.33,11.03,7.29,44.68728,-124.156658
2021-07-25T13:36:57.000,1.28,10.62,7.29,44.68728,-124.156658
2021-07-25T13:51:57.000,1.25,10.39,7.28,44.68728,-124.156658
2021-07-25T14:06:57.000,1.23,10.16,7.29,44.68728,-124.156658
2021-07-25T14:21:57.000,1.23,10.2,7.29,44.68728,-124.156658
2021-07-25T14:36:57.000,1.22,10.16,7.29,44.68728,-124.156658
2021-07-25T14:51:57.000,1.24,10.29,7.29,44.68728,-124.156658
2021-07-25T15:06:57.000,1.21,10.03,7.29,44.68728,-124.156658
2021-07-25T15:21:57.000,1.2,9.94,7.29,44.68728,-124.156658
2021-07-25T15:36:57.000,1.15,9.55,7.29,44.68728,-124.156658
2021-07-25T15:51:57.000,1.14,9.45,7.28,44.68728,-124.156658
2021-07-25T16:06:57.000,1.11,9.22,7.27,44.68728,-124.156658
2021-07-25T16:21:57.000,1.1,9.14,7.27,44.68728,-124.156658
2021-07-25T16:36:57.000,1.1,9.12,7.27,44.68728,-124.156658
2021-07-25T16:51:57.000,1.11,9.19,7.27,44.68728,-124.156658
2021-07-25T17:06:57.000,1.11,9.19,7.27,44.68728,-124.156658
2021-07-25T17:21:57.000,1.14,9.48,7.27,44.68728,-124.156658
2021-07-25T17:36:57.000,1.14,9.49,7.27,44.68728,-124.156658
2021-07-25T17:51:57.000,1.19,9.9,7.27,44.68728,-124.156658
2021-07-25T18:06:57.000,1.22,10.1,7.27,44.68728,-124.156658
2021-07-25T18:21:57.000,1.24,10.26,7.27,44.68728,-124.156658
2021-07-25T18:36:57.000,1.25,10.34,7.27,44.68728,-124.156658
2021-07-25T18:51:57.000,1.26,10.42,7.27,44.68728,-124.156658
2021-07-25T19:06:57.000,1.23,10.24,7.27,44.68728,-124.156658
2021-07-25T19:21:57.000,1.21,10.06,7.27,44.68728,-124.156658
2021-07-25T19:36:57.000,1.19,9.9,7.27,44.68728,-124.156658
2021-07-25T19:51:57.000,1.18,9.79,7.27,44.68728,-124.156658
2021-07-25T20:06:57.000,1.15,9.54,7.27,44.68728,-124.156658
2021-07-25T20:21:57.000,1.18,9.75,7.27,44.68728,-124.156658
2021-07-25T20:36:57.000,1.15,9.5,7.27,44.68728,-124.156658
2021-07-25T20:51:57.000,1.16,9.63,7.27,44.68728,-124.156658
2021-07-25T21:06:57.000,1.17,9.7,7.27,44.68728,-124.156658
2021-07-25T21:21:57.000,1.18,9.82,7.27,44.68728,-124.156658
2021-07-25T21:36:57.000,1.17,9.74,7.27,44.68728,-124.156658
2021-07-25T21:51:57.000,1.21,10.06,7.28,44.68728,-124.156658
2021-07-25T22:06:57.000,1.25,10.4,7.28,44.68728,-124.156658
2021-07-25T22:21:57.000,1.24,10.29,7.29,44.68728,-124.156658
2021-07-25T22:36:57.000,1.25,10.36,7.29,44.68728,-124.156658
2021-07-25T22:51:57.000,1.33,11.05,7.29,44.68728,-124.156658
2021-07-25T23:06:57.000,1.33,11,7.29,44.68728,-124.156658
2021-07-25T23:21:57.000,1.36,11.25,7.29,44.68728,-124.156658
2021-07-25T23:36:57.000,1.39,11.54,7.29,44.68728,-124.156658
2021-07-25T23:51:57.000,1.4,11.65,7.29,44.68728,-124.156658
2021-07-26T00:06:57.000,1.41,11.72,7.29,44.68728,-124.156658
2021-07-26T00:21:57.000,1.4,11.65,7.27,44.68728,-124.156658
2021-07-26T00:36:57.000,1.41,11.7,7.27,44.68728,-124.156658
2021-07-26T00:51:57.000,1.42,11.76,7.27,44.68728,-124.156658
2021-07-26T01:06:57.000,1.43,11.83,7.27,44.68728,-124.156658
2021-07-26T01:21:57.000,1.43,11.9,7.27,44.68728,-124.156658
2021-07-26T01:36:57.000,1.44,11.92,7.26,44.68728,-124.156658
2021-07-26T01:51:57.000,1.45,11.99,7.25,44.68728,-124.156658
2021-07-26T02:06:57.000,1.46,12.07,7.25,44.68728,-124.156658
2021-07-26T02:21:57.000,1.45,12.02,7.25,44.68728,-124.156658
2021-07-26T02:36:57.000,1.46,12.11,7.25,44.68728,-124.156658
2021-07-26T02:51:57.000,1.44,11.96,7.25,44.68728,-124.156658
2021-07-26T03:06:57.000,1.41,11.72,7.25,44.68728,-124.156658
2021-07-26T03:21:57.000,1.45,12.03,7.25,44.68728,-124.156658
2021-07-26T03:36:57.000,1.47,12.17,7.25,44.68728,-124.156658
2021-07-26T03:51:57.000,1.43,11.89,7.25,44.68728,-124.156658
2021-07-26T04:06:57.000,1.44,11.92,7.25,44.68728,-124.156658
2021-07-26T04:21:57.000,1.46,12.11,7.25,44.68728,-124.156658
2021-07-26T04:36:57.000,1.45,12,7.25,44.68728,-124.156658
2021-07-26T04:51:57.000,1.46,12.07,7.25,44.68728,-124.156658
2021-07-26T05:06:57.000,1.43,11.84,7.26,44.68728,-124.156658
2021-07-26T05:21:57.000,1.41,11.66,7.26,44.68728,-124.156658
2021-07-26T05:36:57.000,1.38,11.42,7.26,44.68728,-124.156658
2021-07-26T05:51:57.000,1.42,11.75,7.27,44.68728,-124.156658
2021-07-26T06:06:57.000,1.42,11.77,7.27,44.68728,-124.156658
2021-07-26T06:21:57.000,1.41,11.71,7.27,44.68728,-124.156658
2021-07-26T06:36:57.000,1.4,11.65,7.27,44.68728,-124.156658
2021-07-26T06:51:57.000,1.37,11.32,7.27,44.68728,-124.156658
2021-07-26T07:06:57.000,1.35,11.21,7.27,44.68728,-124.156658
2021-07-26T07:21:57.000,1.48,12.25,7.27,44.68728,-124.156658
2021-07-26T07:36:57.000,1.34,11.15,7.27,44.68728,-124.156658
2021-07-26T07:51:57.000,1.46,12.11,7.28,44.68728,-124.156658
2021-07-26T08:06:57.000,1.48,12.29,7.28,44.68728,-124.156658
2021-07-26T08:21:57.000,1.47,12.24,7.29,44.68728,-124.156658
2021-07-26T08:36:57.000,1.51,12.56,7.29,44.68728,-124.156658
2021-07-26T08:51:57.000,1.57,12.99,7.29,44.68728,-124.156658
2021-07-26T09:06:57.000,1.57,13.01,7.29,44.68728,-124.156658
2021-07-26T09:21:57.000,1.55,12.89,7.29,44.68728,-124.156658
2021-07-26T09:36:57.000,1.54,12.77,7.29,44.68728,-124.156658
2021-07-26T09:51:57.000,1.51,12.56,7.29,44.68728,-124.156658
2021-07-26T10:06:57.000,1.57,13.05,7.29,44.68728,-124.156658
2021-07-26T10:21:57.000,1.62,13.43,7.29,44.68728,-124.156658
2021-07-26T10:36:57.000,1.64,13.64,7.3,44.68728,-124.156658
2021-07-26T10:51:57.000,1.63,13.49,7.3,44.68728,-124.156658
2021-07-26T11:06:57.000,1.63,13.51,7.3,44.68728,-124.156658
2021-07-26T11:21:57.000,1.61,13.34,7.31,44.68728,-124.156658
2021-07-26T11:36:57.000,1.64,13.62,7.31,44.68728,-124.156658
2021-07-26T11:51:57.000,1.61,13.34,7.31,44.68728,-124.156658
2021-07-26T12:06:57.000,1.59,13.22,7.31,44.68728,-124.156658
2021-07-26T12:21:57.000,1.55,12.82,7.3,44.68728,-124.156658
2021-07-26T12:36:57.000,1.48,12.28,7.29,44.68728,-124.156658
2021-07-26T12:51:57.000,1.4,11.61,7.29,44.68728,-124.156658
2021-07-26T13:06:57.000,1.34,11.14,7.28,44.68728,-124.156658
2021-07-26T13:21:57.000,1.33,11.07,7.28,44.68728,-124.156658
2021-07-26T13:36:57.000,1.3,10.78,7.27,44.68728,-124.156658
2021-07-26T13:51:57.000,1.28,10.59,7.27,44.68728,-124.156658
2021-07-26T14:06:57.000,1.29,10.68,7.27,44.68728,-124.156658
2021-07-26T14:21:57.000,1.27,10.5,7.27,44.68728,-124.156658
2021-07-26T14:36:57.000,1.28,10.61,7.27,44.68728,-124.156658
2021-07-26T14:51:57.000,1.31,10.91,7.27,44.68728,-124.156658
2021-07-26T15:06:57.000,1.31,10.9,7.27,44.68728,-124.156658
2021-07-26T15:21:57.000,1.34,11.11,7.27,44.68728,-124.156658
2021-07-26T15:36:57.000,1.37,11.34,7.27,44.68728,-124.156658
2021-07-26T15:51:57.000,1.37,11.36,7.27,44.68728,-124.156658
2021-07-26T16:06:57.000,1.36,11.29,7.27,44.68728,-124.156658
2021-07-26T16:21:57.000,1.36,11.3,7.26,44.68728,-124.156658
2021-07-26T16:36:57.000,1.35,11.17,7.26,44.68728,-124.156658
2021-07-26T16:51:57.000,1.35,11.16,7.26,44.68728,-124.156658
2021-07-26T17:06:57.000,1.33,11,7.25,44.68728,-124.156658
2021-07-26T17:21:57.000,1.31,10.89,7.25,44.68728,-124.156658
2021-07-26T17:36:57.000,1.31,10.82,7.25,44.68728,-124.156658
2021-07-26T17:51:57.000,1.3,10.78,7.25,44.68728,-124.156658
2021-07-26T18:06:57.000,1.26,10.47,7.25,44.68728,-124.156658
2021-07-26T18:21:57.000,1.26,10.41,7.25,44.68728,-124.156658
2021-07-26T18:36:57.000,1.24,10.29,7.25,44.68728,-124.156658
2021-07-26T18:51:57.000,1.25,10.33,7.26,44.68728,-124.156658
2021-07-26T19:06:57.000,1.25,10.37,7.26,44.68728,-124.156658
2021-07-26T19:21:57.000,1.25,10.39,7.26,44.68728,-124.156658
2021-07-26T19:36:57.000,1.27,10.5,7.27,44.68728,-124.156658
2021-07-26T19:51:57.000,1.27,10.53,7.27,44.68728,-124.156658
2021-07-26T20:06:57.000,1.28,10.61,7.27,44.68728,-124.156658
2021-07-26T20:21:57.000,1.3,10.77,7.27,44.68728,-124.156658
2021-07-26T20:36:57.000,1.33,11.03,7.27,44.68728,-124.156658
2021-07-26T20:51:57.000,1.33,11.06,7.27,44.68728,-124.156658
2021-07-26T21:06:57.000,1.38,11.43,7.27,44.68728,-124.156658
2021-07-26T21:21:57.000,1.39,11.52,7.28,44.68728,-124.156658
2021-07-26T21:36:57.000,1.4,11.62,7.29,44.68728,-124.156658
2021-07-26T21:51:57.000,1.41,11.71,7.29,44.68728,-124.156658
2021-07-26T22:06:57.000,1.43,11.83,7.29,44.68728,-124.156658
2021-07-26T22:21:57.000,1.43,11.83,7.29,44.68728,-124.156658
2021-07-26T22:36:57.000,1.44,11.94,7.29,44.68728,-124.156658
2021-07-26T22:51:57.000,1.44,11.92,7.29,44.68728,-124.156658
2021-07-26T23:06:57.000,1.45,12.06,7.29,44.68728,-124.156658
2021-07-26T23:21:57.000,1.46,12.14,7.29,44.68728,-124.156658
2021-07-26T23:36:57.000,1.46,12.12,7.29,44.68728,-124.156658
2021-07-26T23:51:57.000,1.5,12.47,7.29,44.68728,-124.156658
2021-07-27T00:06:57.000,1.49,12.36,7.29,44.68728,-124.156658
2021-07-27T00:21:57.000,1.5,12.41,7.29,44.68728,-124.156658
2021-07-27T00:36:57.000,1.49,12.33,7.29,44.68728,-124.156658
2021-07-27T00:51:57.000,1.49,12.35,7.29,44.68728,-124.156658
2021-07-27T01:06:57.000,1.5,12.43,7.29,44.68728,-124.156658
2021-07-27T01:21:57.000,1.45,12.07,7.29,44.68728,-124.156658
2021-07-27T01:36:57.000,1.51,12.53,7.29,44.68728,-124.156658
2021-07-27T01:51:57.000,1.55,12.85,7.3,44.68728,-124.156658
2021-07-27T02:06:57.000,1.58,13.08,7.3,44.68728,-124.156658
2021-07-27T02:21:57.000,1.59,13.17,7.3,44.68728,-124.156658
2021-07-27T02:36:57.000,1.61,13.37,7.3,44.68728,-124.156658
2021-07-27T02:51:57.000,1.62,13.47,7.3,44.68728,-124.156658
2021-07-27T03:06:57.000,1.68,13.93,7.31,44.68728,-124.156658
2021-07-27T03:21:57.000,1.68,13.95,7.32,44.68728,-124.156658
2021-07-27T03:36:57.000,1.68,13.96,7.32,44.68728,-124.156658
2021-07-27T03:51:57.000,1.68,13.98,7.32,44.68728,-124.156658
2021-07-27T04:06:57.000,1.68,13.96,7.32,44.68728,-124.156658
2021-07-27T04:21:57.000,1.71,14.18,7.32,44.68728,-124.156658
2021-07-27T04:36:57.000,1.65,13.68,7.32,44.68728,-124.156658
2021-07-27T04:51:57.000,1.73,14.39,7.32,44.68728,-124.156658
2021-07-27T05:06:57.000,1.78,14.76,7.33,44.68728,-124.156658
2021-07-27T05:21:57.000,1.77,14.68,7.33,44.68728,-124.156658
2021-07-27T05:36:57.000,1.76,14.59,7.34,44.68728,-124.156658
2021-07-27T05:51:57.000,1.77,14.71,7.33,44.68728,-124.156658
2021-07-27T06:06:57.000,1.76,14.61,7.33,44.68728,-124.156658
2021-07-27T06:21:57.000,1.72,14.3,7.34,44.68728,-124.156658
2021-07-27T06:36:57.000,1.73,14.33,7.34,44.68728,-124.156658
2021-07-27T06:51:57.000,1.79,14.87,7.34,44.68728,-124.156658
2021-07-27T07:06:57.000,1.8,14.98,7.34,44.68728,-124.156658
2021-07-27T07:21:57.000,1.7,14.15,7.34,44.68728,-124.156658
2021-07-27T07:36:57.000,1.73,14.35,7.34,44.68728,-124.156658
2021-07-27T07:51:57.000,1.6,13.26,7.34,44.68728,-124.156658
2021-07-27T08:06:57.000,1.76,14.63,7.34,44.68728,-124.156658
2021-07-27T08:21:57.000,1.69,14.02,7.34,44.68728,-124.156658
2021-07-27T08:36:57.000,1.7,14.16,7.34,44.68728,-124.156658
2021-07-27T08:51:57.000,1.68,14,7.34,44.68728,-124.156658
2021-07-27T09:06:57.000,1.68,13.95,7.34,44.68728,-124.156658
2021-07-27T09:21:57.000,1.6,13.25,7.34,44.68728,-124.156658
2021-07-27T09:36:57.000,1.61,13.41,7.35,44.68728,-124.156658
2021-07-27T09:51:57.000,1.73,14.39,7.35,44.68728,-124.156658
2021-07-27T10:06:57.000,1.77,14.67,7.35,44.68728,-124.156658
2021-07-27T10:21:57.000,1.48,12.29,7.35,44.68728,-124.156658
2021-07-27T10:36:57.000,1.63,13.58,7.35,44.68728,-124.156658
2021-07-27T10:51:57.000,1.67,13.87,7.35,44.68728,-124.156658
2021-07-27T11:06:57.000,1.62,13.47,7.35,44.68728,-124.156658
2021-07-27T11:21:57.000,1.71,14.19,7.35,44.68728,-124.156658
2021-07-27T11:36:57.000,1.76,14.59,7.35,44.68728,-124.156658
2021-07-27T11:51:57.000,1.71,14.25,7.35,44.68728,-124.156658
2021-07-27T12:06:57.000,1.73,14.34,7.35,44.68728,-124.156658
2021-07-27T12:21:57.000,1.84,15.25,7.35,44.68728,-124.156658
2021-07-27T12:36:57.000,1.91,15.86,7.35,44.68728,-124.156658
2021-07-27T12:51:57.000,1.84,15.26,7.35,44.68728,-124.156658
2021-07-27T13:06:57.000,1.87,15.52,7.35,44.68728,-124.156658
2021-07-27T13:21:57.000,1.86,15.44,7.35,44.68728,-124.156658
2021-07-27T13:36:57.000,1.79,14.87,7.35,44.68728,-124.156658
2021-07-27T13:51:57.000,1.71,14.18,7.34,44.68728,-124.156658
2021-07-27T14:06:57.000,1.73,14.38,7.34,44.68728,-124.156658
2021-07-27T14:21:57.000,1.76,14.59,7.33,44.68728,-124.156658
2021-07-27T14:36:57.000,1.77,14.68,7.33,44.68728,-124.156658
2021-07-27T14:51:57.000,1.71,14.19,7.32,44.68728,-124.156658
2021-07-27T15:06:57.000,1.68,13.93,7.32,44.68728,-124.156658
2021-07-27T15:21:57.000,1.7,14.14,7.32,44.68728,-124.156658
2021-07-27T15:36:57.000,1.76,14.6,7.32,44.68728,-124.156658
2021-07-27T15:51:57.000,1.73,14.35,7.32,44.68728,-124.156658
2021-07-27T16:06:57.000,1.71,14.16,7.32,44.68728,-124.156658
2021-07-27T16:21:57.000,1.7,14.16,7.32,44.68728,-124.156658
2021-07-27T16:36:57.000,1.7,14.1,7.32,44.68728,-124.156658
2021-07-27T16:51:57.000,1.7,14.15,7.32,44.68728,-124.156658
2021-07-27T17:06:57.000,1.76,14.63,7.32,44.68728,-124.156658
2021-07-27T17:21:57.000,1.77,14.74,7.33,44.68728,-124.156658
2021-07-27T17:36:57.000,1.81,15.02,7.34,44.68728,-124.156658
2021-07-27T17:51:57.000,1.81,15.01,7.34,44.68728,-124.156658
2021-07-27T18:06:57.000,1.86,15.47,7.35,44.68728,-124.156658
2021-07-27T18:21:57.000,1.89,15.71,7.37,44.68728,-124.156658
2021-07-27T18:36:57.000,1.98,16.46,7.38,44.68728,-124.156658
2021-07-27T18:51:57.000,1.94,16.13,7.38,44.68728,-124.156658
2021-07-27T19:06:57.000,1.85,15.4,7.38,44.68728,-124.156658
2021-07-27T19:21:57.000,1.82,15.14,7.38,44.68728,-124.156658
2021-07-27T19:36:57.000,1.83,15.24,7.38,44.68728,-124.156658
2021-07-27T19:51:57.000,1.68,13.96,7.38,44.68728,-124.156658
2021-07-27T20:06:57.000,1.75,14.52,7.38,44.68728,-124.156658
2021-07-27T20:21:57.000,1.71,14.22,7.38,44.68728,-124.156658
2021-07-27T20:36:57.000,1.61,13.39,7.38,44.68728,-124.156658
2021-07-27T20:51:57.000,1.73,14.41,7.38,44.68728,-124.156658
2021-07-27T21:06:57.000,1.83,15.2,7.38,44.68728,-124.156658
2021-07-27T21:21:57.000,1.74,14.51,7.38,44.68728,-124.156658
2021-07-27T21:36:57.000,1.87,15.58,7.38,44.68728,-124.156658
2021-07-27T21:51:57.000,1.89,15.71,7.38,44.68728,-124.156658
2021-07-27T22:06:57.000,1.9,15.76,7.38,44.68728,-124.156658
2021-07-27T22:21:57.000,1.88,15.66,7.38,44.68728,-124.156658
2021-07-27T22:36:57.000,1.84,15.32,7.38,44.68728,-124.156658
2021-07-27T22:51:57.000,1.86,15.45,7.38,44.68728,-124.156658
2021-07-27T23:06:57.000,1.9,15.78,7.38,44.68728,-124.156658
2021-07-27T23:21:57.000,1.58,13.1,7.38,44.68728,-124.156658
2021-07-27T23:36:57.000,1.92,15.96,7.38,44.68728,-124.156658
2021-07-27T23:51:57.000,1.55,12.86,7.39,44.68728,-124.156658
2021-07-28T00:06:57.000,1.55,12.87,7.38,44.68728,-124.156658
2021-07-28T00:21:57.000,1.88,15.64,7.38,44.68728,-124.156658
2021-07-28T00:36:57.000,2.03,16.85,7.38,44.68728,-124.156658
2021-07-28T00:51:57.000,1.86,15.49,7.38,44.68728,-124.156658
2021-07-28T01:06:57.000,1.99,16.53,7.37,44.68728,-124.156658
2021-07-28T01:21:57.000,1.78,14.79,7.37,44.68728,-124.156658
2021-07-28T01:36:57.000,1.81,15.07,7.37,44.68728,-124.156658
2021-07-28T01:51:57.000,1.74,14.48,7.36,44.68728,-124.156658
2021-07-28T02:06:57.000,1.64,13.62,7.37,44.68728,-124.156658
2021-07-28T02:21:57.000,1.52,12.64,7.36,44.68728,-124.156658
2021-07-28T02:36:57.000,1.52,12.63,7.37,44.68728,-124.156658
2021-07-28T02:51:57.000,1.76,14.61,7.36,44.68728,-124.156658
2021-07-28T03:06:57.000,1.74,14.43,7.36,44.68728,-124.156658
2021-07-28T03:21:57.000,1.84,15.31,7.36,44.68728,-124.156658
2021-07-28T03:36:57.000,1.82,15.1,7.36,44.68728,-124.156658
2021-07-28T03:51:57.000,1.66,13.84,7.36,44.68728,-124.156658
2021-07-28T04:06:57.000,1.85,15.39,7.35,44.68728,-124.156658
2021-07-28T04:21:57.000,1.85,15.38,7.34,44.68728,-124.156658
2021-07-28T04:36:57.000,1.82,15.11,7.34,44.68728,-124.156658
2021-07-28T04:51:57.000,1.66,13.79,7.32,44.68728,-124.156658
2021-07-28T05:06:57.000,1.73,14.34,7.32,44.68728,-124.156658
2021-07-28T05:21:57.000,1.7,14.1,7.32,44.68728,-124.156658
2021-07-28T05:36:57.000,1.66,13.8,7.32,44.68728,-124.156658
2021-07-28T05:51:57.000,1.66,13.77,7.32,44.68728,-124.156658
2021-07-28T06:06:57.000,1.68,13.98,7.32,44.68728,-124.156658
2021-07-28T06:21:57.000,1.67,13.9,7.32,44.68728,-124.156658
2021-07-28T06:36:57.000,1.65,13.71,7.32,44.68728,-124.156658
2021-07-28T06:51:57.000,1.67,13.88,7.32,44.68728,-124.156658
2021-07-28T07:06:57.000,1.58,13.11,7.32,44.68728,-124.156658
2021-07-28T07:21:57.000,1.4,11.63,7.32,44.68728,-124.156658
2021-07-28T07:36:57.000,1.7,14.11,7.32,44.68728,-124.156658
2021-07-28T07:51:57.000,1.66,13.75,7.32,44.68728,-124.156658
2021-07-28T08:06:57.000,1.62,13.49,7.32,44.68728,-124.156658
2021-07-28T08:21:57.000,1.71,14.22,7.32,44.68728,-124.156658
2021-07-28T08:36:57.000,1.73,14.41,7.32,44.68728,-124.156658
2021-07-28T08:51:57.000,1.68,13.94,7.32,44.68728,-124.156658
2021-07-28T09:06:57.000,1.74,14.47,7.32,44.68728,-124.156658
2021-07-28T09:21:57.000,1.71,14.21,7.32,44.68728,-124.156658
2021-07-28T09:36:57.000,1.73,14.34,7.32,44.68728,-124.156658
2021-07-28T09:51:57.000,1.73,14.35,7.32,44.68728,-124.156658
2021-07-28T10:06:57.000,1.67,13.9,7.32,44.68728,-124.156658
2021-07-28T10:21:57.000,1.63,13.57,7.32,44.68728,-124.156658
2021-07-28T10:36:57.000,1.68,13.92,7.32,44.68728,-124.156658
2021-07-28T10:51:57.000,1.64,13.63,7.33,44.68728,-124.156658
2021-07-28T11:06:57.000,1.65,13.74,7.33,44.68728,-124.156658
2021-07-28T11:21:57.000,1.66,13.77,7.33,44.68728,-124.156658
2021-07-28T11:36:57.000,1.67,13.86,7.32,44.68728,-124.156658
2021-07-28T11:51:57.000,1.62,13.49,7.32,44.68728,-124.156658
2021-07-28T12:06:57.000,1.6,13.29,7.32,44.68728,-124.156658
2021-07-28T12:21:57.000,1.54,12.77,7.32,44.68728,-124.156658
2021-07-28T12:36:57.000,1.54,12.76,7.32,44.68728,-124.156658
2021-07-28T12:51:57.000,1.47,12.2,7.32,44.68728,-124.156658
2021-07-28T13:06:57.000,1.49,12.38,7.31,44.68728,-124.156658
2021-07-28T13:21:57.000,1.44,11.92,7.31,44.68728,-124.156658
2021-07-28T13:36:57.000,1.41,11.7,7.31,44.68728,-124.156658
2021-07-28T13:51:57.000,1.37,11.41,7.3,44.68728,-124.156658
2021-07-28T14:06:57.000,1.31,10.89,7.29,44.68728,-124.156658
2021-07-28T14:21:57.000,1.29,10.72,7.29,44.68728,-124.156658
2021-07-28T14:36:57.000,1.29,10.74,7.29,44.68728,-124.156658
2021-07-28T14:51:57.000,1.28,10.59,7.29,44.68728,-124.156658
2021-07-28T15:06:57.000,1.03,8.58,7.29,44.68728,-124.156658
2021-07-28T15:21:57.000,1.21,10.08,7.29,44.68728,-124.156658
2021-07-28T15:36:57.000,1.16,9.64,7.29,44.68728,-124.156658
2021-07-28T15:51:57.000,1.2,10,7.29,44.68728,-124.156658
2021-07-28T16:06:57.000,1.15,9.52,7.29,44.68728,-124.156658
2021-07-28T16:21:57.000,1.15,9.53,7.29,44.68728,-124.156658
2021-07-28T16:36:57.000,1.11,9.23,7.29,44.68728,-124.156658
2021-07-28T16:51:57.000,0.83,6.88,7.29,44.68728,-124.156658
2021-07-28T17:06:57.000,1.03,8.59,7.29,44.68728,-124.156658
2021-07-28T17:21:57.000,0.91,7.55,7.29,44.68728,-124.156658
2021-07-28T17:36:57.000,1.03,8.58,7.29,44.68728,-124.156658
2021-07-28T17:51:57.000,1.12,9.3,7.29,44.68728,-124.156658
2021-07-28T18:06:57.000,1.23,10.25,7.29,44.68728,-124.156658
2021-07-28T18:21:57.000,1.19,9.85,7.29,44.68728,-124.156658
2021-07-28T18:36:57.000,1.08,8.92,7.29,44.68728,-124.156658
2021-07-28T18:51:57.000,0.93,7.75,7.29,44.68728,-124.156658
2021-07-28T19:06:57.000,1.15,9.52,7.29,44.68728,-124.156658
2021-07-28T19:21:57.000,1.18,9.75,7.29,44.68728,-124.156658
2021-07-28T19:36:57.000,1.17,9.68,7.29,44.68728,-124.156658
2021-07-28T19:51:57.000,1.18,9.79,7.29,44.68728,-124.156658
2021-07-28T20:06:57.000,1.22,10.12,7.29,44.68728,-124.156658
2021-07-28T20:21:57.000,1.23,10.23,7.29,44.68728,-124.156658
2021-07-28T20:36:57.000,1.22,10.12,7.29,44.68728,-124.156658
2021-07-28T20:51:57.000,1.15,9.56,7.29,44.68728,-124.156658
2021-07-28T21:06:57.000,1.2,9.92,7.29,44.68728,-124.156658
2021-07-28T21:21:57.000,1.21,10.03,7.29,44.68728,-124.156658
2021-07-28T21:36:57.000,1.24,10.32,7.29,44.68728,-124.156658
2021-07-28T21:51:57.000,1.24,10.29,7.29,44.68728,-124.156658
2021-07-28T22:06:57.000,1.23,10.18,7.29,44.68728,-124.156658
2021-07-28T22:21:57.000,1.22,10.15,7.29,44.68728,-124.156658
2021-07-28T22:36:57.000,1.23,10.17,7.29,44.68728,-124.156658
2021-07-28T22:51:57.000,1.21,10.02,7.29,44.68728,-124.156658
2021-07-28T23:06:57.000,1.23,10.19,7.29,44.68728,-124.156658
2021-07-28T23:21:57.000,1.23,10.21,7.29,44.68728,-124.156658
2021-07-28T23:36:57.000,1.19,9.87,7.28,44.68728,-124.156658
2021-07-28T23:51:57.000,1.24,10.29,7.29,44.68728,-124.156658
2021-07-29T00:06:57.000,1.22,10.1,7.29,44.68728,-124.156658
2021-07-29T00:21:57.000,1.18,9.77,7.28,44.68728,-124.156658
2021-07-29T00:36:57.000,1.21,10.06,7.28,44.68728,-124.156658
2021-07-29T00:51:57.000,1.22,10.14,7.28,44.68728,-124.156658
2021-07-29T01:06:57.000,1.21,10.06,7.28,44.68728,-124.156658
2021-07-29T01:21:57.000,1.12,9.28,7.28,44.68728,-124.156658
2021-07-29T01:36:57.000,1.19,9.86,7.28,44.68728,-124.156658
2021-07-29T01:51:57.000,1.24,10.32,7.28,44.68728,-124.156658
2021-07-29T02:06:57.000,1.21,10.05,7.28,44.68728,-124.156658
2021-07-29T02:21:57.000,1.19,9.87,7.28,44.68728,-124.156658
2021-07-29T02:36:57.000,1.19,9.86,7.28,44.68728,-124.156658
2021-07-29T02:51:57.000,1.2,9.91,7.28,44.68728,-124.156658
2021-07-29T03:06:57.000,1.2,9.99,7.28,44.68728,-124.156658
2021-07-29T03:21:57.000,1.27,10.55,7.28,44.68728,-124.156658
2021-07-29T03:36:57.000,1.28,10.63,7.29,44.68728,-124.156658
2021-07-29T03:51:57.000,1.3,10.77,7.29,44.68728,-124.156658
2021-07-29T04:06:57.000,1.28,10.62,7.29,44.68728,-124.156658
2021-07-29T04:21:57.000,1.04,8.62,7.29,44.68728,-124.156658
2021-07-29T04:36:57.000,1.29,10.68,7.29,44.68728,-124.156658
2021-07-29T04:51:57.000,1.32,10.97,7.29,44.68728,-124.156658
2021-07-29T05:06:57.000,1.25,10.37,7.29,44.68728,-124.156658
2021-07-29T05:21:57.000,1.26,10.47,7.29,44.68728,-124.156658
2021-07-29T05:36:57.000,1.25,10.35,7.29,44.68728,-124.156658
2021-07-29T05:51:57.000,1.28,10.6,7.29,44.68728,-124.156658
2021-07-29T06:06:57.000,1.32,10.96,7.3,44.68728,-124.156658
2021-07-29T06:21:57.000,1.33,11.05,7.3,44.68728,-124.156658
2021-07-29T06:36:57.000,1.12,9.26,7.3,44.68728,-124.156658
2021-07-29T06:51:57.000,1.32,10.98,7.3,44.68728,-124.156658
2021-07-29T07:06:57.000,1.33,11.07,7.31,44.68728,-124.156658
2021-07-29T07:21:57.000,1.38,11.43,7.31,44.68728,-124.156658
2021-07-29T07:36:57.000,1.4,11.65,7.32,44.68728,-124.156658
2021-07-29T07:51:57.000,1.37,11.34,7.32,44.68728,-124.156658
2021-07-29T08:06:57.000,1.42,11.81,7.32,44.68728,-124.156658
2021-07-29T08:21:57.000,1.47,12.21,7.32,44.68728,-124.156658
2021-07-29T08:36:57.000,1.3,10.76,7.32,44.68728,-124.156658
2021-07-29T08:51:57.000,1.45,12.05,7.32,44.68728,-124.156658
2021-07-29T09:06:57.000,1.49,12.34,7.32,44.68728,-124.156658
2021-07-29T09:21:57.000,1.52,12.62,7.32,44.68728,-124.156658
2021-07-29T09:36:57.000,1.53,12.69,7.32,44.68728,-124.156658
2021-07-29T09:51:57.000,1.52,12.61,7.32,44.68728,-124.156658
2021-07-29T10:06:57.000,1.51,12.55,7.32,44.68728,-124.156658
2021-07-29T10:21:57.000,1.5,12.45,7.32,44.68728,-124.156658
2021-07-29T10:36:57.000,1.5,12.43,7.31,44.68728,-124.156658
2021-07-29T10:51:57.000,1.5,12.41,7.31,44.68728,-124.156658
2021-07-29T11:06:57.000,1.47,12.22,7.3,44.68728,-124.156658
2021-07-29T11:21:57.000,1.43,11.83,7.3,44.68728,-124.156658
2021-07-29T11:36:57.000,1.45,12,7.3,44.68728,-124.156658
2021-07-29T11:51:57.000,1.46,12.09,7.3,44.68728,-124.156658
2021-07-29T12:06:57.000,1.45,12.01,7.3,44.68728,-124.156658
2021-07-29T12:21:57.000,1.24,10.29,7.3,44.68728,-124.156658
2021-07-29T12:36:57.000,1.42,11.83,7.29,44.68728,-124.156658
2021-07-29T12:51:57.000,1.37,11.35,7.29,44.68728,-124.156658
2021-07-29T13:06:57.000,1.37,11.33,7.29,44.68728,-124.156658
2021-07-29T13:21:57.000,1.39,11.53,7.29,44.68728,-124.156658
2021-07-29T13:36:57.000,1.34,11.12,7.29,44.68728,-124.156658
2021-07-29T13:51:57.000,1.38,11.45,7.29,44.68728,-124.156658
2021-07-29T14:06:57.000,1.24,10.27,7.29,44.68728,-124.156658
2021-07-29T14:21:57.000,1.27,10.53,7.29,44.68728,-124.156658
2021-07-29T14:36:57.000,1.2,9.94,7.29,44.68728,-124.156658
2021-07-29T14:51:57.000,1.24,10.33,7.29,44.68728,-124.156658
2021-07-29T15:06:57.000,1.21,10.01,7.29,44.68728,-124.156658
2021-07-29T15:21:57.000,1.2,9.97,7.29,44.68728,-124.156658
2021-07-29T15:36:57.000,1.22,10.16,7.29,44.68728,-124.156658
2021-07-29T15:51:57.000,1.22,10.12,7.29,44.68728,-124.156658
2021-07-29T16:06:57.000,0.98,8.15,7.29,44.68728,-124.156658
2021-07-29T16:21:57.000,1.11,9.23,7.29,44.68728,-124.156658
2021-07-29T16:36:57.000,1.3,10.81,7.29,44.68728,-124.156658
2021-07-29T16:51:57.000,1.33,11.03,7.29,44.68728,-124.156658
2021-07-29T17:06:57.000,1.42,11.8,7.29,44.68728,-124.156658
2021-07-29T17:21:57.000,1.4,11.64,7.29,44.68728,-124.156658
2021-07-29T17:36:57.000,1.35,11.24,7.29,44.68728,-124.156658
2021-07-29T17:51:57.000,1.23,10.21,7.29,44.68728,-124.156658
2021-07-29T18:06:57.000,1.27,10.57,7.29,44.68728,-124.156658
2021-07-29T18:21:57.000,1.35,11.21,7.29,44.68728,-124.156658
2021-07-29T18:36:57.000,1.31,10.91,7.29,44.68728,-124.156658
2021-07-29T18:51:57.000,1.27,10.54,7.29,44.68728,-124.156658
2021-07-29T19:06:57.000,1.27,10.53,7.29,44.68728,-124.156658
2021-07-29T19:21:57.000,1.26,10.48,7.29,44.68728,-124.156658
2021-07-29T19:36:57.000,1.34,11.12,7.29,44.68728,-124.156658
2021-07-29T19:51:57.000,1.36,11.32,7.29,44.68728,-124.156658
2021-07-29T20:06:57.000,1.33,11,7.29,44.68728,-124.156658
2021-07-29T20:21:57.000,1.38,11.46,7.29,44.68728,-124.156658
2021-07-29T20:36:57.000,1.36,11.31,7.29,44.68728,-124.156658
2021-07-29T20:51:57.000,1.39,11.53,7.29,44.68728,-124.156658
2021-07-29T21:06:57.000,1.36,11.32,7.29,44.68728,-124.156658
2021-07-29T21:21:57.000,1.36,11.33,7.29,44.68728,-124.156658
2021-07-29T21:36:57.000,1.36,11.29,7.29,44.68728,-124.156658
2021-07-29T21:51:57.000,1.4,11.59,7.29,44.68728,-124.156658
2021-07-29T22:06:57.000,1.38,11.45,7.29,44.68728,-124.156658
2021-07-29T22:21:57.000,1.4,11.64,7.29,44.68728,-124.156658
2021-07-29T22:36:57.000,1.38,11.45,7.29,44.68728,-124.156658
2021-07-29T22:51:57.000,1.38,11.46,7.29,44.68728,-124.156658
2021-07-29T23:06:57.000,1.37,11.35,7.29,44.68728,-124.156658
2021-07-29T23:21:57.000,1.39,11.56,7.29,44.68728,-124.156658
2021-07-29T23:36:57.000,1.39,11.57,7.29,44.68728,-124.156658
2021-07-29T23:51:57.000,1.39,11.54,7.29,44.68728,-124.156658
2021-07-30T00:06:57.000,1.36,11.3,7.29,44.68728,-124.156658
2021-07-30T00:21:57.000,1.36,11.26,7.29,44.68728,-124.156658
2021-07-30T00:36:57.000,1.35,11.21,7.29,44.68728,-124.156658
2021-07-30T00:51:57.000,1.37,11.4,7.29,44.68728,-124.156658
2021-07-30T01:06:57.000,1.33,11,7.29,44.68728,-124.156658
2021-07-30T01:21:57.000,1.41,11.68,7.29,44.68728,-124.156658
2021-07-30T01:36:57.000,1.41,11.67,7.29,44.68728,-124.156658
2021-07-30T01:51:57.000,1.27,10.53,7.29,44.68728,-124.156658
2021-07-30T02:06:57.000,1.37,11.39,7.29,44.68728,-124.156658
2021-07-30T02:21:57.000,1.35,11.22,7.29,44.68728,-124.156658
2021-07-30T02:36:57.000,1.26,10.45,7.29,44.68728,-124.156658
2021-07-30T02:51:57.000,1.28,10.65,7.29,44.68728,-124.156658
2021-07-30T03:06:57.000,1.33,11.05,7.29,44.68728,-124.156658
2021-07-30T03:21:57.000,1.32,10.98,7.29,44.68728,-124.156658
2021-07-30T03:36:57.000,1.36,11.26,7.29,44.68728,-124.156658
2021-07-30T03:51:57.000,1.35,11.18,7.29,44.68728,-124.156658
2021-07-30T04:06:57.000,1.35,11.24,7.29,44.68728,-124.156658
2021-07-30T04:21:57.000,1.38,11.45,7.29,44.68728,-124.156658
2021-07-30T04:36:57.000,1.19,9.84,7.29,44.68728,-124.156658
2021-07-30T04:51:57.000,1.32,10.91,7.29,44.68728,-124.156658
2021-07-30T05:06:57.000,1.38,11.45,7.29,44.68728,-124.156658
2021-07-30T05:21:57.000,1.32,10.91,7.29,44.68728,-124.156658
2021-07-30T05:36:57.000,1.29,10.69,7.29,44.68728,-124.156658
2021-07-30T05:51:57.000,1.37,11.34,7.29,44.68728,-124.156658
2021-07-30T06:06:57.000,1.34,11.15,7.29,44.68728,-124.156658
2021-07-30T06:21:57.000,1.37,11.37,7.29,44.68728,-124.156658
2021-07-30T06:36:57.000,1.32,10.97,7.29,44.68728,-124.156658
2021-07-30T06:51:57.000,1.26,10.46,7.29,44.68728,-124.156658
2021-07-30T07:06:57.000,1.38,11.49,7.29,44.68728,-124.156658
2021-07-30T07:21:57.000,1.34,11.15,7.29,44.68728,-124.156658
2021-07-30T07:36:57.000,1.37,11.33,7.29,44.68728,-124.156658
2021-07-30T07:51:57.000,1.39,11.51,7.29,44.68728,-124.156658
2021-07-30T08:06:57.000,1.39,11.56,7.29,44.68728,-124.156658
2021-07-30T08:21:57.000,1.4,11.6,7.29,44.68728,-124.156658
2021-07-30T08:36:57.000,1.31,10.9,7.29,44.68728,-124.156658
2021-07-30T08:51:57.000,1.33,11.06,7.29,44.68728,-124.156658
2021-07-30T09:06:57.000,1.4,11.6,7.29,44.68728,-124.156658
2021-07-30T09:21:57.000,1.37,11.39,7.29,44.68728,-124.156658
2021-07-30T09:36:57.000,1.39,11.55,7.29,44.68728,-124.156658
2021-07-30T09:51:57.000,1.37,11.38,7.3,44.68728,-124.156658
2021-07-30T10:06:57.000,1.38,11.49,7.29,44.68728,-124.156658
2021-07-30T10:21:57.000,1.39,11.52,7.3,44.68728,-124.156658
2021-07-30T10:36:57.000,1.41,11.72,7.29,44.68728,-124.156658
2021-07-30T10:51:57.000,1.37,11.4,7.29,44.68728,-124.156658
2021-07-30T11:06:57.000,1.38,11.44,7.3,44.68728,-124.156658
2021-07-30T11:21:57.000,1.34,11.15,7.3,44.68728,-124.156658
2021-07-30T11:36:57.000,1.35,11.19,7.3,44.68728,-124.156658
2021-07-30T11:51:57.000,1.33,11,7.29,44.68728,-124.156658
2021-07-30T12:06:57.000,1.32,10.95,7.29,44.68728,-124.156658
2021-07-30T12:21:57.000,1.3,10.81,7.29,44.68728,-124.156658
2021-07-30T12:36:57.000,1.31,10.9,7.29,44.68728,-124.156658
2021-07-30T12:51:57.000,1.25,10.37,7.29,44.68728,-124.156658
2021-07-30T13:06:57.000,1.25,10.4,7.29,44.68728,-124.156658
2021-07-30T13:21:57.000,1.25,10.41,7.29,44.68728,-124.156658
2021-07-30T13:36:57.000,1.11,9.23,7.29,44.68728,-124.156658
2021-07-30T13:51:57.000,1.18,9.82,7.29,44.68728,-124.156658
2021-07-30T14:06:57.000,1.12,9.29,7.29,44.68728,-124.156658
2021-07-30T14:21:57.000,1.26,10.49,7.29,44.68728,-124.156658
2021-07-30T14:36:57.000,1.16,9.63,7.29,44.68728,-124.156658
2021-07-30T14:51:57.000,1.32,10.92,7.29,44.68728,-124.156658
2021-07-30T15:06:57.000,1.22,10.14,7.29,44.68728,-124.156658
2021-07-30T15:21:57.000,1.23,10.22,7.29,44.68728,-124.156658
2021-07-30T15:36:57.000,1.33,11.03,7.29,44.68728,-124.156658
2021-07-30T15:51:57.000,1.27,10.55,7.29,44.68728,-124.156658
2021-07-30T16:06:57.000,1.25,10.34,7.29,44.68728,-124.156658
2021-07-30T16:21:57.000,1.28,10.62,7.29,44.68728,-124.156658
2021-07-30T16:36:57.000,1.37,11.38,7.3,44.68728,-124.156658
2021-07-30T16:51:57.000,1.34,11.08,7.3,44.68728,-124.156658
2021-07-30T17:06:57.000,1.39,11.57,7.3,44.68728,-124.156658
2021-07-30T17:21:57.000,1.35,11.24,7.3,44.68728,-124.156658
2021-07-30T17:36:57.000,1.31,10.85,7.3,44.68728,-124.156658
2021-07-30T17:51:57.000,1.37,11.35,7.3,44.68728,-124.156658
2021-07-30T18:06:57.000,1.39,11.5,7.3,44.68728,-124.156658
2021-07-30T18:21:57.000,1.33,11.02,7.3,44.68728,-124.156658
2021-07-30T18:36:57.000,1.2,9.94,7.3,44.68728,-124.156658
2021-07-30T18:51:57.000,1.19,9.88,7.3,44.68728,-124.156658
2021-07-30T19:06:57.000,1.1,9.1,7.3,44.68728,-124.156658
2021-07-30T19:21:57.000,1.29,10.69,7.3,44.68728,-124.156658
2021-07-30T19:36:57.000,1.33,11.07,7.3,44.68728,-124.156658
2021-07-30T19:51:57.000,1.31,10.88,7.3,44.68728,-124.156658
2021-07-30T20:06:57.000,1.32,10.94,7.29,44.68728,-124.156658
2021-07-30T20:21:57.000,1.3,10.79,7.29,44.68728,-124.156658
2021-07-30T20:36:57.000,1.29,10.71,7.29,44.68728,-124.156658
2021-07-30T20:51:57.000,1.33,11.05,7.29,44.68728,-124.156658
2021-07-30T21:06:57.000,1.27,10.55,7.29,44.68728,-124.156658
2021-07-30T21:21:57.000,1.06,8.82,7.29,44.68728,-124.156658
2021-07-30T21:36:57.000,1.11,9.19,7.29,44.68728,-124.156658
2021-07-30T21:51:57.000,1.32,10.95,7.29,44.68728,-124.156658
2021-07-30T22:06:57.000,1.32,10.92,7.29,44.68728,-124.156658
2021-07-30T22:21:57.000,1.32,10.99,7.29,44.68728,-124.156658
2021-07-30T22:36:57.000,1.28,10.61,7.29,44.68728,-124.156658
2021-07-30T22:51:57.000,1.34,11.16,7.29,44.68728,-124.156658
2021-07-30T23:06:57.000,1.21,10.07,7.29,44.68728,-124.156658
2021-07-30T23:21:57.000,1.23,10.22,7.29,44.68728,-124.156658
2021-07-30T23:36:57.000,1.37,11.35,7.29,44.68728,-124.156658
2021-07-30T23:51:57.000,1.31,10.89,7.29,44.68728,-124.156658
2021-07-31T00:06:57.000,1.31,10.84,7.29,44.68728,-124.156658
2021-07-31T00:21:57.000,1.32,10.93,7.29,44.68728,-124.156658
2021-07-31T00:36:57.000,1.34,11.13,7.29,44.68728,-124.156658
2021-07-31T00:51:57.000,1.34,11.08,7.29,44.68728,-124.156658
2021-07-31T01:06:57.000,1.35,11.21,7.29,44.68728,-124.156658
2021-07-31T01:21:57.000,1.35,11.2,7.29,44.68728,-124.156658
2021-07-31T01:36:57.000,1.4,11.58,7.29,44.68728,-124.156658
2021-07-31T01:51:57.000,1.37,11.36,7.29,44.68728,-124.156658
2021-07-31T02:06:57.000,1.31,10.88,7.29,44.68728,-124.156658
2021-07-31T02:21:57.000,1.35,11.22,7.29,44.68728,-124.156658
2021-07-31T02:36:57.000,1.39,11.53,7.29,44.68728,-124.156658
2021-07-31T02:51:57.000,1.38,11.47,7.29,44.68728,-124.156658
2021-07-31T03:06:57.000,1.34,11.15,7.29,44.68728,-124.156658
2021-07-31T03:21:57.000,1.43,11.84,7.29,44.68728,-124.156658
2021-07-31T03:36:57.000,1.41,11.68,7.29,44.68728,-124.156658
2021-07-31T03:51:57.000,1.38,11.48,7.29,44.68728,-124.156658
2021-07-31T04:06:57.000,1.39,11.57,7.29,44.68728,-124.156658
2021-07-31T04:21:57.000,1.39,11.52,7.29,44.68728,-124.156658
2021-07-31T04:36:57.000,1.42,11.82,7.29,44.68728,-124.156658
2021-07-31T04:51:57.000,1.41,11.73,7.29,44.68728,-124.156658
2021-07-31T05:06:57.000,1.41,11.66,7.29,44.68728,-124.156658
2021-07-31T05:21:57.000,1.35,11.23,7.29,44.68728,-124.156658
2021-07-31T05:36:57.000,1.37,11.41,7.29,44.68728,-124.156658
2021-07-31T05:51:57.000,1.39,11.53,7.29,44.68728,-124.156658
2021-07-31T06:06:57.000,1.42,11.79,7.29,44.68728,-124.156658
2021-07-31T06:21:57.000,1.39,11.51,7.29,44.68728,-124.156658
2021-07-31T06:36:57.000,1.3,10.78,7.29,44.68728,-124.156658
2021-07-31T06:51:57.000,1.09,9.06,7.29,44.68728,-124.156658
2021-07-31T07:06:57.000,1.27,10.5,7.29,44.68728,-124.156658
2021-07-31T07:21:57.000,1.22,10.09,7.29,44.68728,-124.156658
2021-07-31T07:36:57.000,1.35,11.16,7.29,44.68728,-124.156658
2021-07-31T07:51:57.000,1.4,11.64,7.29,44.68728,-124.156658
2021-07-31T08:06:57.000,1.24,10.26,7.29,44.68728,-124.156658
2021-07-31T08:21:57.000,1.36,11.25,7.29,44.68728,-124.156658
2021-07-31T08:36:57.000,1.32,10.94,7.29,44.68728,-124.156658
2021-07-31T08:51:57.000,1.29,10.72,7.29,44.68728,-124.156658
2021-07-31T09:06:57.000,1.36,11.32,7.29,44.68728,-124.156658
2021-07-31T09:21:57.000,1.38,11.48,7.29,44.68728,-124.156658
2021-07-31T09:36:57.000,1.24,10.25,7.29,44.68728,-124.156658
2021-07-31T09:51:57.000,1.12,9.31,7.3,44.68728,-124.156658
2021-07-31T10:06:57.000,1.28,10.65,7.29,44.68728,-124.156658
2021-07-31T10:21:57.000,1.26,10.49,7.3,44.68728,-124.156658
2021-07-31T10:36:57.000,1.06,8.79,7.3,44.68728,-124.156658
2021-07-31T10:51:57.000,1.27,10.55,7.29,44.68728,-124.156658
2021-07-31T11:06:57.000,1.4,11.6,7.3,44.68728,-124.156658
2021-07-31T11:21:57.000,1.25,10.37,7.3,44.68728,-124.156658
2021-07-31T11:36:57.000,1.32,10.97,7.3,44.68728,-124.156658
2021-07-31T11:51:57.000,1.37,11.35,7.3,44.68728,-124.156658
2021-07-31T12:06:57.000,1.35,11.2,7.3,44.68728,-124.156658
2021-07-31T12:21:57.000,1.41,11.69,7.3,44.68728,-124.156658
2021-07-31T12:36:57.000,1.37,11.39,7.3,44.68728,-124.156658
2021-07-31T12:51:57.000,1.4,11.6,7.3,44.68728,-124.156658
2021-07-31T13:06:57.000,1.32,10.95,7.3,44.68728,-124.156658
2021-07-31T13:21:57.000,1.4,11.62,7.3,44.68728,-124.156658
2021-07-31T13:36:57.000,1.3,10.78,7.3,44.68728,-124.156658
2021-07-31T13:51:57.000,1.35,11.22,7.3,44.68728,-124.156658
2021-07-31T14:06:57.000,1.34,11.12,7.31,44.68728,-124.156658
2021-07-31T14:21:57.000,1.38,11.47,7.31,44.68728,-124.156658
2021-07-31T14:36:57.000,1.33,11.06,7.31,44.68728,-124.156658
2021-07-31T14:51:57.000,1.32,10.98,7.31,44.68728,-124.156658
2021-07-31T15:06:57.000,1.34,11.13,7.31,44.68728,-124.156658
2021-07-31T15:21:57.000,1.27,10.51,7.31,44.68728,-124.156658
2021-07-31T15:36:57.000,1.24,10.3,7.31,44.68728,-124.156658
2021-07-31T15:51:57.000,1.21,10.08,7.31,44.68728,-124.156658
2021-07-31T16:06:57.000,1.21,10.05,7.31,44.68728,-124.156658
2021-07-31T16:21:57.000,1.17,9.75,7.31,44.68728,-124.156658
2021-07-31T16:36:57.000,1.24,10.26,7.32,44.68728,-124.156658
2021-07-31T16:51:57.000,1.18,9.82,7.32,44.68728,-124.156658
2021-07-31T17:06:57.000,1.32,10.98,7.32,44.68728,-124.156658
2021-07-31T17:21:57.000,1.24,10.33,7.32,44.68728,-124.156658
2021-07-31T17:36:57.000,1.13,9.35,7.32,44.68728,-124.156658
2021-07-31T17:51:57.000,1.26,10.49,7.32,44.68728,-124.156658
2021-07-31T18:06:57.000,1.21,10.02,7.32,44.68728,-124.156658
2021-07-31T18:21:57.000,1.27,10.56,7.32,44.68728,-124.156658
2021-07-31T18:36:57.000,1.24,10.28,7.32,44.68728,-124.156658
2021-07-31T18:51:57.000,1.09,9.06,7.32,44.68728,-124.156658
2021-07-31T19:06:57.000,1.08,8.93,7.32,44.68728,-124.156658
2021-07-31T19:21:57.000,1.07,8.89,7.32,44.68728,-124.156658
2021-07-31T19:36:57.000,1.3,10.76,7.32,44.68728,-124.156658
2021-07-31T19:51:57.000,1.09,9.03,7.32,44.68728,-124.156658
2021-07-31T20:06:57.000,1.3,10.76,7.32,44.68728,-124.156658
2021-07-31T20:21:57.000,1.15,9.53,7.32,44.68728,-124.156658
2021-07-31T20:36:57.000,1.27,10.53,7.32,44.68728,-124.156658
2021-07-31T20:51:57.000,1.32,10.94,7.32,44.68728,-124.156658
2021-07-31T21:06:57.000,1.33,11,7.32,44.68728,-124.156658
2021-07-31T21:21:57.000,1.27,10.54,7.32,44.68728,-124.156658
2021-07-31T21:36:57.000,1.33,11.08,7.32,44.68728,-124.156658
2021-07-31T21:51:57.000,1.36,11.31,7.32,44.68728,-124.156658
2021-07-31T22:06:57.000,1.26,10.47,7.32,44.68728,-124.156658
2021-07-31T22:21:57.000,1.37,11.35,7.32,44.68728,-124.156658
2021-07-31T22:36:57.000,1.33,11.02,7.32,44.68728,-124.156658
2021-07-31T22:51:57.000,1.37,11.38,7.32,44.68728,-124.156658
2021-07-31T23:06:57.000,1.36,11.29,7.32,44.68728,-124.156658
2021-07-31T23:21:57.000,1.31,10.84,7.32,44.68728,-124.156658
2021-07-31T23:36:57.000,1.41,11.69,7.32,44.68728,-124.156658
2021-07-31T23:51:57.000,1.36,11.29,7.32,44.68728,-124.156658
2021-08-01T00:06:57.000,1.38,11.46,7.32,44.68728,-124.156658
2021-08-01T00:21:57.000,1.33,11.04,7.32,44.68728,-124.156658
2021-08-01T00:36:57.000,1.4,11.59,7.32,44.68728,-124.156658
2021-08-01T00:51:57.000,1.43,11.85,7.34,44.68728,-124.156658
2021-08-01T01:06:57.000,1.43,11.89,7.32,44.68728,-124.156658
2021-08-01T01:21:57.000,1.4,11.61,7.32,44.68728,-124.156658
2021-08-01T01:36:57.000,1.31,10.88,7.32,44.68728,-124.156658
2021-08-01T01:51:57.000,1.27,10.59,7.32,44.68728,-124.156658
2021-08-01T02:06:57.000,1.34,11.17,7.32,44.68728,-124.156658
2021-08-01T02:21:57.000,1.31,10.89,7.32,44.68728,-124.156658
2021-08-01T02:36:57.000,1.35,11.22,7.32,44.68728,-124.156658
2021-08-01T02:51:57.000,1.37,11.36,7.33,44.68728,-124.156658
2021-08-01T03:06:57.000,1.29,10.75,7.33,44.68728,-124.156658
2021-08-01T03:21:57.000,1.3,10.77,7.33,44.68728,-124.156658
2021-08-01T03:36:57.000,1.31,10.92,7.33,44.68728,-124.156658
2021-08-01T03:51:57.000,1.33,11.06,7.34,44.68728,-124.156658
2021-08-01T04:06:57.000,1.33,11.07,7.34,44.68728,-124.156658
2021-08-01T04:21:57.000,1.3,10.84,7.34,44.68728,-124.156658
2021-08-01T04:36:57.000,1.25,10.4,7.34,44.68728,-124.156658
2021-08-01T04:51:57.000,1.26,10.44,7.34,44.68728,-124.156658
2021-08-01T05:06:57.000,1.03,8.58,7.34,44.68728,-124.156658
2021-08-01T05:21:57.000,1.18,9.79,7.34,44.68728,-124.156658
2021-08-01T05:36:57.000,1.19,9.88,7.34,44.68728,-124.156658
2021-08-01T05:51:57.000,1.13,9.42,7.34,44.68728,-124.156658
2021-08-01T06:06:57.000,1.39,11.52,7.34,44.68728,-124.156658
2021-08-01T06:21:57.000,1.17,9.69,7.34,44.68728,-124.156658
2021-08-01T06:36:57.000,1.3,10.78,7.34,44.68728,-124.156658
2021-08-01T06:51:57.000,1.12,9.28,7.34,44.68728,-124.156658
2021-08-01T07:06:57.000,1.07,8.91,7.34,44.68728,-124.156658
2021-08-01T07:21:57.000,1.13,9.42,7.35,44.68728,-124.156658
2021-08-01T07:36:57.000,0.97,8.05,7.35,44.68728,-124.156658
2021-08-01T07:51:57.000,1.19,9.88,7.34,44.68728,-124.156658
2021-08-01T08:06:57.000,1.13,9.39,7.35,44.68728,-124.156658
2021-08-01T08:21:57.000,1.1,9.17,7.35,44.68728,-124.156658
2021-08-01T08:36:57.000,1.15,9.57,7.35,44.68728,-124.156658
2021-08-01T08:51:57.000,1.09,9.07,7.35,44.68728,-124.156658
2021-08-01T09:06:57.000,1.05,8.74,7.35,44.68728,-124.156658
2021-08-01T09:21:57.000,1.11,9.24,7.35,44.68728,-124.156658
2021-08-01T09:36:57.000,1.26,10.47,7.35,44.68728,-124.156658
2021-08-01T09:51:57.000,1.18,9.8,7.35,44.68728,-124.156658
2021-08-01T10:06:57.000,1.15,9.55,7.35,44.68728,-124.156658
2021-08-01T10:21:57.000,1.15,9.52,7.35,44.68728,-124.156658
2021-08-01T10:36:57.000,1.44,11.99,7.35,44.68728,-124.156658
2021-08-01T10:51:57.000,1.27,10.52,7.35,44.68728,-124.156658
2021-08-01T11:06:57.000,1.5,12.49,7.35,44.68728,-124.156658
2021-08-01T11:21:57.000,1.43,11.9,7.35,44.68728,-124.156658
2021-08-01T11:36:57.000,1.24,10.28,7.35,44.68728,-124.156658
2021-08-01T11:51:57.000,1.24,10.3,7.35,44.68728,-124.156658
2021-08-01T12:06:57.000,1.27,10.53,7.35,44.68728,-124.156658
2021-08-01T12:21:57.000,1.37,11.39,7.35,44.68728,-124.156658
2021-08-01T12:36:57.000,1.43,11.88,7.35,44.68728,-124.156658
2021-08-01T12:51:57.000,1.42,11.82,7.35,44.68728,-124.156658
2021-08-01T13:06:57.000,1.5,12.48,7.35,44.68728,-124.156658
2021-08-01T13:21:57.000,1.51,12.55,7.36,44.68728,-124.156658
2021-08-01T13:36:57.000,1.47,12.24,7.36,44.68728,-124.156658
2021-08-01T13:51:57.000,1.41,11.71,7.36,44.68728,-124.156658
2021-08-01T14:06:57.000,1.49,12.36,7.36,44.68728,-124.156658
2021-08-01T14:21:57.000,1.39,11.55,7.36,44.68728,-124.156658
2021-08-01T14:36:57.000,1.42,11.82,7.37,44.68728,-124.156658
2021-08-01T14:51:57.000,1.41,11.75,7.37,44.68728,-124.156658
2021-08-01T15:06:57.000,1.44,12.01,7.37,44.68728,-124.156658
2021-08-01T15:21:57.000,1.48,12.31,7.37,44.68728,-124.156658
2021-08-01T15:36:57.000,1.5,12.44,7.37,44.68728,-124.156658
2021-08-01T15:51:57.000,1.5,12.46,7.37,44.68728,-124.156658
2021-08-01T16:06:57.000,1.51,12.57,7.37,44.68728,-124.156658
2021-08-01T16:21:57.000,1.5,12.46,7.37,44.68728,-124.156658
2021-08-01T16:36:57.000,1.52,12.67,7.37,44.68728,-124.156658
2021-08-01T16:51:57.000,1.44,12.01,7.37,44.68728,-124.156658
2021-08-01T17:06:57.000,1.24,10.29,7.37,44.68728,-124.156658
2021-08-01T17:21:57.000,1.54,12.77,7.37,44.68728,-124.156658
2021-08-01T17:36:57.000,1.51,12.54,7.37,44.68728,-124.156658
2021-08-01T17:51:57.000,1.46,12.13,7.37,44.68728,-124.156658
2021-08-01T18:06:57.000,1.5,12.46,7.37,44.68728,-124.156658
2021-08-01T18:21:57.000,1.49,12.41,7.37,44.68728,-124.156658
2021-08-01T18:36:57.000,1.54,12.79,7.37,44.68728,-124.156658
2021-08-01T18:51:57.000,1.51,12.55,7.37,44.68728,-124.156658
2021-08-01T19:06:57.000,1.45,12.05,7.37,44.68728,-124.156658
2021-08-01T19:21:57.000,1.41,11.71,7.37,44.68728,-124.156658
2021-08-01T19:36:57.000,1.26,10.5,7.37,44.68728,-124.156658
2021-08-01T19:51:57.000,1.47,12.26,7.37,44.68728,-124.156658
2021-08-01T20:06:57.000,1.51,12.59,7.37,44.68728,-124.156658
2021-08-01T20:21:57.000,1.52,12.67,7.37,44.68728,-124.156658
2021-08-01T20:36:57.000,1.44,11.94,7.37,44.68728,-124.156658
2021-08-01T20:51:57.000,1.32,11,7.37,44.68728,-124.156658
2021-08-01T21:06:57.000,1.47,12.2,7.37,44.68728,-124.156658
2021-08-01T21:21:57.000,1.44,11.96,7.37,44.68728,-124.156658
2021-08-01T21:36:57.000,1.3,10.83,7.37,44.68728,-124.156658
2021-08-01T21:51:57.000,1.13,9.43,7.37,44.68728,-124.156658
2021-08-01T22:06:57.000,1.39,11.6,7.37,44.68728,-124.156658
2021-08-01T22:21:57.000,1.4,11.63,7.37,44.68728,-124.156658
2021-08-01T22:36:57.000,1.42,11.81,7.38,44.68728,-124.156658
2021-08-01T22:51:57.000,1.43,11.87,7.38,44.68728,-124.156658
2021-08-01T23:06:57.000,1.48,12.34,7.38,44.68728,-124.156658
2021-08-01T23:21:57.000,1.5,12.47,7.38,44.68728,-124.156658
2021-08-01T23:36:57.000,1.53,12.69,7.38,44.68728,-124.156658
2021-08-01T23:51:57.000,1.54,12.79,7.38,44.68728,-124.156658
2021-08-02T00:06:57.000,1.54,12.85,7.38,44.68728,-124.156658
2021-08-02T00:21:57.000,1.57,13.04,7.38,44.68728,-124.156658
2021-08-02T00:36:57.000,1.6,13.33,7.38,44.68728,-124.156658
2021-08-02T00:51:57.000,1.53,12.69,7.39,44.68728,-124.156658
2021-08-02T01:06:57.000,1.62,13.51,7.39,44.68728,-124.156658
2021-08-02T01:21:57.000,1.64,13.67,7.39,44.68728,-124.156658
2021-08-02T01:36:57.000,1.45,12.02,7.39,44.68728,-124.156658
2021-08-02T01:51:57.000,1.62,13.45,7.39,44.68728,-124.156658
2021-08-02T02:06:57.000,1.59,13.22,7.39,44.68728,-124.156658
2021-08-02T02:21:57.000,1.55,12.9,7.39,44.68728,-124.156658
2021-08-02T02:36:57.000,1.54,12.85,7.39,44.68728,-124.156658
2021-08-02T02:51:57.000,1.63,13.57,7.39,44.68728,-124.156658
2021-08-02T03:06:57.000,1.61,13.41,7.39,44.68728,-124.156658
2021-08-02T03:21:57.000,1.65,13.69,7.39,44.68728,-124.156658
2021-08-02T03:36:57.000,1.6,13.34,7.39,44.68728,-124.156658
2021-08-02T03:51:57.000,1.59,13.22,7.39,44.68728,-124.156658
2021-08-02T04:06:57.000,1.57,13.08,7.39,44.68728,-124.156658
2021-08-02T04:21:57.000,1.51,12.53,7.39,44.68728,-124.156658
2021-08-02T04:36:57.000,1.5,12.47,7.39,44.68728,-124.156658
2021-08-02T04:51:57.000,1.57,13.06,7.39,44.68728,-124.156658
2021-08-02T05:06:57.000,1.6,13.28,7.39,44.68728,-124.156658
2021-08-02T05:21:57.000,1.42,11.83,7.39,44.68728,-124.156658
2021-08-02T05:36:57.000,1.4,11.63,7.39,44.68728,-124.156658
2021-08-02T05:51:57.000,1.57,13.04,7.39,44.68728,-124.156658
2021-08-02T06:06:57.000,1.55,12.91,7.39,44.68728,-124.156658
2021-08-02T06:21:57.000,1.49,12.37,7.39,44.68728,-124.156658
2021-08-02T06:36:57.000,1.58,13.12,7.39,44.68728,-124.156658
2021-08-02T06:51:57.000,1.61,13.42,7.39,44.68728,-124.156658
2021-08-02T07:06:57.000,1.61,13.36,7.39,44.68728,-124.156658
2021-08-02T07:21:57.000,1.62,13.46,7.4,44.68728,-124.156658
2021-08-02T07:36:57.000,1.66,13.77,7.4,44.68728,-124.156658
2021-08-02T07:51:57.000,1.59,13.2,7.41,44.68728,-124.156658
2021-08-02T08:06:57.000,1.61,13.36,7.41,44.68728,-124.156658
2021-08-02T08:21:57.000,1.63,13.53,7.41,44.68728,-124.156658
2021-08-02T08:36:57.000,1.62,13.51,7.41,44.68728,-124.156658
2021-08-02T08:51:57.000,1.67,13.86,7.41,44.68728,-124.156658
2021-08-02T09:06:57.000,1.68,13.96,7.41,44.68728,-124.156658
2021-08-02T09:21:57.000,1.67,13.93,7.41,44.68728,-124.156658
2021-08-02T09:36:57.000,1.67,13.87,7.41,44.68728,-124.156658
2021-08-02T09:51:57.000,1.64,13.66,7.41,44.68728,-124.156658
2021-08-02T10:06:57.000,1.63,13.59,7.41,44.68728,-124.156658
2021-08-02T10:21:57.000,1.63,13.56,7.42,44.68728,-124.156658
2021-08-02T10:36:57.000,1.67,13.92,7.42,44.68728,-124.156658
2021-08-02T10:51:57.000,1.63,13.6,7.42,44.68728,-124.156658
2021-08-02T11:06:57.000,1.71,14.22,7.42,44.68728,-124.156658
2021-08-02T11:21:57.000,1.7,14.11,7.42,44.68728,-124.156658
2021-08-02T11:36:57.000,1.71,14.21,7.42,44.68728,-124.156658
2021-08-02T11:51:57.000,1.74,14.51,7.42,44.68728,-124.156658
2021-08-02T12:06:57.000,1.76,14.64,7.42,44.68728,-124.156658
2021-08-02T12:21:57.000,1.75,14.55,7.42,44.68728,-124.156658
2021-08-02T12:36:57.000,1.77,14.75,7.42,44.68728,-124.156658
2021-08-02T12:51:57.000,1.78,14.84,7.42,44.68728,-124.156658
2021-08-02T13:06:57.000,1.8,15.02,7.43,44.68728,-124.156658
2021-08-02T13:21:57.000,1.81,15.04,7.43,44.68728,-124.156658
2021-08-02T13:36:57.000,1.8,14.99,7.43,44.68728,-124.156658
2021-08-02T13:51:57.000,1.76,14.69,7.42,44.68728,-124.156658
2021-08-02T14:06:57.000,1.76,14.62,7.42,44.68728,-124.156658
2021-08-02T14:21:57.000,1.74,14.45,7.43,44.68728,-124.156658
2021-08-02T14:36:57.000,1.8,15,7.43,44.68728,-124.156658
2021-08-02T14:51:57.000,1.74,14.48,7.43,44.68728,-124.156658
2021-08-02T15:06:57.000,1.78,14.81,7.43,44.68728,-124.156658
2021-08-02T15:21:57.000,1.77,14.76,7.43,44.68728,-124.156658
2021-08-02T15:36:57.000,1.79,14.87,7.43,44.68728,-124.156658
2021-08-02T15:51:57.000,1.83,15.25,7.43,44.68728,-124.156658
2021-08-02T16:06:57.000,1.75,14.59,7.43,44.68728,-124.156658
2021-08-02T16:21:57.000,1.81,15.1,7.43,44.68728,-124.156658
2021-08-02T16:36:57.000,1.8,14.99,7.43,44.68728,-124.156658
2021-08-02T16:51:57.000,1.79,14.91,7.43,44.68728,-124.156658
2021-08-02T17:06:57.000,1.83,15.27,7.43,44.68728,-124.156658
2021-08-02T17:21:57.000,1.8,14.98,7.43,44.68728,-124.156658
2021-08-02T17:36:57.000,1.82,15.18,7.43,44.68728,-124.156658
2021-08-02T17:51:57.000,1.83,15.22,7.43,44.68728,-124.156658
2021-08-02T18:06:57.000,1.81,15.03,7.43,44.68728,-124.156658
2021-08-02T18:21:57.000,1.78,14.81,7.44,44.68728,-124.156658
2021-08-02T18:36:57.000,1.83,15.22,7.44,44.68728,-124.156658
2021-08-02T18:51:57.000,1.81,15.04,7.44,44.68728,-124.156658
2021-08-02T19:06:57.000,1.83,15.28,7.44,44.68728,-124.156658
2021-08-02T19:21:57.000,1.86,15.49,7.44,44.68728,-124.156658
2021-08-02T19:36:57.000,1.77,14.7,7.44,44.68728,-124.156658
2021-08-02T19:51:57.000,1.8,15,7.44,44.68728,-124.156658
2021-08-02T20:06:57.000,1.73,14.43,7.44,44.68728,-124.156658
2021-08-02T20:21:57.000,1.74,14.53,7.44,44.68728,-124.156658
2021-08-02T20:36:57.000,1.69,14.11,7.44,44.68728,-124.156658
2021-08-02T20:51:57.000,1.69,14.08,7.44,44.68728,-124.156658
2021-08-02T21:06:57.000,1.71,14.25,7.44,44.68728,-124.156658
2021-08-02T21:21:57.000,1.77,14.76,7.44,44.68728,-124.156658
2021-08-02T21:36:57.000,1.79,14.88,7.44,44.68728,-124.156658
2021-08-02T21:51:57.000,1.8,14.99,7.44,44.68728,-124.156658
2021-08-02T22:06:57.000,1.8,15,7.44,44.68728,-124.156658
2021-08-02T22:21:57.000,1.66,13.82,7.44,44.68728,-124.156658
2021-08-02T22:36:57.000,1.8,15.02,7.44,44.68728,-124.156658
2021-08-02T22:51:57.000,1.77,14.76,7.44,44.68728,-124.156658
2021-08-02T23:06:57.000,1.82,15.18,7.44,44.68728,-124.156658
2021-08-02T23:21:57.000,1.79,14.92,7.44,44.68728,-124.156658
2021-08-02T23:36:57.000,1.82,15.14,7.44,44.68728,-124.156658
2021-08-02T23:51:57.000,1.78,14.8,7.44,44.68728,-124.156658
2021-08-03T00:06:57.000,1.82,15.13,7.44,44.68728,-124.156658
2021-08-03T00:21:57.000,1.71,14.25,7.44,44.68728,-124.156658
2021-08-03T00:36:57.000,1.77,14.72,7.44,44.68728,-124.156658
2021-08-03T00:51:57.000,1.76,14.65,7.44,44.68728,-124.156658
2021-08-03T01:06:57.000,1.77,14.75,7.44,44.68728,-124.156658
2021-08-03T01:21:57.000,1.74,14.48,7.44,44.68728,-124.156658
2021-08-03T01:36:57.000,1.78,14.79,7.44,44.68728,-124.156658
2021-08-03T01:51:57.000,1.66,13.81,7.44,44.68728,-124.156658
2021-08-03T02:06:57.000,1.66,13.8,7.44,44.68728,-124.156658
2021-08-03T02:21:57.000,1.89,15.75,7.44,44.68728,-124.156658
2021-08-03T02:36:57.000,1.81,15.1,7.44,44.68728,-124.156658
2021-08-03T02:51:57.000,1.88,15.68,7.44,44.68728,-124.156658
2021-08-03T03:06:57.000,1.78,14.85,7.44,44.68728,-124.156658
2021-08-03T03:21:57.000,1.87,15.55,7.44,44.68728,-124.156658
2021-08-03T03:36:57.000,1.71,14.27,7.44,44.68728,-124.156658
2021-08-03T03:51:57.000,1.88,15.67,7.44,44.68728,-124.156658
2021-08-03T04:06:57.000,1.85,15.42,7.44,44.68728,-124.156658
2021-08-03T04:21:57.000,1.78,14.82,7.44,44.68728,-124.156658
2021-08-03T04:36:57.000,1.86,15.48,7.44,44.68728,-124.156658
2021-08-03T04:51:57.000,1.73,14.41,7.44,44.68728,-124.156658
2021-08-03T05:06:57.000,1.71,14.27,7.44,44.68728,-124.156658
2021-08-03T05:21:57.000,1.81,15.07,7.44,44.68728,-124.156658
2021-08-03T05:36:57.000,1.61,13.45,7.45,44.68728,-124.156658
2021-08-03T05:51:57.000,1.61,13.41,7.44,44.68728,-124.156658
2021-08-03T06:06:57.000,1.67,13.88,7.44,44.68728,-124.156658
2021-08-03T06:21:57.000,1.8,15,7.44,44.68728,-124.156658
2021-08-03T06:36:57.000,1.67,13.89,7.45,44.68728,-124.156658
2021-08-03T06:51:57.000,1.76,14.67,7.45,44.68728,-124.156658
2021-08-03T07:06:57.000,1.78,14.79,7.45,44.68728,-124.156658
2021-08-03T07:21:57.000,1.69,14.1,7.45,44.68728,-124.156658
2021-08-03T07:36:57.000,1.74,14.46,7.45,44.68728,-124.156658
2021-08-03T07:51:57.000,1.68,14,7.45,44.68728,-124.156658
2021-08-03T08:06:57.000,1.73,14.45,7.45,44.68728,-124.156658
2021-08-03T08:21:57.000,1.71,14.28,7.45,44.68728,-124.156658
2021-08-03T08:36:57.000,1.68,13.96,7.46,44.68728,-124.156658
2021-08-03T08:51:57.000,1.83,15.22,7.46,44.68728,-124.156658
2021-08-03T09:06:57.000,1.81,15.07,7.46,44.68728,-124.156658
2021-08-03T09:21:57.000,1.79,14.94,7.46,44.68728,-124.156658
2021-08-03T09:36:57.000,1.87,15.57,7.46,44.68728,-124.156658
2021-08-03T09:51:57.000,1.8,15.03,7.46,44.68728,-124.156658
2021-08-03T10:06:57.000,1.81,15.05,7.46,44.68728,-124.156658
2021-08-03T10:21:57.000,1.83,15.26,7.46,44.68728,-124.156658
2021-08-03T10:36:57.000,1.79,14.95,7.46,44.68728,-124.156658
2021-08-03T10:51:57.000,1.72,14.3,7.46,44.68728,-124.156658
2021-08-03T11:06:57.000,1.86,15.48,7.46,44.68728,-124.156658
2021-08-03T11:21:57.000,1.84,15.29,7.46,44.68728,-124.156658
2021-08-03T11:36:57.000,1.78,14.87,7.46,44.68728,-124.156658
2021-08-03T11:51:57.000,1.76,14.67,7.46,44.68728,-124.156658
2021-08-03T12:06:57.000,1.74,14.54,7.46,44.68728,-124.156658
2021-08-03T12:21:57.000,1.64,13.68,7.46,44.68728,-124.156658
2021-08-03T12:36:57.000,1.71,14.24,7.46,44.68728,-124.156658
2021-08-03T12:51:57.000,1.71,14.25,7.46,44.68728,-124.156658
2021-08-03T13:06:57.000,1.72,14.37,7.46,44.68728,-124.156658
2021-08-03T13:21:57.000,1.79,14.89,7.46,44.68728,-124.156658
2021-08-03T13:36:57.000,1.69,14.07,7.46,44.68728,-124.156658
2021-08-03T13:51:57.000,1.71,14.25,7.46,44.68728,-124.156658
2021-08-03T14:06:57.000,1.72,14.35,7.46,44.68728,-124.156658
2021-08-03T14:21:57.000,1.72,14.35,7.46,44.68728,-124.156658
2021-08-03T14:36:57.000,1.71,14.23,7.46,44.68728,-124.156658
2021-08-03T14:51:57.000,1.6,13.37,7.46,44.68728,-124.156658
2021-08-03T15:06:57.000,1.65,13.76,7.46,44.68728,-124.156658
2021-08-03T15:21:57.000,1.67,13.91,7.46,44.68728,-124.156658
2021-08-03T15:36:57.000,1.67,13.91,7.46,44.68728,-124.156658
2021-08-03T15:51:57.000,1.81,15.11,7.46,44.68728,-124.156658
2021-08-03T16:06:57.000,1.72,14.31,7.46,44.68728,-124.156658
2021-08-03T16:21:57.000,1.72,14.34,7.46,44.68728,-124.156658
2021-08-03T16:36:57.000,1.8,15.02,7.46,44.68728,-124.156658
2021-08-03T16:51:57.000,1.81,15.05,7.46,44.68728,-124.156658
2021-08-03T17:06:57.000,1.83,15.26,7.46,44.68728,-124.156658
2021-08-03T17:21:57.000,1.83,15.22,7.46,44.68728,-124.156658
2021-08-03T17:36:57.000,1.8,15,7.46,44.68728,-124.156658
2021-08-03T17:51:57.000,1.8,14.99,7.46,44.68728,-124.156658
2021-08-03T18:06:57.000,1.74,14.5,7.46,44.68728,-124.156658
2021-08-03T18:21:57.000,1.81,15.12,7.46,44.68728,-124.156658
2021-08-03T18:36:57.000,1.85,15.44,7.46,44.68728,-124.156658
2021-08-03T18:51:57.000,1.81,15.11,7.46,44.68728,-124.156658
2021-08-03T19:06:57.000,1.77,14.77,7.46,44.68728,-124.156658
2021-08-03T19:21:57.000,1.84,15.33,7.46,44.68728,-124.156658
2021-08-03T19:36:57.000,1.81,15.07,7.46,44.68728,-124.156658
2021-08-03T19:51:57.000,1.73,14.46,7.46,44.68728,-124.156658
2021-08-03T20:06:57.000,1.81,15.11,7.46,44.68728,-124.156658
2021-08-03T20:21:57.000,1.83,15.26,7.46,44.68728,-124.156658
2021-08-03T20:36:57.000,1.83,15.24,7.46,44.68728,-124.156658
2021-08-03T20:51:57.000,1.83,15.22,7.46,44.68728,-124.156658
2021-08-03T21:06:57.000,1.8,15.01,7.46,44.68728,-124.156658
2021-08-03T21:21:57.000,1.84,15.3,7.46,44.68728,-124.156658
2021-08-03T21:36:57.000,1.82,15.2,7.46,44.68728,-124.156658
2021-08-03T21:51:57.000,1.78,14.85,7.46,44.68728,-124.156658
2021-08-03T22:06:57.000,1.74,14.52,7.46,44.68728,-124.156658
2021-08-03T22:21:57.000,1.85,15.44,7.46,44.68728,-124.156658
2021-08-03T22:36:57.000,1.9,15.83,7.46,44.68728,-124.156658
2021-08-03T22:51:57.000,1.88,15.65,7.46,44.68728,-124.156658
2021-08-03T23:06:57.000,1.88,15.63,7.46,44.68728,-124.156658
2021-08-03T23:21:57.000,1.87,15.56,7.47,44.68728,-124.156658
2021-08-03T23:36:57.000,1.86,15.5,7.46,44.68728,-124.156658
2021-08-03T23:51:57.000,1.86,15.46,7.47,44.68728,-124.156658
2021-08-04T00:06:57.000,1.86,15.48,7.47,44.68728,-124.156658
2021-08-04T00:21:57.000,1.88,15.67,7.47,44.68728,-124.156658
2021-08-04T00:36:57.000,1.88,15.71,7.46,44.68728,-124.156658
2021-08-04T00:51:57.000,1.84,15.36,7.46,44.68728,-124.156658
2021-08-04T01:06:57.000,1.87,15.57,7.47,44.68728,-124.156658
2021-08-04T01:21:57.000,1.87,15.57,7.46,44.68728,-124.156658
2021-08-04T01:36:57.000,1.9,15.82,7.46,44.68728,-124.156658
2021-08-04T01:51:57.000,1.88,15.64,7.46,44.68728,-124.156658
2021-08-04T02:06:57.000,1.84,15.37,7.47,44.68728,-124.156658
2021-08-04T02:21:57.000,1.85,15.45,7.47,44.68728,-124.156658
2021-08-04T02:36:57.000,1.89,15.78,7.47,44.68728,-124.156658
2021-08-04T02:51:57.000,1.91,15.89,7.47,44.68728,-124.156658
2021-08-04T03:06:57.000,1.86,15.5,7.47,44.68728,-124.156658
2021-08-04T03:21:57.000,1.86,15.5,7.47,44.68728,-124.156658
2021-08-04T03:36:57.000,1.87,15.56,7.47,44.68728,-124.156658
2021-08-04T03:51:57.000,1.88,15.64,7.47,44.68728,-124.156658
2021-08-04T04:06:57.000,1.9,15.81,7.47,44.68728,-124.156658
2021-08-04T04:21:57.000,1.83,15.27,7.47,44.68728,-124.156658
2021-08-04T04:36:57.000,1.87,15.61,7.47,44.68728,-124.156658
2021-08-04T04:51:57.000,1.87,15.57,7.47,44.68728,-124.156658
2021-08-04T05:06:57.000,1.86,15.53,7.47,44.68728,-124.156658
2021-08-04T05:21:57.000,1.86,15.52,7.47,44.68728,-124.156658
2021-08-04T05:36:57.000,1.85,15.39,7.47,44.68728,-124.156658
2021-08-04T05:51:57.000,1.8,15.02,7.47,44.68728,-124.156658
2021-08-04T06:06:57.000,1.79,14.92,7.47,44.68728,-124.156658
2021-08-04T06:21:57.000,1.74,14.51,7.47,44.68728,-124.156658
2021-08-04T06:36:57.000,1.76,14.71,7.47,44.68728,-124.156658
2021-08-04T06:51:57.000,1.74,14.52,7.47,44.68728,-124.156658
2021-08-04T07:06:57.000,1.76,14.67,7.47,44.68728,-124.156658
2021-08-04T07:21:57.000,1.82,15.13,7.47,44.68728,-124.156658
2021-08-04T07:36:57.000,1.77,14.71,7.47,44.68728,-124.156658
2021-08-04T07:51:57.000,1.8,14.98,7.47,44.68728,-124.156658
2021-08-04T08:06:57.000,1.89,15.73,7.47,44.68728,-124.156658
2021-08-04T08:21:57.000,1.85,15.41,7.47,44.68728,-124.156658
2021-08-04T08:36:57.000,1.75,14.58,7.47,44.68728,-124.156658
2021-08-04T08:51:57.000,1.72,14.38,7.47,44.68728,-124.156658
2021-08-04T09:06:57.000,1.6,13.35,7.47,44.68728,-124.156658
2021-08-04T09:21:57.000,1.61,13.38,7.47,44.68728,-124.156658
2021-08-04T09:36:57.000,1.81,15.09,7.47,44.68728,-124.156658
2021-08-04T09:51:57.000,1.75,14.62,7.47,44.68728,-124.156658
2021-08-04T10:06:57.000,1.82,15.17,7.47,44.68728,-124.156658
2021-08-04T10:21:57.000,1.78,14.87,7.47,44.68728,-124.156658
2021-08-04T10:36:57.000,1.73,14.42,7.47,44.68728,-124.156658
2021-08-04T10:51:57.000,1.79,14.93,7.47,44.68728,-124.156658
2021-08-04T11:06:57.000,1.8,14.98,7.47,44.68728,-124.156658
2021-08-04T11:21:57.000,1.81,15.1,7.47,44.68728,-124.156658
2021-08-04T11:36:57.000,1.8,15,7.47,44.68728,-124.156658
2021-08-04T11:51:57.000,1.81,15.07,7.47,44.68728,-124.156658
2021-08-04T12:06:57.000,1.83,15.22,7.47,44.68728,-124.156658
2021-08-04T12:21:57.000,1.83,15.24,7.47,44.68728,-124.156658
2021-08-04T12:36:57.000,1.85,15.45,7.47,44.68728,-124.156658
2021-08-04T12:51:57.000,1.85,15.38,7.48,44.68728,-124.156658
2021-08-04T13:06:57.000,1.86,15.46,7.47,44.68728,-124.156658
2021-08-04T13:21:57.000,1.87,15.58,7.47,44.68728,-124.156658
2021-08-04T13:36:57.000,1.77,14.77,7.47,44.68728,-124.156658
2021-08-04T13:51:57.000,1.86,15.52,7.48,44.68728,-124.156658
2021-08-04T14:06:57.000,1.93,16.12,7.49,44.68728,-124.156658
2021-08-04T14:21:57.000,1.91,15.93,7.49,44.68728,-124.156658
2021-08-04T14:36:57.000,1.9,15.82,7.49,44.68728,-124.156658
2021-08-04T14:51:57.000,1.86,15.48,7.49,44.68728,-124.156658
2021-08-04T15:06:57.000,1.86,15.48,7.49,44.68728,-124.156658
2021-08-04T15:21:57.000,1.89,15.79,7.49,44.68728,-124.156658
2021-08-04T15:36:57.000,1.87,15.6,7.49,44.68728,-124.156658
2021-08-04T15:51:57.000,1.85,15.41,7.49,44.68728,-124.156658
2021-08-04T16:06:57.000,1.78,14.84,7.49,44.68728,-124.156658
2021-08-04T16:21:57.000,1.83,15.29,7.49,44.68728,-124.156658
2021-08-04T16:36:57.000,1.25,10.42,7.49,44.68728,-124.156658
2021-08-04T16:51:57.000,1.81,15.09,7.49,44.68728,-124.156658
2021-08-04T17:06:57.000,1.81,15.07,7.49,44.68728,-124.156658
2021-08-04T17:21:57.000,1.81,15.09,7.49,44.68728,-124.156658
2021-08-04T17:36:57.000,1.8,14.98,7.49,44.68728,-124.156658
2021-08-04T17:51:57.000,1.79,14.93,7.49,44.68728,-124.156658
2021-08-04T18:06:57.000,1.8,15.03,7.49,44.68728,-124.156658
2021-08-04T18:21:57.000,1.68,14.05,7.49,44.68728,-124.156658
2021-08-04T18:36:57.000,1.71,14.28,7.49,44.68728,-124.156658
2021-08-04T18:51:57.000,1.74,14.48,7.49,44.68728,-124.156658
2021-08-04T19:06:57.000,1.82,15.18,7.49,44.68728,-124.156658
2021-08-04T19:21:57.000,1.87,15.57,7.49,44.68728,-124.156658
2021-08-04T19:36:57.000,1.81,15.08,7.49,44.68728,-124.156658
2021-08-04T19:51:57.000,1.85,15.43,7.49,44.68728,-124.156658
2021-08-04T20:06:57.000,1.76,14.66,7.49,44.68728,-124.156658
2021-08-04T20:21:57.000,1.82,15.2,7.49,44.68728,-124.156658
2021-08-04T20:36:57.000,1.82,15.18,7.49,44.68728,-124.156658
2021-08-04T20:51:57.000,1.66,13.86,7.49,44.68728,-124.156658
2021-08-04T21:06:57.000,1.68,14.01,7.49,44.68728,-124.156658
2021-08-04T21:21:57.000,1.8,15.04,7.49,44.68728,-124.156658
2021-08-04T21:36:57.000,1.71,14.25,7.5,44.68728,-124.156658
2021-08-04T21:51:57.000,1.79,14.97,7.5,44.68728,-124.156658
2021-08-04T22:06:57.000,1.66,13.85,7.5,44.68728,-124.156658
2021-08-04T22:21:57.000,1.8,15.03,7.51,44.68728,-124.156658
2021-08-04T22:36:57.000,1.58,13.22,7.51,44.68728,-124.156658
2021-08-04T22:51:57.000,1.81,15.14,7.51,44.68728,-124.156658
2021-08-04T23:06:57.000,1.83,15.26,7.51,44.68728,-124.156658
2021-08-04T23:21:57.000,1.81,15.13,7.52,44.68728,-124.156658
2021-08-04T23:36:57.000,1.8,15,7.52,44.68728,-124.156658
2021-08-04T23:51:57.000,1.79,14.94,7.52,44.68728,-124.156658
2021-08-05T00:06:57.000,1.78,14.89,7.53,44.68728,-124.156658
2021-08-05T00:21:57.000,1.76,14.73,7.53,44.68728,-124.156658
2021-08-05T00:36:57.000,1.8,15.02,7.53,44.68728,-124.156658
2021-08-05T00:51:57.000,1.81,15.14,7.53,44.68728,-124.156658
2021-08-05T01:06:57.000,1.77,14.74,7.53,44.68728,-124.156658
2021-08-05T01:21:57.000,1.77,14.79,7.53,44.68728,-124.156658
2021-08-05T01:36:57.000,1.71,14.23,7.53,44.68728,-124.156658
2021-08-05T01:51:57.000,1.74,14.55,7.53,44.68728,-124.156658
2021-08-05T02:06:57.000,1.72,14.39,7.53,44.68728,-124.156658
2021-08-05T02:21:57.000,1.67,13.97,7.53,44.68728,-124.156658
2021-08-05T02:36:57.000,1.62,13.54,7.54,44.68728,-124.156658
2021-08-05T02:51:57.000,1.64,13.66,7.54,44.68728,-124.156658
2021-08-05T03:06:57.000,1.63,13.57,7.54,44.68728,-124.156658
2021-08-05T03:21:57.000,1.6,13.34,7.53,44.68728,-124.156658
2021-08-05T03:36:57.000,1.46,12.19,7.54,44.68728,-124.156658
2021-08-05T03:51:57.000,1.53,12.79,7.54,44.68728,-124.156658
2021-08-05T04:06:57.000,1.61,13.48,7.54,44.68728,-124.156658
2021-08-05T04:21:57.000,1.73,14.43,7.54,44.68728,-124.156658
2021-08-05T04:36:57.000,1.68,13.99,7.54,44.68728,-124.156658
2021-08-05T04:51:57.000,1.77,14.81,7.54,44.68728,-124.156658
2021-08-05T05:06:57.000,1.71,14.24,7.54,44.68728,-124.156658
2021-08-05T05:21:57.000,1.76,14.67,7.54,44.68728,-124.156658
2021-08-05T05:36:57.000,1.77,14.79,7.54,44.68728,-124.156658
2021-08-05T05:51:57.000,1.76,14.66,7.54,44.68728,-124.156658
2021-08-05T06:06:57.000,1.69,14.14,7.54,44.68728,-124.156658
2021-08-05T06:21:57.000,1.6,13.34,7.54,44.68728,-124.156658
2021-08-05T06:36:57.000,1.51,12.62,7.54,44.68728,-124.156658
2021-08-05T06:51:57.000,1.65,13.8,7.54,44.68728,-124.156658
2021-08-05T07:06:57.000,1.62,13.51,7.54,44.68728,-124.156658
2021-08-05T07:21:57.000,1.65,13.81,7.54,44.68728,-124.156658
2021-08-05T07:36:57.000,1.62,13.5,7.54,44.68728,-124.156658
2021-08-05T07:51:57.000,1.64,13.73,7.54,44.68728,-124.156658
2021-08-05T08:06:57.000,1.68,14.01,7.54,44.68728,-124.156658
2021-08-05T08:21:57.000,1.73,14.47,7.54,44.68728,-124.156658
2021-08-05T08:36:57.000,1.71,14.28,7.54,44.68728,-124.156658
2021-08-05T08:51:57.000,1.78,14.84,7.54,44.68728,-124.156658
2021-08-05T09:06:57.000,1.79,14.96,7.53,44.68728,-124.156658
2021-08-05T09:21:57.000,1.81,15.08,7.54,44.68728,-124.156658
2021-08-05T09:36:57.000,1.83,15.28,7.54,44.68728,-124.156658
2021-08-05T09:51:57.000,1.83,15.29,7.54,44.68728,-124.156658
2021-08-05T10:06:57.000,1.81,15.1,7.54,44.68728,-124.156658
2021-08-05T10:21:57.000,1.82,15.19,7.54,44.68728,-124.156658
2021-08-05T10:36:57.000,1.83,15.26,7.54,44.68728,-124.156658
2021-08-05T10:51:57.000,1.78,14.85,7.54,44.68728,-124.156658
2021-08-05T11:06:57.000,1.81,15.07,7.54,44.68728,-124.156658
2021-08-05T11:21:57.000,1.75,14.65,7.54,44.68728,-124.156658
2021-08-05T11:36:57.000,1.83,15.29,7.54,44.68728,-124.156658
2021-08-05T11:51:57.000,1.81,15.08,7.54,44.68728,-124.156658
2021-08-05T12:06:57.000,1.8,15.02,7.54,44.68728,-124.156658
2021-08-05T12:21:57.000,1.78,14.85,7.54,44.68728,-124.156658
2021-08-05T12:36:57.000,1.76,14.72,7.54,44.68728,-124.156658
2021-08-05T12:51:57.000,1.81,15.14,7.54,44.68728,-124.156658
2021-08-05T13:06:57.000,1.8,15.05,7.55,44.68728,-124.156658
2021-08-05T13:21:57.000,1.77,14.78,7.54,44.68728,-124.156658
2021-08-05T13:36:57.000,1.76,14.74,7.54,44.68728,-124.156658
2021-08-05T13:51:57.000,1.8,14.99,7.55,44.68728,-124.156658
2021-08-05T14:06:57.000,1.76,14.66,7.55,44.68728,-124.156658
2021-08-05T14:21:57.000,1.77,14.77,7.55,44.68728,-124.156658
2021-08-05T14:36:57.000,1.78,14.83,7.55,44.68728,-124.156658
2021-08-05T14:51:57.000,1.78,14.84,7.55,44.68728,-124.156658
2021-08-05T15:06:57.000,1.78,14.88,7.55,44.68728,-124.156658
2021-08-05T15:21:57.000,1.76,14.73,7.55,44.68728,-124.156658
2021-08-05T15:36:57.000,1.76,14.72,7.55,44.68728,-124.156658
