Time (UTC),DO (ml/L),Dissolved Oxygen (%),Temperature (C),Latitude,Longitude
2021-07-10T16:36:13.000,4.29,36.71,8.52,44.68728,-124.156658
2021-07-10T16:51:13.000,4.28,36.6,8.51,44.68728,-124.156658
2021-07-10T17:06:13.000,4.29,36.68,8.51,44.68728,-124.156658
2021-07-10T17:21:13.000,4.29,36.64,8.51,44.68728,-124.156658
2021-07-10T17:36:13.000,4.23,36.16,8.51,44.68728,-124.156658
2021-07-10T17:51:13.000,4.27,36.49,8.52,44.68728,-124.156658
2021-07-10T18:06:13.000,4.28,36.57,8.52,44.68728,-124.156658
2021-07-10T18:21:13.000,4.25,36.36,8.52,44.68728,-124.156658
2021-07-10T18:36:13.000,4.26,36.44,8.52,44.68728,-124.156658
2021-07-10T18:51:13.000,4.26,36.45,8.52,44.68728,-124.156658
2021-07-10T19:06:13.000,4.27,36.53,8.53,44.68728,-124.156658
2021-07-10T19:21:13.000,4.28,36.64,8.54,44.68728,-124.156658
2021-07-10T19:36:13.000,4.27,36.55,8.54,44.68728,-124.156658
2021-07-10T19:51:13.000,4.29,36.73,8.54,44.68728,-124.156658
2021-07-10T20:06:13.000,4.3,36.84,8.56,44.68728,-124.156658
2021-07-10T20:21:13.000,4.3,36.83,8.57,44.68728,-124.156658
2021-07-10T20:36:13.000,4.31,36.93,8.58,44.68728,-124.156658
2021-07-10T20:51:13.000,4.33,37.05,8.59,44.68728,-124.156658
2021-07-10T21:06:13.000,4.35,37.25,8.6,44.68728,-124.156658
2021-07-10T21:21:13.000,4.36,37.33,8.61,44.68728,-124.156658
2021-07-10T21:36:13.000,4.36,37.38,8.61,44.68728,-124.156658
2021-07-10T21:51:13.000,4.37,37.44,8.61,44.68728,-124.156658
2021-07-10T22:06:13.000,4.38,37.54,8.61,44.68728,-124.156658
2021-07-10T22:21:13.000,4.38,37.51,8.61,44.68728,-124.156658
2021-07-10T22:36:13.000,4.37,37.45,8.61,44.68728,-124.156658
2021-07-10T22:51:13.000,4.4,37.74,8.62,44.68728,-124.156658
2021-07-10T23:06:13.000,4.39,37.67,8.62,44.68728,-124.156658
2021-07-10T23:21:13.000,4.36,37.39,8.62,44.68728,-124.156658
2021-07-10T23:36:13.000,4.37,37.5,8.62,44.68728,-124.156658
2021-07-10T23:51:13.000,4.34,37.2,8.61,44.68728,-124.156658
2021-07-11T00:06:13.000,4.33,37.12,8.61,44.68728,-124.156658
2021-07-11T00:21:13.000,4.31,36.9,8.61,44.68728,-124.156658
2021-07-11T00:36:13.000,4.35,37.23,8.6,44.68728,-124.156658
2021-07-11T00:51:13.000,4.33,37.12,8.59,44.68728,-124.156658
2021-07-11T01:06:13.000,4.34,37.18,8.59,44.68728,-124.156658
2021-07-11T01:21:13.000,4.32,37,8.59,44.68728,-124.156658
2021-07-11T01:36:13.000,4.31,36.89,8.58,44.68728,-124.156658
2021-07-11T01:51:13.000,4.28,36.68,8.57,44.68728,-124.156658
2021-07-11T02:06:13.000,4.28,36.64,8.57,44.68728,-124.156658
2021-07-11T02:21:13.000,4.27,36.53,8.57,44.68728,-124.156658
2021-07-11T02:36:13.000,4.23,36.23,8.55,44.68728,-124.156658
2021-07-11T02:51:13.000,4.23,36.2,8.54,44.68728,-124.156658
2021-07-11T03:06:13.000,4.21,36.04,8.54,44.68728,-124.156658
2021-07-11T03:21:13.000,4.21,35.97,8.52,44.68728,-124.156658
2021-07-11T03:36:13.000,4.21,35.99,8.51,44.68728,-124.156658
2021-07-11T03:51:13.000,4.19,35.81,8.5,44.68728,-124.156658
2021-07-11T04:06:13.000,4.17,35.61,8.49,44.68728,-124.156658
2021-07-11T04:21:13.000,4.18,35.71,8.47,44.68728,-124.156658
2021-07-11T04:36:13.000,4.17,35.61,8.47,44.68728,-124.156658
2021-07-11T04:51:13.000,4.17,35.58,8.47,44.68728,-124.156658
2021-07-11T05:06:13.000,4.16,35.57,8.47,44.68728,-124.156658
2021-07-11T05:21:13.000,4.17,35.58,8.47,44.68728,-124.156658
2021-07-11T05:36:13.000,4.17,35.58,8.47,44.68728,-124.156658
2021-07-11T05:51:13.000,4.17,35.65,8.48,44.68728,-124.156658
2021-07-11T06:06:13.000,4.18,35.73,8.5,44.68728,-124.156658
2021-07-11T06:21:13.000,4.2,35.92,8.5,44.68728,-124.156658
2021-07-11T06:36:13.000,4.2,35.87,8.5,44.68728,-124.156658
2021-07-11T06:51:13.000,4.18,35.77,8.5,44.68728,-124.156658
2021-07-11T07:06:13.000,4.18,35.71,8.5,44.68728,-124.156658
2021-07-11T07:21:13.000,4.18,35.75,8.5,44.68728,-124.156658
2021-07-11T07:36:13.000,4.18,35.71,8.5,44.68728,-124.156658
2021-07-11T07:51:13.000,4.18,35.73,8.5,44.68728,-124.156658
2021-07-11T08:06:13.000,4.18,35.72,8.5,44.68728,-124.156658
2021-07-11T08:21:13.000,4.18,35.71,8.5,44.68728,-124.156658
2021-07-11T08:36:13.000,4.17,35.61,8.51,44.68728,-124.156658
2021-07-11T08:51:13.000,4.16,35.58,8.52,44.68728,-124.156658
2021-07-11T09:06:13.000,4.18,35.74,8.52,44.68728,-124.156658
2021-07-11T09:21:13.000,4.19,35.85,8.52,44.68728,-124.156658
2021-07-11T09:36:13.000,4.19,35.79,8.52,44.68728,-124.156658
2021-07-11T09:51:13.000,4.19,35.86,8.52,44.68728,-124.156658
2021-07-11T10:06:13.000,4.18,35.76,8.53,44.68728,-124.156658
2021-07-11T10:21:13.000,4.18,35.78,8.54,44.68728,-124.156658
2021-07-11T10:36:13.000,4.22,36.13,8.54,44.68728,-124.156658
2021-07-11T10:51:13.000,4.2,35.95,8.54,44.68728,-124.156658
2021-07-11T11:06:13.000,4.2,35.88,8.52,44.68728,-124.156658
2021-07-11T11:21:13.000,4.22,36.15,8.54,44.68728,-124.156658
2021-07-11T11:36:13.000,4.23,36.21,8.54,44.68728,-124.156658
2021-07-11T11:51:13.000,4.23,36.2,8.55,44.68728,-124.156658
2021-07-11T12:06:13.000,4.26,36.48,8.57,44.68728,-124.156658
2021-07-11T12:21:13.000,4.27,36.55,8.59,44.68728,-124.156658
2021-07-11T12:36:13.000,4.24,36.3,8.58,44.68728,-124.156658
2021-07-11T12:51:13.000,4.24,36.36,8.59,44.68728,-124.156658
2021-07-11T13:06:13.000,4.26,36.51,8.59,44.68728,-124.156658
2021-07-11T13:21:13.000,4.02,34.48,8.59,44.68728,-124.156658
2021-07-11T13:36:13.000,4.2,35.96,8.57,44.68728,-124.156658
2021-07-11T13:51:13.000,4.27,36.55,8.59,44.68728,-124.156658
2021-07-11T14:06:13.000,4.21,36.08,8.59,44.68728,-124.156658
2021-07-11T14:21:13.000,4.19,35.87,8.57,44.68728,-124.156658
2021-07-11T14:36:13.000,4.18,35.83,8.57,44.68728,-124.156658
2021-07-11T14:51:13.000,4.16,35.58,8.54,44.68728,-124.156658
2021-07-11T15:06:13.000,4.16,35.6,8.52,44.68728,-124.156658
2021-07-11T15:21:13.000,4.12,35.2,8.49,44.68728,-124.156658
2021-07-11T15:36:13.000,4.17,35.59,8.47,44.68728,-124.156658
2021-07-11T15:51:13.000,4.13,35.3,8.46,44.68728,-124.156658
2021-07-11T16:06:13.000,4.13,35.25,8.45,44.68728,-124.156658
2021-07-11T16:21:13.000,4.07,34.78,8.45,44.68728,-124.156658
2021-07-11T16:36:13.000,4.07,34.73,8.44,44.68728,-124.156658
2021-07-11T16:51:13.000,4.07,34.71,8.43,44.68728,-124.156658
2021-07-11T17:06:13.000,4.02,34.26,8.43,44.68728,-124.156658
2021-07-11T17:21:13.000,4.03,34.4,8.43,44.68728,-124.156658
2021-07-11T17:36:13.000,4,34.13,8.42,44.68728,-124.156658
2021-07-11T17:51:13.000,4.05,34.52,8.42,44.68728,-124.156658
2021-07-11T18:06:13.000,4.06,34.63,8.42,44.68728,-124.156658
2021-07-11T18:21:13.000,4.07,34.71,8.42,44.68728,-124.156658
2021-07-11T18:36:13.000,4.03,34.37,8.42,44.68728,-124.156658
2021-07-11T18:51:13.000,4.02,34.32,8.42,44.68728,-124.156658
2021-07-11T19:06:13.000,4.08,34.81,8.42,44.68728,-124.156658
2021-07-11T19:21:13.000,4.07,34.74,8.43,44.68728,-124.156658
2021-07-11T19:36:13.000,4.11,35.08,8.45,44.68728,-124.156658
2021-07-11T19:51:13.000,4.1,35.01,8.47,44.68728,-124.156658
2021-07-11T20:06:13.000,4.13,35.25,8.47,44.68728,-124.156658
2021-07-11T20:21:13.000,4.13,35.27,8.5,44.68728,-124.156658
2021-07-11T20:36:13.000,4.14,35.41,8.5,44.68728,-124.156658
2021-07-11T20:51:13.000,4.16,35.59,8.52,44.68728,-124.156658
2021-07-11T21:06:13.000,4.17,35.68,8.54,44.68728,-124.156658
2021-07-11T21:21:13.000,4.19,35.84,8.54,44.68728,-124.156658
2021-07-11T21:36:13.000,4.19,35.84,8.56,44.68728,-124.156658
2021-07-11T21:51:13.000,4.18,35.75,8.57,44.68728,-124.156658
2021-07-11T22:06:13.000,4.18,35.82,8.57,44.68728,-124.156658
2021-07-11T22:21:13.000,4.19,35.86,8.58,44.68728,-124.156658
2021-07-11T22:36:13.000,4.21,36.09,8.59,44.68728,-124.156658
2021-07-11T22:51:13.000,4.25,36.39,8.61,44.68728,-124.156658
2021-07-11T23:06:13.000,4.26,36.53,8.62,44.68728,-124.156658
2021-07-11T23:21:13.000,4.27,36.58,8.64,44.68728,-124.156658
2021-07-11T23:36:13.000,4.28,36.69,8.66,44.68728,-124.156658
2021-07-11T23:51:13.000,4.32,37.1,8.68,44.68728,-124.156658
2021-07-12T00:06:13.000,4.35,37.41,8.71,44.68728,-124.156658
2021-07-12T00:21:13.000,4.41,37.91,8.73,44.68728,-124.156658
2021-07-12T00:36:13.000,4.43,38.09,8.76,44.68728,-124.156658
2021-07-12T00:51:13.000,4.45,38.33,8.78,44.68728,-124.156658
2021-07-12T01:06:13.000,4.47,38.5,8.79,44.68728,-124.156658
2021-07-12T01:21:13.000,4.48,38.56,8.81,44.68728,-124.156658
2021-07-12T01:36:13.000,4.49,38.7,8.83,44.68728,-124.156658
2021-07-12T01:51:13.000,4.5,38.77,8.83,44.68728,-124.156658
2021-07-12T02:06:13.000,4.49,38.69,8.83,44.68728,-124.156658
2021-07-12T02:21:13.000,4.46,38.46,8.83,44.68728,-124.156658
2021-07-12T02:36:13.000,4.44,38.25,8.81,44.68728,-124.156658
2021-07-12T02:51:13.000,4.44,38.26,8.81,44.68728,-124.156658
2021-07-12T03:06:13.000,4.37,37.54,8.75,44.68728,-124.156658
2021-07-12T03:21:13.000,4.18,35.88,8.64,44.68728,-124.156658
2021-07-12T03:36:13.000,4.14,35.5,8.6,44.68728,-124.156658
2021-07-12T03:51:13.000,4.13,35.42,8.59,44.68728,-124.156658
2021-07-12T04:06:13.000,4.13,35.33,8.57,44.68728,-124.156658
2021-07-12T04:21:13.000,4.11,35.2,8.55,44.68728,-124.156658
2021-07-12T04:36:13.000,4.08,34.94,8.54,44.68728,-124.156658
2021-07-12T04:51:13.000,4.08,34.88,8.52,44.68728,-124.156658
2021-07-12T05:06:13.000,4.06,34.67,8.5,44.68728,-124.156658
2021-07-12T05:21:13.000,4.04,34.56,8.5,44.68728,-124.156658
2021-07-12T05:36:13.000,4.03,34.47,8.49,44.68728,-124.156658
2021-07-12T05:51:13.000,4.02,34.35,8.47,44.68728,-124.156658
2021-07-12T06:06:13.000,4.01,34.27,8.47,44.68728,-124.156658
2021-07-12T06:21:13.000,4.02,34.32,8.47,44.68728,-124.156658
2021-07-12T06:36:13.000,4,34.15,8.45,44.68728,-124.156658
2021-07-12T06:51:13.000,4,34.12,8.45,44.68728,-124.156658
2021-07-12T07:06:13.000,4.01,34.23,8.45,44.68728,-124.156658
2021-07-12T07:21:13.000,4,34.14,8.45,44.68728,-124.156658
2021-07-12T07:36:13.000,3.98,33.93,8.45,44.68728,-124.156658
2021-07-12T07:51:13.000,3.97,33.9,8.45,44.68728,-124.156658
2021-07-12T08:06:13.000,3.95,33.73,8.45,44.68728,-124.156658
2021-07-12T08:21:13.000,3.96,33.82,8.44,44.68728,-124.156658
2021-07-12T08:36:13.000,3.94,33.6,8.42,44.68728,-124.156658
2021-07-12T08:51:13.000,3.9,33.27,8.4,44.68728,-124.156658
2021-07-12T09:06:13.000,3.87,33.03,8.4,44.68728,-124.156658
2021-07-12T09:21:13.000,3.86,32.88,8.39,44.68728,-124.156658
2021-07-12T09:36:13.000,3.87,32.98,8.38,44.68728,-124.156658
2021-07-12T09:51:13.000,3.85,32.82,8.38,44.68728,-124.156658
2021-07-12T10:06:13.000,3.84,32.76,8.38,44.68728,-124.156658
2021-07-12T10:21:13.000,3.85,32.77,8.38,44.68728,-124.156658
2021-07-12T10:36:13.000,3.86,32.85,8.38,44.68728,-124.156658
2021-07-12T10:51:13.000,3.84,32.77,8.38,44.68728,-124.156658
2021-07-12T11:06:13.000,3.86,32.9,8.38,44.68728,-124.156658
2021-07-12T11:21:13.000,3.84,32.72,8.38,44.68728,-124.156658
2021-07-12T11:36:13.000,3.85,32.84,8.38,44.68728,-124.156658
2021-07-12T11:51:13.000,3.86,32.88,8.38,44.68728,-124.156658
2021-07-12T12:06:13.000,3.87,32.95,8.38,44.68728,-124.156658
2021-07-12T12:21:13.000,3.86,32.92,8.38,44.68728,-124.156658
2021-07-12T12:36:13.000,3.86,32.95,8.4,44.68728,-124.156658
2021-07-12T12:51:13.000,3.87,32.97,8.4,44.68728,-124.156658
2021-07-12T13:06:13.000,3.87,33,8.4,44.68728,-124.156658
2021-07-12T13:21:13.000,3.88,33.12,8.4,44.68728,-124.156658
2021-07-12T13:36:13.000,3.88,33.13,8.4,44.68728,-124.156658
2021-07-12T13:51:13.000,3.88,33.11,8.41,44.68728,-124.156658
2021-07-12T14:06:13.000,3.19,27.24,8.42,44.68728,-124.156658
2021-07-12T14:21:13.000,3.86,32.96,8.42,44.68728,-124.156658
2021-07-12T14:36:13.000,3.9,33.29,8.43,44.68728,-124.156658
2021-07-12T14:51:13.000,3.9,33.29,8.45,44.68728,-124.156658
2021-07-12T15:06:13.000,3.89,33.24,8.45,44.68728,-124.156658
2021-07-12T15:21:13.000,3.89,33.22,8.45,44.68728,-124.156658
2021-07-12T15:36:13.000,3.91,33.41,8.47,44.68728,-124.156658
2021-07-12T15:51:13.000,3.96,33.87,8.49,44.68728,-124.156658
2021-07-12T16:06:13.000,3.98,34.04,8.5,44.68728,-124.156658
2021-07-12T16:21:13.000,4.01,34.28,8.52,44.68728,-124.156658
2021-07-12T16:36:13.000,4.02,34.39,8.53,44.68728,-124.156658
2021-07-12T16:51:13.000,4.04,34.59,8.54,44.68728,-124.156658
2021-07-12T17:06:13.000,4.06,34.79,8.57,44.68728,-124.156658
2021-07-12T17:21:13.000,4.07,34.87,8.57,44.68728,-124.156658
2021-07-12T17:36:13.000,4.09,35.04,8.57,44.68728,-124.156658
2021-07-12T17:51:13.000,4.11,35.15,8.57,44.68728,-124.156658
2021-07-12T18:06:13.000,4.11,35.18,8.57,44.68728,-124.156658
2021-07-12T18:21:13.000,4.12,35.26,8.57,44.68728,-124.156658
2021-07-12T18:36:13.000,4.11,35.18,8.57,44.68728,-124.156658
2021-07-12T18:51:13.000,4.1,35.13,8.56,44.68728,-124.156658
2021-07-12T19:06:13.000,4.09,35,8.56,44.68728,-124.156658
2021-07-12T19:21:13.000,4.09,35,8.56,44.68728,-124.156658
2021-07-12T19:36:13.000,4.09,34.98,8.56,44.68728,-124.156658
2021-07-12T19:51:13.000,4.08,34.92,8.56,44.68728,-124.156658
2021-07-12T20:06:13.000,4.08,34.88,8.55,44.68728,-124.156658
2021-07-12T20:21:13.000,4.07,34.79,8.54,44.68728,-124.156658
2021-07-12T20:36:13.000,4.07,34.79,8.54,44.68728,-124.156658
2021-07-12T20:51:13.000,4.06,34.74,8.54,44.68728,-124.156658
2021-07-12T21:06:13.000,4.04,34.61,8.54,44.68728,-124.156658
2021-07-12T21:21:13.000,4.03,34.5,8.54,44.68728,-124.156658
2021-07-12T21:36:13.000,4.02,34.37,8.52,44.68728,-124.156658
2021-07-12T21:51:13.000,4.01,34.32,8.52,44.68728,-124.156658
2021-07-12T22:06:13.000,4.02,34.34,8.52,44.68728,-124.156658
2021-07-12T22:21:13.000,4.03,34.43,8.52,44.68728,-124.156658
2021-07-12T22:36:13.000,4.03,34.41,8.51,44.68728,-124.156658
2021-07-12T22:51:13.000,4.02,34.34,8.5,44.68728,-124.156658
2021-07-12T23:06:13.000,4.01,34.3,8.5,44.68728,-124.156658
2021-07-12T23:21:13.000,4.01,34.31,8.5,44.68728,-124.156658
2021-07-12T23:36:13.000,4.01,34.31,8.49,44.68728,-124.156658
2021-07-12T23:51:13.000,4.01,34.3,8.49,44.68728,-124.156658
2021-07-13T00:06:13.000,4.02,34.31,8.49,44.68728,-124.156658
2021-07-13T00:21:13.000,4.01,34.22,8.48,44.68728,-124.156658
2021-07-13T00:36:13.000,3.99,34.12,8.47,44.68728,-124.156658
2021-07-13T00:51:13.000,3.99,34.07,8.47,44.68728,-124.156658
2021-07-13T01:06:13.000,3.98,33.98,8.45,44.68728,-124.156658
2021-07-13T01:21:13.000,3.97,33.9,8.45,44.68728,-124.156658
2021-07-13T01:36:13.000,3.97,33.85,8.45,44.68728,-124.156658
2021-07-13T01:51:13.000,3.96,33.8,8.45,44.68728,-124.156658
2021-07-13T02:06:13.000,3.96,33.78,8.44,44.68728,-124.156658
2021-07-13T02:21:13.000,3.95,33.69,8.43,44.68728,-124.156658
2021-07-13T02:36:13.000,3.94,33.65,8.42,44.68728,-124.156658
2021-07-13T02:51:13.000,3.95,33.72,8.41,44.68728,-124.156658
2021-07-13T03:06:13.000,3.95,33.69,8.4,44.68728,-124.156658
2021-07-13T03:21:13.000,3.94,33.56,8.4,44.68728,-124.156658
2021-07-13T03:36:13.000,3.92,33.43,8.38,44.68728,-124.156658
2021-07-13T03:51:13.000,3.91,33.31,8.38,44.68728,-124.156658
2021-07-13T04:06:13.000,3.92,33.39,8.38,44.68728,-124.156658
2021-07-13T04:21:13.000,3.88,33.09,8.38,44.68728,-124.156658
2021-07-13T04:36:13.000,3.91,33.33,8.38,44.68728,-124.156658
2021-07-13T04:51:13.000,3.87,32.94,8.35,44.68728,-124.156658
2021-07-13T05:06:13.000,3.85,32.75,8.35,44.68728,-124.156658
2021-07-13T05:21:13.000,3.83,32.62,8.35,44.68728,-124.156658
2021-07-13T05:36:13.000,3.82,32.53,8.34,44.68728,-124.156658
2021-07-13T05:51:13.000,3.8,32.32,8.34,44.68728,-124.156658
2021-07-13T06:06:13.000,3.8,32.33,8.34,44.68728,-124.156658
2021-07-13T06:21:13.000,3.77,32.12,8.33,44.68728,-124.156658
2021-07-13T06:36:13.000,3.8,32.36,8.33,44.68728,-124.156658
2021-07-13T06:51:13.000,3.79,32.26,8.34,44.68728,-124.156658
2021-07-13T07:06:13.000,3.81,32.47,8.34,44.68728,-124.156658
2021-07-13T07:21:13.000,3.79,32.28,8.34,44.68728,-124.156658
2021-07-13T07:36:13.000,3.81,32.42,8.34,44.68728,-124.156658
2021-07-13T07:51:13.000,3.8,32.36,8.34,44.68728,-124.156658
2021-07-13T08:06:13.000,3.81,32.45,8.35,44.68728,-124.156658
2021-07-13T08:21:13.000,3.83,32.6,8.35,44.68728,-124.156658
2021-07-13T08:36:13.000,3.83,32.66,8.35,44.68728,-124.156658
2021-07-13T08:51:13.000,3.87,32.94,8.35,44.68728,-124.156658
2021-07-13T09:06:13.000,3.88,33.07,8.35,44.68728,-124.156658
2021-07-13T09:21:13.000,3.88,33,8.35,44.68728,-124.156658
2021-07-13T09:36:13.000,3.88,33.06,8.35,44.68728,-124.156658
2021-07-13T09:51:13.000,3.88,33.01,8.35,44.68728,-124.156658
2021-07-13T10:06:13.000,3.87,32.96,8.34,44.68728,-124.156658
2021-07-13T10:21:13.000,3.87,32.91,8.34,44.68728,-124.156658
2021-07-13T10:36:13.000,3.88,33.02,8.34,44.68728,-124.156658
2021-07-13T10:51:13.000,3.86,32.84,8.34,44.68728,-124.156658
2021-07-13T11:06:13.000,3.86,32.85,8.34,44.68728,-124.156658
2021-07-13T11:21:13.000,3.87,32.95,8.33,44.68728,-124.156658
2021-07-13T11:36:13.000,3.86,32.82,8.33,44.68728,-124.156658
2021-07-13T11:51:13.000,3.86,32.85,8.33,44.68728,-124.156658
2021-07-13T12:06:13.000,3.85,32.77,8.33,44.68728,-124.156658
2021-07-13T12:21:13.000,3.85,32.74,8.33,44.68728,-124.156658
2021-07-13T12:36:13.000,3.85,32.75,8.33,44.68728,-124.156658
2021-07-13T12:51:13.000,3.85,32.77,8.33,44.68728,-124.156658
2021-07-13T13:06:13.000,3.84,32.72,8.33,44.68728,-124.156658
2021-07-13T13:21:13.000,3.85,32.75,8.33,44.68728,-124.156658
2021-07-13T13:36:13.000,3.84,32.73,8.33,44.68728,-124.156658
2021-07-13T13:51:13.000,3.85,32.78,8.35,44.68728,-124.156658
2021-07-13T14:06:13.000,3.84,32.72,8.35,44.68728,-124.156658
2021-07-13T14:21:13.000,3.84,32.7,8.35,44.68728,-124.156658
2021-07-13T14:36:13.000,3.83,32.65,8.35,44.68728,-124.156658
2021-07-13T14:51:13.000,3.82,32.57,8.35,44.68728,-124.156658
2021-07-13T15:06:13.000,3.83,32.58,8.35,44.68728,-124.156658
2021-07-13T15:21:13.000,3.82,32.56,8.35,44.68728,-124.156658
2021-07-13T15:36:13.000,3.82,32.49,8.35,44.68728,-124.156658
2021-07-13T15:51:13.000,3.83,32.58,8.35,44.68728,-124.156658
2021-07-13T16:06:13.000,3.82,32.54,8.35,44.68728,-124.156658
2021-07-13T16:21:13.000,3.8,32.4,8.35,44.68728,-124.156658
2021-07-13T16:36:13.000,3.81,32.47,8.35,44.68728,-124.156658
2021-07-13T16:51:13.000,3.82,32.5,8.35,44.68728,-124.156658
2021-07-13T17:06:13.000,3.82,32.5,8.35,44.68728,-124.156658
2021-07-13T17:21:13.000,3.81,32.42,8.35,44.68728,-124.156658
2021-07-13T17:36:13.000,3.8,32.4,8.35,44.68728,-124.156658
2021-07-13T17:51:13.000,3.8,32.39,8.35,44.68728,-124.156658
2021-07-13T18:06:13.000,3.8,32.4,8.34,44.68728,-124.156658
2021-07-13T18:21:13.000,3.8,32.33,8.34,44.68728,-124.156658
2021-07-13T18:36:13.000,3.8,32.31,8.34,44.68728,-124.156658
2021-07-13T18:51:13.000,3.79,32.26,8.33,44.68728,-124.156658
2021-07-13T19:06:13.000,3.79,32.22,8.33,44.68728,-124.156658
2021-07-13T19:21:13.000,3.78,32.14,8.33,44.68728,-124.156658
2021-07-13T19:36:13.000,3.78,32.15,8.33,44.68728,-124.156658
2021-07-13T19:51:13.000,3.76,32.04,8.33,44.68728,-124.156658
2021-07-13T20:06:13.000,3.76,31.97,8.33,44.68728,-124.156658
2021-07-13T20:21:13.000,3.75,31.91,8.33,44.68728,-124.156658
2021-07-13T20:36:13.000,3.75,31.89,8.33,44.68728,-124.156658
2021-07-13T20:51:13.000,3.73,31.78,8.33,44.68728,-124.156658
2021-07-13T21:06:13.000,3.73,31.77,8.33,44.68728,-124.156658
2021-07-13T21:21:13.000,3.73,31.71,8.33,44.68728,-124.156658
2021-07-13T21:36:13.000,3.71,31.62,8.33,44.68728,-124.156658
2021-07-13T21:51:13.000,3.72,31.62,8.33,44.68728,-124.156658
2021-07-13T22:06:13.000,3.7,31.48,8.32,44.68728,-124.156658
2021-07-13T22:21:13.000,3.7,31.5,8.32,44.68728,-124.156658
2021-07-13T22:36:13.000,3.68,31.32,8.32,44.68728,-124.156658
2021-07-13T22:51:13.000,3.68,31.28,8.32,44.68728,-124.156658
2021-07-13T23:06:13.000,3.67,31.24,8.32,44.68728,-124.156658
2021-07-13T23:21:13.000,3.66,31.15,8.31,44.68728,-124.156658
2021-07-13T23:36:13.000,3.64,30.98,8.31,44.68728,-124.156658
2021-07-13T23:51:13.000,3.63,30.85,8.31,44.68728,-124.156658
2021-07-14T00:06:13.000,3.61,30.7,8.31,44.68728,-124.156658
2021-07-14T00:21:13.000,3.61,30.69,8.3,44.68728,-124.156658
2021-07-14T00:36:13.000,3.6,30.63,8.31,44.68728,-124.156658
2021-07-14T00:51:13.000,3.59,30.56,8.3,44.68728,-124.156658
2021-07-14T01:06:13.000,3.6,30.62,8.31,44.68728,-124.156658
2021-07-14T01:21:13.000,3.59,30.53,8.31,44.68728,-124.156658
2021-07-14T01:36:13.000,3.57,30.39,8.31,44.68728,-124.156658
2021-07-14T01:51:13.000,3.55,30.19,8.31,44.68728,-124.156658
2021-07-14T02:06:13.000,3.54,30.12,8.31,44.68728,-124.156658
2021-07-14T02:21:13.000,3.52,29.98,8.31,44.68728,-124.156658
2021-07-14T02:36:13.000,3.44,29.22,8.29,44.68728,-124.156658
2021-07-14T02:51:13.000,3.42,29.05,8.28,44.68728,-124.156658
2021-07-14T03:06:13.000,3.42,29.11,8.28,44.68728,-124.156658
2021-07-14T03:21:13.000,3.41,29.01,8.28,44.68728,-124.156658
2021-07-14T03:36:13.000,3.4,28.88,8.28,44.68728,-124.156658
2021-07-14T03:51:13.000,3.38,28.73,8.28,44.68728,-124.156658
2021-07-14T04:06:13.000,3.37,28.63,8.28,44.68728,-124.156658
2021-07-14T04:21:13.000,3.35,28.5,8.28,44.68728,-124.156658
2021-07-14T04:36:13.000,3.36,28.55,8.28,44.68728,-124.156658
2021-07-14T04:51:13.000,3.34,28.4,8.28,44.68728,-124.156658
2021-07-14T05:06:13.000,3.33,28.33,8.28,44.68728,-124.156658
2021-07-14T05:21:13.000,3.35,28.45,8.28,44.68728,-124.156658
2021-07-14T05:36:13.000,3.35,28.49,8.28,44.68728,-124.156658
2021-07-14T05:51:13.000,3.35,28.44,8.28,44.68728,-124.156658
2021-07-14T06:06:13.000,3.35,28.5,8.28,44.68728,-124.156658
2021-07-14T06:21:13.000,3.35,28.52,8.28,44.68728,-124.156658
2021-07-14T06:36:13.000,3.35,28.46,8.28,44.68728,-124.156658
2021-07-14T06:51:13.000,3.34,28.39,8.28,44.68728,-124.156658
2021-07-14T07:06:13.000,3.34,28.36,8.28,44.68728,-124.156658
2021-07-14T07:21:13.000,3.34,28.4,8.28,44.68728,-124.156658
2021-07-14T07:36:13.000,3.33,28.35,8.28,44.68728,-124.156658
2021-07-14T07:51:13.000,3.33,28.35,8.28,44.68728,-124.156658
2021-07-14T08:06:13.000,3.33,28.34,8.28,44.68728,-124.156658
2021-07-14T08:21:13.000,3.33,28.32,8.28,44.68728,-124.156658
2021-07-14T08:36:13.000,3.33,28.28,8.28,44.68728,-124.156658
2021-07-14T08:51:13.000,3.33,28.28,8.28,44.68728,-124.156658
2021-07-14T09:06:13.000,3.33,28.31,8.28,44.68728,-124.156658
2021-07-14T09:21:13.000,3.32,28.22,8.28,44.68728,-124.156658
2021-07-14T09:36:13.000,3.32,28.24,8.28,44.68728,-124.156658
2021-07-14T09:51:13.000,3.31,28.15,8.28,44.68728,-124.156658
2021-07-14T10:06:13.000,3.3,28.01,8.27,44.68728,-124.156658
2021-07-14T10:21:13.000,3.28,27.91,8.26,44.68728,-124.156658
2021-07-14T10:36:13.000,3.27,27.79,8.26,44.68728,-124.156658
2021-07-14T10:51:13.000,3.27,27.81,8.26,44.68728,-124.156658
2021-07-14T11:06:13.000,3.26,27.74,8.26,44.68728,-124.156658
2021-07-14T11:21:13.000,3.26,27.73,8.26,44.68728,-124.156658
2021-07-14T11:36:13.000,3.26,27.71,8.26,44.68728,-124.156658
2021-07-14T11:51:13.000,3.27,27.74,8.26,44.68728,-124.156658
2021-07-14T12:06:13.000,3.25,27.62,8.26,44.68728,-124.156658
2021-07-14T12:21:13.000,3.26,27.66,8.26,44.68728,-124.156658
2021-07-14T12:36:13.000,3.26,27.73,8.26,44.68728,-124.156658
2021-07-14T12:51:13.000,3.27,27.79,8.26,44.68728,-124.156658
2021-07-14T13:06:13.000,3.28,27.85,8.26,44.68728,-124.156658
2021-07-14T13:21:13.000,3.29,27.95,8.26,44.68728,-124.156658
2021-07-14T13:36:13.000,3.28,27.88,8.26,44.68728,-124.156658
2021-07-14T13:51:13.000,3.28,27.86,8.26,44.68728,-124.156658
2021-07-14T14:06:13.000,3.28,27.89,8.27,44.68728,-124.156658
2021-07-14T14:21:13.000,3.31,28.13,8.28,44.68728,-124.156658
2021-07-14T14:36:13.000,3.31,28.13,8.28,44.68728,-124.156658
2021-07-14T14:51:13.000,3.31,28.17,8.28,44.68728,-124.156658
2021-07-14T15:06:13.000,3.3,28.08,8.28,44.68728,-124.156658
2021-07-14T15:21:13.000,3.3,28.05,8.28,44.68728,-124.156658
2021-07-14T15:36:13.000,3.3,28.03,8.28,44.68728,-124.156658
2021-07-14T15:51:13.000,3.28,27.85,8.28,44.68728,-124.156658
2021-07-14T16:06:13.000,3.26,27.76,8.28,44.68728,-124.156658
2021-07-14T16:21:13.000,3.26,27.68,8.28,44.68728,-124.156658
2021-07-14T16:36:13.000,3.25,27.59,8.27,44.68728,-124.156658
2021-07-14T16:51:13.000,3.23,27.45,8.27,44.68728,-124.156658
2021-07-14T17:06:13.000,3.23,27.45,8.26,44.68728,-124.156658
2021-07-14T17:21:13.000,3.22,27.32,8.26,44.68728,-124.156658
2021-07-14T17:36:13.000,3.21,27.31,8.26,44.68728,-124.156658
2021-07-14T17:51:13.000,3.2,27.21,8.26,44.68728,-124.156658
2021-07-14T18:06:13.000,3.2,27.22,8.26,44.68728,-124.156658
2021-07-14T18:21:13.000,3.19,27.07,8.26,44.68728,-124.156658
2021-07-14T18:36:13.000,3.17,26.96,8.26,44.68728,-124.156658
2021-07-14T18:51:13.000,3.17,26.9,8.25,44.68728,-124.156658
2021-07-14T19:06:13.000,3.16,26.81,8.25,44.68728,-124.156658
2021-07-14T19:21:13.000,3.15,26.79,8.25,44.68728,-124.156658
2021-07-14T19:36:13.000,3.13,26.62,8.23,44.68728,-124.156658
2021-07-14T19:51:13.000,3.14,26.67,8.23,44.68728,-124.156658
2021-07-14T20:06:13.000,3.12,26.51,8.23,44.68728,-124.156658
2021-07-14T20:21:13.000,3.1,26.3,8.23,44.68728,-124.156658
2021-07-14T20:36:13.000,3.11,26.44,8.23,44.68728,-124.156658
2021-07-14T20:51:13.000,3.1,26.31,8.23,44.68728,-124.156658
2021-07-14T21:06:13.000,3.1,26.31,8.23,44.68728,-124.156658
2021-07-14T21:21:13.000,3.09,26.25,8.22,44.68728,-124.156658
2021-07-14T21:36:13.000,3.08,26.15,8.22,44.68728,-124.156658
2021-07-14T21:51:13.000,3.07,26.03,8.22,44.68728,-124.156658
2021-07-14T22:06:13.000,3.06,25.99,8.22,44.68728,-124.156658
2021-07-14T22:21:13.000,3.06,26,8.21,44.68728,-124.156658
2021-07-14T22:36:13.000,3.06,26,8.21,44.68728,-124.156658
2021-07-14T22:51:13.000,3.06,25.98,8.21,44.68728,-124.156658
2021-07-14T23:06:13.000,3.03,25.73,8.21,44.68728,-124.156658
2021-07-14T23:21:13.000,3.02,25.63,8.21,44.68728,-124.156658
2021-07-14T23:36:13.000,3,25.43,8.21,44.68728,-124.156658
2021-07-14T23:51:13.000,2.97,25.24,8.21,44.68728,-124.156658
2021-07-15T00:06:13.000,2.97,25.24,8.21,44.68728,-124.156658
2021-07-15T00:21:13.000,2.97,25.18,8.2,44.68728,-124.156658
2021-07-15T00:36:13.000,2.95,25.05,8.2,44.68728,-124.156658
2021-07-15T00:51:13.000,2.94,24.98,8.2,44.68728,-124.156658
2021-07-15T01:06:13.000,2.99,25.34,8.21,44.68728,-124.156658
2021-07-15T01:21:13.000,2.99,25.38,8.21,44.68728,-124.156658
2021-07-15T01:36:13.000,2.98,25.33,8.21,44.68728,-124.156658
2021-07-15T01:51:13.000,2.98,25.31,8.21,44.68728,-124.156658
2021-07-15T02:06:13.000,2.96,25.15,8.21,44.68728,-124.156658
2021-07-15T02:21:13.000,2.97,25.17,8.21,44.68728,-124.156658
2021-07-15T02:36:13.000,2.94,24.92,8.2,44.68728,-124.156658
2021-07-15T02:51:13.000,2.94,24.92,8.2,44.68728,-124.156658
2021-07-15T03:06:13.000,2.93,24.85,8.19,44.68728,-124.156658
2021-07-15T03:21:13.000,2.93,24.87,8.19,44.68728,-124.156658
2021-07-15T03:36:13.000,2.92,24.78,8.19,44.68728,-124.156658
2021-07-15T03:51:13.000,2.87,24.37,8.19,44.68728,-124.156658
2021-07-15T04:06:13.000,2.87,24.38,8.19,44.68728,-124.156658
2021-07-15T04:21:13.000,2.88,24.47,8.19,44.68728,-124.156658
2021-07-15T04:36:13.000,2.91,24.71,8.19,44.68728,-124.156658
2021-07-15T04:51:13.000,2.89,24.48,8.19,44.68728,-124.156658
2021-07-15T05:06:13.000,2.89,24.52,8.19,44.68728,-124.156658
2021-07-15T05:21:13.000,2.84,24.07,8.19,44.68728,-124.156658
2021-07-15T05:36:13.000,2.86,24.26,8.19,44.68728,-124.156658
2021-07-15T05:51:13.000,2.84,24.08,8.18,44.68728,-124.156658
2021-07-15T06:06:13.000,2.83,23.99,8.18,44.68728,-124.156658
2021-07-15T06:21:13.000,2.87,24.31,8.18,44.68728,-124.156658
2021-07-15T06:36:13.000,2.8,23.73,8.18,44.68728,-124.156658
2021-07-15T06:51:13.000,2.8,23.77,8.18,44.68728,-124.156658
2021-07-15T07:06:13.000,2.8,23.74,8.18,44.68728,-124.156658
2021-07-15T07:21:13.000,2.76,23.4,8.18,44.68728,-124.156658
2021-07-15T07:36:13.000,2.8,23.78,8.17,44.68728,-124.156658
2021-07-15T07:51:13.000,2.79,23.64,8.17,44.68728,-124.156658
2021-07-15T08:06:13.000,2.81,23.85,8.17,44.68728,-124.156658
2021-07-15T08:21:13.000,2.82,23.91,8.16,44.68728,-124.156658
2021-07-15T08:36:13.000,2.81,23.82,8.16,44.68728,-124.156658
2021-07-15T08:51:13.000,2.8,23.78,8.16,44.68728,-124.156658
2021-07-15T09:06:13.000,2.82,23.9,8.16,44.68728,-124.156658
2021-07-15T09:21:13.000,2.81,23.81,8.16,44.68728,-124.156658
2021-07-15T09:36:13.000,2.81,23.82,8.16,44.68728,-124.156658
2021-07-15T09:51:13.000,2.83,23.96,8.16,44.68728,-124.156658
2021-07-15T10:06:13.000,2.82,23.9,8.16,44.68728,-124.156658
2021-07-15T10:21:13.000,2.82,23.91,8.16,44.68728,-124.156658
2021-07-15T10:36:13.000,2.82,23.93,8.16,44.68728,-124.156658
2021-07-15T10:51:13.000,2.82,23.9,8.16,44.68728,-124.156658
2021-07-15T11:06:13.000,2.83,23.99,8.16,44.68728,-124.156658
2021-07-15T11:21:13.000,2.84,24.09,8.16,44.68728,-124.156658
2021-07-15T11:36:13.000,2.84,24.12,8.16,44.68728,-124.156658
2021-07-15T11:51:13.000,2.84,24.08,8.16,44.68728,-124.156658
2021-07-15T12:06:13.000,2.83,24,8.16,44.68728,-124.156658
2021-07-15T12:21:13.000,2.82,23.87,8.16,44.68728,-124.156658
2021-07-15T12:36:13.000,2.83,24,8.16,44.68728,-124.156658
2021-07-15T12:51:13.000,2.82,23.92,8.17,44.68728,-124.156658
2021-07-15T13:06:13.000,2.78,23.54,8.16,44.68728,-124.156658
2021-07-15T13:21:13.000,2.84,24.07,8.16,44.68728,-124.156658
2021-07-15T13:36:13.000,2.84,24.09,8.17,44.68728,-124.156658
2021-07-15T13:51:13.000,0.16,1.38,8.16,44.68728,-124.156658
2021-07-15T14:06:13.000,0.04,0.34,8.16,44.68728,-124.156658
2021-07-15T14:21:13.000,0.03,0.26,8.17,44.68728,-124.156658
2021-07-15T14:36:13.000,0.08,0.65,8.16,44.68728,-124.156658
2021-07-15T14:51:13.000,0.09,0.78,8.16,44.68728,-124.156658
2021-07-15T15:06:13.000,0.08,0.68,8.17,44.68728,-124.156658
2021-07-15T15:21:13.000,0.07,0.61,8.17,44.68728,-124.156658
2021-07-15T15:36:13.000,0.12,1.05,8.17,44.68728,-124.156658
2021-07-15T15:51:13.000,0.15,1.29,8.18,44.68728,-124.156658
2021-07-15T16:06:13.000,0.17,1.44,8.18,44.68728,-124.156658
2021-07-15T16:21:13.000,0.14,1.22,8.18,44.68728,-124.156658
2021-07-15T16:36:13.000,0.16,1.32,8.17,44.68728,-124.156658
2021-07-15T16:51:13.000,0.15,1.24,8.17,44.68728,-124.156658
2021-07-15T17:06:13.000,0.13,1.09,8.18,44.68728,-124.156658
2021-07-15T17:21:13.000,0.17,1.41,8.18,44.68728,-124.156658
2021-07-15T17:36:13.000,2.4,20.34,8.18,44.68728,-124.156658
2021-07-15T17:51:13.000,2.87,24.36,8.18,44.68728,-124.156658
2021-07-15T18:06:13.000,2.82,23.91,8.18,44.68728,-124.156658
2021-07-15T18:21:13.000,0.07,0.57,8.18,44.68728,-124.156658
2021-07-15T18:36:13.000,0.05,0.47,8.18,44.68728,-124.156658
2021-07-15T18:51:13.000,0.05,0.39,8.18,44.68728,-124.156658
2021-07-15T19:06:13.000,0.04,0.38,8.17,44.68728,-124.156658
2021-07-15T19:21:13.000,0.05,0.42,8.17,44.68728,-124.156658
2021-07-15T19:36:13.000,0.13,1.07,8.17,44.68728,-124.156658
2021-07-15T19:51:13.000,2.86,24.23,8.17,44.68728,-124.156658
2021-07-15T20:06:13.000,0.26,2.19,8.16,44.68728,-124.156658
2021-07-15T20:21:13.000,0.19,1.57,8.16,44.68728,-124.156658
2021-07-15T20:36:13.000,0.17,1.4,8.16,44.68728,-124.156658
2021-07-15T20:51:13.000,0.19,1.62,8.16,44.68728,-124.156658
2021-07-15T21:06:13.000,0.19,1.59,8.16,44.68728,-124.156658
2021-07-15T21:21:13.000,2.68,22.74,8.16,44.68728,-124.156658
2021-07-15T21:36:13.000,2.83,23.95,8.16,44.68728,-124.156658
2021-07-15T21:51:13.000,2.85,24.18,8.16,44.68728,-124.156658
2021-07-15T22:06:13.000,2.86,24.21,8.16,44.68728,-124.156658
2021-07-15T22:21:13.000,2.78,23.59,8.16,44.68728,-124.156658
2021-07-15T22:36:13.000,2.77,23.44,8.16,44.68728,-124.156658
2021-07-15T22:51:13.000,0.82,6.97,8.15,44.68728,-124.156658
2021-07-15T23:06:13.000,0.2,1.71,8.15,44.68728,-124.156658
2021-07-15T23:21:13.000,0.24,2,8.15,44.68728,-124.156658
2021-07-15T23:36:13.000,0.15,1.25,8.15,44.68728,-124.156658
2021-07-15T23:51:13.000,0.11,0.97,8.15,44.68728,-124.156658
2021-07-16T00:06:13.000,0.13,1.08,8.16,44.68728,-124.156658
2021-07-16T00:21:13.000,0.07,0.58,8.16,44.68728,-124.156658
2021-07-16T00:36:13.000,0.22,1.84,8.16,44.68728,-124.156658
2021-07-16T00:51:13.000,0.26,2.22,8.16,44.68728,-124.156658
2021-07-16T01:06:13.000,0.13,1.11,8.16,44.68728,-124.156658
2021-07-16T01:21:13.000,0.1,0.89,8.16,44.68728,-124.156658
2021-07-16T01:36:13.000,0.12,1.06,8.16,44.68728,-124.156658
2021-07-16T01:51:13.000,0.1,0.84,8.16,44.68728,-124.156658
2021-07-16T02:06:13.000,0.08,0.66,8.16,44.68728,-124.156658
2021-07-16T02:21:13.000,0.08,0.71,8.16,44.68728,-124.156658
2021-07-16T02:36:13.000,0.11,0.94,8.16,44.68728,-124.156658
2021-07-16T02:51:13.000,0.11,0.89,8.16,44.68728,-124.156658
2021-07-16T03:06:13.000,0.14,1.2,8.16,44.68728,-124.156658
2021-07-16T03:21:13.000,0.62,5.25,8.16,44.68728,-124.156658
2021-07-16T03:36:13.000,0.16,1.33,8.16,44.68728,-124.156658
2021-07-16T03:51:13.000,0.83,7.01,8.16,44.68728,-124.156658
2021-07-16T04:06:13.000,0.54,4.57,8.16,44.68728,-124.156658
2021-07-16T04:21:13.000,0.52,4.42,8.16,44.68728,-124.156658
2021-07-16T04:36:13.000,2.79,23.64,8.16,44.68728,-124.156658
2021-07-16T04:51:13.000,2.82,23.9,8.16,44.68728,-124.156658
2021-07-16T05:06:13.000,2.82,23.94,8.16,44.68728,-124.156658
2021-07-16T05:21:13.000,2.79,23.64,8.16,44.68728,-124.156658
2021-07-16T05:36:13.000,2.85,24.13,8.16,44.68728,-124.156658
2021-07-16T05:51:13.000,2.85,24.18,8.16,44.68728,-124.156658
2021-07-16T06:06:13.000,2.84,24.08,8.16,44.68728,-124.156658
2021-07-16T06:21:13.000,2.83,23.97,8.16,44.68728,-124.156658
2021-07-16T06:36:13.000,2.84,24.1,8.16,44.68728,-124.156658
2021-07-16T06:51:13.000,2.85,24.17,8.16,44.68728,-124.156658
2021-07-16T07:06:13.000,2.85,24.12,8.16,44.68728,-124.156658
2021-07-16T07:21:13.000,2.81,23.85,8.16,44.68728,-124.156658
2021-07-16T07:36:13.000,2.82,23.93,8.16,44.68728,-124.156658
2021-07-16T07:51:13.000,2.86,24.26,8.16,44.68728,-124.156658
2021-07-16T08:06:13.000,2.86,24.27,8.16,44.68728,-124.156658
2021-07-16T08:21:13.000,2.83,23.97,8.17,44.68728,-124.156658
2021-07-16T08:36:13.000,2.82,23.92,8.17,44.68728,-124.156658
2021-07-16T08:51:13.000,2.83,24,8.17,44.68728,-124.156658
2021-07-16T09:06:13.000,2.85,24.14,8.17,44.68728,-124.156658
2021-07-16T09:21:13.000,2.86,24.28,8.17,44.68728,-124.156658
2021-07-16T09:36:13.000,2.85,24.19,8.18,44.68728,-124.156658
2021-07-16T09:51:13.000,2.86,24.3,8.18,44.68728,-124.156658
2021-07-16T10:06:13.000,2.87,24.32,8.18,44.68728,-124.156658
2021-07-16T10:21:13.000,2.87,24.37,8.19,44.68728,-124.156658
2021-07-16T10:36:13.000,2.88,24.43,8.19,44.68728,-124.156658
2021-07-16T10:51:13.000,2.89,24.49,8.19,44.68728,-124.156658
2021-07-16T11:06:13.000,2.93,24.88,8.21,44.68728,-124.156658
2021-07-16T11:21:13.000,2.93,24.89,8.21,44.68728,-124.156658
2021-07-16T11:36:13.000,2.95,25.04,8.21,44.68728,-124.156658
2021-07-16T11:51:13.000,2.95,25,8.21,44.68728,-124.156658
2021-07-16T12:06:13.000,2.97,25.24,8.22,44.68728,-124.156658
2021-07-16T12:21:13.000,2.96,25.16,8.22,44.68728,-124.156658
2021-07-16T12:36:13.000,2.97,25.23,8.21,44.68728,-124.156658
2021-07-16T12:51:13.000,0.77,6.56,8.21,44.68728,-124.156658
2021-07-16T13:06:13.000,0.69,5.85,8.21,44.68728,-124.156658
2021-07-16T13:21:13.000,0.87,7.4,8.21,44.68728,-124.156658
2021-07-16T13:36:13.000,0.77,6.55,8.21,44.68728,-124.156658
2021-07-16T13:51:13.000,0.74,6.27,8.21,44.68728,-124.156658
2021-07-16T14:06:13.000,0.62,5.26,8.21,44.68728,-124.156658
2021-07-16T14:21:13.000,0.66,5.63,8.21,44.68728,-124.156658
2021-07-16T14:36:13.000,0.6,5.09,8.22,44.68728,-124.156658
2021-07-16T14:51:13.000,0.61,5.18,8.22,44.68728,-124.156658
2021-07-16T15:06:13.000,0.85,7.22,8.22,44.68728,-124.156658
2021-07-16T15:21:13.000,0.24,2.01,8.22,44.68728,-124.156658
2021-07-16T15:36:13.000,0.19,1.59,8.22,44.68728,-124.156658
2021-07-16T15:51:13.000,0.13,1.1,8.22,44.68728,-124.156658
2021-07-16T16:06:13.000,0.12,0.99,8.22,44.68728,-124.156658
2021-07-16T16:21:13.000,0.11,0.93,8.21,44.68728,-124.156658
2021-07-16T16:36:13.000,0.11,0.94,8.21,44.68728,-124.156658
2021-07-16T16:51:13.000,0.09,0.75,8.21,44.68728,-124.156658
2021-07-16T17:06:13.000,0.1,0.87,8.21,44.68728,-124.156658
2021-07-16T17:21:13.000,0.09,0.76,8.19,44.68728,-124.156658
2021-07-16T17:36:13.000,0.09,0.76,8.19,44.68728,-124.156658
2021-07-16T17:51:13.000,0.1,0.84,8.19,44.68728,-124.156658
2021-07-16T18:06:13.000,0.1,0.83,8.18,44.68728,-124.156658
2021-07-16T18:21:13.000,0.09,0.77,8.18,44.68728,-124.156658
2021-07-16T18:36:13.000,0.08,0.68,8.17,44.68728,-124.156658
2021-07-16T18:51:13.000,0.13,1.13,8.17,44.68728,-124.156658
2021-07-16T19:06:13.000,0.18,1.53,8.16,44.68728,-124.156658
2021-07-16T19:21:13.000,0.11,0.97,8.16,44.68728,-124.156658
2021-07-16T19:36:13.000,0.14,1.23,8.16,44.68728,-124.156658
2021-07-16T19:51:13.000,0.08,0.67,8.16,44.68728,-124.156658
2021-07-16T20:06:13.000,0.09,0.76,8.16,44.68728,-124.156658
2021-07-16T20:21:13.000,0.07,0.62,8.16,44.68728,-124.156658
2021-07-16T20:36:13.000,0.1,0.85,8.16,44.68728,-124.156658
2021-07-16T20:51:13.000,0.11,0.91,8.16,44.68728,-124.156658
2021-07-16T21:06:13.000,0.11,0.92,8.16,44.68728,-124.156658
2021-07-16T21:21:13.000,2.64,22.38,8.16,44.68728,-124.156658
2021-07-16T21:36:13.000,0.18,1.52,8.16,44.68728,-124.156658
2021-07-16T21:51:13.000,0.24,2.05,8.16,44.68728,-124.156658
2021-07-16T22:06:13.000,0.18,1.55,8.16,44.68728,-124.156658
2021-07-16T22:21:13.000,0.21,1.82,8.16,44.68728,-124.156658
2021-07-16T22:36:13.000,0.14,1.17,8.16,44.68728,-124.156658
2021-07-16T22:51:13.000,0.17,1.41,8.16,44.68728,-124.156658
2021-07-16T23:06:13.000,0.21,1.77,8.16,44.68728,-124.156658
2021-07-16T23:21:13.000,0.26,2.19,8.16,44.68728,-124.156658
2021-07-16T23:36:13.000,0.24,2.08,8.16,44.68728,-124.156658
2021-07-16T23:51:13.000,0.51,4.29,8.17,44.68728,-124.156658
2021-07-17T00:06:13.000,0.13,1.08,8.17,44.68728,-124.156658
2021-07-17T00:21:13.000,0.29,2.49,8.16,44.68728,-124.156658
2021-07-17T00:36:13.000,0.36,3.06,8.16,44.68728,-124.156658
2021-07-17T00:51:13.000,0.31,2.6,8.16,44.68728,-124.156658
2021-07-17T01:06:13.000,2.47,20.95,8.16,44.68728,-124.156658
2021-07-17T01:21:13.000,0.15,1.31,8.15,44.68728,-124.156658
2021-07-17T01:36:13.000,0.18,1.55,8.15,44.68728,-124.156658
2021-07-17T01:51:13.000,0.17,1.43,8.14,44.68728,-124.156658
2021-07-17T02:06:13.000,0.73,6.21,8.14,44.68728,-124.156658
2021-07-17T02:21:13.000,0.79,6.72,8.14,44.68728,-124.156658
2021-07-17T02:36:13.000,0.64,5.4,8.13,44.68728,-124.156658
2021-07-17T02:51:13.000,0.67,5.63,8.12,44.68728,-124.156658
2021-07-17T03:06:13.000,0.69,5.83,8.11,44.68728,-124.156658
2021-07-17T03:21:13.000,0.73,6.2,8.11,44.68728,-124.156658
2021-07-17T03:36:13.000,0.78,6.59,8.11,44.68728,-124.156658
2021-07-17T03:51:13.000,0.27,2.29,8.11,44.68728,-124.156658
2021-07-17T04:06:13.000,0.45,3.8,8.1,44.68728,-124.156658
2021-07-17T04:21:13.000,0.68,5.77,8.1,44.68728,-124.156658
2021-07-17T04:36:13.000,0.92,7.75,8.09,44.68728,-124.156658
2021-07-17T04:51:13.000,1.27,10.75,8.09,44.68728,-124.156658
2021-07-17T05:06:13.000,2.68,22.66,8.09,44.68728,-124.156658
2021-07-17T05:21:13.000,0.86,7.26,8.09,44.68728,-124.156658
2021-07-17T05:36:13.000,2.76,23.37,8.09,44.68728,-124.156658
2021-07-17T05:51:13.000,2.66,22.55,8.09,44.68728,-124.156658
2021-07-17T06:06:13.000,2.75,23.25,8.09,44.68728,-124.156658
2021-07-17T06:21:13.000,2.77,23.42,8.09,44.68728,-124.156658
2021-07-17T06:36:13.000,2.75,23.28,8.09,44.68728,-124.156658
2021-07-17T06:51:13.000,2.75,23.24,8.09,44.68728,-124.156658
2021-07-17T07:06:13.000,2.75,23.25,8.09,44.68728,-124.156658
2021-07-17T07:21:13.000,2.74,23.21,8.09,44.68728,-124.156658
2021-07-17T07:36:13.000,2.75,23.24,8.09,44.68728,-124.156658
2021-07-17T07:51:13.000,2.74,23.22,8.09,44.68728,-124.156658
2021-07-17T08:06:13.000,2.72,23.01,8.09,44.68728,-124.156658
2021-07-17T08:21:13.000,2.71,22.9,8.09,44.68728,-124.156658
2021-07-17T08:36:13.000,2.72,23.04,8.09,44.68728,-124.156658
2021-07-17T08:51:13.000,2.7,22.89,8.09,44.68728,-124.156658
2021-07-17T09:06:13.000,2.68,22.65,8.09,44.68728,-124.156658
2021-07-17T09:21:13.000,2.7,22.86,8.09,44.68728,-124.156658
2021-07-17T09:36:13.000,2.7,22.85,8.09,44.68728,-124.156658
2021-07-17T09:51:13.000,2.67,22.62,8.09,44.68728,-124.156658
2021-07-17T10:06:13.000,2.69,22.79,8.09,44.68728,-124.156658
2021-07-17T10:21:13.000,2.73,23.13,8.09,44.68728,-124.156658
2021-07-17T10:36:13.000,2.71,22.97,8.09,44.68728,-124.156658
2021-07-17T10:51:13.000,2.7,22.85,8.09,44.68728,-124.156658
2021-07-17T11:06:13.000,2.68,22.72,8.09,44.68728,-124.156658
2021-07-17T11:21:13.000,2.58,21.82,8.09,44.68728,-124.156658
2021-07-17T11:36:13.000,2.68,22.67,8.09,44.68728,-124.156658
2021-07-17T11:51:13.000,2.73,23.07,8.09,44.68728,-124.156658
2021-07-17T12:06:13.000,2.71,22.91,8.09,44.68728,-124.156658
2021-07-17T12:21:13.000,2.7,22.82,8.09,44.68728,-124.156658
2021-07-17T12:36:13.000,1.02,8.62,8.09,44.68728,-124.156658
2021-07-17T12:51:13.000,0.95,8.07,8.09,44.68728,-124.156658
2021-07-17T13:06:13.000,0.84,7.13,8.09,44.68728,-124.156658
2021-07-17T13:21:13.000,1.53,12.96,8.09,44.68728,-124.156658
2021-07-17T13:36:13.000,0.35,2.99,8.09,44.68728,-124.156658
2021-07-17T13:51:13.000,0.36,3.02,8.09,44.68728,-124.156658
2021-07-17T14:06:13.000,0.29,2.46,8.09,44.68728,-124.156658
2021-07-17T14:21:13.000,1.07,9.09,8.09,44.68728,-124.156658
2021-07-17T14:36:13.000,0.58,4.92,8.09,44.68728,-124.156658
2021-07-17T14:51:13.000,0.27,2.29,8.09,44.68728,-124.156658
2021-07-17T15:06:13.000,0.7,5.93,8.09,44.68728,-124.156658
2021-07-17T15:21:13.000,0.23,1.96,8.09,44.68728,-124.156658
2021-07-17T15:36:13.000,0.16,1.37,8.09,44.68728,-124.156658
2021-07-17T15:51:13.000,0.17,1.48,8.09,44.68728,-124.156658
2021-07-17T16:06:13.000,0.33,2.78,8.1,44.68728,-124.156658
2021-07-17T16:21:13.000,0.73,6.22,8.1,44.68728,-124.156658
2021-07-17T16:36:13.000,0.86,7.3,8.1,44.68728,-124.156658
2021-07-17T16:51:13.000,1.04,8.81,8.11,44.68728,-124.156658
2021-07-17T17:06:13.000,0.95,8.02,8.11,44.68728,-124.156658
2021-07-17T17:21:13.000,1.07,9.07,8.11,44.68728,-124.156658
2021-07-17T17:36:13.000,0.68,5.73,8.11,44.68728,-124.156658
2021-07-17T17:51:13.000,0.88,7.42,8.11,44.68728,-124.156658
2021-07-17T18:06:13.000,2.8,23.75,8.18,44.68728,-124.156658
2021-07-17T18:21:13.000,2.77,23.44,8.13,44.68728,-124.156658
2021-07-17T18:36:13.000,2.78,23.5,8.12,44.68728,-124.156658
2021-07-17T18:51:13.000,2.77,23.46,8.12,44.68728,-124.156658
2021-07-17T19:06:13.000,2.76,23.35,8.12,44.68728,-124.156658
2021-07-17T19:21:13.000,2.76,23.35,8.13,44.68728,-124.156658
2021-07-17T19:36:13.000,2.75,23.29,8.13,44.68728,-124.156658
2021-07-17T19:51:13.000,2.72,23.03,8.13,44.68728,-124.156658
2021-07-17T20:06:13.000,2.73,23.11,8.14,44.68728,-124.156658
2021-07-17T20:21:13.000,2.76,23.42,8.14,44.68728,-124.156658
2021-07-17T20:36:13.000,2.78,23.56,8.14,44.68728,-124.156658
2021-07-17T20:51:13.000,2.77,23.43,8.14,44.68728,-124.156658
2021-07-17T21:06:13.000,2.8,23.7,8.14,44.68728,-124.156658
2021-07-17T21:21:13.000,2.8,23.71,8.14,44.68728,-124.156658
2021-07-17T21:36:13.000,2.78,23.51,8.14,44.68728,-124.156658
2021-07-17T21:51:13.000,2.77,23.45,8.14,44.68728,-124.156658
2021-07-17T22:06:13.000,2.77,23.46,8.14,44.68728,-124.156658
2021-07-17T22:21:13.000,2.76,23.4,8.13,44.68728,-124.156658
2021-07-17T22:36:13.000,2.74,23.22,8.13,44.68728,-124.156658
2021-07-17T22:51:13.000,2.74,23.24,8.13,44.68728,-124.156658
2021-07-17T23:06:13.000,2.75,23.25,8.13,44.68728,-124.156658
2021-07-17T23:21:13.000,2.76,23.41,8.13,44.68728,-124.156658
2021-07-17T23:36:13.000,2.73,23.15,8.12,44.68728,-124.156658
2021-07-17T23:51:13.000,2.73,23.14,8.12,44.68728,-124.156658
2021-07-18T00:06:13.000,2.76,23.35,8.11,44.68728,-124.156658
2021-07-18T00:21:13.000,2.74,23.16,8.11,44.68728,-124.156658
2021-07-18T00:36:13.000,2.76,23.38,8.11,44.68728,-124.156658
2021-07-18T00:51:13.000,2.75,23.25,8.11,44.68728,-124.156658
2021-07-18T01:06:13.000,2.75,23.29,8.11,44.68728,-124.156658
2021-07-18T01:21:13.000,2.73,23.15,8.11,44.68728,-124.156658
2021-07-18T01:36:13.000,2.75,23.24,8.11,44.68728,-124.156658
2021-07-18T01:51:13.000,2.73,23.1,8.11,44.68728,-124.156658
2021-07-18T02:06:13.000,2.73,23.15,8.11,44.68728,-124.156658
2021-07-18T02:21:13.000,2.77,23.42,8.11,44.68728,-124.156658
2021-07-18T02:36:13.000,2.7,22.9,8.11,44.68728,-124.156658
2021-07-18T02:51:13.000,2.73,23.09,8.11,44.68728,-124.156658
2021-07-18T03:06:13.000,2.68,22.68,8.11,44.68728,-124.156658
2021-07-18T03:21:13.000,2.7,22.86,8.12,44.68728,-124.156658
2021-07-18T03:36:13.000,2.65,22.44,8.12,44.68728,-124.156658
2021-07-18T03:51:13.000,2.7,22.82,8.12,44.68728,-124.156658
2021-07-18T04:06:13.000,2.7,22.88,8.12,44.68728,-124.156658
2021-07-18T04:21:13.000,2.67,22.63,8.13,44.68728,-124.156658
2021-07-18T04:36:13.000,2.66,22.57,8.13,44.68728,-124.156658
2021-07-18T04:51:13.000,2.73,23.11,8.11,44.68728,-124.156658
2021-07-18T05:06:13.000,2.76,23.38,8.11,44.68728,-124.156658
2021-07-18T05:21:13.000,2.76,23.35,8.1,44.68728,-124.156658
2021-07-18T05:36:13.000,2.75,23.24,8.1,44.68728,-124.156658
2021-07-18T05:51:13.000,2.73,23.12,8.09,44.68728,-124.156658
2021-07-18T06:06:13.000,2.7,22.88,8.09,44.68728,-124.156658
2021-07-18T06:21:13.000,2.7,22.88,8.09,44.68728,-124.156658
2021-07-18T06:36:13.000,2.7,22.88,8.09,44.68728,-124.156658
2021-07-18T06:51:13.000,2.7,22.89,8.09,44.68728,-124.156658
2021-07-18T07:06:13.000,2.7,22.82,8.08,44.68728,-124.156658
2021-07-18T07:21:13.000,2.7,22.84,8.08,44.68728,-124.156658
2021-07-18T07:36:13.000,2.7,22.83,8.08,44.68728,-124.156658
2021-07-18T07:51:13.000,2.7,22.83,8.07,44.68728,-124.156658
2021-07-18T08:06:13.000,2.71,22.88,8.07,44.68728,-124.156658
2021-07-18T08:21:13.000,2.71,22.91,8.07,44.68728,-124.156658
2021-07-18T08:36:13.000,2.69,22.77,8.07,44.68728,-124.156658
2021-07-18T08:51:13.000,2.7,22.84,8.07,44.68728,-124.156658
2021-07-18T09:06:13.000,2.68,22.65,8.07,44.68728,-124.156658
2021-07-18T09:21:13.000,2.71,22.89,8.07,44.68728,-124.156658
2021-07-18T09:36:13.000,2.69,22.78,8.07,44.68728,-124.156658
2021-07-18T09:51:13.000,2.67,22.62,8.07,44.68728,-124.156658
2021-07-18T10:06:13.000,2.64,22.3,8.07,44.68728,-124.156658
2021-07-18T10:21:13.000,2.66,22.49,8.07,44.68728,-124.156658
2021-07-18T10:36:13.000,2.67,22.56,8.07,44.68728,-124.156658
2021-07-18T10:51:13.000,2.66,22.54,8.06,44.68728,-124.156658
2021-07-18T11:06:13.000,2.65,22.43,8.07,44.68728,-124.156658
2021-07-18T11:21:13.000,2.67,22.57,8.06,44.68728,-124.156658
2021-07-18T11:36:13.000,2.65,22.44,8.07,44.68728,-124.156658
2021-07-18T11:51:13.000,2.67,22.54,8.07,44.68728,-124.156658
2021-07-18T12:06:13.000,2.65,22.39,8.07,44.68728,-124.156658
2021-07-18T12:21:13.000,2.65,22.38,8.07,44.68728,-124.156658
2021-07-18T12:36:13.000,2.67,22.58,8.07,44.68728,-124.156658
2021-07-18T12:51:13.000,2.65,22.4,8.07,44.68728,-124.156658
2021-07-18T13:06:13.000,2.65,22.43,8.07,44.68728,-124.156658
2021-07-18T13:21:13.000,2.66,22.52,8.07,44.68728,-124.156658
2021-07-18T13:36:13.000,2.64,22.34,8.07,44.68728,-124.156658
2021-07-18T13:51:13.000,2.64,22.34,8.07,44.68728,-124.156658
2021-07-18T14:06:13.000,2.63,22.25,8.07,44.68728,-124.156658
2021-07-18T14:21:13.000,2.67,22.57,8.08,44.68728,-124.156658
2021-07-18T14:36:13.000,2.64,22.35,8.08,44.68728,-124.156658
2021-07-18T14:51:13.000,2.66,22.53,8.09,44.68728,-124.156658
2021-07-18T15:06:13.000,2.66,22.54,8.09,44.68728,-124.156658
2021-07-18T15:21:13.000,2.68,22.69,8.09,44.68728,-124.156658
2021-07-18T15:36:13.000,2.7,22.83,8.11,44.68728,-124.156658
2021-07-18T15:51:13.000,2.69,22.8,8.11,44.68728,-124.156658
2021-07-18T16:06:13.000,2.7,22.83,8.13,44.68728,-124.156658
2021-07-18T16:21:13.000,2.73,23.11,8.14,44.68728,-124.156658
2021-07-18T16:36:13.000,2.74,23.25,8.14,44.68728,-124.156658
2021-07-18T16:51:13.000,2.75,23.32,8.15,44.68728,-124.156658
2021-07-18T17:06:13.000,2.76,23.36,8.16,44.68728,-124.156658
2021-07-18T17:21:13.000,2.77,23.49,8.16,44.68728,-124.156658
2021-07-18T17:36:13.000,2.79,23.61,8.16,44.68728,-124.156658
2021-07-18T17:51:13.000,2.81,23.81,8.16,44.68728,-124.156658
2021-07-18T18:06:13.000,2.8,23.72,8.16,44.68728,-124.156658
2021-07-18T18:21:13.000,2.81,23.82,8.16,44.68728,-124.156658
2021-07-18T18:36:13.000,2.81,23.8,8.16,44.68728,-124.156658
2021-07-18T18:51:13.000,2.79,23.63,8.16,44.68728,-124.156658
2021-07-18T19:06:13.000,2.8,23.69,8.15,44.68728,-124.156658
2021-07-18T19:21:13.000,2.76,23.35,8.14,44.68728,-124.156658
2021-07-18T19:36:13.000,2.74,23.24,8.14,44.68728,-124.156658
2021-07-18T19:51:13.000,2.73,23.14,8.13,44.68728,-124.156658
2021-07-18T20:06:13.000,2.7,22.88,8.12,44.68728,-124.156658
2021-07-18T20:21:13.000,2.7,22.9,8.11,44.68728,-124.156658
2021-07-18T20:36:13.000,2.68,22.67,8.11,44.68728,-124.156658
2021-07-18T20:51:13.000,2.69,22.75,8.1,44.68728,-124.156658
2021-07-18T21:06:13.000,2.67,22.63,8.09,44.68728,-124.156658
2021-07-18T21:21:13.000,2.67,22.58,8.09,44.68728,-124.156658
2021-07-18T21:36:13.000,2.7,22.82,8.09,44.68728,-124.156658
2021-07-18T21:51:13.000,2.66,22.48,8.09,44.68728,-124.156658
2021-07-18T22:06:13.000,2.65,22.45,8.09,44.68728,-124.156658
2021-07-18T22:21:13.000,2.66,22.51,8.09,44.68728,-124.156658
2021-07-18T22:36:13.000,2.65,22.39,8.09,44.68728,-124.156658
2021-07-18T22:51:13.000,2.66,22.51,8.09,44.68728,-124.156658
2021-07-18T23:06:13.000,2.66,22.5,8.09,44.68728,-124.156658
2021-07-18T23:21:13.000,2.65,22.4,8.09,44.68728,-124.156658
2021-07-18T23:36:13.000,2.64,22.38,8.09,44.68728,-124.156658
2021-07-18T23:51:13.000,2.64,22.3,8.09,44.68728,-124.156658
2021-07-19T00:06:13.000,2.64,22.34,8.09,44.68728,-124.156658
2021-07-19T00:21:13.000,2.64,22.34,8.09,44.68728,-124.156658
2021-07-19T00:36:13.000,2.62,22.17,8.09,44.68728,-124.156658
2021-07-19T00:51:13.000,2.63,22.22,8.08,44.68728,-124.156658
2021-07-19T01:06:13.000,2.63,22.23,8.08,44.68728,-124.156658
2021-07-19T01:21:13.000,2.62,22.18,8.08,44.68728,-124.156658
2021-07-19T01:36:13.000,2.62,22.18,8.08,44.68728,-124.156658
2021-07-19T01:51:13.000,2.61,22.1,8.07,44.68728,-124.156658
2021-07-19T02:06:13.000,2.62,22.2,8.07,44.68728,-124.156658
2021-07-19T02:21:13.000,2.62,22.14,8.07,44.68728,-124.156658
2021-07-19T02:36:13.000,2.6,22.02,8.07,44.68728,-124.156658
2021-07-19T02:51:13.000,2.61,22.05,8.07,44.68728,-124.156658
2021-07-19T03:06:13.000,2.59,21.92,8.06,44.68728,-124.156658
2021-07-19T03:21:13.000,2.6,22.01,8.06,44.68728,-124.156658
2021-07-19T03:36:13.000,2.59,21.92,8.06,44.68728,-124.156658
2021-07-19T03:51:13.000,2.6,22,8.06,44.68728,-124.156658
2021-07-19T04:06:13.000,2.58,21.83,8.06,44.68728,-124.156658
2021-07-19T04:21:13.000,2.59,21.92,8.06,44.68728,-124.156658
2021-07-19T04:36:13.000,2.58,21.86,8.06,44.68728,-124.156658
2021-07-19T04:51:13.000,2.61,22.09,8.06,44.68728,-124.156658
2021-07-19T05:06:13.000,2.59,21.92,8.06,44.68728,-124.156658
2021-07-19T05:21:13.000,2.59,21.88,8.06,44.68728,-124.156658
2021-07-19T05:36:13.000,2.59,21.94,8.06,44.68728,-124.156658
2021-07-19T05:51:13.000,2.61,22.07,8.06,44.68728,-124.156658
2021-07-19T06:06:13.000,2.6,21.95,8.06,44.68728,-124.156658
2021-07-19T06:21:13.000,2.6,22.02,8.06,44.68728,-124.156658
2021-07-19T06:36:13.000,2.62,22.11,8.06,44.68728,-124.156658
2021-07-19T06:51:13.000,2.61,22.11,8.06,44.68728,-124.156658
2021-07-19T07:06:13.000,2.62,22.15,8.06,44.68728,-124.156658
2021-07-19T07:21:13.000,2.6,22,8.06,44.68728,-124.156658
2021-07-19T07:36:13.000,2.61,22.07,8.05,44.68728,-124.156658
2021-07-19T07:51:13.000,2.61,22.07,8.06,44.68728,-124.156658
2021-07-19T08:06:13.000,2.6,21.95,8.06,44.68728,-124.156658
2021-07-19T08:21:13.000,2.6,21.96,8.06,44.68728,-124.156658
2021-07-19T08:36:13.000,2.59,21.86,8.06,44.68728,-124.156658
2021-07-19T08:51:13.000,2.58,21.85,8.06,44.68728,-124.156658
2021-07-19T09:06:13.000,2.57,21.69,8.06,44.68728,-124.156658
2021-07-19T09:21:13.000,2.53,21.43,8.06,44.68728,-124.156658
2021-07-19T09:36:13.000,2.58,21.79,8.06,44.68728,-124.156658
2021-07-19T09:51:13.000,2.59,21.88,8.06,44.68728,-124.156658
2021-07-19T10:06:13.000,2.53,21.4,8.06,44.68728,-124.156658
2021-07-19T10:21:13.000,2.58,21.8,8.06,44.68728,-124.156658
2021-07-19T10:36:13.000,2.54,21.5,8.06,44.68728,-124.156658
2021-07-19T10:51:13.000,2.54,21.52,8.06,44.68728,-124.156658
2021-07-19T11:06:13.000,2.56,21.62,8.06,44.68728,-124.156658
2021-07-19T11:21:13.000,2.48,21.01,8.06,44.68728,-124.156658
2021-07-19T11:36:13.000,2.53,21.41,8.06,44.68728,-124.156658
2021-07-19T11:51:13.000,2.51,21.22,8.06,44.68728,-124.156658
2021-07-19T12:06:13.000,2.53,21.42,8.06,44.68728,-124.156658
2021-07-19T12:21:13.000,2.53,21.4,8.06,44.68728,-124.156658
2021-07-19T12:36:13.000,2.56,21.61,8.06,44.68728,-124.156658
2021-07-19T12:51:13.000,2.55,21.57,8.06,44.68728,-124.156658
2021-07-19T13:06:13.000,2.54,21.49,8.06,44.68728,-124.156658
2021-07-19T13:21:13.000,2.56,21.63,8.06,44.68728,-124.156658
2021-07-19T13:36:13.000,2.57,21.76,8.06,44.68728,-124.156658
2021-07-19T13:51:13.000,2.57,21.7,8.06,44.68728,-124.156658
2021-07-19T14:06:13.000,2.57,21.75,8.06,44.68728,-124.156658
2021-07-19T14:21:13.000,2.55,21.59,8.06,44.68728,-124.156658
2021-07-19T14:36:13.000,2.59,21.91,8.06,44.68728,-124.156658
2021-07-19T14:51:13.000,2.61,22.08,8.06,44.68728,-124.156658
2021-07-19T15:06:13.000,2.62,22.18,8.06,44.68728,-124.156658
2021-07-19T15:21:13.000,2.59,21.93,8.06,44.68728,-124.156658
2021-07-19T15:36:13.000,2.6,21.96,8.06,44.68728,-124.156658
2021-07-19T15:51:13.000,2.6,22.01,8.06,44.68728,-124.156658
2021-07-19T16:06:13.000,2.62,22.2,8.06,44.68728,-124.156658
2021-07-19T16:21:13.000,2.6,21.98,8.07,44.68728,-124.156658
2021-07-19T16:36:13.000,2.59,21.91,8.07,44.68728,-124.156658
2021-07-19T16:51:13.000,2.59,21.9,8.07,44.68728,-124.156658
2021-07-19T17:06:13.000,2.59,21.9,8.07,44.68728,-124.156658
2021-07-19T17:21:13.000,2.59,21.94,8.07,44.68728,-124.156658
2021-07-19T17:36:13.000,2.58,21.86,8.07,44.68728,-124.156658
2021-07-19T17:51:13.000,2.59,21.88,8.07,44.68728,-124.156658
2021-07-19T18:06:13.000,2.57,21.76,8.07,44.68728,-124.156658
2021-07-19T18:21:13.000,2.58,21.83,8.07,44.68728,-124.156658
2021-07-19T18:36:13.000,2.59,21.9,8.07,44.68728,-124.156658
2021-07-19T18:51:13.000,2.57,21.72,8.07,44.68728,-124.156658
2021-07-19T19:06:13.000,2.59,21.9,8.07,44.68728,-124.156658
2021-07-19T19:21:13.000,2.57,21.71,8.07,44.68728,-124.156658
2021-07-19T19:36:13.000,2.55,21.6,8.07,44.68728,-124.156658
2021-07-19T19:51:13.000,2.58,21.79,8.07,44.68728,-124.156658
2021-07-19T20:06:13.000,2.51,21.27,8.07,44.68728,-124.156658
2021-07-19T20:21:13.000,2.59,21.94,8.07,44.68728,-124.156658
2021-07-19T20:36:13.000,2.51,21.24,8.07,44.68728,-124.156658
2021-07-19T20:51:13.000,2.5,21.18,8.07,44.68728,-124.156658
2021-07-19T21:06:13.000,2.55,21.53,8.07,44.68728,-124.156658
2021-07-19T21:21:13.000,2.57,21.77,8.07,44.68728,-124.156658
2021-07-19T21:36:13.000,2.53,21.42,8.07,44.68728,-124.156658
2021-07-19T21:51:13.000,2.54,21.49,8.07,44.68728,-124.156658
2021-07-19T22:06:13.000,2.52,21.31,8.07,44.68728,-124.156658
2021-07-19T22:21:13.000,2.53,21.38,8.07,44.68728,-124.156658
2021-07-19T22:36:13.000,2.57,21.7,8.07,44.68728,-124.156658
2021-07-19T22:51:13.000,2.47,20.93,8.07,44.68728,-124.156658
2021-07-19T23:06:13.000,2.46,20.78,8.07,44.68728,-124.156658
2021-07-19T23:21:13.000,2.53,21.38,8.07,44.68728,-124.156658
2021-07-19T23:36:13.000,2.56,21.69,8.07,44.68728,-124.156658
2021-07-19T23:51:13.000,2.54,21.48,8.07,44.68728,-124.156658
2021-07-20T00:06:13.000,2.55,21.58,8.07,44.68728,-124.156658
2021-07-20T00:21:13.000,2.56,21.66,8.07,44.68728,-124.156658
2021-07-20T00:36:13.000,2.59,21.93,8.07,44.68728,-124.156658
2021-07-20T00:51:13.000,2.54,21.5,8.07,44.68728,-124.156658
2021-07-20T01:06:13.000,2.42,20.43,8.07,44.68728,-124.156658
2021-07-20T01:21:13.000,2.55,21.53,8.07,44.68728,-124.156658
2021-07-20T01:36:13.000,2.46,20.82,8.07,44.68728,-124.156658
2021-07-20T01:51:13.000,2.48,21.02,8.07,44.68728,-124.156658
2021-07-20T02:06:13.000,2.51,21.19,8.07,44.68728,-124.156658
2021-07-20T02:21:13.000,2.48,20.99,8.07,44.68728,-124.156658
2021-07-20T02:36:13.000,2.48,21.01,8.06,44.68728,-124.156658
2021-07-20T02:51:13.000,2.5,21.18,8.06,44.68728,-124.156658
2021-07-20T03:06:13.000,2.52,21.32,8.06,44.68728,-124.156658
2021-07-20T03:21:13.000,2.44,20.67,8.06,44.68728,-124.156658
2021-07-20T03:36:13.000,2.51,21.26,8.06,44.68728,-124.156658
2021-07-20T03:51:13.000,2.57,21.76,8.06,44.68728,-124.156658
2021-07-20T04:06:13.000,2.53,21.43,8.06,44.68728,-124.156658
2021-07-20T04:21:13.000,2.54,21.5,8.06,44.68728,-124.156658
2021-07-20T04:36:13.000,2.55,21.6,8.06,44.68728,-124.156658
2021-07-20T04:51:13.000,2.53,21.36,8.06,44.68728,-124.156658
2021-07-20T05:06:13.000,2.59,21.88,8.06,44.68728,-124.156658
2021-07-20T05:21:13.000,2.58,21.78,8.06,44.68728,-124.156658
2021-07-20T05:36:13.000,2.57,21.76,8.06,44.68728,-124.156658
2021-07-20T05:51:13.000,2.58,21.83,8.06,44.68728,-124.156658
2021-07-20T06:06:13.000,2.57,21.75,8.06,44.68728,-124.156658
2021-07-20T06:21:13.000,2.57,21.74,8.06,44.68728,-124.156658
2021-07-20T06:36:13.000,2.57,21.77,8.06,44.68728,-124.156658
2021-07-20T06:51:13.000,2.58,21.82,8.06,44.68728,-124.156658
2021-07-20T07:06:13.000,2.57,21.73,8.06,44.68728,-124.156658
2021-07-20T07:21:13.000,2.57,21.75,8.06,44.68728,-124.156658
2021-07-20T07:36:13.000,2.58,21.81,8.06,44.68728,-124.156658
2021-07-20T07:51:13.000,2.58,21.85,8.06,44.68728,-124.156658
2021-07-20T08:06:13.000,2.59,21.9,8.06,44.68728,-124.156658
2021-07-20T08:21:13.000,2.58,21.82,8.06,44.68728,-124.156658
2021-07-20T08:36:13.000,2.58,21.83,8.06,44.68728,-124.156658
2021-07-20T08:51:13.000,2.57,21.73,8.06,44.68728,-124.156658
2021-07-20T09:06:13.000,2.57,21.72,8.06,44.68728,-124.156658
2021-07-20T09:21:13.000,2.55,21.58,8.05,44.68728,-124.156658
2021-07-20T09:36:13.000,2.56,21.63,8.05,44.68728,-124.156658
2021-07-20T09:51:13.000,2.5,21.15,8.05,44.68728,-124.156658
2021-07-20T10:06:13.000,2.55,21.55,8.05,44.68728,-124.156658
2021-07-20T10:21:13.000,2.55,21.54,8.04,44.68728,-124.156658
2021-07-20T10:36:13.000,2.55,21.59,8.04,44.68728,-124.156658
2021-07-20T10:51:13.000,2.55,21.56,8.04,44.68728,-124.156658
2021-07-20T11:06:13.000,2.55,21.57,8.04,44.68728,-124.156658
2021-07-20T11:21:13.000,2.54,21.44,8.04,44.68728,-124.156658
2021-07-20T11:36:13.000,2.55,21.51,8.04,44.68728,-124.156658
2021-07-20T11:51:13.000,2.54,21.46,8.04,44.68728,-124.156658
2021-07-20T12:06:13.000,2.53,21.37,8.04,44.68728,-124.156658
2021-07-20T12:21:13.000,2.5,21.11,8.04,44.68728,-124.156658
2021-07-20T12:36:13.000,2.45,20.74,8.04,44.68728,-124.156658
2021-07-20T12:51:13.000,2.44,20.65,8.04,44.68728,-124.156658
2021-07-20T13:06:13.000,2.46,20.82,8.04,44.68728,-124.156658
2021-07-20T13:21:13.000,2.47,20.84,8.04,44.68728,-124.156658
2021-07-20T13:36:13.000,2.49,21.01,8.04,44.68728,-124.156658
2021-07-20T13:51:13.000,2.47,20.87,8.04,44.68728,-124.156658
2021-07-20T14:06:13.000,2.47,20.88,8.04,44.68728,-124.156658
2021-07-20T14:21:13.000,2.5,21.1,8.04,44.68728,-124.156658
2021-07-20T14:36:13.000,2.5,21.12,8.04,44.68728,-124.156658
2021-07-20T14:51:13.000,2.5,21.09,8.04,44.68728,-124.156658
2021-07-20T15:06:13.000,2.5,21.09,8.04,44.68728,-124.156658
2021-07-20T15:21:13.000,2.5,21.14,8.04,44.68728,-124.156658
2021-07-20T15:36:13.000,2.49,21.05,8.04,44.68728,-124.156658
2021-07-20T15:51:13.000,2.47,20.87,8.04,44.68728,-124.156658
2021-07-20T16:06:13.000,2.49,21.07,8.05,44.68728,-124.156658
2021-07-20T16:21:13.000,2.49,21.04,8.05,44.68728,-124.156658
2021-07-20T16:36:13.000,2.49,21.01,8.05,44.68728,-124.156658
2021-07-20T16:51:13.000,2.48,20.95,8.05,44.68728,-124.156658
2021-07-20T17:06:13.000,2.48,20.97,8.05,44.68728,-124.156658
2021-07-20T17:21:13.000,2.47,20.87,8.06,44.68728,-124.156658
2021-07-20T17:36:13.000,2.49,21.08,8.06,44.68728,-124.156658
2021-07-20T17:51:13.000,2.49,21.06,8.06,44.68728,-124.156658
2021-07-20T18:06:13.000,2.49,21.06,8.06,44.68728,-124.156658
2021-07-20T18:21:13.000,2.51,21.19,8.06,44.68728,-124.156658
2021-07-20T18:36:13.000,2.51,21.22,8.06,44.68728,-124.156658
2021-07-20T18:51:13.000,2.49,21.07,8.06,44.68728,-124.156658
2021-07-20T19:06:13.000,2.48,20.97,8.06,44.68728,-124.156658
2021-07-20T19:21:13.000,2.5,21.13,8.07,44.68728,-124.156658
2021-07-20T19:36:13.000,2.45,20.74,8.07,44.68728,-124.156658
2021-07-20T19:51:13.000,2.47,20.88,8.07,44.68728,-124.156658
2021-07-20T20:06:13.000,2.5,21.18,8.07,44.68728,-124.156658
2021-07-20T20:21:13.000,2.54,21.51,8.07,44.68728,-124.156658
2021-07-20T20:36:13.000,2.55,21.52,8.07,44.68728,-124.156658
2021-07-20T20:51:13.000,2.52,21.29,8.07,44.68728,-124.156658
2021-07-20T21:06:13.000,2.49,21.06,8.07,44.68728,-124.156658
2021-07-20T21:21:13.000,2.53,21.37,8.07,44.68728,-124.156658
2021-07-20T21:36:13.000,2.49,21.03,8.07,44.68728,-124.156658
2021-07-20T21:51:13.000,2.47,20.86,8.07,44.68728,-124.156658
2021-07-20T22:06:13.000,2.46,20.77,8.07,44.68728,-124.156658
2021-07-20T22:21:13.000,2.41,20.36,8.08,44.68728,-124.156658
2021-07-20T22:36:13.000,2.4,20.3,8.07,44.68728,-124.156658
2021-07-20T22:51:13.000,2.46,20.85,8.08,44.68728,-124.156658
2021-07-20T23:06:13.000,2.35,19.85,8.07,44.68728,-124.156658
2021-07-20T23:21:13.000,2.5,21.15,8.07,44.68728,-124.156658
2021-07-20T23:36:13.000,2.5,21.14,8.07,44.68728,-124.156658
2021-07-20T23:51:13.000,2.5,21.11,8.07,44.68728,-124.156658
2021-07-21T00:06:13.000,2.48,21,8.07,44.68728,-124.156658
2021-07-21T00:21:13.000,2.5,21.12,8.07,44.68728,-124.156658
2021-07-21T00:36:13.000,2.52,21.28,8.07,44.68728,-124.156658
2021-07-21T00:51:13.000,2.47,20.9,8.07,44.68728,-124.156658
2021-07-21T01:06:13.000,2.51,21.21,8.07,44.68728,-124.156658
2021-07-21T01:21:13.000,2.49,21.09,8.07,44.68728,-124.156658
2021-07-21T01:36:13.000,2.48,20.95,8.07,44.68728,-124.156658
2021-07-21T01:51:13.000,2.52,21.27,8.07,44.68728,-124.156658
2021-07-21T02:06:13.000,2.46,20.84,8.07,44.68728,-124.156658
2021-07-21T02:21:13.000,2.5,21.14,8.07,44.68728,-124.156658
2021-07-21T02:36:13.000,2.5,21.13,8.07,44.68728,-124.156658
2021-07-21T02:51:13.000,2.52,21.35,8.07,44.68728,-124.156658
2021-07-21T03:06:13.000,2.51,21.22,8.06,44.68728,-124.156658
2021-07-21T03:21:13.000,2.49,21.09,8.06,44.68728,-124.156658
2021-07-21T03:36:13.000,2.52,21.3,8.06,44.68728,-124.156658
2021-07-21T03:51:13.000,2.52,21.27,8.06,44.68728,-124.156658
2021-07-21T04:06:13.000,2.51,21.2,8.06,44.68728,-124.156658
2021-07-21T04:21:13.000,2.5,21.13,8.06,44.68728,-124.156658
2021-07-21T04:36:13.000,2.49,21.09,8.06,44.68728,-124.156658
2021-07-21T04:51:13.000,2.48,20.98,8.06,44.68728,-124.156658
2021-07-21T05:06:13.000,2.5,21.11,8.05,44.68728,-124.156658
2021-07-21T05:21:13.000,2.51,21.21,8.05,44.68728,-124.156658
2021-07-21T05:36:13.000,2.52,21.28,8.04,44.68728,-124.156658
2021-07-21T05:51:13.000,2.51,21.22,8.04,44.68728,-124.156658
2021-07-21T06:06:13.000,2.52,21.28,8.04,44.68728,-124.156658
2021-07-21T06:21:13.000,2.52,21.27,8.04,44.68728,-124.156658
2021-07-21T06:36:13.000,2.52,21.26,8.04,44.68728,-124.156658
2021-07-21T06:51:13.000,2.52,21.32,8.04,44.68728,-124.156658
2021-07-21T07:06:13.000,2.53,21.4,8.04,44.68728,-124.156658
2021-07-21T07:21:13.000,2.52,21.34,8.04,44.68728,-124.156658
2021-07-21T07:36:13.000,2.53,21.36,8.04,44.68728,-124.156658
2021-07-21T07:51:13.000,2.53,21.39,8.04,44.68728,-124.156658
2021-07-21T08:06:13.000,2.51,21.23,8.04,44.68728,-124.156658
2021-07-21T08:21:13.000,2.53,21.37,8.04,44.68728,-124.156658
2021-07-21T08:36:13.000,2.52,21.34,8.04,44.68728,-124.156658
2021-07-21T08:51:13.000,2.52,21.34,8.04,44.68728,-124.156658
2021-07-21T09:06:13.000,2.52,21.34,8.04,44.68728,-124.156658
2021-07-21T09:21:13.000,2.53,21.38,8.04,44.68728,-124.156658
2021-07-21T09:36:13.000,2.54,21.47,8.04,44.68728,-124.156658
2021-07-21T09:51:13.000,2.54,21.5,8.04,44.68728,-124.156658
2021-07-21T10:06:13.000,2.42,20.46,8.04,44.68728,-124.156658
2021-07-21T10:21:13.000,2.54,21.51,8.04,44.68728,-124.156658
2021-07-21T10:36:13.000,2.55,21.57,8.05,44.68728,-124.156658
2021-07-21T10:51:13.000,2.55,21.51,8.05,44.68728,-124.156658
2021-07-21T11:06:13.000,2.55,21.56,8.05,44.68728,-124.156658
2021-07-21T11:21:13.000,2.55,21.55,8.05,44.68728,-124.156658
2021-07-21T11:36:13.000,2.55,21.52,8.05,44.68728,-124.156658
2021-07-21T11:51:13.000,2.54,21.5,8.05,44.68728,-124.156658
2021-07-21T12:06:13.000,2.54,21.47,8.05,44.68728,-124.156658
2021-07-21T12:21:13.000,2.53,21.42,8.05,44.68728,-124.156658
2021-07-21T12:36:13.000,2.53,21.42,8.05,44.68728,-124.156658
2021-07-21T12:51:13.000,2.54,21.45,8.05,44.68728,-124.156658
2021-07-21T13:06:13.000,2.51,21.24,8.05,44.68728,-124.156658
2021-07-21T13:21:13.000,2.5,21.17,8.05,44.68728,-124.156658
2021-07-21T13:36:13.000,2.5,21.15,8.05,44.68728,-124.156658
2021-07-21T13:51:13.000,2.48,20.94,8.06,44.68728,-124.156658
2021-07-21T14:06:13.000,2.46,20.81,8.06,44.68728,-124.156658
2021-07-21T14:21:13.000,2.49,21.04,8.06,44.68728,-124.156658
2021-07-21T14:36:13.000,2.48,20.94,8.06,44.68728,-124.156658
2021-07-21T14:51:13.000,2.48,20.96,8.06,44.68728,-124.156658
2021-07-21T15:06:13.000,2.48,20.96,8.06,44.68728,-124.156658
2021-07-21T15:21:13.000,2.49,21.04,8.06,44.68728,-124.156658
2021-07-21T15:36:13.000,2.5,21.13,8.07,44.68728,-124.156658
2021-07-21T15:51:13.000,2.51,21.2,8.06,44.68728,-124.156658
2021-07-21T16:06:13.000,2.49,21.02,8.07,44.68728,-124.156658
2021-07-21T16:21:13.000,2.49,21.08,8.07,44.68728,-124.156658
2021-07-21T16:36:13.000,2.48,20.95,8.07,44.68728,-124.156658
2021-07-21T16:51:13.000,2.5,21.13,8.07,44.68728,-124.156658
2021-07-21T17:06:13.000,2.5,21.13,8.07,44.68728,-124.156658
2021-07-21T17:21:13.000,2.49,21.07,8.07,44.68728,-124.156658
2021-07-21T17:36:13.000,2.5,21.13,8.07,44.68728,-124.156658
2021-07-21T17:51:13.000,2.5,21.14,8.07,44.68728,-124.156658
2021-07-21T18:06:13.000,2.5,21.11,8.07,44.68728,-124.156658
2021-07-21T18:21:13.000,2.48,20.98,8.07,44.68728,-124.156658
2021-07-21T18:36:13.000,2.49,21.05,8.07,44.68728,-124.156658
2021-07-21T18:51:13.000,2.48,21,8.07,44.68728,-124.156658
2021-07-21T19:06:13.000,2.47,20.88,8.06,44.68728,-124.156658
2021-07-21T19:21:13.000,2.49,21.03,8.06,44.68728,-124.156658
2021-07-21T19:36:13.000,2.49,21.08,8.06,44.68728,-124.156658
2021-07-21T19:51:13.000,2.48,20.96,8.06,44.68728,-124.156658
2021-07-21T20:06:13.000,2.45,20.73,8.06,44.68728,-124.156658
2021-07-21T20:21:13.000,2.47,20.9,8.06,44.68728,-124.156658
2021-07-21T20:36:13.000,2.47,20.89,8.05,44.68728,-124.156658
2021-07-21T20:51:13.000,2.47,20.85,8.05,44.68728,-124.156658
2021-07-21T21:06:13.000,2.48,20.96,8.05,44.68728,-124.156658
2021-07-21T21:21:13.000,2.49,21.03,8.05,44.68728,-124.156658
2021-07-21T21:36:13.000,2.47,20.92,8.05,44.68728,-124.156658
2021-07-21T21:51:13.000,2.48,20.99,8.05,44.68728,-124.156658
2021-07-21T22:06:13.000,2.49,21.02,8.05,44.68728,-124.156658
2021-07-21T22:21:13.000,2.48,20.97,8.05,44.68728,-124.156658
2021-07-21T22:36:13.000,2.46,20.77,8.05,44.68728,-124.156658
2021-07-21T22:51:13.000,2.49,21.06,8.05,44.68728,-124.156658
2021-07-21T23:06:13.000,2.5,21.14,8.05,44.68728,-124.156658
2021-07-21T23:21:13.000,2.52,21.33,8.05,44.68728,-124.156658
2021-07-21T23:36:13.000,2.5,21.15,8.06,44.68728,-124.156658
2021-07-21T23:51:13.000,2.52,21.33,8.05,44.68728,-124.156658
2021-07-22T00:06:13.000,2.51,21.26,8.06,44.68728,-124.156658
2021-07-22T00:21:13.000,2.51,21.25,8.05,44.68728,-124.156658
2021-07-22T00:36:13.000,2.52,21.28,8.06,44.68728,-124.156658
2021-07-22T00:51:13.000,2.51,21.22,8.06,44.68728,-124.156658
2021-07-22T01:06:13.000,2.52,21.3,8.06,44.68728,-124.156658
2021-07-22T01:21:13.000,2.53,21.39,8.06,44.68728,-124.156658
2021-07-22T01:36:13.000,2.53,21.43,8.06,44.68728,-124.156658
2021-07-22T01:51:13.000,2.51,21.23,8.06,44.68728,-124.156658
2021-07-22T02:06:13.000,2.54,21.47,8.06,44.68728,-124.156658
2021-07-22T02:21:13.000,2.55,21.58,8.07,44.68728,-124.156658
2021-07-22T02:36:13.000,2.55,21.59,8.07,44.68728,-124.156658
2021-07-22T02:51:13.000,2.55,21.55,8.07,44.68728,-124.156658
2021-07-22T03:06:13.000,2.57,21.76,8.07,44.68728,-124.156658
2021-07-22T03:21:13.000,2.58,21.8,8.07,44.68728,-124.156658
2021-07-22T03:36:13.000,2.58,21.85,8.07,44.68728,-124.156658
2021-07-22T03:51:13.000,2.59,21.89,8.08,44.68728,-124.156658
2021-07-22T04:06:13.000,2.6,21.96,8.08,44.68728,-124.156658
2021-07-22T04:21:13.000,2.59,21.91,8.08,44.68728,-124.156658
2021-07-22T04:36:13.000,2.59,21.91,8.09,44.68728,-124.156658
2021-07-22T04:51:13.000,2.59,21.92,8.09,44.68728,-124.156658
2021-07-22T05:06:13.000,2.6,21.96,8.09,44.68728,-124.156658
2021-07-22T05:21:13.000,2.59,21.92,8.09,44.68728,-124.156658
2021-07-22T05:36:13.000,2.59,21.91,8.09,44.68728,-124.156658
2021-07-22T05:51:13.000,2.61,22.08,8.09,44.68728,-124.156658
2021-07-22T06:06:13.000,2.6,21.98,8.09,44.68728,-124.156658
2021-07-22T06:21:13.000,2.59,21.89,8.09,44.68728,-124.156658
2021-07-22T06:36:13.000,2.6,21.96,8.09,44.68728,-124.156658
2021-07-22T06:51:13.000,2.59,21.95,8.09,44.68728,-124.156658
2021-07-22T07:06:13.000,2.6,21.98,8.09,44.68728,-124.156658
2021-07-22T07:21:13.000,2.61,22.06,8.09,44.68728,-124.156658
2021-07-22T07:36:13.000,2.61,22.06,8.09,44.68728,-124.156658
2021-07-22T07:51:13.000,2.61,22.05,8.09,44.68728,-124.156658
2021-07-22T08:06:13.000,2.6,22.04,8.09,44.68728,-124.156658
2021-07-22T08:21:13.000,2.59,21.95,8.09,44.68728,-124.156658
2021-07-22T08:36:13.000,2.6,21.97,8.09,44.68728,-124.156658
2021-07-22T08:51:13.000,2.6,21.99,8.09,44.68728,-124.156658
2021-07-22T09:06:13.000,2.61,22.13,8.09,44.68728,-124.156658
2021-07-22T09:21:13.000,2.63,22.22,8.09,44.68728,-124.156658
2021-07-22T09:36:13.000,2.63,22.26,8.09,44.68728,-124.156658
2021-07-22T09:51:13.000,2.65,22.42,8.1,44.68728,-124.156658
2021-07-22T10:06:13.000,2.65,22.44,8.11,44.68728,-124.156658
2021-07-22T10:21:13.000,2.62,22.21,8.09,44.68728,-124.156658
2021-07-22T10:36:13.000,2.61,22.06,8.09,44.68728,-124.156658
2021-07-22T10:51:13.000,2.6,22.01,8.09,44.68728,-124.156658
2021-07-22T11:06:13.000,2.59,21.91,8.09,44.68728,-124.156658
2021-07-22T11:21:13.000,2.58,21.84,8.09,44.68728,-124.156658
2021-07-22T11:36:13.000,2.58,21.81,8.09,44.68728,-124.156658
2021-07-22T11:51:13.000,2.59,21.88,8.09,44.68728,-124.156658
2021-07-22T12:06:13.000,2.59,21.89,8.09,44.68728,-124.156658
2021-07-22T12:21:13.000,2.59,21.91,8.09,44.68728,-124.156658
2021-07-22T12:36:13.000,2.6,21.97,8.09,44.68728,-124.156658
2021-07-22T12:51:13.000,2.61,22.1,8.09,44.68728,-124.156658
2021-07-22T13:06:13.000,2.62,22.16,8.09,44.68728,-124.156658
2021-07-22T13:21:13.000,2.62,22.14,8.09,44.68728,-124.156658
2021-07-22T13:36:13.000,2.62,22.16,8.1,44.68728,-124.156658
2021-07-22T13:51:13.000,2.62,22.2,8.1,44.68728,-124.156658
2021-07-22T14:06:13.000,2.62,22.15,8.1,44.68728,-124.156658
2021-07-22T14:21:13.000,2.62,22.14,8.1,44.68728,-124.156658
2021-07-22T14:36:13.000,2.61,22.13,8.1,44.68728,-124.156658
2021-07-22T14:51:13.000,2.6,22,8.1,44.68728,-124.156658
2021-07-22T15:06:13.000,2.6,22.02,8.1,44.68728,-124.156658
2021-07-22T15:21:13.000,2.58,21.85,8.1,44.68728,-124.156658
2021-07-22T15:36:13.000,2.58,21.86,8.1,44.68728,-124.156658
2021-07-22T15:51:13.000,2.56,21.65,8.09,44.68728,-124.156658
2021-07-22T16:06:13.000,2.57,21.71,8.09,44.68728,-124.156658
2021-07-22T16:21:13.000,2.56,21.62,8.09,44.68728,-124.156658
2021-07-22T16:36:13.000,2.55,21.54,8.09,44.68728,-124.156658
2021-07-22T16:51:13.000,2.54,21.49,8.09,44.68728,-124.156658
2021-07-22T17:06:13.000,2.55,21.56,8.09,44.68728,-124.156658
2021-07-22T17:21:13.000,2.6,22.03,8.1,44.68728,-124.156658
2021-07-22T17:36:13.000,2.59,21.96,8.09,44.68728,-124.156658
2021-07-22T17:51:13.000,2.58,21.87,8.09,44.68728,-124.156658
2021-07-22T18:06:13.000,2.59,21.9,8.09,44.68728,-124.156658
2021-07-22T18:21:13.000,2.59,21.92,8.09,44.68728,-124.156658
2021-07-22T18:36:13.000,2.58,21.86,8.09,44.68728,-124.156658
2021-07-22T18:51:13.000,2.58,21.84,8.09,44.68728,-124.156658
2021-07-22T19:06:13.000,2.58,21.83,8.09,44.68728,-124.156658
2021-07-22T19:21:13.000,2.61,22.07,8.09,44.68728,-124.156658
2021-07-22T19:36:13.000,2.61,22.12,8.09,44.68728,-124.156658
2021-07-22T19:51:13.000,2.63,22.28,8.09,44.68728,-124.156658
2021-07-22T20:06:13.000,2.63,22.29,8.09,44.68728,-124.156658
2021-07-22T20:21:13.000,2.63,22.28,8.09,44.68728,-124.156658
2021-07-22T20:36:13.000,2.61,22.12,8.09,44.68728,-124.156658
2021-07-22T20:51:13.000,2.62,22.21,8.09,44.68728,-124.156658
2021-07-22T21:06:13.000,2.63,22.24,8.09,44.68728,-124.156658
2021-07-22T21:21:13.000,2.63,22.21,8.09,44.68728,-124.156658
2021-07-22T21:36:13.000,2.62,22.16,8.09,44.68728,-124.156658
2021-07-22T21:51:13.000,2.62,22.18,8.09,44.68728,-124.156658
2021-07-22T22:06:13.000,2.61,22.13,8.09,44.68728,-124.156658
2021-07-22T22:21:13.000,2.62,22.18,8.09,44.68728,-124.156658
2021-07-22T22:36:13.000,2.6,22,8.1,44.68728,-124.156658
2021-07-22T22:51:13.000,2.6,21.96,8.1,44.68728,-124.156658
2021-07-22T23:06:13.000,2.58,21.86,8.1,44.68728,-124.156658
2021-07-22T23:21:13.000,2.6,22,8.1,44.68728,-124.156658
2021-07-22T23:36:13.000,2.56,21.68,8.1,44.68728,-124.156658
2021-07-22T23:51:13.000,2.58,21.8,8.1,44.68728,-124.156658
2021-07-23T00:06:13.000,2.61,22.09,8.1,44.68728,-124.156658
2021-07-23T00:21:13.000,2.58,21.81,8.1,44.68728,-124.156658
2021-07-23T00:36:13.000,2.62,22.15,8.1,44.68728,-124.156658
2021-07-23T00:51:13.000,2.6,22.04,8.1,44.68728,-124.156658
2021-07-23T01:06:13.000,2.58,21.81,8.1,44.68728,-124.156658
2021-07-23T01:21:13.000,2.6,22,8.1,44.68728,-124.156658
2021-07-23T01:36:13.000,2.61,22.11,8.1,44.68728,-124.156658
2021-07-23T01:51:13.000,2.65,22.39,8.1,44.68728,-124.156658
2021-07-23T02:06:13.000,2.62,22.18,8.1,44.68728,-124.156658
2021-07-23T02:21:13.000,2.62,22.15,8.11,44.68728,-124.156658
2021-07-23T02:36:13.000,2.63,22.27,8.11,44.68728,-124.156658
2021-07-23T02:51:13.000,2.63,22.26,8.11,44.68728,-124.156658
2021-07-23T03:06:13.000,2.62,22.17,8.11,44.68728,-124.156658
2021-07-23T03:21:13.000,2.63,22.24,8.11,44.68728,-124.156658
2021-07-23T03:36:13.000,2.63,22.29,8.11,44.68728,-124.156658
2021-07-23T03:51:13.000,2.6,22.01,8.11,44.68728,-124.156658
2021-07-23T04:06:13.000,2.61,22.08,8.11,44.68728,-124.156658
2021-07-23T04:21:13.000,2.59,21.95,8.11,44.68728,-124.156658
2021-07-23T04:36:13.000,2.6,22.04,8.11,44.68728,-124.156658
2021-07-23T04:51:13.000,2.6,22.04,8.11,44.68728,-124.156658
2021-07-23T05:06:13.000,2.61,22.08,8.11,44.68728,-124.156658
2021-07-23T05:21:13.000,2.63,22.3,8.12,44.68728,-124.156658
2021-07-23T05:36:13.000,2.7,22.89,8.14,44.68728,-124.156658
2021-07-23T05:51:13.000,2.86,24.22,8.18,44.68728,-124.156658
2021-07-23T06:06:13.000,3.04,25.78,8.21,44.68728,-124.156658
2021-07-23T06:21:13.000,3.17,26.9,8.24,44.68728,-124.156658
2021-07-23T06:36:13.000,3.26,27.67,8.26,44.68728,-124.156658
2021-07-23T06:51:13.000,3.43,29.19,8.3,44.68728,-124.156658
2021-07-23T07:06:13.000,3.46,29.44,8.31,44.68728,-124.156658
2021-07-23T07:21:13.000,3.39,28.87,8.3,44.68728,-124.156658
2021-07-23T07:36:13.000,3.38,28.71,8.28,44.68728,-124.156658
2021-07-23T07:51:13.000,3.27,27.82,8.27,44.68728,-124.156658
2021-07-23T08:06:13.000,3.15,26.79,8.26,44.68728,-124.156658
2021-07-23T08:21:13.000,3.12,26.5,8.24,44.68728,-124.156658
2021-07-23T08:36:13.000,3.07,26.04,8.23,44.68728,-124.156658
2021-07-23T08:51:13.000,3.04,25.8,8.23,44.68728,-124.156658
2021-07-23T09:06:13.000,3.06,25.99,8.23,44.68728,-124.156658
2021-07-23T09:21:13.000,3.05,25.87,8.23,44.68728,-124.156658
2021-07-23T09:36:13.000,3.04,25.82,8.23,44.68728,-124.156658
2021-07-23T09:51:13.000,3.03,25.72,8.23,44.68728,-124.156658
2021-07-23T10:06:13.000,3.03,25.75,8.23,44.68728,-124.156658
2021-07-23T10:21:13.000,3.07,26.09,8.23,44.68728,-124.156658
2021-07-23T10:36:13.000,3.09,26.25,8.23,44.68728,-124.156658
2021-07-23T10:51:13.000,3.1,26.34,8.23,44.68728,-124.156658
2021-07-23T11:06:13.000,3.07,26.07,8.23,44.68728,-124.156658
2021-07-23T11:21:13.000,3.05,25.94,8.23,44.68728,-124.156658
2021-07-23T11:36:13.000,3.04,25.8,8.23,44.68728,-124.156658
2021-07-23T11:51:13.000,3.04,25.82,8.23,44.68728,-124.156658
2021-07-23T12:06:13.000,3.08,26.15,8.23,44.68728,-124.156658
2021-07-23T12:21:13.000,3.11,26.45,8.23,44.68728,-124.156658
2021-07-23T12:36:13.000,3.15,26.78,8.24,44.68728,-124.156658
2021-07-23T12:51:13.000,3.21,27.25,8.25,44.68728,-124.156658
2021-07-23T13:06:13.000,3.27,27.82,8.26,44.68728,-124.156658
2021-07-23T13:21:13.000,3.29,27.95,8.26,44.68728,-124.156658
2021-07-23T13:36:13.000,3.33,28.27,8.26,44.68728,-124.156658
2021-07-23T13:51:13.000,3.33,28.26,8.26,44.68728,-124.156658
2021-07-23T14:06:13.000,3.34,28.37,8.26,44.68728,-124.156658
2021-07-23T14:21:13.000,3.35,28.43,8.26,44.68728,-124.156658
2021-07-23T14:36:13.000,3.34,28.35,8.26,44.68728,-124.156658
2021-07-23T14:51:13.000,3.32,28.21,8.26,44.68728,-124.156658
2021-07-23T15:06:13.000,3.29,27.92,8.26,44.68728,-124.156658
2021-07-23T15:21:13.000,3.26,27.68,8.26,44.68728,-124.156658
2021-07-23T15:36:13.000,3.27,27.79,8.26,44.68728,-124.156658
2021-07-23T15:51:13.000,3.27,27.8,8.26,44.68728,-124.156658
2021-07-23T16:06:13.000,3.27,27.82,8.26,44.68728,-124.156658
2021-07-23T16:21:13.000,3.26,27.66,8.26,44.68728,-124.156658
2021-07-23T16:36:13.000,3.24,27.53,8.26,44.68728,-124.156658
2021-07-23T16:51:13.000,3.2,27.23,8.26,44.68728,-124.156658
2021-07-23T17:06:13.000,3.22,27.4,8.26,44.68728,-124.156658
2021-07-23T17:21:13.000,3.23,27.4,8.26,44.68728,-124.156658
