Time (UTC),DO (ml/L),Dissolved Oxygen (%),Temperature (C),Latitude,Longitude
2021-07-16T15:58:12.000,2.99,25.03,7.62,44.68728,-124.156658
2021-07-16T16:13:12.000,2.84,23.77,7.61,44.68728,-124.156658
2021-07-16T16:28:12.000,2.84,23.82,7.66,44.68728,-124.156658
2021-07-16T16:43:12.000,2.83,23.72,7.66,44.68728,-124.156658
2021-07-16T16:58:12.000,2.79,23.35,7.66,44.68728,-124.156658
2021-07-16T17:13:12.000,2.79,23.4,7.68,44.68728,-124.156658
2021-07-16T17:28:12.000,2.78,23.32,7.68,44.68728,-124.156658
2021-07-16T17:43:12.000,2.74,22.97,7.66,44.68728,-124.156658
2021-07-16T17:58:12.000,2.74,22.94,7.68,44.68728,-124.156658
2021-07-16T18:13:12.000,2.72,22.82,7.67,44.68728,-124.156658
2021-07-16T18:28:12.000,2.66,22.27,7.66,44.68728,-124.156658
2021-07-16T18:43:12.000,2.6,21.76,7.63,44.68728,-124.156658
2021-07-16T18:58:12.000,2.56,21.42,7.63,44.68728,-124.156658
2021-07-16T19:13:12.000,2.56,21.46,7.64,44.68728,-124.156658
2021-07-16T19:28:12.000,2.57,21.52,7.65,44.68728,-124.156658
2021-07-16T19:43:12.000,2.57,21.5,7.66,44.68728,-124.156658
2021-07-16T19:58:12.000,2.58,21.58,7.66,44.68728,-124.156658
2021-07-16T20:13:12.000,2.58,21.57,7.66,44.68728,-124.156658
2021-07-16T20:28:12.000,2.57,21.57,7.67,44.68728,-124.156658
2021-07-16T20:43:12.000,2.57,21.55,7.68,44.68728,-124.156658
2021-07-16T20:58:12.000,2.56,21.46,7.68,44.68728,-124.156658
2021-07-16T21:13:12.000,2.55,21.36,7.68,44.68728,-124.156658
2021-07-16T21:28:12.000,2.54,21.31,7.68,44.68728,-124.156658
2021-07-16T21:43:12.000,2.55,21.39,7.7,44.68728,-124.156658
2021-07-16T21:58:12.000,2.6,21.8,7.73,44.68728,-124.156658
2021-07-16T22:13:12.000,2.57,21.6,7.73,44.68728,-124.156658
2021-07-16T22:28:12.000,2.53,21.23,7.73,44.68728,-124.156658
2021-07-16T22:43:12.000,2.55,21.43,7.75,44.68728,-124.156658
2021-07-16T22:58:12.000,2.54,21.36,7.75,44.68728,-124.156658
2021-07-16T23:13:12.000,2.53,21.25,7.75,44.68728,-124.156658
2021-07-16T23:28:12.000,2.52,21.18,7.76,44.68728,-124.156658
2021-07-16T23:43:12.000,2.52,21.12,7.76,44.68728,-124.156658
2021-07-16T23:58:12.000,2.55,21.44,7.78,44.68728,-124.156658
2021-07-17T00:13:12.000,2.6,21.88,7.79,44.68728,-124.156658
2021-07-17T00:28:12.000,2.62,22.03,7.8,44.68728,-124.156658
2021-07-17T00:43:12.000,2.67,22.41,7.81,44.68728,-124.156658
2021-07-17T00:58:12.000,2.64,22.19,7.8,44.68728,-124.156658
2021-07-17T01:13:12.000,2.66,22.31,7.81,44.68728,-124.156658
2021-07-17T01:28:12.000,2.67,22.46,7.8,44.68728,-124.156658
2021-07-17T01:43:12.000,2.68,22.55,7.8,44.68728,-124.156658
2021-07-17T01:58:12.000,2.67,22.44,7.78,44.68728,-124.156658
2021-07-17T02:13:12.000,2.66,22.36,7.78,44.68728,-124.156658
2021-07-17T02:28:12.000,2.66,22.37,7.78,44.68728,-124.156658
2021-07-17T02:43:12.000,2.67,22.42,7.79,44.68728,-124.156658
2021-07-17T02:58:12.000,2.67,22.45,7.8,44.68728,-124.156658
2021-07-17T03:13:12.000,2.75,23.12,7.8,44.68728,-124.156658
2021-07-17T03:28:12.000,2.74,23.01,7.79,44.68728,-124.156658
2021-07-17T03:43:12.000,2.71,22.76,7.78,44.68728,-124.156658
2021-07-17T03:58:12.000,2.69,22.58,7.76,44.68728,-124.156658
2021-07-17T04:13:12.000,2.59,21.65,7.65,44.68728,-124.156658
2021-07-17T04:28:12.000,2.44,20.37,7.57,44.68728,-124.156658
2021-07-17T04:43:12.000,2.32,19.37,7.51,44.68728,-124.156658
2021-07-17T04:58:12.000,2.25,18.79,7.49,44.68728,-124.156658
2021-07-17T05:13:12.000,2.17,18.09,7.42,44.68728,-124.156658
2021-07-17T05:28:12.000,2.12,17.61,7.39,44.68728,-124.156658
2021-07-17T05:43:12.000,2.09,17.42,7.39,44.68728,-124.156658
2021-07-17T05:58:12.000,2.07,17.23,7.39,44.68728,-124.156658
2021-07-17T06:13:12.000,2.06,17.13,7.38,44.68728,-124.156658
2021-07-17T06:28:12.000,2.05,17.05,7.39,44.68728,-124.156658
2021-07-17T06:43:12.000,2.05,17.08,7.39,44.68728,-124.156658
2021-07-17T06:58:12.000,2.04,16.93,7.39,44.68728,-124.156658
2021-07-17T07:13:12.000,2.04,17.01,7.39,44.68728,-124.156658
2021-07-17T07:28:12.000,2.04,16.94,7.39,44.68728,-124.156658
2021-07-17T07:43:12.000,2.03,16.85,7.39,44.68728,-124.156658
2021-07-17T07:58:12.000,2.04,16.98,7.39,44.68728,-124.156658
2021-07-17T08:13:12.000,2.05,17.03,7.38,44.68728,-124.156658
2021-07-17T08:28:12.000,2.05,17.07,7.38,44.68728,-124.156658
2021-07-17T08:43:12.000,2.04,16.98,7.39,44.68728,-124.156658
2021-07-17T08:58:12.000,2.04,16.98,7.39,44.68728,-124.156658
2021-07-17T09:13:12.000,2.05,17.06,7.38,44.68728,-124.156658
2021-07-17T09:28:12.000,2.05,17.05,7.38,44.68728,-124.156658
2021-07-17T09:43:12.000,2.06,17.17,7.38,44.68728,-124.156658
2021-07-17T09:58:12.000,2.07,17.26,7.38,44.68728,-124.156658
2021-07-17T10:13:12.000,2.09,17.35,7.39,44.68728,-124.156658
2021-07-17T10:28:12.000,2.08,17.26,7.39,44.68728,-124.156658
2021-07-17T10:43:12.000,2.08,17.3,7.39,44.68728,-124.156658
2021-07-17T10:58:12.000,2.06,17.13,7.39,44.68728,-124.156658
2021-07-17T11:13:12.000,2.06,17.18,7.39,44.68728,-124.156658
2021-07-17T11:28:12.000,2.06,17.14,7.39,44.68728,-124.156658
2021-07-17T11:43:12.000,2.07,17.25,7.39,44.68728,-124.156658
2021-07-17T11:58:12.000,2.07,17.25,7.4,44.68728,-124.156658
2021-07-17T12:13:12.000,2.07,17.26,7.4,44.68728,-124.156658
2021-07-17T12:28:12.000,2.07,17.24,7.41,44.68728,-124.156658
2021-07-17T12:43:12.000,2.08,17.34,7.41,44.68728,-124.156658
2021-07-17T12:58:12.000,2.09,17.43,7.41,44.68728,-124.156658
2021-07-17T13:13:12.000,2.09,17.43,7.41,44.68728,-124.156658
2021-07-17T13:28:12.000,2.1,17.49,7.42,44.68728,-124.156658
2021-07-17T13:43:12.000,2.12,17.63,7.42,44.68728,-124.156658
2021-07-17T13:58:12.000,2.11,17.53,7.42,44.68728,-124.156658
2021-07-17T14:13:12.000,2.09,17.41,7.42,44.68728,-124.156658
2021-07-17T14:28:12.000,2.07,17.24,7.42,44.68728,-124.156658
2021-07-17T14:43:12.000,2.06,17.13,7.43,44.68728,-124.156658
2021-07-17T14:58:12.000,2.05,17.07,7.44,44.68728,-124.156658
2021-07-17T15:13:12.000,2.04,16.99,7.44,44.68728,-124.156658
2021-07-17T15:28:12.000,2.05,17.11,7.46,44.68728,-124.156658
2021-07-17T15:43:12.000,2.07,17.25,7.49,44.68728,-124.156658
2021-07-17T15:58:12.000,2.08,17.39,7.5,44.68728,-124.156658
2021-07-17T16:13:12.000,2.11,17.59,7.51,44.68728,-124.156658
2021-07-17T16:28:12.000,2.12,17.71,7.53,44.68728,-124.156658
2021-07-17T16:43:12.000,2.16,18.07,7.54,44.68728,-124.156658
2021-07-17T16:58:12.000,2.19,18.26,7.55,44.68728,-124.156658
2021-07-17T17:13:12.000,2.2,18.34,7.55,44.68728,-124.156658
2021-07-17T17:28:12.000,2.21,18.43,7.55,44.68728,-124.156658
2021-07-17T17:43:12.000,2.21,18.46,7.56,44.68728,-124.156658
2021-07-17T17:58:12.000,2.24,18.71,7.56,44.68728,-124.156658
2021-07-17T18:13:12.000,2.25,18.78,7.57,44.68728,-124.156658
2021-07-17T18:28:12.000,2.25,18.8,7.57,44.68728,-124.156658
2021-07-17T18:43:12.000,2.23,18.61,7.56,44.68728,-124.156658
2021-07-17T18:58:12.000,2.17,18.14,7.54,44.68728,-124.156658
2021-07-17T19:13:12.000,2.13,17.84,7.59,44.68728,-124.156658
2021-07-17T19:28:12.000,2.12,17.69,7.49,44.68728,-124.156658
2021-07-17T19:43:12.000,1.61,13.45,7.46,44.68728,-124.156658
2021-07-17T19:58:12.000,0.79,6.58,7.46,44.68728,-124.156658
2021-07-17T20:13:12.000,1.18,9.83,7.46,44.68728,-124.156658
2021-07-17T20:28:12.000,1.51,12.6,7.46,44.68728,-124.156658
2021-07-17T20:43:12.000,2.01,16.72,7.46,44.68728,-124.156658
2021-07-17T20:58:12.000,1.41,11.73,7.46,44.68728,-124.156658
2021-07-17T21:13:12.000,2.03,16.88,7.46,44.68728,-124.156658
2021-07-17T21:28:12.000,2.1,17.47,7.46,44.68728,-124.156658
2021-07-17T21:43:12.000,0.84,7,7.47,44.68728,-124.156658
2021-07-17T21:58:12.000,0.74,6.19,7.47,44.68728,-124.156658
2021-07-17T22:13:12.000,0.89,7.42,7.49,44.68728,-124.156658
2021-07-17T22:28:12.000,1.66,13.88,7.51,44.68728,-124.156658
2021-07-17T22:43:12.000,2.16,18.05,7.51,44.68728,-124.156658
2021-07-17T22:58:12.000,2.24,18.69,7.52,44.68728,-124.156658
2021-07-17T23:13:12.000,2.27,18.97,7.53,44.68728,-124.156658
2021-07-17T23:28:12.000,2.31,19.26,7.54,44.68728,-124.156658
2021-07-17T23:43:12.000,2.33,19.49,7.54,44.68728,-124.156658
2021-07-17T23:58:12.000,2.35,19.61,7.55,44.68728,-124.156658
2021-07-18T00:13:12.000,2.35,19.67,7.55,44.68728,-124.156658
2021-07-18T00:28:12.000,2.37,19.84,7.56,44.68728,-124.156658
2021-07-18T00:43:12.000,2.4,20.02,7.56,44.68728,-124.156658
2021-07-18T00:58:12.000,2.4,20.04,7.56,44.68728,-124.156658
2021-07-18T01:13:12.000,2.42,20.22,7.57,44.68728,-124.156658
2021-07-18T01:28:12.000,2.43,20.31,7.57,44.68728,-124.156658
2021-07-18T01:43:12.000,2.44,20.37,7.58,44.68728,-124.156658
2021-07-18T01:58:12.000,2.44,20.42,7.58,44.68728,-124.156658
2021-07-18T02:13:12.000,2.43,20.33,7.58,44.68728,-124.156658
2021-07-18T02:28:12.000,2.42,20.24,7.58,44.68728,-124.156658
2021-07-18T02:43:12.000,2.42,20.24,7.58,44.68728,-124.156658
2021-07-18T02:58:12.000,2.41,20.18,7.58,44.68728,-124.156658
2021-07-18T03:13:12.000,2.41,20.12,7.58,44.68728,-124.156658
2021-07-18T03:28:12.000,2.41,20.17,7.59,44.68728,-124.156658
2021-07-18T03:43:12.000,2.42,20.24,7.59,44.68728,-124.156658
2021-07-18T03:58:12.000,2.43,20.29,7.61,44.68728,-124.156658
2021-07-18T04:13:12.000,2.44,20.4,7.61,44.68728,-124.156658
2021-07-18T04:28:12.000,2.45,20.53,7.61,44.68728,-124.156658
2021-07-18T04:43:12.000,2.34,19.5,7.51,44.68728,-124.156658
2021-07-18T04:58:12.000,2.25,18.78,7.47,44.68728,-124.156658
2021-07-18T05:13:12.000,2.22,18.51,7.46,44.68728,-124.156658
2021-07-18T05:28:12.000,2.21,18.37,7.45,44.68728,-124.156658
2021-07-18T05:43:12.000,2.19,18.21,7.43,44.68728,-124.156658
2021-07-18T05:58:12.000,2.17,18.08,7.43,44.68728,-124.156658
2021-07-18T06:13:12.000,2.17,18.03,7.43,44.68728,-124.156658
2021-07-18T06:28:12.000,2.16,17.96,7.42,44.68728,-124.156658
2021-07-18T06:43:12.000,2.15,17.92,7.42,44.68728,-124.156658
2021-07-18T06:58:12.000,2.15,17.89,7.42,44.68728,-124.156658
2021-07-18T07:13:12.000,2.16,17.95,7.42,44.68728,-124.156658
2021-07-18T07:28:12.000,2.15,17.93,7.42,44.68728,-124.156658
2021-07-18T07:43:12.000,2.15,17.9,7.42,44.68728,-124.156658
2021-07-18T07:58:12.000,2.15,17.93,7.42,44.68728,-124.156658
2021-07-18T08:13:12.000,2.14,17.84,7.42,44.68728,-124.156658
2021-07-18T08:28:12.000,2.15,17.92,7.42,44.68728,-124.156658
2021-07-18T08:43:12.000,2.14,17.84,7.42,44.68728,-124.156658
2021-07-18T08:58:12.000,2.14,17.85,7.42,44.68728,-124.156658
2021-07-18T09:13:12.000,2.14,17.81,7.42,44.68728,-124.156658
2021-07-18T09:28:12.000,2.14,17.85,7.42,44.68728,-124.156658
2021-07-18T09:43:12.000,2.14,17.77,7.42,44.68728,-124.156658
2021-07-18T09:58:12.000,2.14,17.78,7.42,44.68728,-124.156658
2021-07-18T10:13:12.000,2.15,17.86,7.42,44.68728,-124.156658
2021-07-18T10:28:12.000,2.15,17.86,7.42,44.68728,-124.156658
2021-07-18T10:43:12.000,2.15,17.87,7.42,44.68728,-124.156658
2021-07-18T10:58:12.000,2.15,17.88,7.42,44.68728,-124.156658
2021-07-18T11:13:12.000,2.15,17.87,7.43,44.68728,-124.156658
2021-07-18T11:28:12.000,2.15,17.9,7.43,44.68728,-124.156658
2021-07-18T11:43:12.000,2.16,17.98,7.44,44.68728,-124.156658
2021-07-18T11:58:12.000,2.16,17.98,7.44,44.68728,-124.156658
2021-07-18T12:13:12.000,2.15,17.94,7.44,44.68728,-124.156658
2021-07-18T12:28:12.000,2.16,17.96,7.44,44.68728,-124.156658
2021-07-18T12:43:12.000,2.16,17.96,7.44,44.68728,-124.156658
2021-07-18T12:58:12.000,2.15,17.87,7.44,44.68728,-124.156658
2021-07-18T13:13:12.000,2.14,17.86,7.44,44.68728,-124.156658
2021-07-18T13:28:12.000,2.14,17.84,7.44,44.68728,-124.156658
2021-07-18T13:43:12.000,2.14,17.8,7.44,44.68728,-124.156658
2021-07-18T13:58:12.000,2.13,17.73,7.44,44.68728,-124.156658
2021-07-18T14:13:12.000,2.13,17.73,7.44,44.68728,-124.156658
2021-07-18T14:28:12.000,2.13,17.73,7.44,44.68728,-124.156658
2021-07-18T14:43:12.000,2.13,17.74,7.43,44.68728,-124.156658
2021-07-18T14:58:12.000,2.13,17.72,7.43,44.68728,-124.156658
2021-07-18T15:13:12.000,2.13,17.73,7.43,44.68728,-124.156658
2021-07-18T15:28:12.000,2.13,17.72,7.43,44.68728,-124.156658
2021-07-18T15:43:12.000,2.12,17.67,7.43,44.68728,-124.156658
2021-07-18T15:58:12.000,2.12,17.63,7.43,44.68728,-124.156658
2021-07-18T16:13:12.000,2.11,17.56,7.43,44.68728,-124.156658
2021-07-18T16:28:12.000,2.11,17.61,7.43,44.68728,-124.156658
2021-07-18T16:43:12.000,2.12,17.65,7.43,44.68728,-124.156658
2021-07-18T16:58:12.000,2.1,17.49,7.43,44.68728,-124.156658
2021-07-18T17:13:12.000,2.1,17.45,7.44,44.68728,-124.156658
2021-07-18T17:28:12.000,2.08,17.34,7.44,44.68728,-124.156658
2021-07-18T17:43:12.000,2.09,17.41,7.44,44.68728,-124.156658
2021-07-18T17:58:12.000,2.08,17.31,7.44,44.68728,-124.156658
2021-07-18T18:13:12.000,2.07,17.22,7.44,44.68728,-124.156658
2021-07-18T18:28:12.000,2.07,17.28,7.44,44.68728,-124.156658
2021-07-18T18:43:12.000,2.07,17.21,7.44,44.68728,-124.156658
2021-07-18T18:58:12.000,2.05,17.06,7.44,44.68728,-124.156658
2021-07-18T19:13:12.000,2.06,17.16,7.44,44.68728,-124.156658
2021-07-18T19:28:12.000,2.07,17.24,7.44,44.68728,-124.156658
2021-07-18T19:43:12.000,2.07,17.21,7.44,44.68728,-124.156658
2021-07-18T19:58:12.000,2.07,17.22,7.44,44.68728,-124.156658
2021-07-18T20:13:12.000,2.07,17.21,7.44,44.68728,-124.156658
2021-07-18T20:28:12.000,2.07,17.21,7.44,44.68728,-124.156658
2021-07-18T20:43:12.000,2.07,17.25,7.44,44.68728,-124.156658
2021-07-18T20:58:12.000,2.07,17.27,7.44,44.68728,-124.156658
2021-07-18T21:13:12.000,2.09,17.44,7.44,44.68728,-124.156658
2021-07-18T21:28:12.000,2.1,17.47,7.44,44.68728,-124.156658
2021-07-18T21:43:12.000,2.11,17.58,7.46,44.68728,-124.156658
2021-07-18T21:58:12.000,2.13,17.76,7.46,44.68728,-124.156658
2021-07-18T22:13:12.000,2.16,18.02,7.46,44.68728,-124.156658
2021-07-18T22:28:12.000,2.14,17.83,7.46,44.68728,-124.156658
2021-07-18T22:43:12.000,2.13,17.77,7.47,44.68728,-124.156658
2021-07-18T22:58:12.000,2.11,17.62,7.46,44.68728,-124.156658
2021-07-18T23:13:12.000,2.11,17.59,7.46,44.68728,-124.156658
2021-07-18T23:28:12.000,2.12,17.64,7.45,44.68728,-124.156658
2021-07-18T23:43:12.000,2.12,17.66,7.46,44.68728,-124.156658
2021-07-18T23:58:12.000,2.13,17.77,7.46,44.68728,-124.156658
2021-07-19T00:13:12.000,2.15,17.88,7.46,44.68728,-124.156658
2021-07-19T00:28:12.000,2.15,17.96,7.46,44.68728,-124.156658
2021-07-19T00:43:12.000,2.16,17.99,7.46,44.68728,-124.156658
2021-07-19T00:58:12.000,2.18,18.13,7.46,44.68728,-124.156658
2021-07-19T01:13:12.000,2.19,18.26,7.48,44.68728,-124.156658
2021-07-19T01:28:12.000,2.22,18.53,7.49,44.68728,-124.156658
2021-07-19T01:43:12.000,2.25,18.78,7.51,44.68728,-124.156658
2021-07-19T01:58:12.000,2.32,19.39,7.53,44.68728,-124.156658
2021-07-19T02:13:12.000,2.43,20.26,7.56,44.68728,-124.156658
2021-07-19T02:28:12.000,2.5,20.93,7.58,44.68728,-124.156658
2021-07-19T02:43:12.000,2.56,21.42,7.59,44.68728,-124.156658
2021-07-19T02:58:12.000,2.62,21.94,7.61,44.68728,-124.156658
2021-07-19T03:13:12.000,2.66,22.29,7.63,44.68728,-124.156658
2021-07-19T03:28:12.000,2.72,22.74,7.64,44.68728,-124.156658
2021-07-19T03:43:12.000,2.63,22.02,7.61,44.68728,-124.156658
2021-07-19T03:58:12.000,2.57,21.45,7.58,44.68728,-124.156658
2021-07-19T04:13:12.000,2.53,21.12,7.58,44.68728,-124.156658
2021-07-19T04:28:12.000,2.51,20.96,7.57,44.68728,-124.156658
2021-07-19T04:43:12.000,2.5,20.88,7.57,44.68728,-124.156658
2021-07-19T04:58:12.000,2.48,20.75,7.56,44.68728,-124.156658
2021-07-19T05:13:12.000,2.45,20.48,7.56,44.68728,-124.156658
2021-07-19T05:28:12.000,2.41,20.12,7.55,44.68728,-124.156658
2021-07-19T05:43:12.000,2.37,19.78,7.55,44.68728,-124.156658
2021-07-19T05:58:12.000,2.36,19.7,7.55,44.68728,-124.156658
2021-07-19T06:13:12.000,2.33,19.48,7.54,44.68728,-124.156658
2021-07-19T06:28:12.000,2.31,19.29,7.54,44.68728,-124.156658
2021-07-19T06:43:12.000,2.31,19.27,7.54,44.68728,-124.156658
2021-07-19T06:58:12.000,2.29,19.11,7.53,44.68728,-124.156658
2021-07-19T07:13:12.000,2.28,19.01,7.53,44.68728,-124.156658
2021-07-19T07:28:12.000,2.26,18.88,7.51,44.68728,-124.156658
2021-07-19T07:43:12.000,2.25,18.78,7.51,44.68728,-124.156658
2021-07-19T07:58:12.000,2.25,18.75,7.51,44.68728,-124.156658
2021-07-19T08:13:12.000,2.25,18.76,7.51,44.68728,-124.156658
2021-07-19T08:28:12.000,2.25,18.75,7.52,44.68728,-124.156658
2021-07-19T08:43:12.000,2.24,18.73,7.52,44.68728,-124.156658
2021-07-19T08:58:12.000,2.24,18.7,7.51,44.68728,-124.156658
2021-07-19T09:13:12.000,2.22,18.55,7.51,44.68728,-124.156658
2021-07-19T09:28:12.000,2.23,18.57,7.52,44.68728,-124.156658
2021-07-19T09:43:12.000,2.23,18.63,7.53,44.68728,-124.156658
2021-07-19T09:58:12.000,2.24,18.7,7.54,44.68728,-124.156658
2021-07-19T10:13:12.000,2.23,18.64,7.54,44.68728,-124.156658
2021-07-19T10:28:12.000,2.24,18.73,7.54,44.68728,-124.156658
2021-07-19T10:43:12.000,2.21,18.49,7.54,44.68728,-124.156658
2021-07-19T10:58:12.000,2.25,18.76,7.54,44.68728,-124.156658
2021-07-19T11:13:12.000,2.26,18.89,7.55,44.68728,-124.156658
2021-07-19T11:28:12.000,2.27,18.96,7.55,44.68728,-124.156658
2021-07-19T11:43:12.000,2.27,18.94,7.55,44.68728,-124.156658
2021-07-19T11:58:12.000,2.25,18.82,7.55,44.68728,-124.156658
2021-07-19T12:13:12.000,2.24,18.72,7.55,44.68728,-124.156658
2021-07-19T12:28:12.000,2.24,18.71,7.55,44.68728,-124.156658
2021-07-19T12:43:12.000,2.23,18.65,7.55,44.68728,-124.156658
2021-07-19T12:58:12.000,2.22,18.58,7.55,44.68728,-124.156658
2021-07-19T13:13:12.000,2.21,18.46,7.54,44.68728,-124.156658
2021-07-19T13:28:12.000,2.21,18.46,7.54,44.68728,-124.156658
2021-07-19T13:43:12.000,2.2,18.37,7.54,44.68728,-124.156658
2021-07-19T13:58:12.000,2.19,18.3,7.54,44.68728,-124.156658
2021-07-19T14:13:12.000,2.21,18.46,7.54,44.68728,-124.156658
2021-07-19T14:28:12.000,2.2,18.36,7.54,44.68728,-124.156658
2021-07-19T14:43:12.000,2.17,18.12,7.54,44.68728,-124.156658
2021-07-19T14:58:12.000,2.17,18.15,7.54,44.68728,-124.156658
2021-07-19T15:13:12.000,2.16,18.06,7.54,44.68728,-124.156658
2021-07-19T15:28:12.000,2.18,18.16,7.54,44.68728,-124.156658
2021-07-19T15:43:12.000,2.17,18.09,7.53,44.68728,-124.156658
2021-07-19T15:58:12.000,2.15,17.98,7.53,44.68728,-124.156658
2021-07-19T16:13:12.000,2.15,17.92,7.53,44.68728,-124.156658
2021-07-19T16:28:12.000,2.14,17.86,7.53,44.68728,-124.156658
2021-07-19T16:43:12.000,2.15,17.91,7.53,44.68728,-124.156658
2021-07-19T16:58:12.000,2.14,17.87,7.53,44.68728,-124.156658
2021-07-19T17:13:12.000,2.14,17.85,7.53,44.68728,-124.156658
2021-07-19T17:28:12.000,2.12,17.71,7.54,44.68728,-124.156658
2021-07-19T17:43:12.000,2.13,17.81,7.53,44.68728,-124.156658
2021-07-19T17:58:12.000,2.12,17.68,7.54,44.68728,-124.156658
2021-07-19T18:13:12.000,2.12,17.73,7.54,44.68728,-124.156658
2021-07-19T18:28:12.000,2.12,17.68,7.54,44.68728,-124.156658
2021-07-19T18:43:12.000,2.13,17.76,7.54,44.68728,-124.156658
2021-07-19T18:58:12.000,2.13,17.78,7.54,44.68728,-124.156658
2021-07-19T19:13:12.000,2.14,17.87,7.55,44.68728,-124.156658
2021-07-19T19:28:12.000,2.16,18.01,7.55,44.68728,-124.156658
2021-07-19T19:43:12.000,2.19,18.28,7.56,44.68728,-124.156658
2021-07-19T19:58:12.000,2.23,18.63,7.56,44.68728,-124.156658
2021-07-19T20:13:12.000,2.27,18.95,7.58,44.68728,-124.156658
2021-07-19T20:28:12.000,2.28,19.05,7.59,44.68728,-124.156658
2021-07-19T20:43:12.000,2.3,19.24,7.61,44.68728,-124.156658
2021-07-19T20:58:12.000,2.32,19.4,7.61,44.68728,-124.156658
2021-07-19T21:13:12.000,2.34,19.54,7.63,44.68728,-124.156658
2021-07-19T21:28:12.000,2.32,19.42,7.61,44.68728,-124.156658
2021-07-19T21:43:12.000,2.3,19.27,7.61,44.68728,-124.156658
2021-07-19T21:58:12.000,2.29,19.11,7.6,44.68728,-124.156658
2021-07-19T22:13:12.000,2.28,19.09,7.59,44.68728,-124.156658
2021-07-19T22:28:12.000,2.27,19.01,7.58,44.68728,-124.156658
2021-07-19T22:43:12.000,2.26,18.91,7.58,44.68728,-124.156658
2021-07-19T22:58:12.000,2.26,18.86,7.58,44.68728,-124.156658
2021-07-19T23:13:12.000,2.24,18.76,7.58,44.68728,-124.156658
2021-07-19T23:28:12.000,2.25,18.78,7.58,44.68728,-124.156658
2021-07-19T23:43:12.000,2.28,19.03,7.59,44.68728,-124.156658
2021-07-19T23:58:12.000,2.25,18.82,7.59,44.68728,-124.156658
2021-07-20T00:13:12.000,2.24,18.77,7.6,44.68728,-124.156658
2021-07-20T00:28:12.000,2.23,18.68,7.61,44.68728,-124.156658
2021-07-20T00:43:12.000,2.25,18.85,7.61,44.68728,-124.156658
2021-07-20T00:58:12.000,2.29,19.16,7.63,44.68728,-124.156658
2021-07-20T01:13:12.000,2.31,19.34,7.63,44.68728,-124.156658
2021-07-20T01:28:12.000,2.36,19.73,7.65,44.68728,-124.156658
2021-07-20T01:43:12.000,2.38,19.93,7.66,44.68728,-124.156658
2021-07-20T01:58:12.000,2.37,19.87,7.66,44.68728,-124.156658
2021-07-20T02:13:12.000,2.33,19.52,7.66,44.68728,-124.156658
2021-07-20T02:28:12.000,2.33,19.52,7.66,44.68728,-124.156658
2021-07-20T02:43:12.000,2.33,19.52,7.66,44.68728,-124.156658
2021-07-20T02:58:12.000,2.33,19.51,7.66,44.68728,-124.156658
2021-07-20T03:13:12.000,2.33,19.55,7.68,44.68728,-124.156658
2021-07-20T03:28:12.000,2.35,19.69,7.68,44.68728,-124.156658
2021-07-20T03:43:12.000,2.36,19.76,7.68,44.68728,-124.156658
2021-07-20T03:58:12.000,2.37,19.89,7.7,44.68728,-124.156658
2021-07-20T04:13:12.000,2.35,19.72,7.7,44.68728,-124.156658
2021-07-20T04:28:12.000,2.35,19.67,7.7,44.68728,-124.156658
2021-07-20T04:43:12.000,2.34,19.65,7.7,44.68728,-124.156658
2021-07-20T04:58:12.000,2.33,19.54,7.7,44.68728,-124.156658
2021-07-20T05:13:12.000,2.33,19.55,7.7,44.68728,-124.156658
2021-07-20T05:28:12.000,2.32,19.44,7.7,44.68728,-124.156658
2021-07-20T05:43:12.000,2.31,19.35,7.7,44.68728,-124.156658
2021-07-20T05:58:12.000,2.32,19.46,7.7,44.68728,-124.156658
2021-07-20T06:13:12.000,2.29,19.2,7.69,44.68728,-124.156658
2021-07-20T06:28:12.000,2.3,19.26,7.68,44.68728,-124.156658
2021-07-20T06:43:12.000,2.28,19.14,7.68,44.68728,-124.156658
2021-07-20T06:58:12.000,2.28,19.14,7.68,44.68728,-124.156658
2021-07-20T07:13:12.000,2.29,19.18,7.68,44.68728,-124.156658
2021-07-20T07:28:12.000,2.26,18.96,7.68,44.68728,-124.156658
2021-07-20T07:43:12.000,2.27,18.98,7.68,44.68728,-124.156658
2021-07-20T07:58:12.000,2.28,19.1,7.68,44.68728,-124.156658
2021-07-20T08:13:12.000,2.26,18.93,7.67,44.68728,-124.156658
2021-07-20T08:28:12.000,2.24,18.79,7.67,44.68728,-124.156658
2021-07-20T08:43:12.000,2.24,18.78,7.66,44.68728,-124.156658
2021-07-20T08:58:12.000,2.25,18.86,7.66,44.68728,-124.156658
2021-07-20T09:13:12.000,2.23,18.67,7.66,44.68728,-124.156658
2021-07-20T09:28:12.000,2.23,18.7,7.66,44.68728,-124.156658
2021-07-20T09:43:12.000,2.22,18.62,7.66,44.68728,-124.156658
2021-07-20T09:58:12.000,2.2,18.41,7.66,44.68728,-124.156658
2021-07-20T10:13:12.000,2.16,18.06,7.63,44.68728,-124.156658
2021-07-20T10:28:12.000,2.12,17.77,7.63,44.68728,-124.156658
2021-07-20T10:43:12.000,2.1,17.56,7.62,44.68728,-124.156658
2021-07-20T10:58:12.000,2.13,17.84,7.63,44.68728,-124.156658
2021-07-20T11:13:12.000,2.08,17.38,7.62,44.68728,-124.156658
2021-07-20T11:28:12.000,2.07,17.34,7.61,44.68728,-124.156658
2021-07-20T11:43:12.000,2.06,17.24,7.61,44.68728,-124.156658
2021-07-20T11:58:12.000,2.03,16.97,7.61,44.68728,-124.156658
2021-07-20T12:13:12.000,2.03,16.97,7.61,44.68728,-124.156658
2021-07-20T12:28:12.000,2.01,16.85,7.61,44.68728,-124.156658
2021-07-20T12:43:12.000,2.05,17.17,7.61,44.68728,-124.156658
2021-07-20T12:58:12.000,2.09,17.46,7.61,44.68728,-124.156658
2021-07-20T13:13:12.000,2.1,17.56,7.61,44.68728,-124.156658
2021-07-20T13:28:12.000,2.1,17.55,7.61,44.68728,-124.156658
2021-07-20T13:43:12.000,2.1,17.58,7.62,44.68728,-124.156658
2021-07-20T13:58:12.000,2.11,17.63,7.63,44.68728,-124.156658
2021-07-20T14:13:12.000,2.09,17.53,7.63,44.68728,-124.156658
2021-07-20T14:28:12.000,2.1,17.59,7.63,44.68728,-124.156658
2021-07-20T14:43:12.000,2.09,17.49,7.63,44.68728,-124.156658
2021-07-20T14:58:12.000,2.09,17.5,7.63,44.68728,-124.156658
2021-07-20T15:13:12.000,2.08,17.38,7.63,44.68728,-124.156658
2021-07-20T15:28:12.000,2.08,17.38,7.64,44.68728,-124.156658
2021-07-20T15:43:12.000,2.1,17.56,7.64,44.68728,-124.156658
2021-07-20T15:58:12.000,2.08,17.43,7.65,44.68728,-124.156658
2021-07-20T16:13:12.000,2.09,17.5,7.65,44.68728,-124.156658
2021-07-20T16:28:12.000,2.08,17.43,7.65,44.68728,-124.156658
2021-07-20T16:43:12.000,2.05,17.2,7.65,44.68728,-124.156658
2021-07-20T16:58:12.000,2.09,17.51,7.65,44.68728,-124.156658
2021-07-20T17:13:12.000,2.06,17.23,7.65,44.68728,-124.156658
2021-07-20T17:28:12.000,2.07,17.36,7.65,44.68728,-124.156658
2021-07-20T17:43:12.000,2.08,17.43,7.65,44.68728,-124.156658
2021-07-20T17:58:12.000,2.1,17.56,7.66,44.68728,-124.156658
2021-07-20T18:13:12.000,2.08,17.39,7.65,44.68728,-124.156658
2021-07-20T18:28:12.000,2.06,17.26,7.66,44.68728,-124.156658
2021-07-20T18:43:12.000,2.05,17.17,7.66,44.68728,-124.156658
2021-07-20T18:58:12.000,2.07,17.35,7.66,44.68728,-124.156658
2021-07-20T19:13:12.000,2.06,17.28,7.66,44.68728,-124.156658
2021-07-20T19:28:12.000,2.08,17.42,7.66,44.68728,-124.156658
2021-07-20T19:43:12.000,2.07,17.35,7.66,44.68728,-124.156658
2021-07-20T19:58:12.000,2.1,17.56,7.66,44.68728,-124.156658
2021-07-20T20:13:12.000,2.11,17.66,7.66,44.68728,-124.156658
2021-07-20T20:28:12.000,2.11,17.65,7.66,44.68728,-124.156658
2021-07-20T20:43:12.000,2.11,17.63,7.66,44.68728,-124.156658
2021-07-20T20:58:12.000,2.13,17.88,7.68,44.68728,-124.156658
2021-07-20T21:13:12.000,2.16,18.1,7.68,44.68728,-124.156658
2021-07-20T21:28:12.000,2.16,18.12,7.68,44.68728,-124.156658
2021-07-20T21:43:12.000,2.15,18.01,7.68,44.68728,-124.156658
2021-07-20T21:58:12.000,2.17,18.21,7.69,44.68728,-124.156658
2021-07-20T22:13:12.000,2.21,18.5,7.7,44.68728,-124.156658
2021-07-20T22:28:12.000,2.25,18.83,7.71,44.68728,-124.156658
2021-07-20T22:43:12.000,2.3,19.26,7.73,44.68728,-124.156658
2021-07-20T22:58:12.000,2.32,19.47,7.74,44.68728,-124.156658
2021-07-20T23:13:12.000,2.33,19.52,7.73,44.68728,-124.156658
2021-07-20T23:28:12.000,2.29,19.22,7.73,44.68728,-124.156658
2021-07-20T23:43:12.000,2.31,19.35,7.75,44.68728,-124.156658
2021-07-20T23:58:12.000,2.29,19.26,7.75,44.68728,-124.156658
2021-07-21T00:13:12.000,2.3,19.28,7.75,44.68728,-124.156658
2021-07-21T00:28:12.000,2.32,19.5,7.75,44.68728,-124.156658
2021-07-21T00:43:12.000,2.37,19.9,7.77,44.68728,-124.156658
2021-07-21T00:58:12.000,2.4,20.15,7.78,44.68728,-124.156658
2021-07-21T01:13:12.000,2.43,20.43,7.78,44.68728,-124.156658
2021-07-21T01:28:12.000,2.42,20.33,7.78,44.68728,-124.156658
2021-07-21T01:43:12.000,2.43,20.38,7.78,44.68728,-124.156658
2021-07-21T01:58:12.000,2.41,20.24,7.78,44.68728,-124.156658
2021-07-21T02:13:12.000,2.3,19.3,7.77,44.68728,-124.156658
2021-07-21T02:28:12.000,2.25,18.9,7.75,44.68728,-124.156658
2021-07-21T02:43:12.000,2.2,18.48,7.75,44.68728,-124.156658
2021-07-21T02:58:12.000,2.21,18.54,7.75,44.68728,-124.156658
2021-07-21T03:13:12.000,2.18,18.28,7.75,44.68728,-124.156658
2021-07-21T03:28:12.000,2.16,18.15,7.75,44.68728,-124.156658
2021-07-21T03:43:12.000,2.13,17.88,7.75,44.68728,-124.156658
2021-07-21T03:58:12.000,2.16,18.16,7.75,44.68728,-124.156658
2021-07-21T04:13:12.000,2.15,18.05,7.75,44.68728,-124.156658
2021-07-21T04:28:12.000,2.15,18.04,7.75,44.68728,-124.156658
2021-07-21T04:43:12.000,2.19,18.38,7.75,44.68728,-124.156658
2021-07-21T04:58:12.000,2.21,18.51,7.76,44.68728,-124.156658
2021-07-21T05:13:12.000,2.16,18.12,7.75,44.68728,-124.156658
2021-07-21T05:28:12.000,2.15,18.06,7.75,44.68728,-124.156658
2021-07-21T05:43:12.000,2.18,18.34,7.75,44.68728,-124.156658
2021-07-21T05:58:12.000,2.14,17.96,7.75,44.68728,-124.156658
2021-07-21T06:13:12.000,2.19,18.38,7.75,44.68728,-124.156658
2021-07-21T06:28:12.000,2.18,18.27,7.75,44.68728,-124.156658
2021-07-21T06:43:12.000,2.16,18.13,7.75,44.68728,-124.156658
2021-07-21T06:58:12.000,2.19,18.36,7.75,44.68728,-124.156658
2021-07-21T07:13:12.000,2.19,18.41,7.75,44.68728,-124.156658
2021-07-21T07:28:12.000,2.19,18.4,7.76,44.68728,-124.156658
2021-07-21T07:43:12.000,2.2,18.48,7.77,44.68728,-124.156658
2021-07-21T07:58:12.000,2.25,18.92,7.77,44.68728,-124.156658
2021-07-21T08:13:12.000,2.25,18.89,7.77,44.68728,-124.156658
2021-07-21T08:28:12.000,2.26,18.98,7.77,44.68728,-124.156658
2021-07-21T08:43:12.000,2.27,19.06,7.76,44.68728,-124.156658
2021-07-21T08:58:12.000,2.24,18.82,7.76,44.68728,-124.156658
2021-07-21T09:13:12.000,2.25,18.88,7.76,44.68728,-124.156658
2021-07-21T09:28:12.000,2.25,18.89,7.76,44.68728,-124.156658
2021-07-21T09:43:12.000,2.24,18.81,7.76,44.68728,-124.156658
2021-07-21T09:58:12.000,2.24,18.77,7.76,44.68728,-124.156658
2021-07-21T10:13:12.000,2.25,18.87,7.76,44.68728,-124.156658
2021-07-21T10:28:12.000,2.25,18.89,7.76,44.68728,-124.156658
2021-07-21T10:43:12.000,2.27,19.04,7.75,44.68728,-124.156658
2021-07-21T10:58:12.000,2.27,19.06,7.75,44.68728,-124.156658
2021-07-21T11:13:12.000,2.28,19.1,7.75,44.68728,-124.156658
2021-07-21T11:28:12.000,2.29,19.26,7.75,44.68728,-124.156658
2021-07-21T11:43:12.000,2.28,19.1,7.75,44.68728,-124.156658
2021-07-21T11:58:12.000,2.28,19.1,7.76,44.68728,-124.156658
2021-07-21T12:13:12.000,2.31,19.38,7.77,44.68728,-124.156658
2021-07-21T12:28:12.000,2.3,19.33,7.78,44.68728,-124.156658
2021-07-21T12:43:12.000,2.3,19.32,7.78,44.68728,-124.156658
2021-07-21T12:58:12.000,2.3,19.32,7.78,44.68728,-124.156658
2021-07-21T13:13:12.000,2.36,19.79,7.78,44.68728,-124.156658
2021-07-21T13:28:12.000,2.34,19.62,7.78,44.68728,-124.156658
2021-07-21T13:43:12.000,2.34,19.65,7.78,44.68728,-124.156658
2021-07-21T13:58:12.000,2.36,19.8,7.78,44.68728,-124.156658
2021-07-21T14:13:12.000,2.32,19.46,7.78,44.68728,-124.156658
2021-07-21T14:28:12.000,2.34,19.67,7.78,44.68728,-124.156658
2021-07-21T14:43:12.000,2.36,19.81,7.78,44.68728,-124.156658
2021-07-21T14:58:12.000,2.36,19.8,7.78,44.68728,-124.156658
2021-07-21T15:13:12.000,2.37,19.86,7.78,44.68728,-124.156658
2021-07-21T15:28:12.000,2.34,19.64,7.78,44.68728,-124.156658
2021-07-21T15:43:12.000,2.31,19.36,7.76,44.68728,-124.156658
2021-07-21T15:58:12.000,2.28,19.14,7.75,44.68728,-124.156658
2021-07-21T16:13:12.000,2.3,19.3,7.75,44.68728,-124.156658
2021-07-21T16:28:12.000,2.26,19,7.75,44.68728,-124.156658
2021-07-21T16:43:12.000,2.24,18.83,7.75,44.68728,-124.156658
2021-07-21T16:58:12.000,2.21,18.54,7.75,44.68728,-124.156658
2021-07-21T17:13:12.000,2.27,19.07,7.75,44.68728,-124.156658
2021-07-21T17:28:12.000,2.25,18.91,7.75,44.68728,-124.156658
2021-07-21T17:43:12.000,2.26,19,7.75,44.68728,-124.156658
2021-07-21T17:58:12.000,2.26,18.97,7.76,44.68728,-124.156658
2021-07-21T18:13:12.000,2.28,19.14,7.76,44.68728,-124.156658
2021-07-21T18:28:12.000,2.32,19.52,7.77,44.68728,-124.156658
2021-07-21T18:43:12.000,2.31,19.41,7.78,44.68728,-124.156658
2021-07-21T18:58:12.000,2.33,19.59,7.78,44.68728,-124.156658
2021-07-21T19:13:12.000,2.34,19.63,7.78,44.68728,-124.156658
2021-07-21T19:28:12.000,2.33,19.56,7.78,44.68728,-124.156658
2021-07-21T19:43:12.000,2.32,19.45,7.77,44.68728,-124.156658
2021-07-21T19:58:12.000,2.3,19.35,7.77,44.68728,-124.156658
2021-07-21T20:13:12.000,2.31,19.35,7.76,44.68728,-124.156658
2021-07-21T20:28:12.000,2.29,19.25,7.77,44.68728,-124.156658
2021-07-21T20:43:12.000,2.33,19.54,7.77,44.68728,-124.156658
2021-07-21T20:58:12.000,2.33,19.58,7.78,44.68728,-124.156658
2021-07-21T21:13:12.000,2.31,19.41,7.78,44.68728,-124.156658
2021-07-21T21:28:12.000,2.33,19.61,7.78,44.68728,-124.156658
2021-07-21T21:43:12.000,2.38,20,7.78,44.68728,-124.156658
2021-07-21T21:58:12.000,2.4,20.18,7.8,44.68728,-124.156658
2021-07-21T22:13:12.000,2.47,20.74,7.8,44.68728,-124.156658
2021-07-21T22:28:12.000,2.45,20.56,7.8,44.68728,-124.156658
2021-07-21T22:43:12.000,2.43,20.44,7.8,44.68728,-124.156658
2021-07-21T22:58:12.000,2.46,20.66,7.8,44.68728,-124.156658
2021-07-21T23:13:12.000,2.55,21.44,7.83,44.68728,-124.156658
2021-07-21T23:28:12.000,2.57,21.62,7.83,44.68728,-124.156658
2021-07-21T23:43:12.000,2.58,21.66,7.83,44.68728,-124.156658
2021-07-21T23:58:12.000,2.66,22.38,7.85,44.68728,-124.156658
2021-07-22T00:13:12.000,2.69,22.62,7.85,44.68728,-124.156658
2021-07-22T00:28:12.000,2.71,22.78,7.87,44.68728,-124.156658
2021-07-22T00:43:12.000,2.69,22.61,7.85,44.68728,-124.156658
2021-07-22T00:58:12.000,2.67,22.43,7.85,44.68728,-124.156658
2021-07-22T01:13:12.000,2.7,22.75,7.87,44.68728,-124.156658
2021-07-22T01:28:12.000,2.68,22.51,7.85,44.68728,-124.156658
2021-07-22T01:43:12.000,2.68,22.56,7.85,44.68728,-124.156658
2021-07-22T01:58:12.000,2.69,22.6,7.85,44.68728,-124.156658
2021-07-22T02:13:12.000,2.71,22.78,7.86,44.68728,-124.156658
2021-07-22T02:28:12.000,2.71,22.78,7.87,44.68728,-124.156658
2021-07-22T02:43:12.000,2.77,23.29,7.88,44.68728,-124.156658
2021-07-22T02:58:12.000,2.83,23.87,7.9,44.68728,-124.156658
2021-07-22T03:13:12.000,2.85,24,7.9,44.68728,-124.156658
2021-07-22T03:28:12.000,2.85,23.99,7.9,44.68728,-124.156658
2021-07-22T03:43:12.000,2.86,24.06,7.9,44.68728,-124.156658
2021-07-22T03:58:12.000,2.87,24.2,7.9,44.68728,-124.156658
2021-07-22T04:13:12.000,2.83,23.88,7.9,44.68728,-124.156658
2021-07-22T04:28:12.000,2.86,24.09,7.91,44.68728,-124.156658
2021-07-22T04:43:12.000,2.88,24.24,7.91,44.68728,-124.156658
2021-07-22T04:58:12.000,2.84,23.91,7.91,44.68728,-124.156658
2021-07-22T05:13:12.000,3.09,26.09,7.97,44.68728,-124.156658
2021-07-22T05:28:12.000,3.15,26.55,7.97,44.68728,-124.156658
2021-07-22T05:43:12.000,3.08,26.02,7.95,44.68728,-124.156658
2021-07-22T05:58:12.000,3.02,25.45,7.95,44.68728,-124.156658
2021-07-22T06:13:12.000,2.94,24.81,7.93,44.68728,-124.156658
2021-07-22T06:28:12.000,2.89,24.35,7.91,44.68728,-124.156658
2021-07-22T06:43:12.000,2.81,23.71,7.9,44.68728,-124.156658
2021-07-22T06:58:12.000,2.79,23.49,7.89,44.68728,-124.156658
2021-07-22T07:13:12.000,2.81,23.62,7.89,44.68728,-124.156658
2021-07-22T07:28:12.000,2.73,23.01,7.87,44.68728,-124.156658
2021-07-22T07:43:12.000,2.73,22.96,7.87,44.68728,-124.156658
2021-07-22T07:58:12.000,2.65,22.26,7.85,44.68728,-124.156658
2021-07-22T08:13:12.000,2.59,21.74,7.83,44.68728,-124.156658
2021-07-22T08:28:12.000,2.58,21.66,7.83,44.68728,-124.156658
2021-07-22T08:43:12.000,2.55,21.47,7.81,44.68728,-124.156658
2021-07-22T08:58:12.000,2.56,21.52,7.81,44.68728,-124.156658
2021-07-22T09:13:12.000,2.59,21.74,7.81,44.68728,-124.156658
2021-07-22T09:28:12.000,2.59,21.73,7.81,44.68728,-124.156658
2021-07-22T09:43:12.000,2.56,21.54,7.8,44.68728,-124.156658
2021-07-22T09:58:12.000,2.54,21.34,7.8,44.68728,-124.156658
2021-07-22T10:13:12.000,2.53,21.3,7.8,44.68728,-124.156658
2021-07-22T10:28:12.000,2.54,21.35,7.8,44.68728,-124.156658
2021-07-22T10:43:12.000,2.55,21.43,7.81,44.68728,-124.156658
2021-07-22T10:58:12.000,2.56,21.52,7.82,44.68728,-124.156658
2021-07-22T11:13:12.000,2.58,21.69,7.83,44.68728,-124.156658
2021-07-22T11:28:12.000,2.63,22.15,7.85,44.68728,-124.156658
2021-07-22T11:43:12.000,2.72,22.91,7.86,44.68728,-124.156658
2021-07-22T11:58:12.000,2.8,23.54,7.9,44.68728,-124.156658
2021-07-22T12:13:12.000,2.97,25.03,7.94,44.68728,-124.156658
2021-07-22T12:28:12.000,3.11,26.25,7.97,44.68728,-124.156658
2021-07-22T12:43:12.000,3.12,26.35,7.97,44.68728,-124.156658
2021-07-22T12:58:12.000,3.07,25.88,7.95,44.68728,-124.156658
2021-07-22T13:13:12.000,3.23,27.28,8,44.68728,-124.156658
2021-07-22T13:28:12.000,3.24,27.35,8.02,44.68728,-124.156658
2021-07-22T13:43:12.000,3.34,28.25,8.03,44.68728,-124.156658
2021-07-22T13:58:12.000,3.28,27.67,7.99,44.68728,-124.156658
2021-07-22T14:13:12.000,2.94,24.75,7.92,44.68728,-124.156658
2021-07-22T14:28:12.000,2.85,24.04,7.9,44.68728,-124.156658
2021-07-22T14:43:12.000,2.78,23.38,7.87,44.68728,-124.156658
2021-07-22T14:58:12.000,2.74,23.06,7.87,44.68728,-124.156658
2021-07-22T15:13:12.000,2.65,22.31,7.84,44.68728,-124.156658
2021-07-22T15:28:12.000,2.62,22,7.83,44.68728,-124.156658
2021-07-22T15:43:12.000,2.62,22.06,7.82,44.68728,-124.156658
2021-07-22T15:58:12.000,2.66,22.39,7.83,44.68728,-124.156658
2021-07-22T16:13:12.000,2.75,23.17,7.85,44.68728,-124.156658
2021-07-22T16:28:12.000,2.79,23.52,7.87,44.68728,-124.156658
2021-07-22T16:43:12.000,2.89,24.32,7.89,44.68728,-124.156658
2021-07-22T16:58:12.000,2.99,25.21,7.92,44.68728,-124.156658
2021-07-22T17:13:12.000,3.09,26.02,7.94,44.68728,-124.156658
2021-07-22T17:28:12.000,3.22,27.18,7.97,44.68728,-124.156658
2021-07-22T17:43:12.000,3.35,28.33,8.02,44.68728,-124.156658
2021-07-22T17:58:12.000,3.6,30.41,8.06,44.68728,-124.156658
2021-07-22T18:13:12.000,3.61,30.52,8.07,44.68728,-124.156658
2021-07-22T18:28:12.000,3.67,31.03,8.08,44.68728,-124.156658
2021-07-22T18:43:12.000,3.73,31.59,8.09,44.68728,-124.156658
2021-07-22T18:58:12.000,3.8,32.17,8.1,44.68728,-124.156658
2021-07-22T19:13:12.000,3.81,32.29,8.1,44.68728,-124.156658
2021-07-22T19:28:12.000,3.79,32.1,8.1,44.68728,-124.156658
2021-07-22T19:43:12.000,3.74,31.65,8.1,44.68728,-124.156658
2021-07-22T19:58:12.000,3.77,31.96,8.11,44.68728,-124.156658
2021-07-22T20:13:12.000,3.86,32.66,8.12,44.68728,-124.156658
2021-07-22T20:28:12.000,3.93,33.3,8.14,44.68728,-124.156658
2021-07-22T20:43:12.000,3.69,31.18,8.06,44.68728,-124.156658
2021-07-22T20:58:12.000,3.4,28.74,8,44.68728,-124.156658
2021-07-22T21:13:12.000,3.29,27.79,7.98,44.68728,-124.156658
2021-07-22T21:28:12.000,3.25,27.45,7.97,44.68728,-124.156658
2021-07-22T21:43:12.000,3.17,26.75,7.95,44.68728,-124.156658
2021-07-22T21:58:12.000,3.14,26.51,7.95,44.68728,-124.156658
2021-07-22T22:13:12.000,3.1,26.17,7.93,44.68728,-124.156658
2021-07-22T22:28:12.000,2.95,24.86,7.88,44.68728,-124.156658
2021-07-22T22:43:12.000,2.76,23.21,7.84,44.68728,-124.156658
2021-07-22T22:58:12.000,2.67,22.45,7.83,44.68728,-124.156658
2021-07-22T23:13:12.000,2.57,21.56,7.8,44.68728,-124.156658
2021-07-22T23:28:12.000,2.53,21.26,7.79,44.68728,-124.156658
2021-07-22T23:43:12.000,2.52,21.15,7.79,44.68728,-124.156658
2021-07-22T23:58:12.000,2.5,21.03,7.78,44.68728,-124.156658
2021-07-23T00:13:12.000,2.49,20.9,7.78,44.68728,-124.156658
2021-07-23T00:28:12.000,2.48,20.81,7.78,44.68728,-124.156658
2021-07-23T00:43:12.000,2.47,20.74,7.78,44.68728,-124.156658
2021-07-23T00:58:12.000,2.48,20.84,7.78,44.68728,-124.156658
2021-07-23T01:13:12.000,2.49,20.92,7.78,44.68728,-124.156658
2021-07-23T01:28:12.000,2.47,20.72,7.77,44.68728,-124.156658
2021-07-23T01:43:12.000,2.44,20.51,7.76,44.68728,-124.156658
2021-07-23T01:58:12.000,2.43,20.42,7.75,44.68728,-124.156658
2021-07-23T02:13:12.000,2.42,20.27,7.75,44.68728,-124.156658
2021-07-23T02:28:12.000,2.42,20.33,7.75,44.68728,-124.156658
2021-07-23T02:43:12.000,2.51,21.12,7.8,44.68728,-124.156658
2021-07-23T02:58:12.000,2.63,22.1,7.82,44.68728,-124.156658
2021-07-23T03:13:12.000,2.72,22.89,7.85,44.68728,-124.156658
2021-07-23T03:28:12.000,2.78,23.41,7.86,44.68728,-124.156658
2021-07-23T03:43:12.000,2.84,23.92,7.87,44.68728,-124.156658
2021-07-23T03:58:12.000,2.89,24.37,7.89,44.68728,-124.156658
2021-07-23T04:13:12.000,2.93,24.66,7.9,44.68728,-124.156658
2021-07-23T04:28:12.000,2.96,24.91,7.9,44.68728,-124.156658
2021-07-23T04:43:12.000,2.97,25.04,7.92,44.68728,-124.156658
2021-07-23T04:58:12.000,3,25.28,7.92,44.68728,-124.156658
2021-07-23T05:13:12.000,2.96,24.94,7.9,44.68728,-124.156658
2021-07-23T05:28:12.000,2.86,24.06,7.88,44.68728,-124.156658
2021-07-23T05:43:12.000,2.53,21.26,7.78,44.68728,-124.156658
2021-07-23T05:58:12.000,2.42,20.34,7.75,44.68728,-124.156658
2021-07-23T06:13:12.000,2.39,20.03,7.73,44.68728,-124.156658
2021-07-23T06:28:12.000,2.38,19.98,7.73,44.68728,-124.156658
2021-07-23T06:43:12.000,2.4,20.1,7.73,44.68728,-124.156658
2021-07-23T06:58:12.000,2.41,20.25,7.73,44.68728,-124.156658
2021-07-23T07:13:12.000,2.45,20.57,7.73,44.68728,-124.156658
2021-07-23T07:28:12.000,2.47,20.7,7.73,44.68728,-124.156658
2021-07-23T07:43:12.000,2.48,20.77,7.73,44.68728,-124.156658
2021-07-23T07:58:12.000,2.49,20.93,7.74,44.68728,-124.156658
2021-07-23T08:13:12.000,2.5,20.98,7.74,44.68728,-124.156658
2021-07-23T08:28:12.000,2.51,21.07,7.74,44.68728,-124.156658
2021-07-23T08:43:12.000,2.51,21.09,7.75,44.68728,-124.156658
2021-07-23T08:58:12.000,2.51,21.07,7.75,44.68728,-124.156658
2021-07-23T09:13:12.000,2.52,21.14,7.75,44.68728,-124.156658
2021-07-23T09:28:12.000,2.52,21.17,7.75,44.68728,-124.156658
2021-07-23T09:43:12.000,2.53,21.24,7.75,44.68728,-124.156658
2021-07-23T09:58:12.000,2.53,21.26,7.75,44.68728,-124.156658
2021-07-23T10:13:12.000,2.54,21.35,7.75,44.68728,-124.156658
2021-07-23T10:28:12.000,2.56,21.46,7.75,44.68728,-124.156658
2021-07-23T10:43:12.000,2.57,21.57,7.76,44.68728,-124.156658
2021-07-23T10:58:12.000,2.58,21.64,7.77,44.68728,-124.156658
2021-07-23T11:13:12.000,2.59,21.76,7.78,44.68728,-124.156658
2021-07-23T11:28:12.000,2.61,21.9,7.78,44.68728,-124.156658
2021-07-23T11:43:12.000,2.62,21.99,7.79,44.68728,-124.156658
2021-07-23T11:58:12.000,2.64,22.22,7.8,44.68728,-124.156658
2021-07-23T12:13:12.000,2.65,22.25,7.8,44.68728,-124.156658
2021-07-23T12:28:12.000,2.67,22.42,7.82,44.68728,-124.156658
2021-07-23T12:43:12.000,2.7,22.72,7.84,44.68728,-124.156658
2021-07-23T12:58:12.000,2.81,23.64,7.87,44.68728,-124.156658
2021-07-23T13:13:12.000,2.93,24.67,7.9,44.68728,-124.156658
2021-07-23T13:28:12.000,3.01,25.34,7.94,44.68728,-124.156658
2021-07-23T13:43:12.000,3.09,26.06,7.96,44.68728,-124.156658
2021-07-23T13:58:12.000,3.16,26.64,7.98,44.68728,-124.156658
2021-07-23T14:13:12.000,3.25,27.47,8.02,44.68728,-124.156658
2021-07-23T14:28:12.000,3.25,27.46,8.02,44.68728,-124.156658
2021-07-23T14:43:12.000,3.27,27.63,8.02,44.68728,-124.156658
2021-07-23T14:58:12.000,3.18,26.87,7.99,44.68728,-124.156658
2021-07-23T15:13:12.000,3.32,28.11,8.05,44.68728,-124.156658
2021-07-23T15:28:12.000,3.2,27.03,7.99,44.68728,-124.156658
2021-07-23T15:43:12.000,3.21,27.06,8,44.68728,-124.156658
2021-07-23T15:58:12.000,3.27,27.64,8.02,44.68728,-124.156658
2021-07-23T16:13:12.000,3.25,27.41,8.01,44.68728,-124.156658
2021-07-23T16:28:12.000,3.23,27.24,7.99,44.68728,-124.156658
2021-07-23T16:43:12.000,3.32,28.06,8.02,44.68728,-124.156658
2021-07-23T16:58:12.000,3.47,29.37,8.05,44.68728,-124.156658
2021-07-23T17:13:12.000,3.54,29.95,8.07,44.68728,-124.156658
2021-07-23T17:28:12.000,3.62,30.65,8.09,44.68728,-124.156658
2021-07-23T17:43:12.000,3.92,33.19,8.14,44.68728,-124.156658
2021-07-23T17:58:12.000,4.11,34.87,8.19,44.68728,-124.156658
2021-07-23T18:13:12.000,3.78,31.95,8.09,44.68728,-124.156658
2021-07-23T18:28:12.000,3.51,29.64,8.04,44.68728,-124.156658
2021-07-23T18:43:12.000,3.64,30.77,8.09,44.68728,-124.156658
2021-07-23T18:58:12.000,3.77,31.93,8.09,44.68728,-124.156658
2021-07-23T19:13:12.000,3.67,31.04,8.09,44.68728,-124.156658
2021-07-23T19:28:12.000,3.69,31.22,8.09,44.68728,-124.156658
2021-07-23T19:43:12.000,3.1,26.22,8.09,44.68728,-124.156658
2021-07-23T19:58:12.000,3,25.4,8.1,44.68728,-124.156658
2021-07-23T20:13:12.000,3.78,31.99,8.14,44.68728,-124.156658
2021-07-23T20:28:12.000,3.81,32.24,8.11,44.68728,-124.156658
2021-07-23T20:43:12.000,3.71,31.42,8.09,44.68728,-124.156658
2021-07-23T20:58:12.000,3.7,31.32,8.09,44.68728,-124.156658
2021-07-23T21:13:12.000,3.82,32.34,8.11,44.68728,-124.156658
2021-07-23T21:28:12.000,4.01,33.99,8.16,44.68728,-124.156658
2021-07-23T21:43:12.000,3.98,33.72,8.14,44.68728,-124.156658
2021-07-23T21:58:12.000,3.27,27.56,7.95,44.68728,-124.156658
2021-07-23T22:13:12.000,3.09,26.07,7.91,44.68728,-124.156658
2021-07-23T22:28:12.000,3.09,26.04,7.9,44.68728,-124.156658
2021-07-23T22:43:12.000,3.05,25.68,7.9,44.68728,-124.156658
2021-07-23T22:58:12.000,2.98,25.08,7.87,44.68728,-124.156658
2021-07-23T23:13:12.000,3.01,25.33,7.89,44.68728,-124.156658
2021-07-23T23:28:12.000,3,25.23,7.88,44.68728,-124.156658
2021-07-23T23:43:12.000,2.95,24.82,7.87,44.68728,-124.156658
2021-07-23T23:58:12.000,3.01,25.34,7.9,44.68728,-124.156658
2021-07-24T00:13:12.000,3.14,26.5,7.92,44.68728,-124.156658
2021-07-24T00:28:12.000,3.19,26.91,7.94,44.68728,-124.156658
2021-07-24T00:43:12.000,3.25,27.45,7.95,44.68728,-124.156658
2021-07-24T00:58:12.000,3.25,27.39,7.95,44.68728,-124.156658
2021-07-24T01:13:12.000,2.95,24.82,7.86,44.68728,-124.156658
2021-07-24T01:28:12.000,2.89,24.34,7.85,44.68728,-124.156658
2021-07-24T01:43:12.000,2.94,24.7,7.85,44.68728,-124.156658
2021-07-24T01:58:12.000,2.82,23.74,7.83,44.68728,-124.156658
2021-07-24T02:13:12.000,2.75,23.14,7.8,44.68728,-124.156658
2021-07-24T02:28:12.000,2.7,22.7,7.78,44.68728,-124.156658
2021-07-24T02:43:12.000,2.62,21.96,7.75,44.68728,-124.156658
2021-07-24T02:58:12.000,2.65,22.25,7.77,44.68728,-124.156658
2021-07-24T03:13:12.000,2.7,22.69,7.78,44.68728,-124.156658
2021-07-24T03:28:12.000,2.75,23.15,7.8,44.68728,-124.156658
2021-07-24T03:43:12.000,2.72,22.87,7.78,44.68728,-124.156658
2021-07-24T03:58:12.000,2.64,22.17,7.75,44.68728,-124.156658
2021-07-24T04:13:12.000,2.57,21.52,7.73,44.68728,-124.156658
2021-07-24T04:28:12.000,2.53,21.18,7.73,44.68728,-124.156658
2021-07-24T04:43:12.000,2.46,20.6,7.68,44.68728,-124.156658
2021-07-24T04:58:12.000,2.46,20.6,7.68,44.68728,-124.156658
2021-07-24T05:13:12.000,2.46,20.63,7.68,44.68728,-124.156658
2021-07-24T05:28:12.000,2.47,20.71,7.7,44.68728,-124.156658
2021-07-24T05:43:12.000,2.5,20.94,7.7,44.68728,-124.156658
2021-07-24T05:58:12.000,2.52,21.12,7.7,44.68728,-124.156658
2021-07-24T06:13:12.000,2.52,21.16,7.71,44.68728,-124.156658
2021-07-24T06:28:12.000,2.53,21.19,7.7,44.68728,-124.156658
2021-07-24T06:43:12.000,2.51,21.05,7.7,44.68728,-124.156658
2021-07-24T06:58:12.000,2.5,20.91,7.68,44.68728,-124.156658
2021-07-24T07:13:12.000,2.47,20.7,7.68,44.68728,-124.156658
2021-07-24T07:28:12.000,2.45,20.54,7.67,44.68728,-124.156658
2021-07-24T07:43:12.000,2.43,20.39,7.66,44.68728,-124.156658
2021-07-24T07:58:12.000,2.41,20.18,7.65,44.68728,-124.156658
2021-07-24T08:13:12.000,2.4,20.13,7.64,44.68728,-124.156658
2021-07-24T08:28:12.000,2.4,20.04,7.63,44.68728,-124.156658
2021-07-24T08:43:12.000,2.39,20.04,7.63,44.68728,-124.156658
2021-07-24T08:58:12.000,2.42,20.22,7.62,44.68728,-124.156658
2021-07-24T09:13:12.000,2.45,20.49,7.61,44.68728,-124.156658
2021-07-24T09:28:12.000,2.45,20.51,7.59,44.68728,-124.156658
2021-07-24T09:43:12.000,2.45,20.49,7.58,44.68728,-124.156658
2021-07-24T09:58:12.000,2.44,20.42,7.58,44.68728,-124.156658
2021-07-24T10:13:12.000,2.44,20.42,7.57,44.68728,-124.156658
2021-07-24T10:28:12.000,2.45,20.45,7.57,44.68728,-124.156658
2021-07-24T10:43:12.000,2.46,20.53,7.58,44.68728,-124.156658
2021-07-24T10:58:12.000,2.46,20.56,7.58,44.68728,-124.156658
2021-07-24T11:13:12.000,2.46,20.57,7.58,44.68728,-124.156658
2021-07-24T11:28:12.000,2.46,20.6,7.58,44.68728,-124.156658
2021-07-24T11:43:12.000,2.47,20.62,7.59,44.68728,-124.156658
2021-07-24T11:58:12.000,2.47,20.66,7.59,44.68728,-124.156658
2021-07-24T12:13:12.000,2.48,20.71,7.59,44.68728,-124.156658
2021-07-24T12:28:12.000,2.48,20.75,7.59,44.68728,-124.156658
2021-07-24T12:43:12.000,2.48,20.77,7.59,44.68728,-124.156658
2021-07-24T12:58:12.000,2.48,20.75,7.59,44.68728,-124.156658
2021-07-24T13:13:12.000,2.48,20.74,7.59,44.68728,-124.156658
2021-07-24T13:28:12.000,2.47,20.65,7.59,44.68728,-124.156658
2021-07-24T13:43:12.000,2.48,20.72,7.6,44.68728,-124.156658
2021-07-24T13:58:12.000,2.48,20.72,7.59,44.68728,-124.156658
2021-07-24T14:13:12.000,2.5,20.86,7.59,44.68728,-124.156658
2021-07-24T14:28:12.000,2.49,20.8,7.59,44.68728,-124.156658
2021-07-24T14:43:12.000,2.49,20.83,7.59,44.68728,-124.156658
2021-07-24T14:58:12.000,2.49,20.8,7.59,44.68728,-124.156658
2021-07-24T15:13:12.000,2.49,20.8,7.58,44.68728,-124.156658
2021-07-24T15:28:12.000,2.57,21.54,7.62,44.68728,-124.156658
2021-07-24T15:43:12.000,2.57,21.46,7.61,44.68728,-124.156658
2021-07-24T15:58:12.000,2.55,21.33,7.61,44.68728,-124.156658
2021-07-24T16:13:12.000,2.56,21.39,7.62,44.68728,-124.156658
2021-07-24T16:28:12.000,2.6,21.79,7.65,44.68728,-124.156658
2021-07-24T16:43:12.000,2.59,21.68,7.64,44.68728,-124.156658
2021-07-24T16:58:12.000,2.62,21.97,7.66,44.68728,-124.156658
2021-07-24T17:13:12.000,2.68,22.45,7.68,44.68728,-124.156658
2021-07-24T17:28:12.000,2.76,23.14,7.7,44.68728,-124.156658
2021-07-24T17:43:12.000,2.89,24.28,7.74,44.68728,-124.156658
2021-07-24T17:58:12.000,2.91,24.39,7.75,44.68728,-124.156658
2021-07-24T18:13:12.000,2.94,24.64,7.75,44.68728,-124.156658
2021-07-24T18:28:12.000,2.87,24.07,7.73,44.68728,-124.156658
2021-07-24T18:43:12.000,2.86,23.97,7.71,44.68728,-124.156658
2021-07-24T18:58:12.000,2.81,23.52,7.69,44.68728,-124.156658
2021-07-24T19:13:12.000,2.78,23.29,7.68,44.68728,-124.156658
2021-07-24T19:28:12.000,2.83,23.7,7.7,44.68728,-124.156658
2021-07-24T19:43:12.000,2.79,23.4,7.68,44.68728,-124.156658
2021-07-24T19:58:12.000,2.82,23.65,7.7,44.68728,-124.156658
2021-07-24T20:13:12.000,2.81,23.51,7.7,44.68728,-124.156658
2021-07-24T20:28:12.000,2.82,23.61,7.71,44.68728,-124.156658
2021-07-24T20:43:12.000,2.83,23.7,7.71,44.68728,-124.156658
2021-07-24T20:58:12.000,2.82,23.62,7.71,44.68728,-124.156658
2021-07-24T21:13:12.000,2.8,23.51,7.71,44.68728,-124.156658
2021-07-24T21:28:12.000,2.81,23.58,7.71,44.68728,-124.156658
2021-07-24T21:43:12.000,2.83,23.72,7.73,44.68728,-124.156658
2021-07-24T21:58:12.000,2.86,24.02,7.75,44.68728,-124.156658
2021-07-24T22:13:12.000,2.88,24.16,7.75,44.68728,-124.156658
2021-07-24T22:28:12.000,2.86,23.99,7.75,44.68728,-124.156658
2021-07-24T22:43:12.000,2.89,24.26,7.75,44.68728,-124.156658
2021-07-24T22:58:12.000,2.83,23.7,7.73,44.68728,-124.156658
2021-07-24T23:13:12.000,2.78,23.31,7.71,44.68728,-124.156658
2021-07-24T23:28:12.000,2.78,23.31,7.71,44.68728,-124.156658
2021-07-24T23:43:12.000,2.75,23.08,7.69,44.68728,-124.156658
2021-07-24T23:58:12.000,2.75,23.03,7.68,44.68728,-124.156658
2021-07-25T00:13:12.000,2.74,22.98,7.68,44.68728,-124.156658
2021-07-25T00:28:12.000,2.72,22.77,7.68,44.68728,-124.156658
2021-07-25T00:43:12.000,2.71,22.73,7.68,44.68728,-124.156658
2021-07-25T00:58:12.000,2.71,22.73,7.67,44.68728,-124.156658
2021-07-25T01:13:12.000,2.68,22.46,7.66,44.68728,-124.156658
2021-07-25T01:28:12.000,2.65,22.14,7.63,44.68728,-124.156658
2021-07-25T01:43:12.000,2.58,21.52,7.57,44.68728,-124.156658
2021-07-25T01:58:12.000,2.53,21.17,7.56,44.68728,-124.156658
2021-07-25T02:13:12.000,2.57,21.44,7.56,44.68728,-124.156658
2021-07-25T02:28:12.000,2.67,22.28,7.59,44.68728,-124.156658
2021-07-25T02:43:12.000,2.8,23.44,7.63,44.68728,-124.156658
2021-07-25T02:58:12.000,2.85,23.84,7.63,44.68728,-124.156658
2021-07-25T03:13:12.000,2.8,23.37,7.59,44.68728,-124.156658
2021-07-25T03:28:12.000,2.64,22.03,7.54,44.68728,-124.156658
2021-07-25T03:43:12.000,2.6,21.73,7.54,44.68728,-124.156658
2021-07-25T03:58:12.000,2.76,23.1,7.57,44.68728,-124.156658
2021-07-25T04:13:12.000,2.91,24.34,7.61,44.68728,-124.156658
2021-07-25T04:28:12.000,2.96,24.74,7.62,44.68728,-124.156658
2021-07-25T04:43:12.000,2.98,24.93,7.63,44.68728,-124.156658
2021-07-25T04:58:12.000,3.01,25.16,7.63,44.68728,-124.156658
2021-07-25T05:13:12.000,2.89,24.18,7.58,44.68728,-124.156658
2021-07-25T05:28:12.000,2.88,24.02,7.56,44.68728,-124.156658
2021-07-25T05:43:12.000,2.79,23.29,7.55,44.68728,-124.156658
2021-07-25T05:58:12.000,2.62,21.84,7.49,44.68728,-124.156658
2021-07-25T06:13:12.000,2.54,21.2,7.47,44.68728,-124.156658
2021-07-25T06:28:12.000,2.45,20.42,7.45,44.68728,-124.156658
2021-07-25T06:43:12.000,2.41,20.11,7.44,44.68728,-124.156658
2021-07-25T06:58:12.000,2.42,20.19,7.44,44.68728,-124.156658
2021-07-25T07:13:12.000,2.42,20.15,7.44,44.68728,-124.156658
2021-07-25T07:28:12.000,2.43,20.23,7.45,44.68728,-124.156658
2021-07-25T07:43:12.000,2.43,20.22,7.45,44.68728,-124.156658
2021-07-25T07:58:12.000,2.42,20.2,7.45,44.68728,-124.156658
2021-07-25T08:13:12.000,2.42,20.17,7.46,44.68728,-124.156658
2021-07-25T08:28:12.000,2.45,20.42,7.46,44.68728,-124.156658
2021-07-25T08:43:12.000,2.47,20.56,7.46,44.68728,-124.156658
2021-07-25T08:58:12.000,2.48,20.68,7.46,44.68728,-124.156658
2021-07-25T09:13:12.000,2.49,20.79,7.47,44.68728,-124.156658
2021-07-25T09:28:12.000,2.5,20.84,7.48,44.68728,-124.156658
2021-07-25T09:43:12.000,2.5,20.87,7.48,44.68728,-124.156658
2021-07-25T09:58:12.000,2.5,20.87,7.48,44.68728,-124.156658
2021-07-25T10:13:12.000,2.52,20.98,7.49,44.68728,-124.156658
2021-07-25T10:28:12.000,2.52,21,7.49,44.68728,-124.156658
2021-07-25T10:43:12.000,2.52,20.97,7.49,44.68728,-124.156658
2021-07-25T10:58:12.000,2.52,21,7.49,44.68728,-124.156658
2021-07-25T11:13:12.000,2.52,21,7.49,44.68728,-124.156658
2021-07-25T11:28:12.000,2.53,21.06,7.49,44.68728,-124.156658
2021-07-25T11:43:12.000,2.54,21.17,7.49,44.68728,-124.156658
2021-07-25T11:58:12.000,2.54,21.17,7.49,44.68728,-124.156658
2021-07-25T12:13:12.000,2.54,21.22,7.5,44.68728,-124.156658
2021-07-25T12:28:12.000,2.55,21.24,7.51,44.68728,-124.156658
2021-07-25T12:43:12.000,2.54,21.21,7.51,44.68728,-124.156658
2021-07-25T12:58:12.000,2.55,21.25,7.51,44.68728,-124.156658
2021-07-25T13:13:12.000,2.56,21.4,7.53,44.68728,-124.156658
2021-07-25T13:28:12.000,2.53,21.15,7.53,44.68728,-124.156658
2021-07-25T13:43:12.000,2.57,21.45,7.54,44.68728,-124.156658
2021-07-25T13:58:12.000,2.58,21.52,7.54,44.68728,-124.156658
2021-07-25T14:13:12.000,2.57,21.44,7.54,44.68728,-124.156658
2021-07-25T14:28:12.000,2.6,21.71,7.55,44.68728,-124.156658
2021-07-25T14:43:12.000,2.57,21.48,7.54,44.68728,-124.156658
2021-07-25T14:58:12.000,2.58,21.52,7.55,44.68728,-124.156658
2021-07-25T15:13:12.000,2.59,21.62,7.55,44.68728,-124.156658
2021-07-25T15:28:12.000,2.6,21.71,7.55,44.68728,-124.156658
2021-07-25T15:43:12.000,2.62,21.86,7.56,44.68728,-124.156658
2021-07-25T15:58:12.000,2.63,21.96,7.56,44.68728,-124.156658
2021-07-25T16:13:12.000,2.62,21.91,7.55,44.68728,-124.156658
2021-07-25T16:28:12.000,2.52,21.06,7.53,44.68728,-124.156658
2021-07-25T16:43:12.000,2.51,20.97,7.51,44.68728,-124.156658
2021-07-25T16:58:12.000,2.49,20.74,7.49,44.68728,-124.156658
2021-07-25T17:13:12.000,2.46,20.53,7.47,44.68728,-124.156658
2021-07-25T17:28:12.000,2.42,20.12,7.45,44.68728,-124.156658
2021-07-25T17:43:12.000,2.41,20.1,7.45,44.68728,-124.156658
2021-07-25T17:58:12.000,2.44,20.3,7.46,44.68728,-124.156658
2021-07-25T18:13:12.000,2.49,20.73,7.48,44.68728,-124.156658
2021-07-25T18:28:12.000,2.55,21.25,7.5,44.68728,-124.156658
2021-07-25T18:43:12.000,2.6,21.68,7.52,44.68728,-124.156658
2021-07-25T18:58:12.000,2.67,22.32,7.54,44.68728,-124.156658
2021-07-25T19:13:12.000,2.77,23.1,7.56,44.68728,-124.156658
2021-07-25T19:28:12.000,2.82,23.57,7.57,44.68728,-124.156658
2021-07-25T19:43:12.000,2.84,23.74,7.58,44.68728,-124.156658
2021-07-25T19:58:12.000,2.92,24.42,7.6,44.68728,-124.156658
2021-07-25T20:13:12.000,2.97,24.82,7.61,44.68728,-124.156658
2021-07-25T20:28:12.000,2.99,25.03,7.63,44.68728,-124.156658
2021-07-25T20:43:12.000,2.98,24.92,7.63,44.68728,-124.156658
2021-07-25T20:58:12.000,2.97,24.82,7.63,44.68728,-124.156658
2021-07-25T21:13:12.000,2.93,24.48,7.63,44.68728,-124.156658
2021-07-25T21:28:12.000,2.95,24.66,7.66,44.68728,-124.156658
2021-07-25T21:43:12.000,2.95,24.71,7.66,44.68728,-124.156658
2021-07-25T21:58:12.000,2.98,24.95,7.68,44.68728,-124.156658
2021-07-25T22:13:12.000,2.98,24.94,7.68,44.68728,-124.156658
2021-07-25T22:28:12.000,2.95,24.73,7.69,44.68728,-124.156658
2021-07-25T22:43:12.000,2.93,24.59,7.7,44.68728,-124.156658
2021-07-25T22:58:12.000,2.94,24.66,7.71,44.68728,-124.156658
2021-07-25T23:13:12.000,2.92,24.45,7.71,44.68728,-124.156658
2021-07-25T23:28:12.000,2.9,24.33,7.67,44.68728,-124.156658
2021-07-25T23:43:12.000,2.77,23.16,7.61,44.68728,-124.156658
2021-07-25T23:58:12.000,2.77,23.12,7.59,44.68728,-124.156658
2021-07-26T00:13:12.000,2.76,23.08,7.58,44.68728,-124.156658
2021-07-26T00:28:12.000,2.77,23.17,7.58,44.68728,-124.156658
2021-07-26T00:43:12.000,2.79,23.35,7.58,44.68728,-124.156658
2021-07-26T00:58:12.000,2.81,23.51,7.59,44.68728,-124.156658
2021-07-26T01:13:12.000,2.81,23.51,7.59,44.68728,-124.156658
2021-07-26T01:28:12.000,2.82,23.54,7.59,44.68728,-124.156658
2021-07-26T01:43:12.000,2.77,23.14,7.58,44.68728,-124.156658
2021-07-26T01:58:12.000,2.62,21.9,7.54,44.68728,-124.156658
2021-07-26T02:13:12.000,2.54,21.16,7.51,44.68728,-124.156658
2021-07-26T02:28:12.000,2.51,20.94,7.49,44.68728,-124.156658
2021-07-26T02:43:12.000,2.52,20.97,7.49,44.68728,-124.156658
2021-07-26T02:58:12.000,2.51,20.93,7.49,44.68728,-124.156658
2021-07-26T03:13:12.000,2.46,20.48,7.46,44.68728,-124.156658
2021-07-26T03:28:12.000,2.43,20.23,7.43,44.68728,-124.156658
2021-07-26T03:43:12.000,2.41,20.04,7.41,44.68728,-124.156658
2021-07-26T03:58:12.000,2.42,20.1,7.42,44.68728,-124.156658
2021-07-26T04:13:12.000,2.43,20.23,7.41,44.68728,-124.156658
2021-07-26T04:28:12.000,2.4,19.98,7.39,44.68728,-124.156658
2021-07-26T04:43:12.000,2.35,19.56,7.37,44.68728,-124.156658
2021-07-26T04:58:12.000,2.36,19.58,7.37,44.68728,-124.156658
2021-07-26T05:13:12.000,2.35,19.56,7.36,44.68728,-124.156658
2021-07-26T05:28:12.000,2.36,19.6,7.36,44.68728,-124.156658
2021-07-26T05:43:12.000,2.41,20.04,7.37,44.68728,-124.156658
2021-07-26T05:58:12.000,2.45,20.36,7.39,44.68728,-124.156658
2021-07-26T06:13:12.000,2.49,20.75,7.4,44.68728,-124.156658
2021-07-26T06:28:12.000,2.48,20.65,7.4,44.68728,-124.156658
2021-07-26T06:43:12.000,2.5,20.82,7.41,44.68728,-124.156658
2021-07-26T06:58:12.000,2.49,20.73,7.4,44.68728,-124.156658
2021-07-26T07:13:12.000,2.5,20.82,7.4,44.68728,-124.156658
2021-07-26T07:28:12.000,2.47,20.51,7.39,44.68728,-124.156658
2021-07-26T07:43:12.000,2.42,20.16,7.37,44.68728,-124.156658
2021-07-26T07:58:12.000,2.39,19.83,7.37,44.68728,-124.156658
2021-07-26T08:13:12.000,2.36,19.66,7.36,44.68728,-124.156658
2021-07-26T08:28:12.000,2.36,19.61,7.35,44.68728,-124.156658
2021-07-26T08:43:12.000,2.33,19.39,7.34,44.68728,-124.156658
2021-07-26T08:58:12.000,2.32,19.27,7.33,44.68728,-124.156658
2021-07-26T09:13:12.000,2.33,19.33,7.33,44.68728,-124.156658
2021-07-26T09:28:12.000,2.32,19.31,7.33,44.68728,-124.156658
2021-07-26T09:43:12.000,2.32,19.26,7.34,44.68728,-124.156658
2021-07-26T09:58:12.000,2.34,19.4,7.33,44.68728,-124.156658
2021-07-26T10:13:12.000,2.34,19.39,7.32,44.68728,-124.156658
2021-07-26T10:28:12.000,2.34,19.43,7.32,44.68728,-124.156658
2021-07-26T10:43:12.000,2.34,19.46,7.31,44.68728,-124.156658
2021-07-26T10:58:12.000,2.35,19.53,7.3,44.68728,-124.156658
2021-07-26T11:13:12.000,2.35,19.51,7.3,44.68728,-124.156658
2021-07-26T11:28:12.000,2.35,19.51,7.3,44.68728,-124.156658
2021-07-26T11:43:12.000,2.34,19.43,7.29,44.68728,-124.156658
2021-07-26T11:58:12.000,2.34,19.42,7.29,44.68728,-124.156658
2021-07-26T12:13:12.000,2.33,19.36,7.29,44.68728,-124.156658
2021-07-26T12:28:12.000,2.33,19.32,7.3,44.68728,-124.156658
2021-07-26T12:43:12.000,2.33,19.31,7.3,44.68728,-124.156658
2021-07-26T12:58:12.000,2.32,19.3,7.3,44.68728,-124.156658
2021-07-26T13:13:12.000,2.32,19.25,7.31,44.68728,-124.156658
2021-07-26T13:28:12.000,2.31,19.19,7.31,44.68728,-124.156658
2021-07-26T13:43:12.000,2.31,19.19,7.31,44.68728,-124.156658
2021-07-26T13:58:12.000,2.3,19.13,7.31,44.68728,-124.156658
2021-07-26T14:13:12.000,2.31,19.19,7.31,44.68728,-124.156658
2021-07-26T14:28:12.000,2.31,19.18,7.31,44.68728,-124.156658
2021-07-26T14:43:12.000,2.31,19.15,7.31,44.68728,-124.156658
2021-07-26T14:58:12.000,2.3,19.08,7.32,44.68728,-124.156658
2021-07-26T15:13:12.000,2.3,19.11,7.32,44.68728,-124.156658
2021-07-26T15:28:12.000,2.3,19.09,7.32,44.68728,-124.156658
2021-07-26T15:43:12.000,2.29,19.02,7.33,44.68728,-124.156658
2021-07-26T15:58:12.000,2.42,20.09,7.36,44.68728,-124.156658
2021-07-26T16:13:12.000,2.29,19.01,7.33,44.68728,-124.156658
2021-07-26T16:28:12.000,2.3,19.14,7.34,44.68728,-124.156658
2021-07-26T16:43:12.000,2.32,19.3,7.36,44.68728,-124.156658
2021-07-26T16:58:12.000,2.36,19.6,7.37,44.68728,-124.156658
2021-07-26T17:13:12.000,2.37,19.69,7.38,44.68728,-124.156658
2021-07-26T17:28:12.000,2.42,20.1,7.39,44.68728,-124.156658
2021-07-26T17:43:12.000,2.45,20.43,7.41,44.68728,-124.156658
2021-07-26T17:58:12.000,2.44,20.33,7.41,44.68728,-124.156658
2021-07-26T18:13:12.000,2.44,20.33,7.41,44.68728,-124.156658
2021-07-26T18:28:12.000,2.44,20.32,7.42,44.68728,-124.156658
2021-07-26T18:43:12.000,2.47,20.53,7.44,44.68728,-124.156658
2021-07-26T18:58:12.000,2.57,21.4,7.47,44.68728,-124.156658
2021-07-26T19:13:12.000,2.59,21.58,7.49,44.68728,-124.156658
2021-07-26T19:28:12.000,2.74,22.89,7.54,44.68728,-124.156658
2021-07-26T19:43:12.000,2.85,23.77,7.56,44.68728,-124.156658
2021-07-26T19:58:12.000,3.02,25.28,7.6,44.68728,-124.156658
2021-07-26T20:13:12.000,3.08,25.79,7.62,44.68728,-124.156658
2021-07-26T20:28:12.000,3.19,26.69,7.66,44.68728,-124.156658
2021-07-26T20:43:12.000,3.31,27.76,7.7,44.68728,-124.156658
2021-07-26T20:58:12.000,3.57,30.01,7.78,44.68728,-124.156658
2021-07-26T21:13:12.000,3.68,30.96,7.81,44.68728,-124.156658
2021-07-26T21:28:12.000,3.71,31.19,7.82,44.68728,-124.156658
2021-07-26T21:43:12.000,3.71,31.2,7.82,44.68728,-124.156658
2021-07-26T21:58:12.000,3.73,31.4,7.83,44.68728,-124.156658
2021-07-26T22:13:12.000,3.77,31.76,7.85,44.68728,-124.156658
2021-07-26T22:28:12.000,3.81,32.03,7.86,44.68728,-124.156658
2021-07-26T22:43:12.000,3.88,32.63,7.88,44.68728,-124.156658
2021-07-26T22:58:12.000,3.91,32.91,7.89,44.68728,-124.156658
2021-07-26T23:13:12.000,3.91,32.94,7.89,44.68728,-124.156658
2021-07-26T23:28:12.000,3.88,32.7,7.88,44.68728,-124.156658
2021-07-26T23:43:12.000,3.91,32.95,7.9,44.68728,-124.156658
2021-07-26T23:58:12.000,3.88,32.68,7.88,44.68728,-124.156658
2021-07-27T00:13:12.000,3.85,32.43,7.88,44.68728,-124.156658
2021-07-27T00:28:12.000,3.82,32.14,7.87,44.68728,-124.156658
2021-07-27T00:43:12.000,3.84,32.33,7.88,44.68728,-124.156658
2021-07-27T00:58:12.000,3.8,32.02,7.87,44.68728,-124.156658
2021-07-27T01:13:12.000,3.91,32.96,7.91,44.68728,-124.156658
2021-07-27T01:28:12.000,3.84,32.31,7.87,44.68728,-124.156658
2021-07-27T01:43:12.000,3.47,29.17,7.77,44.68728,-124.156658
2021-07-27T01:58:12.000,3.21,26.89,7.7,44.68728,-124.156658
2021-07-27T02:13:12.000,3.08,25.8,7.66,44.68728,-124.156658
2021-07-27T02:28:12.000,2.99,25.04,7.63,44.68728,-124.156658
2021-07-27T02:43:12.000,2.94,24.61,7.61,44.68728,-124.156658
2021-07-27T02:58:12.000,2.84,23.77,7.58,44.68728,-124.156658
2021-07-27T03:13:12.000,2.78,23.21,7.56,44.68728,-124.156658
2021-07-27T03:28:12.000,2.7,22.53,7.54,44.68728,-124.156658
2021-07-27T03:43:12.000,2.64,22.02,7.53,44.68728,-124.156658
2021-07-27T03:58:12.000,2.6,21.66,7.51,44.68728,-124.156658
2021-07-27T04:13:12.000,2.59,21.62,7.5,44.68728,-124.156658
2021-07-27T04:28:12.000,2.56,21.32,7.49,44.68728,-124.156658
2021-07-27T04:43:12.000,2.54,21.13,7.47,44.68728,-124.156658
2021-07-27T04:58:12.000,2.54,21.16,7.48,44.68728,-124.156658
2021-07-27T05:13:12.000,2.59,21.62,7.49,44.68728,-124.156658
2021-07-27T05:28:12.000,2.63,21.94,7.5,44.68728,-124.156658
2021-07-27T05:43:12.000,2.65,22.07,7.51,44.68728,-124.156658
2021-07-27T05:58:12.000,2.63,21.92,7.49,44.68728,-124.156658
2021-07-27T06:13:12.000,2.6,21.68,7.49,44.68728,-124.156658
2021-07-27T06:28:12.000,2.56,21.37,7.46,44.68728,-124.156658
2021-07-27T06:43:12.000,2.52,21,7.44,44.68728,-124.156658
2021-07-27T06:58:12.000,2.39,19.91,7.41,44.68728,-124.156658
2021-07-27T07:13:12.000,2.34,19.49,7.39,44.68728,-124.156658
2021-07-27T07:28:12.000,2.3,19.13,7.37,44.68728,-124.156658
2021-07-27T07:43:12.000,2.25,18.7,7.34,44.68728,-124.156658
2021-07-27T07:58:12.000,2.26,18.79,7.34,44.68728,-124.156658
2021-07-27T08:13:12.000,2.27,18.9,7.35,44.68728,-124.156658
2021-07-27T08:28:12.000,2.3,19.15,7.37,44.68728,-124.156658
2021-07-27T08:43:12.000,2.32,19.32,7.37,44.68728,-124.156658
2021-07-27T08:58:12.000,2.34,19.49,7.38,44.68728,-124.156658
2021-07-27T09:13:12.000,2.32,19.32,7.39,44.68728,-124.156658
2021-07-27T09:28:12.000,2.32,19.3,7.39,44.68728,-124.156658
2021-07-27T09:43:12.000,2.32,19.33,7.39,44.68728,-124.156658
2021-07-27T09:58:12.000,2.32,19.31,7.4,44.68728,-124.156658
2021-07-27T10:13:12.000,2.34,19.51,7.41,44.68728,-124.156658
2021-07-27T10:28:12.000,2.36,19.65,7.41,44.68728,-124.156658
2021-07-27T10:43:12.000,2.33,19.43,7.41,44.68728,-124.156658
2021-07-27T10:58:12.000,2.37,19.71,7.42,44.68728,-124.156658
2021-07-27T11:13:12.000,2.37,19.72,7.42,44.68728,-124.156658
2021-07-27T11:28:12.000,2.37,19.7,7.42,44.68728,-124.156658
2021-07-27T11:43:12.000,2.38,19.78,7.42,44.68728,-124.156658
2021-07-27T11:58:12.000,2.36,19.66,7.43,44.68728,-124.156658
2021-07-27T12:13:12.000,2.38,19.81,7.43,44.68728,-124.156658
2021-07-27T12:28:12.000,2.38,19.81,7.43,44.68728,-124.156658
2021-07-27T12:43:12.000,2.38,19.85,7.44,44.68728,-124.156658
2021-07-27T12:58:12.000,2.38,19.81,7.44,44.68728,-124.156658
2021-07-27T13:13:12.000,2.37,19.76,7.44,44.68728,-124.156658
2021-07-27T13:28:12.000,2.39,19.91,7.45,44.68728,-124.156658
2021-07-27T13:43:12.000,2.41,20.11,7.46,44.68728,-124.156658
2021-07-27T13:58:12.000,2.43,20.22,7.46,44.68728,-124.156658
2021-07-27T14:13:12.000,2.44,20.34,7.48,44.68728,-124.156658
2021-07-27T14:28:12.000,2.44,20.34,7.48,44.68728,-124.156658
2021-07-27T14:43:12.000,2.45,20.47,7.49,44.68728,-124.156658
2021-07-27T14:58:12.000,2.49,20.8,7.51,44.68728,-124.156658
2021-07-27T15:13:12.000,2.52,21.02,7.54,44.68728,-124.156658
2021-07-27T15:28:12.000,2.54,21.2,7.54,44.68728,-124.156658
2021-07-27T15:43:12.000,2.55,21.25,7.54,44.68728,-124.156658
2021-07-27T15:58:12.000,2.53,21.14,7.54,44.68728,-124.156658
2021-07-27T16:13:12.000,2.51,20.99,7.54,44.68728,-124.156658
2021-07-27T16:28:12.000,2.52,21.03,7.54,44.68728,-124.156658
2021-07-27T16:43:12.000,2.5,20.9,7.53,44.68728,-124.156658
2021-07-27T16:58:12.000,2.49,20.75,7.53,44.68728,-124.156658
2021-07-27T17:13:12.000,2.47,20.6,7.51,44.68728,-124.156658
2021-07-27T17:28:12.000,2.44,20.37,7.51,44.68728,-124.156658
2021-07-27T17:43:12.000,2.45,20.48,7.51,44.68728,-124.156658
2021-07-27T17:58:12.000,2.45,20.46,7.51,44.68728,-124.156658
2021-07-27T18:13:12.000,2.44,20.33,7.49,44.68728,-124.156658
2021-07-27T18:28:12.000,2.44,20.33,7.49,44.68728,-124.156658
2021-07-27T18:43:12.000,2.45,20.4,7.49,44.68728,-124.156658
2021-07-27T18:58:12.000,2.47,20.59,7.49,44.68728,-124.156658
2021-07-27T19:13:12.000,2.46,20.51,7.49,44.68728,-124.156658
2021-07-27T19:28:12.000,2.47,20.62,7.49,44.68728,-124.156658
2021-07-27T19:43:12.000,2.46,20.53,7.49,44.68728,-124.156658
2021-07-27T19:58:12.000,2.46,20.51,7.49,44.68728,-124.156658
2021-07-27T20:13:12.000,2.46,20.52,7.49,44.68728,-124.156658
2021-07-27T20:28:12.000,2.46,20.54,7.49,44.68728,-124.156658
2021-07-27T20:43:12.000,2.47,20.55,7.49,44.68728,-124.156658
2021-07-27T20:58:12.000,2.45,20.46,7.49,44.68728,-124.156658
2021-07-27T21:13:12.000,2.45,20.43,7.49,44.68728,-124.156658
2021-07-27T21:28:12.000,2.45,20.43,7.49,44.68728,-124.156658
2021-07-27T21:43:12.000,2.44,20.39,7.49,44.68728,-124.156658
2021-07-27T21:58:12.000,2.44,20.34,7.49,44.68728,-124.156658
2021-07-27T22:13:12.000,2.44,20.31,7.49,44.68728,-124.156658
2021-07-27T22:28:12.000,2.43,20.22,7.49,44.68728,-124.156658
2021-07-27T22:43:12.000,2.42,20.17,7.49,44.68728,-124.156658
2021-07-27T22:58:12.000,2.44,20.34,7.49,44.68728,-124.156658
2021-07-27T23:13:12.000,2.4,19.98,7.49,44.68728,-124.156658
2021-07-27T23:28:12.000,2.39,19.91,7.48,44.68728,-124.156658
2021-07-27T23:43:12.000,2.4,19.98,7.48,44.68728,-124.156658
2021-07-27T23:58:12.000,2.39,19.89,7.48,44.68728,-124.156658
2021-07-28T00:13:12.000,2.39,19.91,7.48,44.68728,-124.156658
2021-07-28T00:28:12.000,2.4,19.98,7.47,44.68728,-124.156658
2021-07-28T00:43:12.000,2.4,20.01,7.48,44.68728,-124.156658
2021-07-28T00:58:12.000,2.41,20.09,7.48,44.68728,-124.156658
2021-07-28T01:13:12.000,2.42,20.2,7.49,44.68728,-124.156658
2021-07-28T01:28:12.000,2.46,20.47,7.49,44.68728,-124.156658
2021-07-28T01:43:12.000,2.47,20.6,7.5,44.68728,-124.156658
2021-07-28T01:58:12.000,2.47,20.63,7.51,44.68728,-124.156658
2021-07-28T02:13:12.000,2.5,20.89,7.51,44.68728,-124.156658
2021-07-28T02:28:12.000,2.52,21.01,7.51,44.68728,-124.156658
2021-07-28T02:43:12.000,2.55,21.26,7.53,44.68728,-124.156658
2021-07-28T02:58:12.000,2.68,22.35,7.56,44.68728,-124.156658
2021-07-28T03:13:12.000,2.85,23.83,7.59,44.68728,-124.156658
2021-07-28T03:28:12.000,3.01,25.23,7.64,44.68728,-124.156658
2021-07-28T03:43:12.000,2.96,24.74,7.61,44.68728,-124.156658
2021-07-28T03:58:12.000,2.91,24.31,7.61,44.68728,-124.156658
2021-07-28T04:13:12.000,2.81,23.49,7.56,44.68728,-124.156658
2021-07-28T04:28:12.000,2.57,21.44,7.51,44.68728,-124.156658
2021-07-28T04:43:12.000,2.43,20.23,7.48,44.68728,-124.156658
2021-07-28T04:58:12.000,2.35,19.6,7.46,44.68728,-124.156658
2021-07-28T05:13:12.000,2.33,19.38,7.46,44.68728,-124.156658
2021-07-28T05:28:12.000,2.33,19.4,7.46,44.68728,-124.156658
2021-07-28T05:43:12.000,2.31,19.24,7.44,44.68728,-124.156658
2021-07-28T05:58:12.000,2.25,18.76,7.43,44.68728,-124.156658
2021-07-28T06:13:12.000,2.23,18.58,7.43,44.68728,-124.156658
2021-07-28T06:28:12.000,2.24,18.66,7.44,44.68728,-124.156658
2021-07-28T06:43:12.000,2.29,19.08,7.45,44.68728,-124.156658
2021-07-28T06:58:12.000,2.52,21.01,7.51,44.68728,-124.156658
2021-07-28T07:13:12.000,3.17,26.54,7.7,44.68728,-124.156658
2021-07-28T07:28:12.000,5,42.37,8.14,44.68728,-124.156658
2021-07-28T07:43:12.000,4.96,41.98,8.11,44.68728,-124.156658
2021-07-28T07:58:12.000,4.81,40.67,8.06,44.68728,-124.156658
2021-07-28T08:13:12.000,4.5,37.96,7.99,44.68728,-124.156658
2021-07-28T08:28:12.000,4.4,37.14,7.97,44.68728,-124.156658
2021-07-28T08:43:12.000,4.3,36.24,7.95,44.68728,-124.156658
2021-07-28T08:58:12.000,4.24,35.76,7.94,44.68728,-124.156658
2021-07-28T09:13:12.000,4.22,35.57,7.93,44.68728,-124.156658
2021-07-28T09:28:12.000,4.24,35.75,7.93,44.68728,-124.156658
2021-07-28T09:43:12.000,4.24,35.76,7.93,44.68728,-124.156658
2021-07-28T09:58:12.000,4.3,36.28,7.95,44.68728,-124.156658
2021-07-28T10:13:12.000,4.19,35.3,7.92,44.68728,-124.156658
2021-07-28T10:28:12.000,4.17,35.15,7.92,44.68728,-124.156658
2021-07-28T10:43:12.000,4.3,36.24,7.94,44.68728,-124.156658
2021-07-28T10:58:12.000,4.38,36.96,7.95,44.68728,-124.156658
2021-07-28T11:13:12.000,3.46,29.02,7.76,44.68728,-124.156658
2021-07-28T11:28:12.000,3.45,29,7.75,44.68728,-124.156658
2021-07-28T11:43:12.000,3.61,30.31,7.8,44.68728,-124.156658
2021-07-28T11:58:12.000,4.2,35.38,7.88,44.68728,-124.156658
2021-07-28T12:13:12.000,4.24,35.7,7.9,44.68728,-124.156658
2021-07-28T12:28:12.000,4.29,36.18,7.92,44.68728,-124.156658
2021-07-28T12:43:12.000,4.35,36.64,7.94,44.68728,-124.156658
2021-07-28T12:58:12.000,4.42,37.29,7.95,44.68728,-124.156658
2021-07-28T13:13:12.000,4.49,37.88,7.96,44.68728,-124.156658
2021-07-28T13:28:12.000,4.53,38.17,7.95,44.68728,-124.156658
2021-07-28T13:43:12.000,4.64,39.14,7.97,44.68728,-124.156658
2021-07-28T13:58:12.000,4.71,39.72,7.97,44.68728,-124.156658
2021-07-28T14:13:12.000,4.75,40.07,7.97,44.68728,-124.156658
2021-07-28T14:28:12.000,4.69,39.51,7.95,44.68728,-124.156658
2021-07-28T14:43:12.000,4.6,38.82,7.94,44.68728,-124.156658
2021-07-28T14:58:12.000,4.48,37.77,7.91,44.68728,-124.156658
