Time (UTC),DO (ml/L),Dissolved Oxygen (%),Temperature (C),Latitude,Longitude
2021-07-04T15:32:11.000,2.28,19.33,8.16,44.68728,-124.156658
2021-07-04T15:47:11.000,2.29,19.39,8.15,44.68728,-124.156658
2021-07-04T16:02:11.000,2.28,19.31,8.16,44.68728,-124.156658
2021-07-04T16:17:11.000,2.27,19.26,8.16,44.68728,-124.156658
2021-07-04T16:32:11.000,2.27,19.2,8.16,44.68728,-124.156658
2021-07-04T16:47:11.000,2.27,19.28,8.16,44.68728,-124.156658
2021-07-04T17:02:11.000,2.26,19.15,8.16,44.68728,-124.156658
2021-07-04T17:17:11.000,2.24,19,8.16,44.68728,-124.156658
2021-07-04T17:32:11.000,2.21,18.77,8.15,44.68728,-124.156658
2021-07-04T17:47:11.000,2.2,18.66,8.14,44.68728,-124.156658
2021-07-04T18:02:11.000,2.22,18.78,8.14,44.68728,-124.156658
2021-07-04T18:17:11.000,2.2,18.59,8.12,44.68728,-124.156658
2021-07-04T18:32:11.000,2.19,18.54,8.09,44.68728,-124.156658
2021-07-04T18:47:11.000,2.11,17.83,8.06,44.68728,-124.156658
2021-07-04T19:02:11.000,2.06,17.44,8.04,44.68728,-124.156658
2021-07-04T19:17:11.000,2.01,17.01,8.02,44.68728,-124.156658
2021-07-04T19:32:11.000,1.99,16.78,7.99,44.68728,-124.156658
2021-07-04T19:47:11.000,1.95,16.44,7.98,44.68728,-124.156658
2021-07-04T20:02:11.000,1.92,16.24,7.97,44.68728,-124.156658
2021-07-04T20:17:11.000,1.9,16.05,7.95,44.68728,-124.156658
2021-07-04T20:32:11.000,1.87,15.77,7.94,44.68728,-124.156658
2021-07-04T20:47:11.000,1.85,15.63,7.94,44.68728,-124.156658
2021-07-04T21:02:11.000,1.82,15.34,7.94,44.68728,-124.156658
2021-07-04T21:17:11.000,1.83,15.41,7.93,44.68728,-124.156658
2021-07-04T21:32:11.000,1.8,15.15,7.93,44.68728,-124.156658
2021-07-04T21:47:11.000,1.79,15.13,7.93,44.68728,-124.156658
2021-07-04T22:02:11.000,1.79,15.08,7.93,44.68728,-124.156658
2021-07-04T22:17:11.000,1.81,15.22,7.94,44.68728,-124.156658
2021-07-04T22:32:11.000,1.82,15.31,7.94,44.68728,-124.156658
2021-07-04T22:47:11.000,1.82,15.33,7.95,44.68728,-124.156658
2021-07-04T23:02:11.000,1.87,15.8,7.95,44.68728,-124.156658
2021-07-04T23:17:11.000,1.86,15.67,7.95,44.68728,-124.156658
2021-07-04T23:32:11.000,1.91,16.14,7.97,44.68728,-124.156658
2021-07-04T23:47:11.000,1.95,16.44,7.97,44.68728,-124.156658
2021-07-05T00:02:11.000,1.99,16.77,7.99,44.68728,-124.156658
2021-07-05T00:17:11.000,2.03,17.13,8.01,44.68728,-124.156658
2021-07-05T00:32:11.000,2.04,17.25,8.02,44.68728,-124.156658
2021-07-05T00:47:11.000,2.04,17.23,8.02,44.68728,-124.156658
2021-07-05T01:02:11.000,2.05,17.31,8.04,44.68728,-124.156658
2021-07-05T01:17:11.000,2.11,17.82,8.07,44.68728,-124.156658
2021-07-05T01:32:11.000,2.21,18.69,8.1,44.68728,-124.156658
2021-07-05T01:47:11.000,2.29,19.43,8.14,44.68728,-124.156658
2021-07-05T02:02:11.000,2.34,19.85,8.15,44.68728,-124.156658
2021-07-05T02:17:11.000,2.37,20.11,8.16,44.68728,-124.156658
2021-07-05T02:32:11.000,2.39,20.23,8.17,44.68728,-124.156658
2021-07-05T02:47:11.000,2.38,20.16,8.17,44.68728,-124.156658
2021-07-05T03:02:11.000,2.38,20.19,8.18,44.68728,-124.156658
2021-07-05T03:17:11.000,2.39,20.29,8.19,44.68728,-124.156658
2021-07-05T03:32:11.000,2.41,20.42,8.19,44.68728,-124.156658
2021-07-05T03:47:11.000,2.44,20.67,8.21,44.68728,-124.156658
2021-07-05T04:02:11.000,2.42,20.5,8.21,44.68728,-124.156658
2021-07-05T04:17:11.000,1.91,16.16,7.99,44.68728,-124.156658
2021-07-05T04:32:11.000,1.95,16.49,7.99,44.68728,-124.156658
2021-07-05T04:47:11.000,1.89,15.98,7.96,44.68728,-124.156658
2021-07-05T05:02:11.000,1.83,15.42,7.95,44.68728,-124.156658
2021-07-05T05:17:11.000,1.95,16.46,7.94,44.68728,-124.156658
2021-07-05T05:32:11.000,1.93,16.24,7.93,44.68728,-124.156658
2021-07-05T05:47:11.000,1.96,16.54,7.92,44.68728,-124.156658
2021-07-05T06:02:11.000,1.97,16.64,7.92,44.68728,-124.156658
2021-07-05T06:17:11.000,1.98,16.7,7.92,44.68728,-124.156658
2021-07-05T06:32:11.000,1.98,16.68,7.92,44.68728,-124.156658
2021-07-05T06:47:11.000,1.96,16.54,7.92,44.68728,-124.156658
2021-07-05T07:02:11.000,1.93,16.27,7.92,44.68728,-124.156658
2021-07-05T07:17:11.000,1.94,16.34,7.91,44.68728,-124.156658
2021-07-05T07:32:11.000,1.93,16.25,7.91,44.68728,-124.156658
2021-07-05T07:47:11.000,1.92,16.18,7.9,44.68728,-124.156658
2021-07-05T08:02:11.000,1.93,16.26,7.9,44.68728,-124.156658
2021-07-05T08:17:11.000,1.95,16.44,7.9,44.68728,-124.156658
2021-07-05T08:32:11.000,1.94,16.3,7.88,44.68728,-124.156658
2021-07-05T08:47:11.000,1.91,16.08,7.87,44.68728,-124.156658
2021-07-05T09:02:11.000,1.89,15.94,7.87,44.68728,-124.156658
2021-07-05T09:17:11.000,1.89,15.87,7.87,44.68728,-124.156658
2021-07-05T09:32:11.000,1.88,15.86,7.87,44.68728,-124.156658
2021-07-05T09:47:11.000,1.87,15.72,7.87,44.68728,-124.156658
2021-07-05T10:02:11.000,1.89,15.88,7.87,44.68728,-124.156658
2021-07-05T10:17:11.000,1.89,15.91,7.87,44.68728,-124.156658
2021-07-05T10:32:11.000,1.86,15.68,7.86,44.68728,-124.156658
2021-07-05T10:47:11.000,1.84,15.48,7.85,44.68728,-124.156658
2021-07-05T11:02:11.000,1.84,15.48,7.85,44.68728,-124.156658
2021-07-05T11:17:11.000,1.83,15.37,7.85,44.68728,-124.156658
2021-07-05T11:32:11.000,1.82,15.33,7.85,44.68728,-124.156658
2021-07-05T11:47:11.000,1.81,15.23,7.85,44.68728,-124.156658
2021-07-05T12:02:11.000,1.82,15.35,7.85,44.68728,-124.156658
2021-07-05T12:17:11.000,1.82,15.3,7.85,44.68728,-124.156658
2021-07-05T12:32:11.000,1.85,15.53,7.87,44.68728,-124.156658
2021-07-05T12:47:11.000,1.86,15.65,7.87,44.68728,-124.156658
2021-07-05T13:02:11.000,1.85,15.6,7.87,44.68728,-124.156658
2021-07-05T13:17:11.000,1.9,16.01,7.87,44.68728,-124.156658
2021-07-05T13:32:11.000,1.91,16.06,7.87,44.68728,-124.156658
2021-07-05T13:47:11.000,1.9,16.02,7.87,44.68728,-124.156658
2021-07-05T14:02:11.000,1.89,15.87,7.87,44.68728,-124.156658
2021-07-05T14:17:11.000,1.87,15.72,7.87,44.68728,-124.156658
2021-07-05T14:32:11.000,1.86,15.63,7.87,44.68728,-124.156658
2021-07-05T14:47:11.000,1.84,15.52,7.87,44.68728,-124.156658
2021-07-05T15:02:11.000,1.81,15.22,7.86,44.68728,-124.156658
2021-07-05T15:17:11.000,1.8,15.13,7.85,44.68728,-124.156658
2021-07-05T15:32:11.000,1.78,14.93,7.85,44.68728,-124.156658
2021-07-05T15:47:11.000,1.76,14.82,7.85,44.68728,-124.156658
2021-07-05T16:02:11.000,1.74,14.61,7.83,44.68728,-124.156658
2021-07-05T16:17:11.000,1.68,14.09,7.8,44.68728,-124.156658
2021-07-05T16:32:11.000,1.52,12.76,7.73,44.68728,-124.156658
2021-07-05T16:47:11.000,1.49,12.47,7.68,44.68728,-124.156658
2021-07-05T17:02:11.000,1.46,12.22,7.66,44.68728,-124.156658
2021-07-05T17:17:11.000,1.45,12.11,7.66,44.68728,-124.156658
2021-07-05T17:32:11.000,1.44,12.02,7.64,44.68728,-124.156658
2021-07-05T17:47:11.000,1.43,11.97,7.63,44.68728,-124.156658
2021-07-05T18:02:11.000,1.43,11.93,7.63,44.68728,-124.156658
2021-07-05T18:17:11.000,1.41,11.8,7.63,44.68728,-124.156658
2021-07-05T18:32:11.000,1.4,11.72,7.63,44.68728,-124.156658
2021-07-05T18:47:11.000,1.4,11.7,7.63,44.68728,-124.156658
2021-07-05T19:02:11.000,1.38,11.57,7.63,44.68728,-124.156658
2021-07-05T19:17:11.000,1.37,11.47,7.63,44.68728,-124.156658
2021-07-05T19:32:11.000,1.37,11.48,7.63,44.68728,-124.156658
2021-07-05T19:47:11.000,1.36,11.4,7.63,44.68728,-124.156658
2021-07-05T20:02:11.000,1.37,11.49,7.63,44.68728,-124.156658
2021-07-05T20:17:11.000,1.36,11.38,7.63,44.68728,-124.156658
2021-07-05T20:32:11.000,1.37,11.46,7.63,44.68728,-124.156658
2021-07-05T20:47:11.000,1.37,11.49,7.63,44.68728,-124.156658
2021-07-05T21:02:11.000,1.39,11.64,7.64,44.68728,-124.156658
2021-07-05T21:17:11.000,1.4,11.75,7.65,44.68728,-124.156658
2021-07-05T21:32:11.000,1.41,11.78,7.66,44.68728,-124.156658
2021-07-05T21:47:11.000,1.41,11.81,7.66,44.68728,-124.156658
2021-07-05T22:02:11.000,1.43,11.93,7.66,44.68728,-124.156658
2021-07-05T22:17:11.000,1.44,12.05,7.66,44.68728,-124.156658
2021-07-05T22:32:11.000,1.44,12.07,7.67,44.68728,-124.156658
2021-07-05T22:47:11.000,1.45,12.15,7.68,44.68728,-124.156658
2021-07-05T23:02:11.000,1.46,12.2,7.68,44.68728,-124.156658
2021-07-05T23:17:11.000,1.46,12.25,7.68,44.68728,-124.156658
2021-07-05T23:32:11.000,1.47,12.29,7.68,44.68728,-124.156658
2021-07-05T23:47:11.000,1.48,12.4,7.68,44.68728,-124.156658
2021-07-06T00:02:11.000,1.5,12.6,7.69,44.68728,-124.156658
2021-07-06T00:17:11.000,1.51,12.65,7.7,44.68728,-124.156658
2021-07-06T00:32:11.000,1.49,12.52,7.7,44.68728,-124.156658
2021-07-06T00:47:11.000,1.5,12.55,7.7,44.68728,-124.156658
2021-07-06T01:02:11.000,1.5,12.58,7.71,44.68728,-124.156658
2021-07-06T01:17:11.000,1.49,12.46,7.71,44.68728,-124.156658
2021-07-06T01:32:11.000,1.46,12.28,7.71,44.68728,-124.156658
2021-07-06T01:47:11.000,1.49,12.52,7.71,44.68728,-124.156658
2021-07-06T02:02:11.000,1.49,12.5,7.71,44.68728,-124.156658
2021-07-06T02:17:11.000,1.49,12.52,7.71,44.68728,-124.156658
2021-07-06T02:32:11.000,1.48,12.45,7.71,44.68728,-124.156658
2021-07-06T02:47:11.000,1.47,12.35,7.71,44.68728,-124.156658
2021-07-06T03:02:11.000,1.48,12.43,7.71,44.68728,-124.156658
2021-07-06T03:17:11.000,1.47,12.28,7.7,44.68728,-124.156658
2021-07-06T03:32:11.000,1.47,12.33,7.7,44.68728,-124.156658
2021-07-06T03:47:11.000,1.42,11.91,7.68,44.68728,-124.156658
2021-07-06T04:02:11.000,1.4,11.7,7.66,44.68728,-124.156658
2021-07-06T04:17:11.000,1.31,10.95,7.63,44.68728,-124.156658
2021-07-06T04:32:11.000,1.27,10.66,7.61,44.68728,-124.156658
2021-07-06T04:47:11.000,1.24,10.38,7.59,44.68728,-124.156658
2021-07-06T05:02:11.000,1.23,10.3,7.57,44.68728,-124.156658
2021-07-06T05:17:11.000,1.22,10.19,7.56,44.68728,-124.156658
2021-07-06T05:32:11.000,1.22,10.16,7.56,44.68728,-124.156658
2021-07-06T05:47:11.000,1.22,10.16,7.56,44.68728,-124.156658
2021-07-06T06:02:11.000,1.22,10.19,7.55,44.68728,-124.156658
2021-07-06T06:17:11.000,1.22,10.17,7.55,44.68728,-124.156658
2021-07-06T06:32:11.000,1.2,10.04,7.55,44.68728,-124.156658
2021-07-06T06:47:11.000,1.19,9.98,7.55,44.68728,-124.156658
2021-07-06T07:02:11.000,1.2,10.03,7.55,44.68728,-124.156658
2021-07-06T07:17:11.000,1.19,9.91,7.54,44.68728,-124.156658
2021-07-06T07:32:11.000,1.21,10.09,7.54,44.68728,-124.156658
2021-07-06T07:47:11.000,1.21,10.12,7.54,44.68728,-124.156658
2021-07-06T08:02:11.000,1.21,10.1,7.54,44.68728,-124.156658
2021-07-06T08:17:11.000,1.23,10.26,7.54,44.68728,-124.156658
2021-07-06T08:32:11.000,1.22,10.18,7.54,44.68728,-124.156658
2021-07-06T08:47:11.000,1.22,10.2,7.54,44.68728,-124.156658
2021-07-06T09:02:11.000,1.21,10.11,7.54,44.68728,-124.156658
2021-07-06T09:17:11.000,1.21,10.12,7.54,44.68728,-124.156658
2021-07-06T09:32:11.000,1.21,10.1,7.54,44.68728,-124.156658
2021-07-06T09:47:11.000,1.2,10,7.54,44.68728,-124.156658
2021-07-06T10:02:11.000,1.21,10.09,7.54,44.68728,-124.156658
2021-07-06T10:17:11.000,1.21,10.12,7.54,44.68728,-124.156658
2021-07-06T10:32:11.000,1.2,10.05,7.54,44.68728,-124.156658
2021-07-06T10:47:11.000,1.21,10.1,7.54,44.68728,-124.156658
2021-07-06T11:02:11.000,1.21,10.14,7.54,44.68728,-124.156658
2021-07-06T11:17:11.000,1.22,10.2,7.55,44.68728,-124.156658
2021-07-06T11:32:11.000,1.21,10.15,7.55,44.68728,-124.156658
2021-07-06T11:47:11.000,1.21,10.14,7.55,44.68728,-124.156658
2021-07-06T12:02:11.000,1.21,10.13,7.55,44.68728,-124.156658
2021-07-06T12:17:11.000,1.21,10.11,7.55,44.68728,-124.156658
2021-07-06T12:32:11.000,1.22,10.16,7.55,44.68728,-124.156658
2021-07-06T12:47:11.000,1.21,10.11,7.55,44.68728,-124.156658
2021-07-06T13:02:11.000,1.21,10.12,7.55,44.68728,-124.156658
2021-07-06T13:17:11.000,1.21,10.09,7.55,44.68728,-124.156658
2021-07-06T13:32:11.000,1.19,9.92,7.55,44.68728,-124.156658
2021-07-06T13:47:11.000,1.18,9.81,7.55,44.68728,-124.156658
2021-07-06T14:02:11.000,1.18,9.84,7.56,44.68728,-124.156658
2021-07-06T14:17:11.000,1.18,9.85,7.55,44.68728,-124.156658
2021-07-06T14:32:11.000,1.17,9.8,7.56,44.68728,-124.156658
2021-07-06T14:47:11.000,1.17,9.78,7.56,44.68728,-124.156658
2021-07-06T15:02:11.000,1.17,9.81,7.56,44.68728,-124.156658
2021-07-06T15:17:11.000,1.18,9.83,7.55,44.68728,-124.156658
2021-07-06T15:32:11.000,1.16,9.68,7.55,44.68728,-124.156658
2021-07-06T15:47:11.000,1.14,9.52,7.55,44.68728,-124.156658
2021-07-06T16:02:11.000,1.13,9.41,7.56,44.68728,-124.156658
2021-07-06T16:17:11.000,1.11,9.31,7.56,44.68728,-124.156658
2021-07-06T16:32:11.000,1.1,9.21,7.56,44.68728,-124.156658
2021-07-06T16:47:11.000,1.09,9.07,7.56,44.68728,-124.156658
2021-07-06T17:02:11.000,1.08,8.99,7.56,44.68728,-124.156658
2021-07-06T17:17:11.000,1.06,8.87,7.56,44.68728,-124.156658
2021-07-06T17:32:11.000,1.05,8.77,7.56,44.68728,-124.156658
2021-07-06T17:47:11.000,1.04,8.7,7.56,44.68728,-124.156658
2021-07-06T18:02:11.000,1.04,8.71,7.55,44.68728,-124.156658
2021-07-06T18:17:11.000,1.03,8.6,7.55,44.68728,-124.156658
2021-07-06T18:32:11.000,1.03,8.57,7.54,44.68728,-124.156658
2021-07-06T18:47:11.000,1.02,8.48,7.54,44.68728,-124.156658
2021-07-06T19:02:11.000,0.99,8.23,7.54,44.68728,-124.156658
2021-07-06T19:17:11.000,0.95,7.95,7.51,44.68728,-124.156658
2021-07-06T19:32:11.000,0.94,7.86,7.51,44.68728,-124.156658
2021-07-06T19:47:11.000,0.93,7.73,7.51,44.68728,-124.156658
2021-07-06T20:02:11.000,0.92,7.7,7.51,44.68728,-124.156658
2021-07-06T20:17:11.000,0.93,7.77,7.51,44.68728,-124.156658
2021-07-06T20:32:11.000,0.93,7.76,7.51,44.68728,-124.156658
2021-07-06T20:47:11.000,0.92,7.64,7.51,44.68728,-124.156658
2021-07-06T21:02:11.000,0.94,7.84,7.5,44.68728,-124.156658
2021-07-06T21:17:11.000,0.94,7.82,7.5,44.68728,-124.156658
2021-07-06T21:32:11.000,0.93,7.79,7.49,44.68728,-124.156658
2021-07-06T21:47:11.000,0.95,7.9,7.49,44.68728,-124.156658
2021-07-06T22:02:11.000,0.94,7.84,7.49,44.68728,-124.156658
2021-07-06T22:17:11.000,0.96,7.99,7.49,44.68728,-124.156658
2021-07-06T22:32:11.000,0.95,7.88,7.49,44.68728,-124.156658
2021-07-06T22:47:11.000,0.95,7.9,7.49,44.68728,-124.156658
2021-07-06T23:02:11.000,0.93,7.75,7.49,44.68728,-124.156658
2021-07-06T23:17:11.000,0.93,7.73,7.49,44.68728,-124.156658
2021-07-06T23:32:11.000,0.93,7.77,7.49,44.68728,-124.156658
2021-07-06T23:47:11.000,0.93,7.77,7.49,44.68728,-124.156658
2021-07-07T00:02:11.000,0.9,7.5,7.49,44.68728,-124.156658
2021-07-07T00:17:11.000,0.92,7.67,7.49,44.68728,-124.156658
2021-07-07T00:32:11.000,0.91,7.57,7.49,44.68728,-124.156658
2021-07-07T00:47:11.000,0.91,7.61,7.49,44.68728,-124.156658
2021-07-07T01:02:11.000,0.9,7.51,7.49,44.68728,-124.156658
2021-07-07T01:17:11.000,0.93,7.76,7.49,44.68728,-124.156658
2021-07-07T01:32:11.000,0.89,7.46,7.49,44.68728,-124.156658
2021-07-07T01:47:11.000,0.92,7.65,7.49,44.68728,-124.156658
2021-07-07T02:02:11.000,0.89,7.45,7.49,44.68728,-124.156658
2021-07-07T02:17:11.000,0.92,7.64,7.49,44.68728,-124.156658
2021-07-07T02:32:11.000,0.92,7.65,7.49,44.68728,-124.156658
2021-07-07T02:47:11.000,0.92,7.65,7.49,44.68728,-124.156658
2021-07-07T03:02:11.000,0.91,7.56,7.49,44.68728,-124.156658
2021-07-07T03:17:11.000,0.92,7.69,7.5,44.68728,-124.156658
2021-07-07T03:32:11.000,0.9,7.53,7.51,44.68728,-124.156658
2021-07-07T03:47:11.000,0.9,7.48,7.51,44.68728,-124.156658
2021-07-07T04:02:11.000,0.91,7.57,7.51,44.68728,-124.156658
2021-07-07T04:17:11.000,0.89,7.4,7.51,44.68728,-124.156658
2021-07-07T04:32:11.000,0.9,7.5,7.52,44.68728,-124.156658
2021-07-07T04:47:11.000,0.92,7.69,7.53,44.68728,-124.156658
2021-07-07T05:02:11.000,0.93,7.79,7.54,44.68728,-124.156658
2021-07-07T05:17:11.000,0.95,7.95,7.54,44.68728,-124.156658
2021-07-07T05:32:11.000,0.97,8.14,7.54,44.68728,-124.156658
2021-07-07T05:47:11.000,0.99,8.25,7.55,44.68728,-124.156658
2021-07-07T06:02:11.000,0.99,8.25,7.55,44.68728,-124.156658
2021-07-07T06:17:11.000,0.98,8.22,7.55,44.68728,-124.156658
2021-07-07T06:32:11.000,1,8.32,7.55,44.68728,-124.156658
2021-07-07T06:47:11.000,1,8.36,7.55,44.68728,-124.156658
2021-07-07T07:02:11.000,1.01,8.41,7.56,44.68728,-124.156658
2021-07-07T07:17:11.000,0.99,8.3,7.56,44.68728,-124.156658
2021-07-07T07:32:11.000,0.99,8.24,7.56,44.68728,-124.156658
2021-07-07T07:47:11.000,1,8.35,7.56,44.68728,-124.156658
2021-07-07T08:02:11.000,1,8.33,7.56,44.68728,-124.156658
2021-07-07T08:17:11.000,0.99,8.28,7.56,44.68728,-124.156658
2021-07-07T08:32:11.000,0.99,8.3,7.56,44.68728,-124.156658
2021-07-07T08:47:11.000,0.99,8.31,7.56,44.68728,-124.156658
2021-07-07T09:02:11.000,1.01,8.44,7.56,44.68728,-124.156658
2021-07-07T09:17:11.000,0.99,8.27,7.56,44.68728,-124.156658
2021-07-07T09:32:11.000,1,8.34,7.55,44.68728,-124.156658
2021-07-07T09:47:11.000,0.94,7.87,7.55,44.68728,-124.156658
2021-07-07T10:02:11.000,0.99,8.27,7.55,44.68728,-124.156658
2021-07-07T10:17:11.000,0.96,8.06,7.55,44.68728,-124.156658
2021-07-07T10:32:11.000,1,8.35,7.55,44.68728,-124.156658
2021-07-07T10:47:11.000,0.99,8.25,7.55,44.68728,-124.156658
2021-07-07T11:02:11.000,1.02,8.49,7.55,44.68728,-124.156658
2021-07-07T11:17:11.000,1,8.33,7.55,44.68728,-124.156658
2021-07-07T11:32:11.000,0.99,8.3,7.55,44.68728,-124.156658
2021-07-07T11:47:11.000,0.99,8.25,7.55,44.68728,-124.156658
2021-07-07T12:02:11.000,0.98,8.18,7.55,44.68728,-124.156658
2021-07-07T12:17:11.000,0.99,8.26,7.55,44.68728,-124.156658
2021-07-07T12:32:11.000,0.97,8.07,7.55,44.68728,-124.156658
2021-07-07T12:47:11.000,0.98,8.14,7.55,44.68728,-124.156658
2021-07-07T13:02:11.000,0.97,8.07,7.54,44.68728,-124.156658
2021-07-07T13:17:11.000,0.97,8.11,7.54,44.68728,-124.156658
2021-07-07T13:32:11.000,0.98,8.18,7.54,44.68728,-124.156658
2021-07-07T13:47:11.000,0.97,8.06,7.54,44.68728,-124.156658
2021-07-07T14:02:11.000,0.95,7.94,7.54,44.68728,-124.156658
2021-07-07T14:17:11.000,0.96,8.06,7.54,44.68728,-124.156658
2021-07-07T14:32:11.000,0.93,7.79,7.54,44.68728,-124.156658
2021-07-07T14:47:11.000,0.94,7.83,7.54,44.68728,-124.156658
2021-07-07T15:02:11.000,0.94,7.83,7.54,44.68728,-124.156658
2021-07-07T15:17:11.000,0.98,8.21,7.54,44.68728,-124.156658
2021-07-07T15:32:11.000,0.96,8.01,7.54,44.68728,-124.156658
2021-07-07T15:47:11.000,0.99,8.26,7.54,44.68728,-124.156658
2021-07-07T16:02:11.000,1,8.32,7.54,44.68728,-124.156658
2021-07-07T16:17:11.000,1.02,8.52,7.54,44.68728,-124.156658
2021-07-07T16:32:11.000,0.99,8.27,7.54,44.68728,-124.156658
2021-07-07T16:47:11.000,1.03,8.57,7.54,44.68728,-124.156658
2021-07-07T17:02:11.000,1.05,8.78,7.55,44.68728,-124.156658
2021-07-07T17:17:11.000,1.08,9.04,7.55,44.68728,-124.156658
2021-07-07T17:32:11.000,1.11,9.28,7.55,44.68728,-124.156658
2021-07-07T17:47:11.000,1.11,9.23,7.55,44.68728,-124.156658
2021-07-07T18:02:11.000,1.1,9.21,7.55,44.68728,-124.156658
2021-07-07T18:17:11.000,1.1,9.15,7.55,44.68728,-124.156658
2021-07-07T18:32:11.000,1.1,9.19,7.55,44.68728,-124.156658
2021-07-07T18:47:11.000,1.12,9.35,7.55,44.68728,-124.156658
2021-07-07T19:02:11.000,1.12,9.33,7.55,44.68728,-124.156658
2021-07-07T19:17:11.000,1.13,9.4,7.55,44.68728,-124.156658
2021-07-07T19:32:11.000,1.1,9.21,7.55,44.68728,-124.156658
2021-07-07T19:47:11.000,1.1,9.15,7.54,44.68728,-124.156658
2021-07-07T20:02:11.000,1.09,9.12,7.54,44.68728,-124.156658
2021-07-07T20:17:11.000,1.08,8.99,7.53,44.68728,-124.156658
2021-07-07T20:32:11.000,1.06,8.88,7.51,44.68728,-124.156658
2021-07-07T20:47:11.000,1.08,8.99,7.49,44.68728,-124.156658
2021-07-07T21:02:11.000,1.04,8.71,7.49,44.68728,-124.156658
2021-07-07T21:17:11.000,1.03,8.59,7.49,44.68728,-124.156658
2021-07-07T21:32:11.000,1,8.33,7.49,44.68728,-124.156658
2021-07-07T21:47:11.000,1,8.33,7.48,44.68728,-124.156658
2021-07-07T22:02:11.000,0.98,8.19,7.48,44.68728,-124.156658
2021-07-07T22:17:11.000,0.97,8.08,7.48,44.68728,-124.156658
2021-07-07T22:32:11.000,0.96,8,7.48,44.68728,-124.156658
2021-07-07T22:47:11.000,0.95,7.93,7.48,44.68728,-124.156658
2021-07-07T23:02:11.000,0.94,7.86,7.48,44.68728,-124.156658
2021-07-07T23:17:11.000,0.95,7.92,7.48,44.68728,-124.156658
2021-07-07T23:32:11.000,0.93,7.76,7.48,44.68728,-124.156658
2021-07-07T23:47:11.000,0.92,7.66,7.48,44.68728,-124.156658
2021-07-08T00:02:11.000,0.97,8.06,7.48,44.68728,-124.156658
2021-07-08T00:17:11.000,0.95,7.94,7.48,44.68728,-124.156658
2021-07-08T00:32:11.000,0.95,7.93,7.48,44.68728,-124.156658
2021-07-08T00:47:11.000,0.96,7.98,7.47,44.68728,-124.156658
2021-07-08T01:02:11.000,0.98,8.2,7.47,44.68728,-124.156658
2021-07-08T01:17:11.000,0.97,8.12,7.47,44.68728,-124.156658
2021-07-08T01:32:11.000,1,8.37,7.47,44.68728,-124.156658
2021-07-08T01:47:11.000,1.01,8.43,7.46,44.68728,-124.156658
2021-07-08T02:02:11.000,1.03,8.55,7.46,44.68728,-124.156658
2021-07-08T02:17:11.000,1.04,8.68,7.46,44.68728,-124.156658
2021-07-08T02:32:11.000,1.05,8.77,7.46,44.68728,-124.156658
2021-07-08T02:47:11.000,1.05,8.78,7.46,44.68728,-124.156658
2021-07-08T03:02:11.000,1.08,9.04,7.46,44.68728,-124.156658
2021-07-08T03:17:11.000,1.06,8.85,7.46,44.68728,-124.156658
2021-07-08T03:32:11.000,1.08,9.03,7.47,44.68728,-124.156658
2021-07-08T03:47:11.000,1.14,9.53,7.47,44.68728,-124.156658
2021-07-08T04:02:11.000,1.17,9.72,7.48,44.68728,-124.156658
2021-07-08T04:17:11.000,1.2,9.97,7.49,44.68728,-124.156658
2021-07-08T04:32:11.000,1.18,9.86,7.49,44.68728,-124.156658
2021-07-08T04:47:11.000,1.21,10.12,7.49,44.68728,-124.156658
2021-07-08T05:02:11.000,1.26,10.49,7.49,44.68728,-124.156658
2021-07-08T05:17:11.000,1.28,10.69,7.49,44.68728,-124.156658
2021-07-08T05:32:11.000,1.26,10.47,7.49,44.68728,-124.156658
2021-07-08T05:47:11.000,1.25,10.42,7.49,44.68728,-124.156658
2021-07-08T06:02:11.000,1.22,10.19,7.48,44.68728,-124.156658
2021-07-08T06:17:11.000,1.21,10.07,7.48,44.68728,-124.156658
2021-07-08T06:32:11.000,1.18,9.83,7.47,44.68728,-124.156658
2021-07-08T06:47:11.000,1.22,10.13,7.46,44.68728,-124.156658
2021-07-08T07:02:11.000,1.18,9.8,7.46,44.68728,-124.156658
2021-07-08T07:17:11.000,1.19,9.89,7.46,44.68728,-124.156658
2021-07-08T07:32:11.000,1.18,9.82,7.46,44.68728,-124.156658
2021-07-08T07:47:11.000,1.18,9.82,7.46,44.68728,-124.156658
2021-07-08T08:02:11.000,1.16,9.7,7.46,44.68728,-124.156658
2021-07-08T08:17:11.000,1.18,9.86,7.47,44.68728,-124.156658
2021-07-08T08:32:11.000,1.15,9.55,7.47,44.68728,-124.156658
2021-07-08T08:47:11.000,1.14,9.52,7.47,44.68728,-124.156658
2021-07-08T09:02:11.000,1.14,9.51,7.47,44.68728,-124.156658
2021-07-08T09:17:11.000,1.17,9.75,7.47,44.68728,-124.156658
2021-07-08T09:32:11.000,1.12,9.31,7.47,44.68728,-124.156658
2021-07-08T09:47:11.000,1.1,9.2,7.47,44.68728,-124.156658
2021-07-08T10:02:11.000,1.14,9.47,7.47,44.68728,-124.156658
2021-07-08T10:17:11.000,1.13,9.42,7.47,44.68728,-124.156658
2021-07-08T10:32:11.000,1.09,9.09,7.47,44.68728,-124.156658
2021-07-08T10:47:11.000,1.12,9.33,7.47,44.68728,-124.156658
2021-07-08T11:02:11.000,1.12,9.37,7.47,44.68728,-124.156658
2021-07-08T11:17:11.000,1.12,9.3,7.47,44.68728,-124.156658
2021-07-08T11:32:11.000,1.13,9.42,7.47,44.68728,-124.156658
2021-07-08T11:47:11.000,1.14,9.47,7.46,44.68728,-124.156658
2021-07-08T12:02:11.000,1.13,9.41,7.46,44.68728,-124.156658
2021-07-08T12:17:11.000,1.12,9.3,7.46,44.68728,-124.156658
2021-07-08T12:32:11.000,1.12,9.33,7.46,44.68728,-124.156658
2021-07-08T12:47:11.000,1.12,9.34,7.46,44.68728,-124.156658
2021-07-08T13:02:11.000,1.14,9.47,7.46,44.68728,-124.156658
2021-07-08T13:17:11.000,1.11,9.26,7.46,44.68728,-124.156658
2021-07-08T13:32:11.000,1.1,9.16,7.46,44.68728,-124.156658
2021-07-08T13:47:11.000,1.08,9.02,7.46,44.68728,-124.156658
2021-07-08T14:02:11.000,1.14,9.5,7.46,44.68728,-124.156658
2021-07-08T14:17:11.000,1.09,9.09,7.46,44.68728,-124.156658
2021-07-08T14:32:11.000,1.17,9.74,7.46,44.68728,-124.156658
2021-07-08T14:47:11.000,1.18,9.79,7.46,44.68728,-124.156658
2021-07-08T15:02:11.000,1.18,9.8,7.46,44.68728,-124.156658
2021-07-08T15:17:11.000,1.18,9.81,7.46,44.68728,-124.156658
2021-07-08T15:32:11.000,1.11,9.27,7.46,44.68728,-124.156658
2021-07-08T15:47:11.000,1.16,9.65,7.46,44.68728,-124.156658
2021-07-08T16:02:11.000,1.15,9.62,7.46,44.68728,-124.156658
2021-07-08T16:17:11.000,1.12,9.31,7.46,44.68728,-124.156658
2021-07-08T16:32:11.000,1.09,9.06,7.46,44.68728,-124.156658
2021-07-08T16:47:11.000,1.11,9.26,7.46,44.68728,-124.156658
2021-07-08T17:02:11.000,1.11,9.23,7.46,44.68728,-124.156658
2021-07-08T17:17:11.000,1.09,9.11,7.46,44.68728,-124.156658
2021-07-08T17:32:11.000,1.11,9.26,7.46,44.68728,-124.156658
2021-07-08T17:47:11.000,1.07,8.95,7.46,44.68728,-124.156658
2021-07-08T18:02:11.000,1.06,8.87,7.45,44.68728,-124.156658
2021-07-08T18:17:11.000,1.06,8.81,7.45,44.68728,-124.156658
2021-07-08T18:32:11.000,1.06,8.84,7.44,44.68728,-124.156658
2021-07-08T18:47:11.000,1.05,8.75,7.44,44.68728,-124.156658
2021-07-08T19:02:11.000,1.04,8.63,7.44,44.68728,-124.156658
2021-07-08T19:17:11.000,1.02,8.48,7.44,44.68728,-124.156658
2021-07-08T19:32:11.000,0.99,8.25,7.43,44.68728,-124.156658
2021-07-08T19:47:11.000,1,8.29,7.42,44.68728,-124.156658
2021-07-08T20:02:11.000,0.99,8.25,7.42,44.68728,-124.156658
2021-07-08T20:17:11.000,0.98,8.17,7.42,44.68728,-124.156658
2021-07-08T20:32:11.000,0.97,8.08,7.42,44.68728,-124.156658
2021-07-08T20:47:11.000,0.96,8.01,7.41,44.68728,-124.156658
2021-07-08T21:02:11.000,0.98,8.15,7.41,44.68728,-124.156658
2021-07-08T21:17:11.000,0.97,8.09,7.42,44.68728,-124.156658
2021-07-08T21:32:11.000,0.96,7.96,7.42,44.68728,-124.156658
2021-07-08T21:47:11.000,0.94,7.84,7.42,44.68728,-124.156658
2021-07-08T22:02:11.000,0.97,8.05,7.42,44.68728,-124.156658
2021-07-08T22:17:11.000,1,8.29,7.42,44.68728,-124.156658
2021-07-08T22:32:11.000,1,8.29,7.42,44.68728,-124.156658
2021-07-08T22:47:11.000,0.98,8.12,7.42,44.68728,-124.156658
2021-07-08T23:02:11.000,1.03,8.54,7.42,44.68728,-124.156658
2021-07-08T23:17:11.000,1.01,8.41,7.42,44.68728,-124.156658
2021-07-08T23:32:11.000,0.98,8.12,7.42,44.68728,-124.156658
2021-07-08T23:47:11.000,1,8.31,7.43,44.68728,-124.156658
2021-07-09T00:02:11.000,0.98,8.19,7.43,44.68728,-124.156658
2021-07-09T00:17:11.000,1.04,8.7,7.43,44.68728,-124.156658
2021-07-09T00:32:11.000,1.04,8.66,7.44,44.68728,-124.156658
2021-07-09T00:47:11.000,1.04,8.69,7.44,44.68728,-124.156658
2021-07-09T01:02:11.000,1.04,8.7,7.44,44.68728,-124.156658
2021-07-09T01:17:11.000,1.06,8.83,7.44,44.68728,-124.156658
2021-07-09T01:32:11.000,1.08,8.98,7.44,44.68728,-124.156658
2021-07-09T01:47:11.000,1.07,8.91,7.44,44.68728,-124.156658
2021-07-09T02:02:11.000,1.09,9.07,7.44,44.68728,-124.156658
2021-07-09T02:17:11.000,1.07,8.93,7.44,44.68728,-124.156658
2021-07-09T02:32:11.000,1.09,9.07,7.44,44.68728,-124.156658
2021-07-09T02:47:11.000,1.1,9.18,7.44,44.68728,-124.156658
2021-07-09T03:02:11.000,1.1,9.14,7.44,44.68728,-124.156658
2021-07-09T03:17:11.000,1.11,9.25,7.44,44.68728,-124.156658
2021-07-09T03:32:11.000,1.11,9.21,7.45,44.68728,-124.156658
2021-07-09T03:47:11.000,1.12,9.33,7.45,44.68728,-124.156658
2021-07-09T04:02:11.000,1.16,9.63,7.45,44.68728,-124.156658
2021-07-09T04:17:11.000,1.16,9.64,7.46,44.68728,-124.156658
2021-07-09T04:32:11.000,1.16,9.65,7.46,44.68728,-124.156658
2021-07-09T04:47:11.000,1.15,9.6,7.46,44.68728,-124.156658
2021-07-09T05:02:11.000,1.16,9.65,7.46,44.68728,-124.156658
2021-07-09T05:17:11.000,1.16,9.68,7.46,44.68728,-124.156658
2021-07-09T05:32:11.000,1.15,9.6,7.46,44.68728,-124.156658
2021-07-09T05:47:11.000,1.14,9.51,7.46,44.68728,-124.156658
2021-07-09T06:02:11.000,1.16,9.65,7.46,44.68728,-124.156658
2021-07-09T06:17:11.000,1.17,9.76,7.46,44.68728,-124.156658
2021-07-09T06:32:11.000,1.17,9.72,7.46,44.68728,-124.156658
2021-07-09T06:47:11.000,1.15,9.62,7.47,44.68728,-124.156658
2021-07-09T07:02:11.000,1.14,9.48,7.47,44.68728,-124.156658
2021-07-09T07:17:11.000,1.11,9.28,7.46,44.68728,-124.156658
2021-07-09T07:32:11.000,1.15,9.57,7.46,44.68728,-124.156658
2021-07-09T07:47:11.000,1.13,9.44,7.46,44.68728,-124.156658
2021-07-09T08:02:11.000,1.12,9.33,7.46,44.68728,-124.156658
2021-07-09T08:17:11.000,1.13,9.42,7.46,44.68728,-124.156658
2021-07-09T08:32:11.000,1.12,9.33,7.46,44.68728,-124.156658
2021-07-09T08:47:11.000,1.13,9.38,7.46,44.68728,-124.156658
2021-07-09T09:02:11.000,1.1,9.15,7.46,44.68728,-124.156658
2021-07-09T09:17:11.000,1.09,9.11,7.46,44.68728,-124.156658
2021-07-09T09:32:11.000,1.08,9.03,7.46,44.68728,-124.156658
2021-07-09T09:47:11.000,1.12,9.33,7.46,44.68728,-124.156658
2021-07-09T10:02:11.000,1.11,9.21,7.46,44.68728,-124.156658
2021-07-09T10:17:11.000,1.09,9.07,7.46,44.68728,-124.156658
2021-07-09T10:32:11.000,1.1,9.19,7.46,44.68728,-124.156658
2021-07-09T10:47:11.000,1.11,9.28,7.46,44.68728,-124.156658
2021-07-09T11:02:11.000,1.11,9.23,7.46,44.68728,-124.156658
2021-07-09T11:17:11.000,1.11,9.24,7.46,44.68728,-124.156658
2021-07-09T11:32:11.000,1.1,9.14,7.46,44.68728,-124.156658
2021-07-09T11:47:11.000,1.12,9.32,7.46,44.68728,-124.156658
2021-07-09T12:02:11.000,1.11,9.22,7.45,44.68728,-124.156658
2021-07-09T12:17:11.000,1.09,9.11,7.45,44.68728,-124.156658
2021-07-09T12:32:11.000,1.09,9.09,7.44,44.68728,-124.156658
2021-07-09T12:47:11.000,1.07,8.95,7.44,44.68728,-124.156658
2021-07-09T13:02:11.000,1.08,8.97,7.44,44.68728,-124.156658
2021-07-09T13:17:11.000,1.09,9.07,7.44,44.68728,-124.156658
2021-07-09T13:32:11.000,1.08,9.03,7.44,44.68728,-124.156658
2021-07-09T13:47:11.000,1.08,8.96,7.44,44.68728,-124.156658
2021-07-09T14:02:11.000,1.06,8.81,7.44,44.68728,-124.156658
2021-07-09T14:17:11.000,1.07,8.91,7.44,44.68728,-124.156658
2021-07-09T14:32:11.000,1.08,9.01,7.44,44.68728,-124.156658
2021-07-09T14:47:11.000,1.07,8.88,7.44,44.68728,-124.156658
2021-07-09T15:02:11.000,1.06,8.83,7.44,44.68728,-124.156658
2021-07-09T15:17:11.000,1.05,8.74,7.44,44.68728,-124.156658
2021-07-09T15:32:11.000,1.04,8.69,7.44,44.68728,-124.156658
2021-07-09T15:47:11.000,1.05,8.75,7.44,44.68728,-124.156658
2021-07-09T16:02:11.000,1.05,8.75,7.44,44.68728,-124.156658
2021-07-09T16:17:11.000,1.07,8.94,7.45,44.68728,-124.156658
2021-07-09T16:32:11.000,1.02,8.49,7.45,44.68728,-124.156658
2021-07-09T16:47:11.000,1.05,8.75,7.46,44.68728,-124.156658
2021-07-09T17:02:11.000,1.03,8.58,7.46,44.68728,-124.156658
2021-07-09T17:17:11.000,1.04,8.64,7.46,44.68728,-124.156658
2021-07-09T17:32:11.000,1.02,8.51,7.46,44.68728,-124.156658
2021-07-09T17:47:11.000,1.03,8.6,7.46,44.68728,-124.156658
2021-07-09T18:02:11.000,1.01,8.39,7.45,44.68728,-124.156658
2021-07-09T18:17:11.000,1.01,8.39,7.45,44.68728,-124.156658
2021-07-09T18:32:11.000,1,8.36,7.44,44.68728,-124.156658
2021-07-09T18:47:11.000,0.99,8.25,7.44,44.68728,-124.156658
2021-07-09T19:02:11.000,0.99,8.23,7.44,44.68728,-124.156658
2021-07-09T19:17:11.000,0.99,8.27,7.44,44.68728,-124.156658
2021-07-09T19:32:11.000,1,8.31,7.44,44.68728,-124.156658
2021-07-09T19:47:11.000,1,8.37,7.44,44.68728,-124.156658
2021-07-09T20:02:11.000,0.98,8.18,7.44,44.68728,-124.156658
2021-07-09T20:17:11.000,1,8.31,7.44,44.68728,-124.156658
2021-07-09T20:32:11.000,1,8.34,7.44,44.68728,-124.156658
2021-07-09T20:47:11.000,1.01,8.38,7.43,44.68728,-124.156658
2021-07-09T21:02:11.000,1.03,8.59,7.43,44.68728,-124.156658
2021-07-09T21:17:11.000,0.99,8.27,7.43,44.68728,-124.156658
2021-07-09T21:32:11.000,1.02,8.48,7.43,44.68728,-124.156658
2021-07-09T21:47:11.000,1.03,8.55,7.43,44.68728,-124.156658
2021-07-09T22:02:11.000,1.05,8.76,7.42,44.68728,-124.156658
2021-07-09T22:17:11.000,1.05,8.72,7.42,44.68728,-124.156658
2021-07-09T22:32:11.000,1.04,8.65,7.42,44.68728,-124.156658
2021-07-09T22:47:11.000,1.05,8.75,7.42,44.68728,-124.156658
2021-07-09T23:02:11.000,1.1,9.12,7.42,44.68728,-124.156658
2021-07-09T23:17:11.000,1.06,8.83,7.42,44.68728,-124.156658
2021-07-09T23:32:11.000,1.06,8.85,7.42,44.68728,-124.156658
2021-07-09T23:47:11.000,1.05,8.77,7.42,44.68728,-124.156658
2021-07-10T00:02:11.000,1.04,8.63,7.42,44.68728,-124.156658
2021-07-10T00:17:11.000,1.05,8.74,7.42,44.68728,-124.156658
2021-07-10T00:32:11.000,1.05,8.76,7.42,44.68728,-124.156658
2021-07-10T00:47:11.000,1.05,8.73,7.42,44.68728,-124.156658
2021-07-10T01:02:11.000,1.07,8.95,7.42,44.68728,-124.156658
2021-07-10T01:17:11.000,1.07,8.92,7.42,44.68728,-124.156658
2021-07-10T01:32:11.000,1.07,8.92,7.42,44.68728,-124.156658
2021-07-10T01:47:11.000,1.07,8.87,7.42,44.68728,-124.156658
2021-07-10T02:02:11.000,1.06,8.84,7.42,44.68728,-124.156658
2021-07-10T02:17:11.000,1.07,8.88,7.42,44.68728,-124.156658
2021-07-10T02:32:11.000,1.08,9.03,7.42,44.68728,-124.156658
2021-07-10T02:47:11.000,1.06,8.85,7.42,44.68728,-124.156658
2021-07-10T03:02:11.000,1.07,8.92,7.42,44.68728,-124.156658
2021-07-10T03:17:11.000,1.08,8.96,7.42,44.68728,-124.156658
2021-07-10T03:32:11.000,1.06,8.84,7.42,44.68728,-124.156658
2021-07-10T03:47:11.000,1.07,8.94,7.42,44.68728,-124.156658
2021-07-10T04:02:11.000,1.06,8.8,7.42,44.68728,-124.156658
2021-07-10T04:17:11.000,1.05,8.75,7.42,44.68728,-124.156658
2021-07-10T04:32:11.000,1.07,8.87,7.42,44.68728,-124.156658
2021-07-10T04:47:11.000,1.05,8.74,7.42,44.68728,-124.156658
2021-07-10T05:02:11.000,1.05,8.74,7.42,44.68728,-124.156658
2021-07-10T05:17:11.000,1.05,8.73,7.42,44.68728,-124.156658
2021-07-10T05:32:11.000,1.05,8.78,7.42,44.68728,-124.156658
2021-07-10T05:47:11.000,1.09,9.1,7.42,44.68728,-124.156658
2021-07-10T06:02:11.000,1.04,8.62,7.42,44.68728,-124.156658
2021-07-10T06:17:11.000,1.05,8.71,7.43,44.68728,-124.156658
2021-07-10T06:32:11.000,1.04,8.63,7.42,44.68728,-124.156658
2021-07-10T06:47:11.000,1.04,8.67,7.43,44.68728,-124.156658
2021-07-10T07:02:11.000,1.07,8.9,7.43,44.68728,-124.156658
2021-07-10T07:17:11.000,1.07,8.9,7.43,44.68728,-124.156658
2021-07-10T07:32:11.000,1.05,8.75,7.43,44.68728,-124.156658
2021-07-10T07:47:11.000,1.02,8.51,7.43,44.68728,-124.156658
2021-07-10T08:02:11.000,1.03,8.58,7.43,44.68728,-124.156658
2021-07-10T08:17:11.000,1.09,9.1,7.43,44.68728,-124.156658
2021-07-10T08:32:11.000,1.11,9.28,7.43,44.68728,-124.156658
2021-07-10T08:47:11.000,1.12,9.3,7.43,44.68728,-124.156658
2021-07-10T09:02:11.000,1.08,9.03,7.43,44.68728,-124.156658
2021-07-10T09:17:11.000,1.09,9.07,7.43,44.68728,-124.156658
2021-07-10T09:32:11.000,1.04,8.66,7.44,44.68728,-124.156658
2021-07-10T09:47:11.000,1.09,9.07,7.44,44.68728,-124.156658
2021-07-10T10:02:11.000,1.07,8.88,7.44,44.68728,-124.156658
2021-07-10T10:17:11.000,1.04,8.68,7.44,44.68728,-124.156658
2021-07-10T10:32:11.000,1.09,9.07,7.44,44.68728,-124.156658
2021-07-10T10:47:11.000,1.12,9.36,7.44,44.68728,-124.156658
2021-07-10T11:02:11.000,1.12,9.32,7.43,44.68728,-124.156658
2021-07-10T11:17:11.000,1.12,9.35,7.44,44.68728,-124.156658
2021-07-10T11:32:11.000,1.15,9.61,7.43,44.68728,-124.156658
2021-07-10T11:47:11.000,1.16,9.7,7.43,44.68728,-124.156658
2021-07-10T12:02:11.000,1.17,9.78,7.43,44.68728,-124.156658
2021-07-10T12:17:11.000,1.19,9.87,7.43,44.68728,-124.156658
2021-07-10T12:32:11.000,1.22,10.15,7.43,44.68728,-124.156658
2021-07-10T12:47:11.000,1.23,10.26,7.43,44.68728,-124.156658
2021-07-10T13:02:11.000,1.23,10.25,7.43,44.68728,-124.156658
2021-07-10T13:17:11.000,1.28,10.65,7.43,44.68728,-124.156658
2021-07-10T13:32:11.000,1.32,10.98,7.42,44.68728,-124.156658
2021-07-10T13:47:11.000,1.33,11.09,7.43,44.68728,-124.156658
2021-07-10T14:02:11.000,1.35,11.25,7.42,44.68728,-124.156658
2021-07-10T14:17:11.000,1.36,11.33,7.42,44.68728,-124.156658
2021-07-10T14:32:11.000,1.35,11.23,7.42,44.68728,-124.156658
2021-07-10T14:47:11.000,1.35,11.26,7.42,44.68728,-124.156658
2021-07-10T15:02:11.000,1.38,11.46,7.42,44.68728,-124.156658
2021-07-10T15:17:11.000,1.39,11.57,7.42,44.68728,-124.156658
2021-07-10T15:32:11.000,1.41,11.76,7.42,44.68728,-124.156658
2021-07-10T15:47:11.000,1.4,11.62,7.42,44.68728,-124.156658
2021-07-10T16:02:11.000,1.38,11.48,7.42,44.68728,-124.156658
2021-07-10T16:17:11.000,1.36,11.35,7.42,44.68728,-124.156658
2021-07-10T16:32:11.000,1.35,11.2,7.42,44.68728,-124.156658
2021-07-10T16:47:11.000,1.34,11.12,7.42,44.68728,-124.156658
2021-07-10T17:02:11.000,1.34,11.18,7.42,44.68728,-124.156658
2021-07-10T17:17:11.000,1.34,11.12,7.42,44.68728,-124.156658
2021-07-10T17:32:11.000,1.34,11.19,7.42,44.68728,-124.156658
2021-07-10T17:47:11.000,1.35,11.24,7.42,44.68728,-124.156658
2021-07-10T18:02:11.000,1.36,11.34,7.42,44.68728,-124.156658
2021-07-10T18:17:11.000,1.38,11.46,7.42,44.68728,-124.156658
2021-07-10T18:32:11.000,1.39,11.57,7.42,44.68728,-124.156658
2021-07-10T18:47:11.000,1.41,11.71,7.41,44.68728,-124.156658
2021-07-10T19:02:11.000,1.4,11.66,7.42,44.68728,-124.156658
2021-07-10T19:17:11.000,1.41,11.73,7.42,44.68728,-124.156658
2021-07-10T19:32:11.000,1.4,11.64,7.42,44.68728,-124.156658
2021-07-10T19:47:11.000,1.41,11.75,7.42,44.68728,-124.156658
2021-07-10T20:02:11.000,1.41,11.7,7.42,44.68728,-124.156658
2021-07-10T20:17:11.000,1.38,11.52,7.42,44.68728,-124.156658
2021-07-10T20:32:11.000,1.42,11.84,7.42,44.68728,-124.156658
2021-07-10T20:47:11.000,1.41,11.7,7.42,44.68728,-124.156658
2021-07-10T21:02:11.000,1.4,11.64,7.42,44.68728,-124.156658
2021-07-10T21:17:11.000,1.39,11.58,7.42,44.68728,-124.156658
2021-07-10T21:32:11.000,1.41,11.74,7.42,44.68728,-124.156658
2021-07-10T21:47:11.000,1.35,11.2,7.42,44.68728,-124.156658
2021-07-10T22:02:11.000,1.35,11.26,7.42,44.68728,-124.156658
2021-07-10T22:17:11.000,1.4,11.62,7.42,44.68728,-124.156658
2021-07-10T22:32:11.000,1.41,11.74,7.42,44.68728,-124.156658
2021-07-10T22:47:11.000,1.33,11.1,7.42,44.68728,-124.156658
2021-07-10T23:02:11.000,1.37,11.37,7.42,44.68728,-124.156658
2021-07-10T23:17:11.000,1.37,11.37,7.42,44.68728,-124.156658
2021-07-10T23:32:11.000,1.38,11.46,7.42,44.68728,-124.156658
2021-07-10T23:47:11.000,1.36,11.3,7.43,44.68728,-124.156658
2021-07-11T00:02:11.000,1.31,10.89,7.43,44.68728,-124.156658
2021-07-11T00:17:11.000,1.28,10.65,7.44,44.68728,-124.156658
2021-07-11T00:32:11.000,1.24,10.36,7.44,44.68728,-124.156658
2021-07-11T00:47:11.000,1.23,10.22,7.44,44.68728,-124.156658
2021-07-11T01:02:11.000,1.2,9.97,7.44,44.68728,-124.156658
2021-07-11T01:17:11.000,1.18,9.81,7.44,44.68728,-124.156658
2021-07-11T01:32:11.000,1.15,9.56,7.44,44.68728,-124.156658
2021-07-11T01:47:11.000,1.13,9.42,7.44,44.68728,-124.156658
2021-07-11T02:02:11.000,1.12,9.31,7.45,44.68728,-124.156658
2021-07-11T02:17:11.000,1.08,8.99,7.45,44.68728,-124.156658
2021-07-11T02:32:11.000,1.07,8.95,7.45,44.68728,-124.156658
2021-07-11T02:47:11.000,1.1,9.18,7.45,44.68728,-124.156658
2021-07-11T03:02:11.000,1.08,9.01,7.45,44.68728,-124.156658
2021-07-11T03:17:11.000,1.09,9.1,7.45,44.68728,-124.156658
2021-07-11T03:32:11.000,1.13,9.38,7.44,44.68728,-124.156658
2021-07-11T03:47:11.000,1.12,9.31,7.44,44.68728,-124.156658
2021-07-11T04:02:11.000,1.11,9.23,7.44,44.68728,-124.156658
2021-07-11T04:17:11.000,1.11,9.27,7.44,44.68728,-124.156658
2021-07-11T04:32:11.000,1.12,9.34,7.44,44.68728,-124.156658
2021-07-11T04:47:11.000,1.14,9.48,7.44,44.68728,-124.156658
2021-07-11T05:02:11.000,1.16,9.69,7.44,44.68728,-124.156658
2021-07-11T05:17:11.000,1.18,9.8,7.44,44.68728,-124.156658
2021-07-11T05:32:11.000,1.19,9.88,7.44,44.68728,-124.156658
2021-07-11T05:47:11.000,1.18,9.86,7.44,44.68728,-124.156658
2021-07-11T06:02:11.000,1.18,9.86,7.44,44.68728,-124.156658
2021-07-11T06:17:11.000,1.21,10.12,7.44,44.68728,-124.156658
2021-07-11T06:32:11.000,1.18,9.86,7.44,44.68728,-124.156658
2021-07-11T06:47:11.000,1.14,9.48,7.44,44.68728,-124.156658
2021-07-11T07:02:11.000,1.18,9.85,7.44,44.68728,-124.156658
2021-07-11T07:17:11.000,1.19,9.93,7.44,44.68728,-124.156658
2021-07-11T07:32:11.000,1.19,9.87,7.44,44.68728,-124.156658
2021-07-11T07:47:11.000,1.15,9.54,7.44,44.68728,-124.156658
2021-07-11T08:02:11.000,1.16,9.7,7.44,44.68728,-124.156658
2021-07-11T08:17:11.000,1.18,9.82,7.44,44.68728,-124.156658
2021-07-11T08:32:11.000,1.17,9.71,7.44,44.68728,-124.156658
2021-07-11T08:47:11.000,1.18,9.83,7.44,44.68728,-124.156658
2021-07-11T09:02:11.000,1.18,9.81,7.44,44.68728,-124.156658
2021-07-11T09:17:11.000,1.21,10.08,7.44,44.68728,-124.156658
2021-07-11T09:32:11.000,1.21,10.09,7.44,44.68728,-124.156658
2021-07-11T09:47:11.000,1.21,10.11,7.44,44.68728,-124.156658
2021-07-11T10:02:11.000,1.22,10.16,7.44,44.68728,-124.156658
2021-07-11T10:17:11.000,1.24,10.29,7.44,44.68728,-124.156658
2021-07-11T10:32:11.000,1.24,10.31,7.44,44.68728,-124.156658
2021-07-11T10:47:11.000,1.24,10.33,7.44,44.68728,-124.156658
2021-07-11T11:02:11.000,1.21,10.09,7.44,44.68728,-124.156658
2021-07-11T11:17:11.000,1.21,10.08,7.44,44.68728,-124.156658
2021-07-11T11:32:11.000,1.21,10.07,7.44,44.68728,-124.156658
2021-07-11T11:47:11.000,1.2,10.02,7.44,44.68728,-124.156658
2021-07-11T12:02:11.000,1.2,9.99,7.44,44.68728,-124.156658
2021-07-11T12:17:11.000,1.2,10,7.44,44.68728,-124.156658
2021-07-11T12:32:11.000,1.23,10.28,7.44,44.68728,-124.156658
2021-07-11T12:47:11.000,1.29,10.78,7.44,44.68728,-124.156658
2021-07-11T13:02:11.000,1.34,11.12,7.44,44.68728,-124.156658
2021-07-11T13:17:11.000,1.36,11.36,7.45,44.68728,-124.156658
2021-07-11T13:32:11.000,1.39,11.59,7.45,44.68728,-124.156658
2021-07-11T13:47:11.000,1.47,12.23,7.45,44.68728,-124.156658
2021-07-11T14:02:11.000,1.48,12.3,7.45,44.68728,-124.156658
2021-07-11T14:17:11.000,1.52,12.68,7.45,44.68728,-124.156658
2021-07-11T14:32:11.000,1.55,12.93,7.46,44.68728,-124.156658
2021-07-11T14:47:11.000,1.6,13.31,7.46,44.68728,-124.156658
2021-07-11T15:02:11.000,1.64,13.63,7.46,44.68728,-124.156658
2021-07-11T15:17:11.000,1.67,13.96,7.46,44.68728,-124.156658
2021-07-11T15:32:11.000,1.7,14.18,7.46,44.68728,-124.156658
2021-07-11T15:47:11.000,1.73,14.43,7.46,44.68728,-124.156658
2021-07-11T16:02:11.000,1.74,14.51,7.46,44.68728,-124.156658
2021-07-11T16:17:11.000,1.78,14.83,7.46,44.68728,-124.156658
2021-07-11T16:32:11.000,1.8,15.01,7.46,44.68728,-124.156658
2021-07-11T16:47:11.000,1.81,15.06,7.47,44.68728,-124.156658
2021-07-11T17:02:11.000,1.87,15.57,7.47,44.68728,-124.156658
2021-07-11T17:17:11.000,1.89,15.74,7.48,44.68728,-124.156658
2021-07-11T17:32:11.000,1.92,15.97,7.48,44.68728,-124.156658
2021-07-11T17:47:11.000,1.94,16.14,7.48,44.68728,-124.156658
2021-07-11T18:02:11.000,2.02,16.85,7.49,44.68728,-124.156658
2021-07-11T18:17:11.000,2,16.66,7.49,44.68728,-124.156658
2021-07-11T18:32:11.000,2.01,16.74,7.49,44.68728,-124.156658
2021-07-11T18:47:11.000,2.04,17.02,7.49,44.68728,-124.156658
2021-07-11T19:02:11.000,2.08,17.37,7.49,44.68728,-124.156658
2021-07-11T19:17:11.000,2.03,16.94,7.49,44.68728,-124.156658
2021-07-11T19:32:11.000,2.06,17.16,7.49,44.68728,-124.156658
2021-07-11T19:47:11.000,2.08,17.36,7.49,44.68728,-124.156658
2021-07-11T20:02:11.000,2.05,17.06,7.48,44.68728,-124.156658
2021-07-11T20:17:11.000,2.03,16.95,7.48,44.68728,-124.156658
2021-07-11T20:32:11.000,2.04,17.04,7.48,44.68728,-124.156658
2021-07-11T20:47:11.000,2.02,16.82,7.47,44.68728,-124.156658
2021-07-11T21:02:11.000,2.01,16.77,7.46,44.68728,-124.156658
2021-07-11T21:17:11.000,2.03,16.9,7.47,44.68728,-124.156658
2021-07-11T21:32:11.000,2.05,17.08,7.47,44.68728,-124.156658
2021-07-11T21:47:11.000,2.11,17.55,7.47,44.68728,-124.156658
2021-07-11T22:02:11.000,2.16,18.02,7.47,44.68728,-124.156658
2021-07-11T22:17:11.000,2.18,18.17,7.48,44.68728,-124.156658
2021-07-11T22:32:11.000,2.2,18.32,7.48,44.68728,-124.156658
2021-07-11T22:47:11.000,2.25,18.73,7.49,44.68728,-124.156658
2021-07-11T23:02:11.000,2.28,18.97,7.49,44.68728,-124.156658
2021-07-11T23:17:11.000,2.29,19.06,7.49,44.68728,-124.156658
2021-07-11T23:32:11.000,2.29,19.07,7.49,44.68728,-124.156658
2021-07-11T23:47:11.000,2.29,19.08,7.49,44.68728,-124.156658
2021-07-12T00:02:11.000,2.31,19.22,7.49,44.68728,-124.156658
2021-07-12T00:17:11.000,2.32,19.3,7.49,44.68728,-124.156658
2021-07-12T00:32:11.000,2.32,19.35,7.49,44.68728,-124.156658
2021-07-12T00:47:11.000,2.32,19.32,7.49,44.68728,-124.156658
2021-07-12T01:02:11.000,2.29,19.12,7.49,44.68728,-124.156658
2021-07-12T01:17:11.000,2.3,19.18,7.49,44.68728,-124.156658
2021-07-12T01:32:11.000,2.29,19.12,7.49,44.68728,-124.156658
2021-07-12T01:47:11.000,2.26,18.88,7.49,44.68728,-124.156658
2021-07-12T02:02:11.000,2.28,18.98,7.49,44.68728,-124.156658
2021-07-12T02:17:11.000,2.27,18.91,7.49,44.68728,-124.156658
2021-07-12T02:32:11.000,2.28,19,7.49,44.68728,-124.156658
2021-07-12T02:47:11.000,2.26,18.88,7.49,44.68728,-124.156658
2021-07-12T03:02:11.000,2.3,19.14,7.49,44.68728,-124.156658
2021-07-12T03:17:11.000,2.3,19.16,7.49,44.68728,-124.156658
2021-07-12T03:32:11.000,2.27,18.91,7.49,44.68728,-124.156658
2021-07-12T03:47:11.000,2.24,18.7,7.49,44.68728,-124.156658
2021-07-12T04:02:11.000,2.25,18.72,7.49,44.68728,-124.156658
2021-07-12T04:17:11.000,2.24,18.7,7.49,44.68728,-124.156658
2021-07-12T04:32:11.000,2.27,18.94,7.49,44.68728,-124.156658
2021-07-12T04:47:11.000,2.27,18.93,7.49,44.68728,-124.156658
2021-07-12T05:02:11.000,2.21,18.4,7.49,44.68728,-124.156658
2021-07-12T05:17:11.000,2.26,18.85,7.49,44.68728,-124.156658
2021-07-12T05:32:11.000,2.21,18.45,7.49,44.68728,-124.156658
2021-07-12T05:47:11.000,2.22,18.51,7.49,44.68728,-124.156658
2021-07-12T06:02:11.000,2.22,18.52,7.49,44.68728,-124.156658
2021-07-12T06:17:11.000,2.24,18.72,7.49,44.68728,-124.156658
2021-07-12T06:32:11.000,2.13,17.77,7.49,44.68728,-124.156658
2021-07-12T06:47:11.000,2.27,18.94,7.49,44.68728,-124.156658
2021-07-12T07:02:11.000,2.23,18.63,7.49,44.68728,-124.156658
2021-07-12T07:17:11.000,2.25,18.74,7.49,44.68728,-124.156658
2021-07-12T07:32:11.000,2.21,18.46,7.49,44.68728,-124.156658
2021-07-12T07:47:11.000,2.23,18.61,7.49,44.68728,-124.156658
2021-07-12T08:02:11.000,2.24,18.7,7.49,44.68728,-124.156658
2021-07-12T08:17:11.000,2.26,18.84,7.49,44.68728,-124.156658
2021-07-12T08:32:11.000,2.27,18.91,7.49,44.68728,-124.156658
2021-07-12T08:47:11.000,2.27,18.94,7.49,44.68728,-124.156658
2021-07-12T09:02:11.000,2.29,19.06,7.49,44.68728,-124.156658
2021-07-12T09:17:11.000,2.29,19.11,7.49,44.68728,-124.156658
2021-07-12T09:32:11.000,2.32,19.31,7.48,44.68728,-124.156658
2021-07-12T09:47:11.000,2.31,19.26,7.47,44.68728,-124.156658
2021-07-12T10:02:11.000,2.31,19.24,7.46,44.68728,-124.156658
2021-07-12T10:17:11.000,2.31,19.21,7.46,44.68728,-124.156658
2021-07-12T10:32:11.000,2.3,19.16,7.46,44.68728,-124.156658
2021-07-12T10:47:11.000,2.29,19.11,7.46,44.68728,-124.156658
2021-07-12T11:02:11.000,2.27,18.94,7.45,44.68728,-124.156658
2021-07-12T11:17:11.000,2.26,18.83,7.44,44.68728,-124.156658
2021-07-12T11:32:11.000,2.2,18.35,7.44,44.68728,-124.156658
2021-07-12T11:47:11.000,2.2,18.3,7.44,44.68728,-124.156658
2021-07-12T12:02:11.000,2.19,18.21,7.43,44.68728,-124.156658
2021-07-12T12:17:11.000,2.17,18.08,7.42,44.68728,-124.156658
2021-07-12T12:32:11.000,2.15,17.91,7.42,44.68728,-124.156658
2021-07-12T12:47:11.000,2.13,17.76,7.41,44.68728,-124.156658
2021-07-12T13:02:11.000,2.08,17.34,7.39,44.68728,-124.156658
2021-07-12T13:17:11.000,2.04,17,7.39,44.68728,-124.156658
2021-07-12T13:32:11.000,2.02,16.82,7.39,44.68728,-124.156658
2021-07-12T13:47:11.000,1.89,15.68,7.36,44.68728,-124.156658
2021-07-12T14:02:11.000,1.87,15.56,7.36,44.68728,-124.156658
2021-07-12T14:17:11.000,1.87,15.54,7.36,44.68728,-124.156658
2021-07-12T14:32:11.000,1.83,15.22,7.35,44.68728,-124.156658
2021-07-12T14:47:11.000,1.79,14.91,7.34,44.68728,-124.156658
2021-07-12T15:02:11.000,1.79,14.86,7.35,44.68728,-124.156658
2021-07-12T15:17:11.000,1.77,14.67,7.35,44.68728,-124.156658
2021-07-12T15:32:11.000,1.72,14.3,7.34,44.68728,-124.156658
2021-07-12T15:47:11.000,1.66,13.77,7.34,44.68728,-124.156658
2021-07-12T16:02:11.000,1.61,13.4,7.34,44.68728,-124.156658
2021-07-12T16:17:11.000,1.57,13.05,7.33,44.68728,-124.156658
2021-07-12T16:32:11.000,1.52,12.65,7.33,44.68728,-124.156658
2021-07-12T16:47:11.000,1.49,12.38,7.33,44.68728,-124.156658
2021-07-12T17:02:11.000,1.46,12.1,7.33,44.68728,-124.156658
2021-07-12T17:17:11.000,1.42,11.83,7.33,44.68728,-124.156658
2021-07-12T17:32:11.000,1.41,11.74,7.33,44.68728,-124.156658
2021-07-12T17:47:11.000,1.44,11.94,7.34,44.68728,-124.156658
2021-07-12T18:02:11.000,1.45,12.02,7.34,44.68728,-124.156658
2021-07-12T18:17:11.000,1.46,12.1,7.34,44.68728,-124.156658
2021-07-12T18:32:11.000,1.44,11.93,7.34,44.68728,-124.156658
2021-07-12T18:47:11.000,1.44,11.96,7.34,44.68728,-124.156658
2021-07-12T19:02:11.000,1.44,11.98,7.34,44.68728,-124.156658
2021-07-12T19:17:11.000,1.41,11.72,7.34,44.68728,-124.156658
2021-07-12T19:32:11.000,1.39,11.51,7.34,44.68728,-124.156658
2021-07-12T19:47:11.000,1.36,11.3,7.34,44.68728,-124.156658
2021-07-12T20:02:11.000,1.34,11.17,7.34,44.68728,-124.156658
2021-07-12T20:17:11.000,1.32,10.98,7.34,44.68728,-124.156658
2021-07-12T20:32:11.000,1.32,10.99,7.34,44.68728,-124.156658
2021-07-12T20:47:11.000,1.32,10.97,7.34,44.68728,-124.156658
2021-07-12T21:02:11.000,1.32,10.95,7.34,44.68728,-124.156658
2021-07-12T21:17:11.000,1.33,11.01,7.34,44.68728,-124.156658
2021-07-12T21:32:11.000,1.33,11.05,7.34,44.68728,-124.156658
2021-07-12T21:47:11.000,1.33,11.08,7.35,44.68728,-124.156658
2021-07-12T22:02:11.000,1.34,11.14,7.36,44.68728,-124.156658
2021-07-12T22:17:11.000,1.33,11.07,7.36,44.68728,-124.156658
2021-07-12T22:32:11.000,1.33,11.08,7.37,44.68728,-124.156658
2021-07-12T22:47:11.000,1.35,11.23,7.36,44.68728,-124.156658
2021-07-12T23:02:11.000,1.36,11.31,7.36,44.68728,-124.156658
2021-07-12T23:17:11.000,1.37,11.37,7.36,44.68728,-124.156658
2021-07-12T23:32:11.000,1.37,11.42,7.36,44.68728,-124.156658
2021-07-12T23:47:11.000,1.33,11.03,7.36,44.68728,-124.156658
2021-07-13T00:02:11.000,1.36,11.27,7.36,44.68728,-124.156658
2021-07-13T00:17:11.000,1.34,11.15,7.36,44.68728,-124.156658
2021-07-13T00:32:11.000,1.35,11.21,7.36,44.68728,-124.156658
2021-07-13T00:47:11.000,1.35,11.2,7.37,44.68728,-124.156658
2021-07-13T01:02:11.000,1.37,11.35,7.37,44.68728,-124.156658
2021-07-13T01:17:11.000,1.37,11.37,7.37,44.68728,-124.156658
2021-07-13T01:32:11.000,1.36,11.29,7.37,44.68728,-124.156658
2021-07-13T01:47:11.000,1.4,11.63,7.37,44.68728,-124.156658
2021-07-13T02:02:11.000,1.4,11.65,7.37,44.68728,-124.156658
2021-07-13T02:17:11.000,1.41,11.76,7.37,44.68728,-124.156658
2021-07-13T02:32:11.000,1.41,11.73,7.37,44.68728,-124.156658
2021-07-13T02:47:11.000,1.42,11.81,7.37,44.68728,-124.156658
2021-07-13T03:02:11.000,1.42,11.84,7.37,44.68728,-124.156658
2021-07-13T03:17:11.000,1.41,11.75,7.37,44.68728,-124.156658
2021-07-13T03:32:11.000,1.43,11.87,7.37,44.68728,-124.156658
2021-07-13T03:47:11.000,1.41,11.75,7.37,44.68728,-124.156658
2021-07-13T04:02:11.000,1.41,11.69,7.37,44.68728,-124.156658
2021-07-13T04:17:11.000,1.41,11.72,7.37,44.68728,-124.156658
2021-07-13T04:32:11.000,1.41,11.71,7.37,44.68728,-124.156658
2021-07-13T04:47:11.000,1.41,11.73,7.37,44.68728,-124.156658
2021-07-13T05:02:11.000,1.4,11.66,7.37,44.68728,-124.156658
2021-07-13T05:17:11.000,1.39,11.58,7.37,44.68728,-124.156658
2021-07-13T05:32:11.000,1.38,11.48,7.37,44.68728,-124.156658
2021-07-13T05:47:11.000,1.4,11.6,7.37,44.68728,-124.156658
2021-07-13T06:02:11.000,1.37,11.37,7.37,44.68728,-124.156658
2021-07-13T06:17:11.000,1.38,11.44,7.37,44.68728,-124.156658
2021-07-13T06:32:11.000,1.37,11.4,7.37,44.68728,-124.156658
2021-07-13T06:47:11.000,1.35,11.22,7.37,44.68728,-124.156658
2021-07-13T07:02:11.000,1.33,11.06,7.37,44.68728,-124.156658
2021-07-13T07:17:11.000,1.27,10.55,7.37,44.68728,-124.156658
2021-07-13T07:32:11.000,1.27,10.6,7.37,44.68728,-124.156658
2021-07-13T07:47:11.000,1.31,10.89,7.37,44.68728,-124.156658
2021-07-13T08:02:11.000,1.25,10.41,7.37,44.68728,-124.156658
2021-07-13T08:17:11.000,1.3,10.82,7.37,44.68728,-124.156658
2021-07-13T08:32:11.000,1.28,10.67,7.37,44.68728,-124.156658
2021-07-13T08:47:11.000,1.36,11.28,7.37,44.68728,-124.156658
2021-07-13T09:02:11.000,1.37,11.37,7.37,44.68728,-124.156658
2021-07-13T09:17:11.000,1.35,11.26,7.37,44.68728,-124.156658
2021-07-13T09:32:11.000,1.36,11.27,7.37,44.68728,-124.156658
2021-07-13T09:47:11.000,1.36,11.27,7.37,44.68728,-124.156658
2021-07-13T10:02:11.000,1.34,11.12,7.37,44.68728,-124.156658
2021-07-13T10:17:11.000,1.34,11.12,7.36,44.68728,-124.156658
2021-07-13T10:32:11.000,1.35,11.2,7.35,44.68728,-124.156658
2021-07-13T10:47:11.000,1.34,11.09,7.35,44.68728,-124.156658
2021-07-13T11:02:11.000,1.34,11.14,7.35,44.68728,-124.156658
2021-07-13T11:17:11.000,1.35,11.21,7.35,44.68728,-124.156658
2021-07-13T11:32:11.000,1.35,11.25,7.35,44.68728,-124.156658
2021-07-13T11:47:11.000,1.35,11.25,7.35,44.68728,-124.156658
2021-07-13T12:02:11.000,1.35,11.23,7.35,44.68728,-124.156658
2021-07-13T12:17:11.000,1.35,11.22,7.35,44.68728,-124.156658
2021-07-13T12:32:11.000,1.34,11.17,7.35,44.68728,-124.156658
2021-07-13T12:47:11.000,1.34,11.14,7.36,44.68728,-124.156658
2021-07-13T13:02:11.000,1.34,11.18,7.36,44.68728,-124.156658
2021-07-13T13:17:11.000,1.36,11.34,7.36,44.68728,-124.156658
2021-07-13T13:32:11.000,1.34,11.16,7.36,44.68728,-124.156658
2021-07-13T13:47:11.000,1.36,11.27,7.37,44.68728,-124.156658
2021-07-13T14:02:11.000,1.34,11.18,7.37,44.68728,-124.156658
2021-07-13T14:17:11.000,1.34,11.11,7.37,44.68728,-124.156658
2021-07-13T14:32:11.000,1.34,11.15,7.37,44.68728,-124.156658
2021-07-13T14:47:11.000,1.33,11.09,7.37,44.68728,-124.156658
2021-07-13T15:02:11.000,1.32,11.02,7.38,44.68728,-124.156658
2021-07-13T15:17:11.000,1.33,11.02,7.38,44.68728,-124.156658
2021-07-13T15:32:11.000,1.33,11.04,7.38,44.68728,-124.156658
2021-07-13T15:47:11.000,1.32,11.01,7.39,44.68728,-124.156658
2021-07-13T16:02:11.000,1.32,11.02,7.39,44.68728,-124.156658
2021-07-13T16:17:11.000,1.33,11.03,7.39,44.68728,-124.156658
2021-07-13T16:32:11.000,1.32,10.98,7.39,44.68728,-124.156658
2021-07-13T16:47:11.000,1.32,10.94,7.39,44.68728,-124.156658
2021-07-13T17:02:11.000,1.32,10.95,7.38,44.68728,-124.156658
2021-07-13T17:17:11.000,1.31,10.94,7.38,44.68728,-124.156658
2021-07-13T17:32:11.000,1.33,11.06,7.38,44.68728,-124.156658
2021-07-13T17:47:11.000,1.32,10.98,7.38,44.68728,-124.156658
2021-07-13T18:02:11.000,1.33,11.02,7.38,44.68728,-124.156658
2021-07-13T18:17:11.000,1.33,11.03,7.38,44.68728,-124.156658
2021-07-13T18:32:11.000,1.34,11.12,7.38,44.68728,-124.156658
2021-07-13T18:47:11.000,1.32,10.98,7.38,44.68728,-124.156658
2021-07-13T19:02:11.000,1.34,11.11,7.39,44.68728,-124.156658
2021-07-13T19:17:11.000,1.32,11.01,7.39,44.68728,-124.156658
2021-07-13T19:32:11.000,1.32,10.99,7.39,44.68728,-124.156658
2021-07-13T19:47:11.000,1.32,10.98,7.39,44.68728,-124.156658
2021-07-13T20:02:11.000,1.32,10.98,7.38,44.68728,-124.156658
2021-07-13T20:17:11.000,1.31,10.92,7.38,44.68728,-124.156658
2021-07-13T20:32:11.000,1.32,10.99,7.37,44.68728,-124.156658
2021-07-13T20:47:11.000,1.35,11.18,7.37,44.68728,-124.156658
2021-07-13T21:02:11.000,1.33,11.1,7.37,44.68728,-124.156658
2021-07-13T21:17:11.000,1.34,11.14,7.37,44.68728,-124.156658
2021-07-13T21:32:11.000,1.33,11.1,7.37,44.68728,-124.156658
2021-07-13T21:47:11.000,1.33,11.09,7.37,44.68728,-124.156658
2021-07-13T22:02:11.000,1.33,11.05,7.37,44.68728,-124.156658
2021-07-13T22:17:11.000,1.31,10.87,7.37,44.68728,-124.156658
2021-07-13T22:32:11.000,1.3,10.8,7.37,44.68728,-124.156658
2021-07-13T22:47:11.000,1.31,10.86,7.37,44.68728,-124.156658
2021-07-13T23:02:11.000,1.3,10.82,7.37,44.68728,-124.156658
2021-07-13T23:17:11.000,1.33,11.02,7.37,44.68728,-124.156658
2021-07-13T23:32:11.000,1.34,11.14,7.37,44.68728,-124.156658
2021-07-13T23:47:11.000,1.35,11.26,7.36,44.68728,-124.156658
2021-07-14T00:02:11.000,1.37,11.42,7.36,44.68728,-124.156658
2021-07-14T00:17:11.000,1.38,11.48,7.36,44.68728,-124.156658
2021-07-14T00:32:11.000,1.39,11.57,7.35,44.68728,-124.156658
2021-07-14T00:47:11.000,1.42,11.81,7.35,44.68728,-124.156658
2021-07-14T01:02:11.000,1.43,11.89,7.35,44.68728,-124.156658
2021-07-14T01:17:11.000,1.45,12.07,7.34,44.68728,-124.156658
2021-07-14T01:32:11.000,1.44,11.99,7.34,44.68728,-124.156658
2021-07-14T01:47:11.000,1.44,12,7.34,44.68728,-124.156658
2021-07-14T02:02:11.000,1.47,12.23,7.34,44.68728,-124.156658
2021-07-14T02:17:11.000,1.48,12.29,7.34,44.68728,-124.156658
2021-07-14T02:32:11.000,1.5,12.44,7.34,44.68728,-124.156658
2021-07-14T02:47:11.000,1.51,12.52,7.34,44.68728,-124.156658
2021-07-14T03:02:11.000,1.51,12.57,7.34,44.68728,-124.156658
2021-07-14T03:17:11.000,1.52,12.62,7.34,44.68728,-124.156658
2021-07-14T03:32:11.000,1.51,12.59,7.34,44.68728,-124.156658
2021-07-14T03:47:11.000,1.52,12.62,7.34,44.68728,-124.156658
2021-07-14T04:02:11.000,1.52,12.64,7.34,44.68728,-124.156658
2021-07-14T04:17:11.000,1.51,12.51,7.34,44.68728,-124.156658
2021-07-14T04:32:11.000,1.53,12.72,7.34,44.68728,-124.156658
2021-07-14T04:47:11.000,1.51,12.57,7.34,44.68728,-124.156658
2021-07-14T05:02:11.000,1.5,12.45,7.34,44.68728,-124.156658
2021-07-14T05:17:11.000,1.52,12.63,7.34,44.68728,-124.156658
2021-07-14T05:32:11.000,1.49,12.39,7.34,44.68728,-124.156658
2021-07-14T05:47:11.000,1.5,12.47,7.34,44.68728,-124.156658
2021-07-14T06:02:11.000,1.46,12.12,7.34,44.68728,-124.156658
2021-07-14T06:17:11.000,1.48,12.32,7.34,44.68728,-124.156658
2021-07-14T06:32:11.000,1.48,12.26,7.34,44.68728,-124.156658
2021-07-14T06:47:11.000,1.48,12.32,7.34,44.68728,-124.156658
2021-07-14T07:02:11.000,1.45,12.03,7.34,44.68728,-124.156658
2021-07-14T07:17:11.000,1.48,12.28,7.34,44.68728,-124.156658
2021-07-14T07:32:11.000,1.45,12.09,7.34,44.68728,-124.156658
2021-07-14T07:47:11.000,1.49,12.37,7.34,44.68728,-124.156658
2021-07-14T08:02:11.000,1.49,12.41,7.34,44.68728,-124.156658
2021-07-14T08:17:11.000,1.51,12.52,7.34,44.68728,-124.156658
2021-07-14T08:32:11.000,1.5,12.5,7.34,44.68728,-124.156658
2021-07-14T08:47:11.000,1.51,12.55,7.34,44.68728,-124.156658
2021-07-14T09:02:11.000,1.5,12.46,7.34,44.68728,-124.156658
2021-07-14T09:17:11.000,1.52,12.62,7.34,44.68728,-124.156658
2021-07-14T09:32:11.000,1.5,12.43,7.34,44.68728,-124.156658
2021-07-14T09:47:11.000,1.51,12.51,7.34,44.68728,-124.156658
2021-07-14T10:02:11.000,1.51,12.55,7.34,44.68728,-124.156658
2021-07-14T10:17:11.000,1.5,12.48,7.34,44.68728,-124.156658
2021-07-14T10:32:11.000,1.51,12.58,7.34,44.68728,-124.156658
2021-07-14T10:47:11.000,1.51,12.51,7.34,44.68728,-124.156658
2021-07-14T11:02:11.000,1.53,12.67,7.34,44.68728,-124.156658
2021-07-14T11:17:11.000,1.54,12.81,7.34,44.68728,-124.156658
2021-07-14T11:32:11.000,1.55,12.91,7.34,44.68728,-124.156658
2021-07-14T11:47:11.000,1.56,12.95,7.34,44.68728,-124.156658
2021-07-14T12:02:11.000,1.55,12.88,7.34,44.68728,-124.156658
2021-07-14T12:17:11.000,1.56,12.98,7.34,44.68728,-124.156658
2021-07-14T12:32:11.000,1.57,13.06,7.34,44.68728,-124.156658
2021-07-14T12:47:11.000,1.59,13.22,7.33,44.68728,-124.156658
2021-07-14T13:02:11.000,1.61,13.33,7.33,44.68728,-124.156658
2021-07-14T13:17:11.000,1.63,13.57,7.32,44.68728,-124.156658
2021-07-14T13:32:11.000,1.65,13.68,7.32,44.68728,-124.156658
2021-07-14T13:47:11.000,1.65,13.68,7.32,44.68728,-124.156658
2021-07-14T14:02:11.000,1.62,13.48,7.32,44.68728,-124.156658
2021-07-14T14:17:11.000,1.61,13.38,7.32,44.68728,-124.156658
2021-07-14T14:32:11.000,1.6,13.25,7.32,44.68728,-124.156658
2021-07-14T14:47:11.000,1.59,13.18,7.32,44.68728,-124.156658
2021-07-14T15:02:11.000,1.58,13.16,7.32,44.68728,-124.156658
2021-07-14T15:17:11.000,1.58,13.09,7.33,44.68728,-124.156658
2021-07-14T15:32:11.000,1.57,13.02,7.33,44.68728,-124.156658
2021-07-14T15:47:11.000,1.56,12.98,7.33,44.68728,-124.156658
2021-07-14T16:02:11.000,1.54,12.83,7.33,44.68728,-124.156658
2021-07-14T16:17:11.000,1.55,12.91,7.33,44.68728,-124.156658
2021-07-14T16:32:11.000,1.55,12.86,7.33,44.68728,-124.156658
2021-07-14T16:47:11.000,1.54,12.77,7.33,44.68728,-124.156658
2021-07-14T17:02:11.000,1.51,12.54,7.32,44.68728,-124.156658
2021-07-14T17:17:11.000,1.5,12.45,7.32,44.68728,-124.156658
2021-07-14T17:32:11.000,1.51,12.57,7.32,44.68728,-124.156658
2021-07-14T17:47:11.000,1.51,12.54,7.32,44.68728,-124.156658
2021-07-14T18:02:11.000,1.52,12.61,7.32,44.68728,-124.156658
2021-07-14T18:17:11.000,1.52,12.64,7.32,44.68728,-124.156658
2021-07-14T18:32:11.000,1.53,12.67,7.32,44.68728,-124.156658
2021-07-14T18:47:11.000,1.53,12.7,7.32,44.68728,-124.156658
2021-07-14T19:02:11.000,1.55,12.9,7.32,44.68728,-124.156658
2021-07-14T19:17:11.000,1.54,12.76,7.32,44.68728,-124.156658
2021-07-14T19:32:11.000,1.56,12.99,7.32,44.68728,-124.156658
2021-07-14T19:47:11.000,1.56,12.97,7.32,44.68728,-124.156658
2021-07-14T20:02:11.000,1.58,13.09,7.32,44.68728,-124.156658
2021-07-14T20:17:11.000,1.56,12.98,7.32,44.68728,-124.156658
2021-07-14T20:32:11.000,1.56,12.99,7.32,44.68728,-124.156658
2021-07-14T20:47:11.000,1.57,13.02,7.32,44.68728,-124.156658
2021-07-14T21:02:11.000,1.55,12.9,7.31,44.68728,-124.156658
2021-07-14T21:17:11.000,1.54,12.79,7.31,44.68728,-124.156658
2021-07-14T21:32:11.000,1.53,12.73,7.31,44.68728,-124.156658
2021-07-14T21:47:11.000,1.5,12.47,7.3,44.68728,-124.156658
2021-07-14T22:02:11.000,1.53,12.7,7.31,44.68728,-124.156658
2021-07-14T22:17:11.000,1.53,12.67,7.31,44.68728,-124.156658
2021-07-14T22:32:11.000,1.52,12.64,7.31,44.68728,-124.156658
2021-07-14T22:47:11.000,1.54,12.78,7.31,44.68728,-124.156658
2021-07-14T23:02:11.000,1.54,12.8,7.31,44.68728,-124.156658
2021-07-14T23:17:11.000,1.54,12.82,7.32,44.68728,-124.156658
2021-07-14T23:32:11.000,1.56,12.93,7.32,44.68728,-124.156658
2021-07-14T23:47:11.000,1.57,13.02,7.32,44.68728,-124.156658
2021-07-15T00:02:11.000,1.59,13.17,7.32,44.68728,-124.156658
2021-07-15T00:17:11.000,1.59,13.19,7.32,44.68728,-124.156658
2021-07-15T00:32:11.000,1.6,13.3,7.32,44.68728,-124.156658
2021-07-15T00:47:11.000,1.62,13.45,7.32,44.68728,-124.156658
2021-07-15T01:02:11.000,1.63,13.57,7.32,44.68728,-124.156658
2021-07-15T01:17:11.000,1.63,13.55,7.33,44.68728,-124.156658
2021-07-15T01:32:11.000,1.64,13.66,7.34,44.68728,-124.156658
2021-07-15T01:47:11.000,1.64,13.6,7.34,44.68728,-124.156658
2021-07-15T02:02:11.000,1.63,13.56,7.34,44.68728,-124.156658
2021-07-15T02:17:11.000,1.63,13.53,7.34,44.68728,-124.156658
2021-07-15T02:32:11.000,1.65,13.73,7.34,44.68728,-124.156658
2021-07-15T02:47:11.000,1.64,13.61,7.34,44.68728,-124.156658
2021-07-15T03:02:11.000,1.64,13.66,7.34,44.68728,-124.156658
2021-07-15T03:17:11.000,1.64,13.62,7.34,44.68728,-124.156658
2021-07-15T03:32:11.000,1.66,13.8,7.34,44.68728,-124.156658
2021-07-15T03:47:11.000,1.65,13.67,7.34,44.68728,-124.156658
2021-07-15T04:02:11.000,1.64,13.63,7.34,44.68728,-124.156658
2021-07-15T04:17:11.000,1.66,13.76,7.34,44.68728,-124.156658
2021-07-15T04:32:11.000,1.64,13.59,7.34,44.68728,-124.156658
2021-07-15T04:47:11.000,1.64,13.63,7.34,44.68728,-124.156658
2021-07-15T05:02:11.000,1.65,13.73,7.34,44.68728,-124.156658
2021-07-15T05:17:11.000,1.63,13.51,7.34,44.68728,-124.156658
2021-07-15T05:32:11.000,1.66,13.83,7.34,44.68728,-124.156658
2021-07-15T05:47:11.000,1.63,13.5,7.34,44.68728,-124.156658
2021-07-15T06:02:11.000,1.63,13.55,7.34,44.68728,-124.156658
2021-07-15T06:17:11.000,1.65,13.7,7.34,44.68728,-124.156658
2021-07-15T06:32:11.000,1.65,13.7,7.34,44.68728,-124.156658
2021-07-15T06:47:11.000,1.64,13.67,7.34,44.68728,-124.156658
2021-07-15T07:02:11.000,1.65,13.74,7.34,44.68728,-124.156658
2021-07-15T07:17:11.000,1.68,13.98,7.35,44.68728,-124.156658
2021-07-15T07:32:11.000,1.67,13.87,7.35,44.68728,-124.156658
2021-07-15T07:47:11.000,1.69,14.04,7.36,44.68728,-124.156658
2021-07-15T08:02:11.000,1.72,14.29,7.36,44.68728,-124.156658
2021-07-15T08:17:11.000,1.73,14.39,7.37,44.68728,-124.156658
2021-07-15T08:32:11.000,1.73,14.35,7.37,44.68728,-124.156658
2021-07-15T08:47:11.000,1.74,14.51,7.37,44.68728,-124.156658
2021-07-15T09:02:11.000,1.77,14.7,7.37,44.68728,-124.156658
2021-07-15T09:17:11.000,1.74,14.45,7.37,44.68728,-124.156658
2021-07-15T09:32:11.000,1.79,14.88,7.37,44.68728,-124.156658
2021-07-15T09:47:11.000,1.7,14.11,7.37,44.68728,-124.156658
2021-07-15T10:02:11.000,1.79,14.84,7.37,44.68728,-124.156658
2021-07-15T10:17:11.000,1.82,15.1,7.37,44.68728,-124.156658
2021-07-15T10:32:11.000,1.84,15.26,7.37,44.68728,-124.156658
2021-07-15T10:47:11.000,1.83,15.22,7.37,44.68728,-124.156658
2021-07-15T11:02:11.000,1.81,15.03,7.37,44.68728,-124.156658
2021-07-15T11:17:11.000,1.8,15,7.37,44.68728,-124.156658
2021-07-15T11:32:11.000,1.84,15.28,7.37,44.68728,-124.156658
2021-07-15T11:47:11.000,1.84,15.31,7.37,44.68728,-124.156658
2021-07-15T12:02:11.000,1.82,15.11,7.37,44.68728,-124.156658
2021-07-15T12:17:11.000,1.8,14.93,7.37,44.68728,-124.156658
2021-07-15T12:32:11.000,1.8,14.95,7.37,44.68728,-124.156658
2021-07-15T12:47:11.000,1.81,15.07,7.37,44.68728,-124.156658
2021-07-15T13:02:11.000,1.82,15.13,7.37,44.68728,-124.156658
2021-07-15T13:17:11.000,1.82,15.13,7.37,44.68728,-124.156658
2021-07-15T13:32:11.000,1.81,15.05,7.36,44.68728,-124.156658
2021-07-15T13:47:11.000,1.79,14.87,7.36,44.68728,-124.156658
2021-07-15T14:02:11.000,1.76,14.59,7.35,44.68728,-124.156658
2021-07-15T14:17:11.000,1.76,14.66,7.35,44.68728,-124.156658
2021-07-15T14:32:11.000,1.74,14.49,7.35,44.68728,-124.156658
2021-07-15T14:47:11.000,1.73,14.38,7.34,44.68728,-124.156658
2021-07-15T15:02:11.000,1.74,14.48,7.35,44.68728,-124.156658
2021-07-15T15:17:11.000,1.73,14.34,7.35,44.68728,-124.156658
2021-07-15T15:32:11.000,1.72,14.29,7.34,44.68728,-124.156658
