Time (UTC),DO (ml/L),Dissolved Oxygen (%),Temperature (C),Latitude,Longitude
2021-06-15T21:13:30.000,1.79,15.01,7.65,44.68728,-124.156658
2021-06-15T21:28:30.000,1.79,14.98,7.64,44.68728,-124.156658
2021-06-15T21:43:30.000,1.79,14.99,7.64,44.68728,-124.156658
2021-06-15T21:58:30.000,1.8,15.06,7.63,44.68728,-124.156658
2021-06-15T22:13:30.000,1.82,15.19,7.63,44.68728,-124.156658
2021-06-15T22:28:30.000,1.82,15.21,7.63,44.68728,-124.156658
2021-06-15T22:43:30.000,1.87,15.65,7.63,44.68728,-124.156658
2021-06-15T22:58:30.000,1.89,15.85,7.61,44.68728,-124.156658
2021-06-15T23:13:30.000,1.93,16.13,7.61,44.68728,-124.156658
2021-06-15T23:28:30.000,1.94,16.24,7.6,44.68728,-124.156658
2021-06-15T23:43:30.000,1.99,16.66,7.58,44.68728,-124.156658
2021-06-15T23:58:30.000,1.99,16.62,7.58,44.68728,-124.156658
2021-06-16T00:13:30.000,2,16.75,7.58,44.68728,-124.156658
2021-06-16T00:28:30.000,2.01,16.79,7.56,44.68728,-124.156658
2021-06-16T00:43:30.000,1.98,16.52,7.56,44.68728,-124.156658
2021-06-16T00:58:30.000,1.96,16.41,7.56,44.68728,-124.156658
2021-06-16T01:13:30.000,1.96,16.41,7.56,44.68728,-124.156658
2021-06-16T01:28:30.000,1.92,16.01,7.56,44.68728,-124.156658
2021-06-16T01:43:30.000,1.99,16.59,7.58,44.68728,-124.156658
2021-06-16T01:58:30.000,1.93,16.15,7.58,44.68728,-124.156658
2021-06-16T02:13:30.000,1.89,15.8,7.58,44.68728,-124.156658
2021-06-16T02:28:30.000,1.91,15.95,7.58,44.68728,-124.156658
2021-06-16T02:43:30.000,1.87,15.63,7.58,44.68728,-124.156658
2021-06-16T02:58:30.000,1.9,15.85,7.59,44.68728,-124.156658
2021-06-16T03:13:30.000,1.87,15.61,7.59,44.68728,-124.156658
2021-06-16T03:28:30.000,1.84,15.39,7.59,44.68728,-124.156658
2021-06-16T03:43:30.000,1.82,15.23,7.59,44.68728,-124.156658
2021-06-16T03:58:30.000,1.83,15.28,7.59,44.68728,-124.156658
2021-06-16T04:13:30.000,1.88,15.7,7.61,44.68728,-124.156658
2021-06-16T04:28:30.000,1.81,15.13,7.63,44.68728,-124.156658
2021-06-16T04:43:30.000,1.82,15.21,7.64,44.68728,-124.156658
2021-06-16T04:58:30.000,1.78,14.89,7.64,44.68728,-124.156658
2021-06-16T05:13:30.000,1.81,15.15,7.65,44.68728,-124.156658
2021-06-16T05:28:30.000,1.8,15.1,7.65,44.68728,-124.156658
2021-06-16T05:43:30.000,1.81,15.2,7.66,44.68728,-124.156658
2021-06-16T05:58:30.000,1.76,14.76,7.66,44.68728,-124.156658
2021-06-16T06:13:30.000,1.81,15.13,7.66,44.68728,-124.156658
2021-06-16T06:28:30.000,1.81,15.18,7.66,44.68728,-124.156658
2021-06-16T06:43:30.000,1.81,15.19,7.66,44.68728,-124.156658
2021-06-16T06:58:30.000,1.83,15.29,7.66,44.68728,-124.156658
2021-06-16T07:13:30.000,1.85,15.47,7.66,44.68728,-124.156658
2021-06-16T07:28:30.000,1.85,15.5,7.66,44.68728,-124.156658
2021-06-16T07:43:30.000,1.85,15.45,7.66,44.68728,-124.156658
2021-06-16T07:58:30.000,1.84,15.4,7.66,44.68728,-124.156658
2021-06-16T08:13:30.000,1.83,15.34,7.67,44.68728,-124.156658
2021-06-16T08:28:30.000,1.85,15.5,7.67,44.68728,-124.156658
2021-06-16T08:43:30.000,1.85,15.51,7.66,44.68728,-124.156658
2021-06-16T08:58:30.000,1.85,15.53,7.66,44.68728,-124.156658
2021-06-16T09:13:30.000,1.86,15.56,7.66,44.68728,-124.156658
2021-06-16T09:28:30.000,1.86,15.57,7.67,44.68728,-124.156658
2021-06-16T09:43:30.000,1.87,15.66,7.67,44.68728,-124.156658
2021-06-16T09:58:30.000,1.84,15.42,7.67,44.68728,-124.156658
2021-06-16T10:13:30.000,1.86,15.54,7.67,44.68728,-124.156658
2021-06-16T10:28:30.000,1.87,15.67,7.68,44.68728,-124.156658
2021-06-16T10:43:30.000,1.87,15.69,7.68,44.68728,-124.156658
2021-06-16T10:58:30.000,1.88,15.71,7.68,44.68728,-124.156658
2021-06-16T11:13:30.000,1.87,15.71,7.68,44.68728,-124.156658
2021-06-16T11:28:30.000,1.83,15.37,7.68,44.68728,-124.156658
2021-06-16T11:43:30.000,1.83,15.35,7.68,44.68728,-124.156658
2021-06-16T11:58:30.000,1.84,15.41,7.68,44.68728,-124.156658
2021-06-16T12:13:30.000,1.81,15.19,7.68,44.68728,-124.156658
2021-06-16T12:28:30.000,1.82,15.23,7.68,44.68728,-124.156658
2021-06-16T12:43:30.000,1.76,14.77,7.68,44.68728,-124.156658
2021-06-16T12:58:30.000,1.81,15.13,7.69,44.68728,-124.156658
2021-06-16T13:13:30.000,1.8,15.04,7.69,44.68728,-124.156658
2021-06-16T13:28:30.000,1.79,15.02,7.7,44.68728,-124.156658
2021-06-16T13:43:30.000,1.79,14.98,7.7,44.68728,-124.156658
2021-06-16T13:58:30.000,1.79,15.01,7.7,44.68728,-124.156658
2021-06-16T14:13:30.000,1.82,15.28,7.72,44.68728,-124.156658
2021-06-16T14:28:30.000,1.88,15.75,7.73,44.68728,-124.156658
2021-06-16T14:43:30.000,1.86,15.6,7.75,44.68728,-124.156658
2021-06-16T14:58:30.000,1.77,14.9,7.75,44.68728,-124.156658
2021-06-16T15:13:30.000,1.8,15.13,7.75,44.68728,-124.156658
2021-06-16T15:28:30.000,1.92,16.13,7.76,44.68728,-124.156658
2021-06-16T15:43:30.000,1.92,16.08,7.75,44.68728,-124.156658
2021-06-16T15:58:30.000,1.9,15.91,7.75,44.68728,-124.156658
2021-06-16T16:13:30.000,1.86,15.59,7.73,44.68728,-124.156658
2021-06-16T16:28:30.000,1.83,15.35,7.71,44.68728,-124.156658
2021-06-16T16:43:30.000,1.8,15.13,7.71,44.68728,-124.156658
2021-06-16T16:58:30.000,1.81,15.16,7.7,44.68728,-124.156658
2021-06-16T17:13:30.000,1.8,15.09,7.7,44.68728,-124.156658
2021-06-16T17:28:30.000,1.82,15.28,7.71,44.68728,-124.156658
2021-06-16T17:43:30.000,1.82,15.25,7.71,44.68728,-124.156658
2021-06-16T17:58:30.000,1.85,15.49,7.7,44.68728,-124.156658
2021-06-16T18:13:30.000,1.8,15.08,7.71,44.68728,-124.156658
2021-06-16T18:28:30.000,1.82,15.29,7.71,44.68728,-124.156658
2021-06-16T18:43:30.000,1.86,15.6,7.7,44.68728,-124.156658
2021-06-16T18:58:30.000,1.83,15.35,7.7,44.68728,-124.156658
2021-06-16T19:13:30.000,1.81,15.16,7.7,44.68728,-124.156658
2021-06-16T19:28:30.000,1.82,15.3,7.71,44.68728,-124.156658
2021-06-16T19:43:30.000,1.83,15.33,7.7,44.68728,-124.156658
2021-06-16T19:58:30.000,1.85,15.54,7.7,44.68728,-124.156658
2021-06-16T20:13:30.000,1.87,15.71,7.69,44.68728,-124.156658
2021-06-16T20:28:30.000,1.88,15.79,7.68,44.68728,-124.156658
2021-06-16T20:43:30.000,1.89,15.85,7.68,44.68728,-124.156658
2021-06-16T20:58:30.000,1.89,15.82,7.68,44.68728,-124.156658
2021-06-16T21:13:30.000,1.92,16.06,7.68,44.68728,-124.156658
2021-06-16T21:28:30.000,1.91,15.98,7.68,44.68728,-124.156658
2021-06-16T21:43:30.000,1.9,15.87,7.66,44.68728,-124.156658
2021-06-16T21:58:30.000,1.91,15.96,7.66,44.68728,-124.156658
2021-06-16T22:13:30.000,1.92,16.07,7.66,44.68728,-124.156658
2021-06-16T22:28:30.000,1.91,16.01,7.66,44.68728,-124.156658
2021-06-16T22:43:30.000,1.94,16.25,7.65,44.68728,-124.156658
2021-06-16T22:58:30.000,1.93,16.19,7.63,44.68728,-124.156658
2021-06-16T23:13:30.000,1.96,16.38,7.62,44.68728,-124.156658
2021-06-16T23:28:30.000,1.97,16.47,7.61,44.68728,-124.156658
2021-06-16T23:43:30.000,1.95,16.32,7.61,44.68728,-124.156658
2021-06-16T23:58:30.000,1.95,16.32,7.61,44.68728,-124.156658
2021-06-17T00:13:30.000,1.97,16.46,7.61,44.68728,-124.156658
2021-06-17T00:28:30.000,2,16.69,7.59,44.68728,-124.156658
2021-06-17T00:43:30.000,2.01,16.79,7.58,44.68728,-124.156658
2021-06-17T00:58:30.000,2.04,17.03,7.56,44.68728,-124.156658
2021-06-17T01:13:30.000,2.04,17.04,7.56,44.68728,-124.156658
2021-06-17T01:28:30.000,2.06,17.23,7.56,44.68728,-124.156658
2021-06-17T01:43:30.000,2.05,17.12,7.56,44.68728,-124.156658
2021-06-17T01:58:30.000,2.02,16.84,7.56,44.68728,-124.156658
2021-06-17T02:13:30.000,2.06,17.22,7.56,44.68728,-124.156658
2021-06-17T02:28:30.000,1.95,16.27,7.56,44.68728,-124.156658
2021-06-17T02:43:30.000,2,16.67,7.56,44.68728,-124.156658
2021-06-17T02:58:30.000,1.99,16.66,7.56,44.68728,-124.156658
2021-06-17T03:13:30.000,1.98,16.5,7.56,44.68728,-124.156658
2021-06-17T03:28:30.000,1.99,16.65,7.56,44.68728,-124.156658
2021-06-17T03:43:30.000,1.97,16.46,7.56,44.68728,-124.156658
2021-06-17T03:58:30.000,1.94,16.21,7.56,44.68728,-124.156658
2021-06-17T04:13:30.000,1.97,16.48,7.56,44.68728,-124.156658
2021-06-17T04:28:30.000,1.91,15.95,7.58,44.68728,-124.156658
2021-06-17T04:43:30.000,1.83,15.32,7.59,44.68728,-124.156658
2021-06-17T04:58:30.000,1.89,15.82,7.59,44.68728,-124.156658
2021-06-17T05:13:30.000,1.93,16.15,7.59,44.68728,-124.156658
2021-06-17T05:28:30.000,1.95,16.27,7.59,44.68728,-124.156658
2021-06-17T05:43:30.000,1.95,16.27,7.58,44.68728,-124.156658
2021-06-17T05:58:30.000,1.95,16.31,7.58,44.68728,-124.156658
2021-06-17T06:13:30.000,1.96,16.36,7.59,44.68728,-124.156658
2021-06-17T06:28:30.000,1.98,16.57,7.58,44.68728,-124.156658
2021-06-17T06:43:30.000,2.04,17.07,7.56,44.68728,-124.156658
2021-06-17T06:58:30.000,2.08,17.34,7.55,44.68728,-124.156658
2021-06-17T07:13:30.000,2.09,17.43,7.54,44.68728,-124.156658
2021-06-17T07:28:30.000,2.1,17.57,7.54,44.68728,-124.156658
2021-06-17T07:43:30.000,2.11,17.65,7.54,44.68728,-124.156658
2021-06-17T07:58:30.000,2.13,17.81,7.53,44.68728,-124.156658
2021-06-17T08:13:30.000,2.15,17.91,7.53,44.68728,-124.156658
2021-06-17T08:28:30.000,2.16,18.04,7.51,44.68728,-124.156658
2021-06-17T08:43:30.000,2.16,18.06,7.51,44.68728,-124.156658
2021-06-17T08:58:30.000,2.18,18.17,7.51,44.68728,-124.156658
2021-06-17T09:13:30.000,2.18,18.2,7.51,44.68728,-124.156658
2021-06-17T09:28:30.000,2.18,18.21,7.51,44.68728,-124.156658
2021-06-17T09:43:30.000,2.17,18.09,7.5,44.68728,-124.156658
2021-06-17T09:58:30.000,2.19,18.23,7.5,44.68728,-124.156658
2021-06-17T10:13:30.000,2.16,17.98,7.5,44.68728,-124.156658
2021-06-17T10:28:30.000,2.15,17.95,7.5,44.68728,-124.156658
2021-06-17T10:43:30.000,2.13,17.73,7.49,44.68728,-124.156658
2021-06-17T10:58:30.000,2.07,17.3,7.5,44.68728,-124.156658
2021-06-17T11:13:30.000,2.16,17.99,7.5,44.68728,-124.156658
2021-06-17T11:28:30.000,2.13,17.75,7.51,44.68728,-124.156658
2021-06-17T11:43:30.000,2.16,18.02,7.51,44.68728,-124.156658
2021-06-17T11:58:30.000,2.16,17.99,7.51,44.68728,-124.156658
2021-06-17T12:13:30.000,2.17,18.08,7.51,44.68728,-124.156658
2021-06-17T12:28:30.000,2.15,17.95,7.51,44.68728,-124.156658
2021-06-17T12:43:30.000,2.16,18.05,7.5,44.68728,-124.156658
2021-06-17T12:58:30.000,2.14,17.82,7.49,44.68728,-124.156658
2021-06-17T13:13:30.000,2.06,17.16,7.49,44.68728,-124.156658
2021-06-17T13:28:30.000,2.15,17.95,7.49,44.68728,-124.156658
2021-06-17T13:43:30.000,2.14,17.87,7.49,44.68728,-124.156658
2021-06-17T13:58:30.000,2.15,17.9,7.49,44.68728,-124.156658
2021-06-17T14:13:30.000,2.16,17.98,7.49,44.68728,-124.156658
2021-06-17T14:28:30.000,2.16,17.97,7.49,44.68728,-124.156658
2021-06-17T14:43:30.000,2.14,17.89,7.49,44.68728,-124.156658
2021-06-17T14:58:30.000,2.14,17.84,7.49,44.68728,-124.156658
2021-06-17T15:13:30.000,2.12,17.7,7.49,44.68728,-124.156658
2021-06-17T15:28:30.000,2.12,17.67,7.5,44.68728,-124.156658
2021-06-17T15:43:30.000,2.11,17.63,7.51,44.68728,-124.156658
2021-06-17T15:58:30.000,2.12,17.66,7.51,44.68728,-124.156658
2021-06-17T16:13:30.000,2.11,17.62,7.51,44.68728,-124.156658
2021-06-17T16:28:30.000,2.11,17.62,7.51,44.68728,-124.156658
2021-06-17T16:43:30.000,2.09,17.48,7.51,44.68728,-124.156658
2021-06-17T16:58:30.000,2.09,17.42,7.51,44.68728,-124.156658
2021-06-17T17:13:30.000,2.09,17.4,7.51,44.68728,-124.156658
2021-06-17T17:28:30.000,2.07,17.31,7.51,44.68728,-124.156658
2021-06-17T17:43:30.000,2.06,17.19,7.51,44.68728,-124.156658
2021-06-17T17:58:30.000,2.08,17.36,7.51,44.68728,-124.156658
2021-06-17T18:13:30.000,2.1,17.5,7.5,44.68728,-124.156658
2021-06-17T18:28:30.000,2.08,17.38,7.51,44.68728,-124.156658
2021-06-17T18:43:30.000,2.1,17.5,7.51,44.68728,-124.156658
2021-06-17T18:58:30.000,2.1,17.53,7.5,44.68728,-124.156658
2021-06-17T19:13:30.000,2.1,17.53,7.5,44.68728,-124.156658
2021-06-17T19:28:30.000,2.08,17.31,7.51,44.68728,-124.156658
2021-06-17T19:43:30.000,2.07,17.25,7.51,44.68728,-124.156658
2021-06-17T19:58:30.000,2.08,17.36,7.51,44.68728,-124.156658
2021-06-17T20:13:30.000,2.09,17.46,7.51,44.68728,-124.156658
2021-06-17T20:28:30.000,2.07,17.27,7.5,44.68728,-124.156658
2021-06-17T20:43:30.000,2.08,17.32,7.5,44.68728,-124.156658
2021-06-17T20:58:30.000,2.08,17.35,7.49,44.68728,-124.156658
2021-06-17T21:13:30.000,2.05,17.1,7.5,44.68728,-124.156658
2021-06-17T21:28:30.000,2.07,17.25,7.49,44.68728,-124.156658
2021-06-17T21:43:30.000,2.06,17.2,7.49,44.68728,-124.156658
2021-06-17T21:58:30.000,2.09,17.39,7.48,44.68728,-124.156658
2021-06-17T22:13:30.000,2.09,17.39,7.47,44.68728,-124.156658
2021-06-17T22:28:30.000,2.08,17.34,7.47,44.68728,-124.156658
2021-06-17T22:43:30.000,2.08,17.32,7.47,44.68728,-124.156658
2021-06-17T22:58:30.000,2.08,17.32,7.47,44.68728,-124.156658
2021-06-17T23:13:30.000,2.07,17.29,7.46,44.68728,-124.156658
2021-06-17T23:28:30.000,2.07,17.25,7.46,44.68728,-124.156658
2021-06-17T23:43:30.000,2.06,17.15,7.46,44.68728,-124.156658
2021-06-17T23:58:30.000,2.06,17.13,7.46,44.68728,-124.156658
2021-06-18T00:13:30.000,2.05,17.1,7.46,44.68728,-124.156658
2021-06-18T00:28:30.000,2.05,17.07,7.46,44.68728,-124.156658
2021-06-18T00:43:30.000,2.05,17.07,7.46,44.68728,-124.156658
2021-06-18T00:58:30.000,2.05,17.05,7.46,44.68728,-124.156658
2021-06-18T01:13:30.000,2.04,16.98,7.46,44.68728,-124.156658
2021-06-18T01:28:30.000,2.03,16.91,7.45,44.68728,-124.156658
2021-06-18T01:43:30.000,2.02,16.87,7.45,44.68728,-124.156658
2021-06-18T01:58:30.000,2.01,16.74,7.45,44.68728,-124.156658
2021-06-18T02:13:30.000,2,16.65,7.45,44.68728,-124.156658
2021-06-18T02:28:30.000,2.01,16.71,7.45,44.68728,-124.156658
2021-06-18T02:43:30.000,1.99,16.59,7.45,44.68728,-124.156658
2021-06-18T02:58:30.000,1.99,16.6,7.45,44.68728,-124.156658
2021-06-18T03:13:30.000,1.99,16.58,7.45,44.68728,-124.156658
2021-06-18T03:28:30.000,1.99,16.55,7.45,44.68728,-124.156658
2021-06-18T03:43:30.000,1.98,16.48,7.44,44.68728,-124.156658
2021-06-18T03:58:30.000,1.96,16.31,7.44,44.68728,-124.156658
2021-06-18T04:13:30.000,1.96,16.3,7.44,44.68728,-124.156658
2021-06-18T04:28:30.000,1.93,16.08,7.44,44.68728,-124.156658
2021-06-18T04:43:30.000,1.94,16.2,7.44,44.68728,-124.156658
2021-06-18T04:58:30.000,1.94,16.12,7.44,44.68728,-124.156658
2021-06-18T05:13:30.000,1.92,15.99,7.44,44.68728,-124.156658
2021-06-18T05:28:30.000,1.93,16.04,7.44,44.68728,-124.156658
2021-06-18T05:43:30.000,1.93,16.08,7.44,44.68728,-124.156658
2021-06-18T05:58:30.000,1.92,16,7.44,44.68728,-124.156658
2021-06-18T06:13:30.000,1.89,15.75,7.44,44.68728,-124.156658
2021-06-18T06:28:30.000,1.9,15.85,7.44,44.68728,-124.156658
2021-06-18T06:43:30.000,1.9,15.8,7.43,44.68728,-124.156658
2021-06-18T06:58:30.000,1.88,15.66,7.44,44.68728,-124.156658
2021-06-18T07:13:30.000,1.88,15.69,7.43,44.68728,-124.156658
2021-06-18T07:28:30.000,1.88,15.65,7.43,44.68728,-124.156658
2021-06-18T07:43:30.000,1.88,15.63,7.43,44.68728,-124.156658
2021-06-18T07:58:30.000,1.87,15.59,7.43,44.68728,-124.156658
2021-06-18T08:13:30.000,1.87,15.55,7.43,44.68728,-124.156658
2021-06-18T08:28:30.000,1.83,15.24,7.43,44.68728,-124.156658
2021-06-18T08:43:30.000,1.85,15.42,7.43,44.68728,-124.156658
2021-06-18T08:58:30.000,1.85,15.4,7.43,44.68728,-124.156658
2021-06-18T09:13:30.000,1.85,15.4,7.44,44.68728,-124.156658
2021-06-18T09:28:30.000,1.85,15.38,7.44,44.68728,-124.156658
2021-06-18T09:43:30.000,1.83,15.28,7.44,44.68728,-124.156658
2021-06-18T09:58:30.000,1.83,15.24,7.44,44.68728,-124.156658
2021-06-18T10:13:30.000,1.82,15.17,7.44,44.68728,-124.156658
2021-06-18T10:28:30.000,1.83,15.25,7.44,44.68728,-124.156658
2021-06-18T10:43:30.000,1.83,15.22,7.44,44.68728,-124.156658
2021-06-18T10:58:30.000,1.82,15.14,7.44,44.68728,-124.156658
2021-06-18T11:13:30.000,1.81,15.06,7.44,44.68728,-124.156658
2021-06-18T11:28:30.000,1.8,15.01,7.43,44.68728,-124.156658
2021-06-18T11:43:30.000,1.79,14.94,7.43,44.68728,-124.156658
2021-06-18T11:58:30.000,1.81,15.08,7.43,44.68728,-124.156658
2021-06-18T12:13:30.000,1.79,14.94,7.42,44.68728,-124.156658
2021-06-18T12:28:30.000,1.8,14.98,7.42,44.68728,-124.156658
2021-06-18T12:43:30.000,1.76,14.69,7.42,44.68728,-124.156658
2021-06-18T12:58:30.000,1.79,14.9,7.42,44.68728,-124.156658
2021-06-18T13:13:30.000,1.79,14.91,7.42,44.68728,-124.156658
2021-06-18T13:28:30.000,1.78,14.84,7.42,44.68728,-124.156658
2021-06-18T13:43:30.000,1.77,14.76,7.42,44.68728,-124.156658
2021-06-18T13:58:30.000,1.77,14.72,7.43,44.68728,-124.156658
2021-06-18T14:13:30.000,1.78,14.83,7.41,44.68728,-124.156658
2021-06-18T14:28:30.000,1.78,14.8,7.41,44.68728,-124.156658
2021-06-18T14:43:30.000,1.79,14.86,7.4,44.68728,-124.156658
2021-06-18T14:58:30.000,1.8,14.99,7.39,44.68728,-124.156658
2021-06-18T15:13:30.000,1.8,14.99,7.39,44.68728,-124.156658
2021-06-18T15:28:30.000,1.81,15.02,7.39,44.68728,-124.156658
2021-06-18T15:43:30.000,1.82,15.13,7.39,44.68728,-124.156658
2021-06-18T15:58:30.000,1.82,15.16,7.39,44.68728,-124.156658
2021-06-18T16:13:30.000,1.84,15.27,7.39,44.68728,-124.156658
2021-06-18T16:28:30.000,1.83,15.24,7.39,44.68728,-124.156658
2021-06-18T16:43:30.000,1.85,15.39,7.39,44.68728,-124.156658
2021-06-18T16:58:30.000,1.85,15.43,7.39,44.68728,-124.156658
2021-06-18T17:13:30.000,1.86,15.47,7.39,44.68728,-124.156658
2021-06-18T17:28:30.000,1.86,15.44,7.39,44.68728,-124.156658
2021-06-18T17:43:30.000,1.87,15.59,7.39,44.68728,-124.156658
2021-06-18T17:58:30.000,1.88,15.64,7.39,44.68728,-124.156658
2021-06-18T18:13:30.000,1.89,15.69,7.39,44.68728,-124.156658
2021-06-18T18:28:30.000,1.9,15.83,7.39,44.68728,-124.156658
2021-06-18T18:43:30.000,1.92,15.94,7.39,44.68728,-124.156658
2021-06-18T18:58:30.000,1.91,15.92,7.38,44.68728,-124.156658
2021-06-18T19:13:30.000,1.92,16,7.38,44.68728,-124.156658
2021-06-18T19:28:30.000,1.92,16.01,7.38,44.68728,-124.156658
2021-06-18T19:43:30.000,1.93,16.08,7.38,44.68728,-124.156658
2021-06-18T19:58:30.000,1.93,16.03,7.37,44.68728,-124.156658
2021-06-18T20:13:30.000,1.94,16.14,7.37,44.68728,-124.156658
2021-06-18T20:28:30.000,1.92,16,7.37,44.68728,-124.156658
2021-06-18T20:43:30.000,1.94,16.14,7.37,44.68728,-124.156658
2021-06-18T20:58:30.000,1.94,16.15,7.37,44.68728,-124.156658
2021-06-18T21:13:30.000,1.95,16.2,7.37,44.68728,-124.156658
2021-06-18T21:28:30.000,1.94,16.16,7.37,44.68728,-124.156658
2021-06-18T21:43:30.000,1.95,16.19,7.36,44.68728,-124.156658
2021-06-18T21:58:30.000,1.95,16.19,7.37,44.68728,-124.156658
2021-06-18T22:13:30.000,1.95,16.22,7.37,44.68728,-124.156658
2021-06-18T22:28:30.000,1.96,16.31,7.37,44.68728,-124.156658
2021-06-18T22:43:30.000,1.96,16.26,7.37,44.68728,-124.156658
2021-06-18T22:58:30.000,1.96,16.32,7.37,44.68728,-124.156658
2021-06-18T23:13:30.000,1.96,16.27,7.37,44.68728,-124.156658
2021-06-18T23:28:30.000,1.97,16.41,7.36,44.68728,-124.156658
2021-06-18T23:43:30.000,1.98,16.43,7.36,44.68728,-124.156658
2021-06-18T23:58:30.000,1.98,16.47,7.36,44.68728,-124.156658
2021-06-19T00:13:30.000,1.99,16.53,7.36,44.68728,-124.156658
2021-06-19T00:28:30.000,2.02,16.76,7.37,44.68728,-124.156658
2021-06-19T00:43:30.000,2.02,16.81,7.36,44.68728,-124.156658
2021-06-19T00:58:30.000,2.05,17.05,7.37,44.68728,-124.156658
2021-06-19T01:13:30.000,2.06,17.12,7.37,44.68728,-124.156658
2021-06-19T01:28:30.000,2.07,17.22,7.37,44.68728,-124.156658
2021-06-19T01:43:30.000,2.08,17.27,7.37,44.68728,-124.156658
2021-06-19T01:58:30.000,2.12,17.62,7.37,44.68728,-124.156658
2021-06-19T02:13:30.000,2.17,18.05,7.37,44.68728,-124.156658
2021-06-19T02:28:30.000,2.24,18.59,7.36,44.68728,-124.156658
2021-06-19T02:43:30.000,2.26,18.8,7.36,44.68728,-124.156658
2021-06-19T02:58:30.000,2.27,18.91,7.36,44.68728,-124.156658
2021-06-19T03:13:30.000,2.27,18.87,7.36,44.68728,-124.156658
2021-06-19T03:28:30.000,2.27,18.87,7.36,44.68728,-124.156658
2021-06-19T03:43:30.000,2.25,18.72,7.36,44.68728,-124.156658
2021-06-19T03:58:30.000,2.23,18.56,7.36,44.68728,-124.156658
2021-06-19T04:13:30.000,2.24,18.61,7.36,44.68728,-124.156658
2021-06-19T04:28:30.000,2.25,18.66,7.34,44.68728,-124.156658
2021-06-19T04:43:30.000,2.26,18.76,7.34,44.68728,-124.156658
2021-06-19T04:58:30.000,2.27,18.89,7.33,44.68728,-124.156658
2021-06-19T05:13:30.000,2.28,18.93,7.33,44.68728,-124.156658
2021-06-19T05:28:30.000,2.28,18.96,7.32,44.68728,-124.156658
2021-06-19T05:43:30.000,2.27,18.88,7.32,44.68728,-124.156658
2021-06-19T05:58:30.000,2.27,18.84,7.32,44.68728,-124.156658
2021-06-19T06:13:30.000,2.26,18.74,7.32,44.68728,-124.156658
2021-06-19T06:28:30.000,2.27,18.82,7.32,44.68728,-124.156658
2021-06-19T06:43:30.000,2.27,18.87,7.32,44.68728,-124.156658
2021-06-19T06:58:30.000,2.27,18.81,7.32,44.68728,-124.156658
2021-06-19T07:13:30.000,2.28,18.89,7.32,44.68728,-124.156658
2021-06-19T07:28:30.000,2.27,18.85,7.32,44.68728,-124.156658
2021-06-19T07:43:30.000,2.27,18.83,7.32,44.68728,-124.156658
2021-06-19T07:58:30.000,2.27,18.81,7.31,44.68728,-124.156658
2021-06-19T08:13:30.000,2.27,18.85,7.31,44.68728,-124.156658
2021-06-19T08:28:30.000,2.27,18.83,7.32,44.68728,-124.156658
2021-06-19T08:43:30.000,2.27,18.81,7.32,44.68728,-124.156658
2021-06-19T08:58:30.000,2.27,18.83,7.32,44.68728,-124.156658
2021-06-19T09:13:30.000,2.26,18.76,7.3,44.68728,-124.156658
2021-06-19T09:28:30.000,2.26,18.77,7.29,44.68728,-124.156658
2021-06-19T09:43:30.000,2.25,18.68,7.29,44.68728,-124.156658
2021-06-19T09:58:30.000,2.25,18.63,7.29,44.68728,-124.156658
2021-06-19T10:13:30.000,2.24,18.59,7.29,44.68728,-124.156658
2021-06-19T10:28:30.000,2.23,18.54,7.29,44.68728,-124.156658
2021-06-19T10:43:30.000,2.23,18.48,7.29,44.68728,-124.156658
2021-06-19T10:58:30.000,2.21,18.38,7.29,44.68728,-124.156658
2021-06-19T11:13:30.000,2.22,18.42,7.27,44.68728,-124.156658
2021-06-19T11:28:30.000,2.2,18.21,7.26,44.68728,-124.156658
2021-06-19T11:43:30.000,2.19,18.15,7.25,44.68728,-124.156658
2021-06-19T11:58:30.000,2.18,18.03,7.25,44.68728,-124.156658
2021-06-19T12:13:30.000,2.17,17.96,7.24,44.68728,-124.156658
2021-06-19T12:28:30.000,2.16,17.87,7.24,44.68728,-124.156658
2021-06-19T12:43:30.000,2.14,17.75,7.24,44.68728,-124.156658
2021-06-19T12:58:30.000,2.13,17.63,7.23,44.68728,-124.156658
2021-06-19T13:13:30.000,2.11,17.47,7.22,44.68728,-124.156658
2021-06-19T13:28:30.000,2.09,17.33,7.22,44.68728,-124.156658
2021-06-19T13:43:30.000,2.08,17.27,7.22,44.68728,-124.156658
2021-06-19T13:58:30.000,2.09,17.28,7.21,44.68728,-124.156658
2021-06-19T14:13:30.000,2.08,17.27,7.21,44.68728,-124.156658
2021-06-19T14:28:30.000,2.09,17.33,7.21,44.68728,-124.156658
2021-06-19T14:43:30.000,2.1,17.38,7.21,44.68728,-124.156658
2021-06-19T14:58:30.000,2.1,17.38,7.2,44.68728,-124.156658
2021-06-19T15:13:30.000,2.1,17.39,7.2,44.68728,-124.156658
2021-06-19T15:28:30.000,2.1,17.35,7.2,44.68728,-124.156658
2021-06-19T15:43:30.000,2.09,17.27,7.18,44.68728,-124.156658
2021-06-19T15:58:30.000,2.07,17.15,7.17,44.68728,-124.156658
2021-06-19T16:13:30.000,2.07,17.11,7.17,44.68728,-124.156658
2021-06-19T16:28:30.000,2.06,17.01,7.17,44.68728,-124.156658
2021-06-19T16:43:30.000,2.04,16.91,7.16,44.68728,-124.156658
2021-06-19T16:58:30.000,2.04,16.87,7.15,44.68728,-124.156658
2021-06-19T17:13:30.000,2.03,16.82,7.15,44.68728,-124.156658
2021-06-19T17:28:30.000,2.02,16.67,7.15,44.68728,-124.156658
2021-06-19T17:43:30.000,2.02,16.74,7.15,44.68728,-124.156658
2021-06-19T17:58:30.000,2.02,16.71,7.14,44.68728,-124.156658
2021-06-19T18:13:30.000,2.02,16.7,7.13,44.68728,-124.156658
2021-06-19T18:28:30.000,2.02,16.71,7.13,44.68728,-124.156658
2021-06-19T18:43:30.000,2.01,16.63,7.12,44.68728,-124.156658
2021-06-19T18:58:30.000,2,16.54,7.12,44.68728,-124.156658
2021-06-19T19:13:30.000,2.01,16.58,7.12,44.68728,-124.156658
2021-06-19T19:28:30.000,2,16.53,7.12,44.68728,-124.156658
2021-06-19T19:43:30.000,2.01,16.62,7.12,44.68728,-124.156658
2021-06-19T19:58:30.000,2.01,16.59,7.12,44.68728,-124.156658
2021-06-19T20:13:30.000,2.01,16.64,7.12,44.68728,-124.156658
2021-06-19T20:28:30.000,2.04,16.86,7.13,44.68728,-124.156658
2021-06-19T20:43:30.000,2.04,16.87,7.13,44.68728,-124.156658
2021-06-19T20:58:30.000,2.05,16.96,7.13,44.68728,-124.156658
2021-06-19T21:13:30.000,2.05,16.97,7.13,44.68728,-124.156658
2021-06-19T21:28:30.000,2.04,16.87,7.13,44.68728,-124.156658
2021-06-19T21:43:30.000,2.07,17.09,7.12,44.68728,-124.156658
2021-06-19T21:58:30.000,2.08,17.18,7.12,44.68728,-124.156658
2021-06-19T22:13:30.000,2.08,17.23,7.12,44.68728,-124.156658
2021-06-19T22:28:30.000,2.11,17.4,7.11,44.68728,-124.156658
2021-06-19T22:43:30.000,2.11,17.47,7.11,44.68728,-124.156658
2021-06-19T22:58:30.000,2.13,17.58,7.11,44.68728,-124.156658
2021-06-19T23:13:30.000,2.16,17.85,7.1,44.68728,-124.156658
2021-06-19T23:28:30.000,2.18,18.01,7.11,44.68728,-124.156658
2021-06-19T23:43:30.000,2.19,18.1,7.12,44.68728,-124.156658
2021-06-19T23:58:30.000,2.21,18.29,7.11,44.68728,-124.156658
2021-06-20T00:13:30.000,2.22,18.33,7.1,44.68728,-124.156658
2021-06-20T00:28:30.000,2.22,18.36,7.1,44.68728,-124.156658
2021-06-20T00:43:30.000,2.2,18.2,7.1,44.68728,-124.156658
2021-06-20T00:58:30.000,2.19,18.05,7.1,44.68728,-124.156658
2021-06-20T01:13:30.000,2.18,18.03,7.09,44.68728,-124.156658
2021-06-20T01:28:30.000,2.15,17.74,7.09,44.68728,-124.156658
2021-06-20T01:43:30.000,2.17,17.9,7.09,44.68728,-124.156658
2021-06-20T01:58:30.000,2.16,17.81,7.08,44.68728,-124.156658
2021-06-20T02:13:30.000,2.15,17.71,7.08,44.68728,-124.156658
2021-06-20T02:28:30.000,2.13,17.59,7.08,44.68728,-124.156658
2021-06-20T02:43:30.000,2.12,17.49,7.07,44.68728,-124.156658
2021-06-20T02:58:30.000,2.11,17.39,7.05,44.68728,-124.156658
2021-06-20T03:13:30.000,2.1,17.34,7.05,44.68728,-124.156658
2021-06-20T03:28:30.000,2.1,17.33,7.05,44.68728,-124.156658
2021-06-20T03:43:30.000,2.1,17.29,7.05,44.68728,-124.156658
2021-06-20T03:58:30.000,2.11,17.39,7.05,44.68728,-124.156658
2021-06-20T04:13:30.000,2.11,17.4,7.05,44.68728,-124.156658
2021-06-20T04:28:30.000,2.11,17.37,7.05,44.68728,-124.156658
2021-06-20T04:43:30.000,2.11,17.41,7.04,44.68728,-124.156658
2021-06-20T04:58:30.000,2.1,17.3,7.03,44.68728,-124.156658
2021-06-20T05:13:30.000,2.1,17.33,7.03,44.68728,-124.156658
2021-06-20T05:28:30.000,2.11,17.38,7.02,44.68728,-124.156658
2021-06-20T05:43:30.000,2.11,17.43,7.02,44.68728,-124.156658
2021-06-20T05:58:30.000,2.11,17.43,7.02,44.68728,-124.156658
2021-06-20T06:13:30.000,2.11,17.38,7.02,44.68728,-124.156658
2021-06-20T06:28:30.000,2.1,17.32,7.02,44.68728,-124.156658
2021-06-20T06:43:30.000,2.1,17.31,7.02,44.68728,-124.156658
2021-06-20T06:58:30.000,2.1,17.33,7.02,44.68728,-124.156658
2021-06-20T07:13:30.000,2.1,17.27,7.02,44.68728,-124.156658
2021-06-20T07:28:30.000,2.09,17.22,7.02,44.68728,-124.156658
2021-06-20T07:43:30.000,2.09,17.21,7,44.68728,-124.156658
2021-06-20T07:58:30.000,2.08,17.1,6.98,44.68728,-124.156658
2021-06-20T08:13:30.000,2.07,17.01,6.97,44.68728,-124.156658
2021-06-20T08:28:30.000,2.07,17.02,6.96,44.68728,-124.156658
2021-06-20T08:43:30.000,2.06,16.95,6.98,44.68728,-124.156658
2021-06-20T08:58:30.000,2.06,16.98,6.98,44.68728,-124.156658
2021-06-20T09:13:30.000,2.07,17.03,6.98,44.68728,-124.156658
2021-06-20T09:28:30.000,2.07,17.01,6.98,44.68728,-124.156658
2021-06-20T09:43:30.000,2.05,16.91,6.99,44.68728,-124.156658
2021-06-20T09:58:30.000,2.06,16.99,6.98,44.68728,-124.156658
2021-06-20T10:13:30.000,2.08,17.12,6.98,44.68728,-124.156658
2021-06-20T10:28:30.000,2.08,17.11,6.98,44.68728,-124.156658
2021-06-20T10:43:30.000,2.08,17.09,6.98,44.68728,-124.156658
2021-06-20T10:58:30.000,2.07,17.06,6.96,44.68728,-124.156658
2021-06-20T11:13:30.000,2.06,16.96,6.95,44.68728,-124.156658
2021-06-20T11:28:30.000,2.05,16.88,6.93,44.68728,-124.156658
2021-06-20T11:43:30.000,2.04,16.8,6.93,44.68728,-124.156658
2021-06-20T11:58:30.000,2.04,16.75,6.92,44.68728,-124.156658
2021-06-20T12:13:30.000,2.03,16.67,6.91,44.68728,-124.156658
2021-06-20T12:28:30.000,2.03,16.68,6.91,44.68728,-124.156658
2021-06-20T12:43:30.000,2.04,16.74,6.9,44.68728,-124.156658
2021-06-20T12:58:30.000,2.04,16.74,6.88,44.68728,-124.156658
2021-06-20T13:13:30.000,2.04,16.75,6.88,44.68728,-124.156658
2021-06-20T13:28:30.000,2.04,16.77,6.88,44.68728,-124.156658
2021-06-20T13:43:30.000,2.02,16.56,6.88,44.68728,-124.156658
2021-06-20T13:58:30.000,2.02,16.58,6.88,44.68728,-124.156658
2021-06-20T14:13:30.000,2.03,16.64,6.88,44.68728,-124.156658
2021-06-20T14:28:30.000,2.02,16.59,6.87,44.68728,-124.156658
2021-06-20T14:43:30.000,2.03,16.64,6.87,44.68728,-124.156658
2021-06-20T14:58:30.000,2.02,16.59,6.87,44.68728,-124.156658
2021-06-20T15:13:30.000,2.05,16.81,6.87,44.68728,-124.156658
2021-06-20T15:28:30.000,2.07,17.02,6.87,44.68728,-124.156658
2021-06-20T15:43:30.000,2.08,17.06,6.88,44.68728,-124.156658
2021-06-20T15:58:30.000,2.09,17.18,6.88,44.68728,-124.156658
2021-06-20T16:13:30.000,2.09,17.16,6.88,44.68728,-124.156658
2021-06-20T16:28:30.000,2.09,17.21,6.88,44.68728,-124.156658
2021-06-20T16:43:30.000,2.09,17.17,6.88,44.68728,-124.156658
2021-06-20T16:58:30.000,2.09,17.16,6.88,44.68728,-124.156658
2021-06-20T17:13:30.000,2.09,17.2,6.88,44.68728,-124.156658
2021-06-20T17:28:30.000,2.09,17.15,6.88,44.68728,-124.156658
2021-06-20T17:43:30.000,2.1,17.23,6.88,44.68728,-124.156658
2021-06-20T17:58:30.000,2.08,17.1,6.88,44.68728,-124.156658
2021-06-20T18:13:30.000,2.09,17.19,6.88,44.68728,-124.156658
2021-06-20T18:28:30.000,2.09,17.17,6.88,44.68728,-124.156658
2021-06-20T18:43:30.000,2.09,17.18,6.88,44.68728,-124.156658
2021-06-20T18:58:30.000,2.09,17.13,6.88,44.68728,-124.156658
2021-06-20T19:13:30.000,2.08,17.06,6.88,44.68728,-124.156658
2021-06-20T19:28:30.000,2.08,17.05,6.89,44.68728,-124.156658
2021-06-20T19:43:30.000,2.06,16.96,6.9,44.68728,-124.156658
2021-06-20T19:58:30.000,2.07,17.02,6.9,44.68728,-124.156658
2021-06-20T20:13:30.000,2.06,16.94,6.91,44.68728,-124.156658
2021-06-20T20:28:30.000,2.07,16.98,6.9,44.68728,-124.156658
2021-06-20T20:43:30.000,2.07,17.01,6.91,44.68728,-124.156658
2021-06-20T20:58:30.000,2.06,16.95,6.9,44.68728,-124.156658
2021-06-20T21:13:30.000,2.07,16.99,6.91,44.68728,-124.156658
2021-06-20T21:28:30.000,2.07,16.99,6.91,44.68728,-124.156658
2021-06-20T21:43:30.000,2.05,16.86,6.91,44.68728,-124.156658
2021-06-20T21:58:30.000,2.06,16.97,6.91,44.68728,-124.156658
2021-06-20T22:13:30.000,2.06,16.91,6.91,44.68728,-124.156658
2021-06-20T22:28:30.000,2.06,16.96,6.91,44.68728,-124.156658
2021-06-20T22:43:30.000,2.07,16.97,6.91,44.68728,-124.156658
2021-06-20T22:58:30.000,2.06,16.93,6.91,44.68728,-124.156658
2021-06-20T23:13:30.000,2.06,16.89,6.91,44.68728,-124.156658
2021-06-20T23:28:30.000,2.07,17.02,6.91,44.68728,-124.156658
2021-06-20T23:43:30.000,2.08,17.07,6.9,44.68728,-124.156658
2021-06-20T23:58:30.000,2.1,17.26,6.88,44.68728,-124.156658
2021-06-21T00:13:30.000,2.12,17.37,6.86,44.68728,-124.156658
2021-06-21T00:28:30.000,2.15,17.61,6.83,44.68728,-124.156658
2021-06-21T00:43:30.000,2.16,17.75,6.82,44.68728,-124.156658
2021-06-21T00:58:30.000,2.16,17.71,6.81,44.68728,-124.156658
2021-06-21T01:13:30.000,2.16,17.67,6.81,44.68728,-124.156658
2021-06-21T01:28:30.000,2.14,17.56,6.81,44.68728,-124.156658
2021-06-21T01:43:30.000,2.14,17.54,6.81,44.68728,-124.156658
2021-06-21T01:58:30.000,2.14,17.52,6.81,44.68728,-124.156658
2021-06-21T02:13:30.000,2.12,17.39,6.81,44.68728,-124.156658
2021-06-21T02:28:30.000,2.11,17.32,6.81,44.68728,-124.156658
2021-06-21T02:43:30.000,2.12,17.35,6.81,44.68728,-124.156658
2021-06-21T02:58:30.000,2.11,17.27,6.81,44.68728,-124.156658
2021-06-21T03:13:30.000,2.1,17.25,6.81,44.68728,-124.156658
2021-06-21T03:28:30.000,2.09,17.15,6.81,44.68728,-124.156658
2021-06-21T03:43:30.000,2.09,17.12,6.81,44.68728,-124.156658
2021-06-21T03:58:30.000,2.09,17.16,6.81,44.68728,-124.156658
2021-06-21T04:13:30.000,2.08,17.08,6.81,44.68728,-124.156658
2021-06-21T04:28:30.000,2.07,16.98,6.81,44.68728,-124.156658
2021-06-21T04:43:30.000,2.07,16.96,6.81,44.68728,-124.156658
2021-06-21T04:58:30.000,2.05,16.8,6.8,44.68728,-124.156658
2021-06-21T05:13:30.000,2.05,16.81,6.79,44.68728,-124.156658
2021-06-21T05:28:30.000,2.05,16.78,6.79,44.68728,-124.156658
2021-06-21T05:43:30.000,2.03,16.6,6.79,44.68728,-124.156658
2021-06-21T05:58:30.000,2.04,16.71,6.79,44.68728,-124.156658
2021-06-21T06:13:30.000,2.02,16.59,6.79,44.68728,-124.156658
2021-06-21T06:28:30.000,2.02,16.57,6.79,44.68728,-124.156658
2021-06-21T06:43:30.000,2,16.43,6.79,44.68728,-124.156658
2021-06-21T06:58:30.000,2.01,16.43,6.79,44.68728,-124.156658
2021-06-21T07:13:30.000,2,16.39,6.79,44.68728,-124.156658
2021-06-21T07:28:30.000,2,16.38,6.79,44.68728,-124.156658
2021-06-21T07:43:30.000,2,16.42,6.79,44.68728,-124.156658
2021-06-21T07:58:30.000,1.99,16.31,6.79,44.68728,-124.156658
2021-06-21T08:13:30.000,1.98,16.25,6.79,44.68728,-124.156658
2021-06-21T08:28:30.000,1.97,16.11,6.78,44.68728,-124.156658
2021-06-21T08:43:30.000,1.97,16.14,6.78,44.68728,-124.156658
2021-06-21T08:58:30.000,1.98,16.2,6.78,44.68728,-124.156658
2021-06-21T09:13:30.000,1.95,16.01,6.78,44.68728,-124.156658
2021-06-21T09:28:30.000,1.95,15.99,6.78,44.68728,-124.156658
2021-06-21T09:43:30.000,1.95,16.01,6.78,44.68728,-124.156658
2021-06-21T09:58:30.000,1.95,15.97,6.78,44.68728,-124.156658
2021-06-21T10:13:30.000,1.92,15.74,6.78,44.68728,-124.156658
2021-06-21T10:28:30.000,1.93,15.78,6.78,44.68728,-124.156658
2021-06-21T10:43:30.000,1.94,15.91,6.79,44.68728,-124.156658
2021-06-21T10:58:30.000,1.93,15.79,6.79,44.68728,-124.156658
2021-06-21T11:13:30.000,1.92,15.76,6.79,44.68728,-124.156658
2021-06-21T11:28:30.000,1.92,15.71,6.79,44.68728,-124.156658
2021-06-21T11:43:30.000,1.9,15.59,6.79,44.68728,-124.156658
2021-06-21T11:58:30.000,1.91,15.66,6.79,44.68728,-124.156658
2021-06-21T12:13:30.000,1.9,15.6,6.79,44.68728,-124.156658
2021-06-21T12:28:30.000,1.91,15.68,6.79,44.68728,-124.156658
2021-06-21T12:43:30.000,1.92,15.74,6.78,44.68728,-124.156658
2021-06-21T12:58:30.000,1.92,15.72,6.78,44.68728,-124.156658
2021-06-21T13:13:30.000,1.92,15.74,6.78,44.68728,-124.156658
2021-06-21T13:28:30.000,1.94,15.88,6.78,44.68728,-124.156658
2021-06-21T13:43:30.000,1.93,15.8,6.78,44.68728,-124.156658
2021-06-21T13:58:30.000,1.88,15.44,6.78,44.68728,-124.156658
2021-06-21T14:13:30.000,1.9,15.56,6.78,44.68728,-124.156658
2021-06-21T14:28:30.000,1.93,15.82,6.78,44.68728,-124.156658
2021-06-21T14:43:30.000,1.95,15.99,6.78,44.68728,-124.156658
2021-06-21T14:58:30.000,1.95,15.97,6.78,44.68728,-124.156658
2021-06-21T15:13:30.000,1.9,15.56,6.78,44.68728,-124.156658
2021-06-21T15:28:30.000,1.94,15.87,6.78,44.68728,-124.156658
2021-06-21T15:43:30.000,1.95,16.02,6.78,44.68728,-124.156658
2021-06-21T15:58:30.000,1.94,15.91,6.77,44.68728,-124.156658
2021-06-21T16:13:30.000,1.93,15.81,6.77,44.68728,-124.156658
2021-06-21T16:28:30.000,1.93,15.79,6.77,44.68728,-124.156658
2021-06-21T16:43:30.000,1.95,15.94,6.76,44.68728,-124.156658
2021-06-21T16:58:30.000,1.93,15.82,6.76,44.68728,-124.156658
2021-06-21T17:13:30.000,1.93,15.79,6.76,44.68728,-124.156658
2021-06-21T17:28:30.000,1.95,15.93,6.76,44.68728,-124.156658
2021-06-21T17:43:30.000,1.93,15.79,6.76,44.68728,-124.156658
2021-06-21T17:58:30.000,1.93,15.78,6.76,44.68728,-124.156658
2021-06-21T18:13:30.000,1.95,15.95,6.76,44.68728,-124.156658
2021-06-21T18:28:30.000,1.92,15.74,6.76,44.68728,-124.156658
2021-06-21T18:43:30.000,1.99,16.33,6.76,44.68728,-124.156658
2021-06-21T18:58:30.000,1.86,15.2,6.76,44.68728,-124.156658
2021-06-21T19:13:30.000,1.99,16.32,6.76,44.68728,-124.156658
2021-06-21T19:28:30.000,1.98,16.21,6.76,44.68728,-124.156658
2021-06-21T19:43:30.000,1.99,16.29,6.76,44.68728,-124.156658
2021-06-21T19:58:30.000,1.98,16.26,6.76,44.68728,-124.156658
2021-06-21T20:13:30.000,1.98,16.2,6.78,44.68728,-124.156658
2021-06-21T20:28:30.000,1.94,15.93,6.78,44.68728,-124.156658
2021-06-21T20:43:30.000,1.96,16.04,6.78,44.68728,-124.156658
2021-06-21T20:58:30.000,1.94,15.91,6.78,44.68728,-124.156658
2021-06-21T21:13:30.000,1.96,16.03,6.79,44.68728,-124.156658
2021-06-21T21:28:30.000,1.96,16.1,6.81,44.68728,-124.156658
2021-06-21T21:43:30.000,1.97,16.12,6.81,44.68728,-124.156658
2021-06-21T21:58:30.000,1.96,16.06,6.82,44.68728,-124.156658
2021-06-21T22:13:30.000,1.96,16.09,6.83,44.68728,-124.156658
2021-06-21T22:28:30.000,1.95,16.01,6.83,44.68728,-124.156658
2021-06-21T22:43:30.000,1.94,15.88,6.84,44.68728,-124.156658
2021-06-21T22:58:30.000,1.96,16.06,6.86,44.68728,-124.156658
2021-06-21T23:13:30.000,1.96,16.07,6.86,44.68728,-124.156658
2021-06-21T23:28:30.000,1.95,16.05,6.86,44.68728,-124.156658
2021-06-21T23:43:30.000,1.94,15.94,6.86,44.68728,-124.156658
2021-06-21T23:58:30.000,1.92,15.78,6.86,44.68728,-124.156658
2021-06-22T00:13:30.000,1.93,15.86,6.86,44.68728,-124.156658
2021-06-22T00:28:30.000,1.95,15.99,6.88,44.68728,-124.156658
2021-06-22T00:43:30.000,1.95,16.01,6.88,44.68728,-124.156658
2021-06-22T00:58:30.000,1.94,15.96,6.88,44.68728,-124.156658
2021-06-22T01:13:30.000,1.95,16.06,6.88,44.68728,-124.156658
2021-06-22T01:28:30.000,1.96,16.07,6.88,44.68728,-124.156658
2021-06-22T01:43:30.000,1.95,16.01,6.88,44.68728,-124.156658
2021-06-22T01:58:30.000,1.95,16.01,6.88,44.68728,-124.156658
2021-06-22T02:13:30.000,1.95,16.04,6.88,44.68728,-124.156658
2021-06-22T02:28:30.000,1.95,16.04,6.88,44.68728,-124.156658
2021-06-22T02:43:30.000,1.95,16,6.88,44.68728,-124.156658
2021-06-22T02:58:30.000,1.95,16.03,6.88,44.68728,-124.156658
2021-06-22T03:13:30.000,1.95,16.01,6.88,44.68728,-124.156658
2021-06-22T03:28:30.000,1.95,15.99,6.9,44.68728,-124.156658
2021-06-22T03:43:30.000,1.94,15.95,6.9,44.68728,-124.156658
2021-06-22T03:58:30.000,1.94,15.94,6.91,44.68728,-124.156658
2021-06-22T04:13:30.000,1.94,15.96,6.91,44.68728,-124.156658
2021-06-22T04:28:30.000,1.94,15.93,6.91,44.68728,-124.156658
2021-06-22T04:43:30.000,1.94,15.98,6.91,44.68728,-124.156658
2021-06-22T04:58:30.000,1.95,16,6.91,44.68728,-124.156658
2021-06-22T05:13:30.000,1.95,16,6.92,44.68728,-124.156658
2021-06-22T05:28:30.000,1.94,15.98,6.92,44.68728,-124.156658
2021-06-22T05:43:30.000,1.94,15.97,6.93,44.68728,-124.156658
2021-06-22T05:58:30.000,1.94,15.95,6.93,44.68728,-124.156658
2021-06-22T06:13:30.000,1.94,15.94,6.94,44.68728,-124.156658
2021-06-22T06:28:30.000,1.94,15.94,6.96,44.68728,-124.156658
2021-06-22T06:43:30.000,1.94,15.93,6.98,44.68728,-124.156658
2021-06-22T06:58:30.000,1.94,15.97,6.98,44.68728,-124.156658
2021-06-22T07:13:30.000,1.94,16.01,7,44.68728,-124.156658
2021-06-22T07:28:30.000,1.96,16.18,7,44.68728,-124.156658
2021-06-22T07:43:30.000,1.97,16.26,7,44.68728,-124.156658
2021-06-22T07:58:30.000,1.98,16.34,7,44.68728,-124.156658
2021-06-22T08:13:30.000,1.99,16.38,7,44.68728,-124.156658
2021-06-22T08:28:30.000,1.99,16.41,7,44.68728,-124.156658
2021-06-22T08:43:30.000,1.99,16.42,7,44.68728,-124.156658
2021-06-22T08:58:30.000,1.99,16.43,7,44.68728,-124.156658
2021-06-22T09:13:30.000,1.99,16.41,7,44.68728,-124.156658
2021-06-22T09:28:30.000,1.99,16.41,7.01,44.68728,-124.156658
2021-06-22T09:43:30.000,1.99,16.38,7.02,44.68728,-124.156658
2021-06-22T09:58:30.000,1.99,16.37,7.03,44.68728,-124.156658
2021-06-22T10:13:30.000,1.98,16.34,7.05,44.68728,-124.156658
2021-06-22T10:28:30.000,1.98,16.32,7.06,44.68728,-124.156658
2021-06-22T10:43:30.000,1.98,16.31,7.07,44.68728,-124.156658
2021-06-22T10:58:30.000,1.97,16.29,7.07,44.68728,-124.156658
2021-06-22T11:13:30.000,1.97,16.28,7.07,44.68728,-124.156658
2021-06-22T11:28:30.000,1.97,16.26,7.08,44.68728,-124.156658
2021-06-22T11:43:30.000,1.96,16.21,7.08,44.68728,-124.156658
2021-06-22T11:58:30.000,1.96,16.17,7.08,44.68728,-124.156658
2021-06-22T12:13:30.000,1.96,16.14,7.08,44.68728,-124.156658
2021-06-22T12:28:30.000,1.96,16.15,7.08,44.68728,-124.156658
2021-06-22T12:43:30.000,1.96,16.16,7.08,44.68728,-124.156658
2021-06-22T12:58:30.000,1.96,16.17,7.08,44.68728,-124.156658
2021-06-22T13:13:30.000,1.96,16.19,7.08,44.68728,-124.156658
2021-06-22T13:28:30.000,1.96,16.18,7.07,44.68728,-124.156658
2021-06-22T13:43:30.000,1.96,16.16,7.07,44.68728,-124.156658
2021-06-22T13:58:30.000,1.96,16.15,7.07,44.68728,-124.156658
2021-06-22T14:13:30.000,1.96,16.17,7.07,44.68728,-124.156658
2021-06-22T14:28:30.000,1.96,16.14,7.07,44.68728,-124.156658
2021-06-22T14:43:30.000,1.95,16.11,7.06,44.68728,-124.156658
2021-06-22T14:58:30.000,1.95,16.11,7.06,44.68728,-124.156658
2021-06-22T15:13:30.000,1.95,16.05,7.05,44.68728,-124.156658
2021-06-22T15:28:30.000,1.94,16.02,7.05,44.68728,-124.156658
2021-06-22T15:43:30.000,1.94,15.97,7.05,44.68728,-124.156658
2021-06-22T15:58:30.000,1.94,16.02,7.06,44.68728,-124.156658
2021-06-22T16:13:30.000,1.94,16.03,7.07,44.68728,-124.156658
2021-06-22T16:28:30.000,1.95,16.13,7.08,44.68728,-124.156658
2021-06-22T16:43:30.000,1.96,16.22,7.08,44.68728,-124.156658
2021-06-22T16:58:30.000,1.98,16.35,7.08,44.68728,-124.156658
2021-06-22T17:13:30.000,1.99,16.43,7.1,44.68728,-124.156658
2021-06-22T17:28:30.000,2.01,16.59,7.1,44.68728,-124.156658
2021-06-22T17:43:30.000,2.02,16.69,7.12,44.68728,-124.156658
2021-06-22T17:58:30.000,2.03,16.79,7.12,44.68728,-124.156658
2021-06-22T18:13:30.000,2.04,16.86,7.14,44.68728,-124.156658
2021-06-22T18:28:30.000,2.04,16.86,7.14,44.68728,-124.156658
2021-06-22T18:43:30.000,2.04,16.89,7.15,44.68728,-124.156658
2021-06-22T18:58:30.000,2.05,16.98,7.16,44.68728,-124.156658
2021-06-22T19:13:30.000,2.06,17,7.17,44.68728,-124.156658
