Time (UTC),DO (ml/L),Dissolved Oxygen (%),Temperature (C),Latitude,Longitude
2021-07-22T18:09:29.000,1.58,13.17,7.51,44.68728,-124.156658
2021-07-22T18:24:29.000,1.56,12.99,7.51,44.68728,-124.156658
2021-07-22T18:39:29.000,1.54,12.86,7.5,44.68728,-124.156658
2021-07-22T18:54:29.000,1.56,12.98,7.51,44.68728,-124.156658
2021-07-22T19:09:29.000,1.57,13.11,7.51,44.68728,-124.156658
2021-07-22T19:24:29.000,1.61,13.42,7.52,44.68728,-124.156658
2021-07-22T19:39:29.000,1.65,13.82,7.54,44.68728,-124.156658
2021-07-22T19:54:29.000,1.65,13.79,7.54,44.68728,-124.156658
2021-07-22T20:09:29.000,1.68,14,7.54,44.68728,-124.156658
2021-07-22T20:24:29.000,1.69,14.14,7.55,44.68728,-124.156658
2021-07-22T20:39:29.000,1.72,14.34,7.55,44.68728,-124.156658
2021-07-22T20:54:29.000,1.74,14.56,7.56,44.68728,-124.156658
2021-07-22T21:09:29.000,1.75,14.64,7.56,44.68728,-124.156658
2021-07-22T21:24:29.000,1.77,14.82,7.58,44.68728,-124.156658
2021-07-22T21:39:29.000,1.73,14.41,7.57,44.68728,-124.156658
2021-07-22T21:54:29.000,1.64,13.66,7.55,44.68728,-124.156658
2021-07-22T22:09:29.000,1.69,14.14,7.56,44.68728,-124.156658
2021-07-22T22:24:29.000,1.76,14.75,7.58,44.68728,-124.156658
2021-07-22T22:39:29.000,1.72,14.38,7.56,44.68728,-124.156658
2021-07-22T22:54:29.000,1.64,13.73,7.55,44.68728,-124.156658
2021-07-22T23:09:29.000,1.62,13.55,7.55,44.68728,-124.156658
2021-07-22T23:24:29.000,1.68,14.07,7.56,44.68728,-124.156658
2021-07-22T23:39:29.000,1.68,14,7.56,44.68728,-124.156658
2021-07-22T23:54:29.000,1.65,13.81,7.56,44.68728,-124.156658
2021-07-23T00:09:29.000,1.64,13.71,7.55,44.68728,-124.156658
2021-07-23T00:24:29.000,1.61,13.41,7.54,44.68728,-124.156658
2021-07-23T00:39:29.000,1.59,13.25,7.54,44.68728,-124.156658
2021-07-23T00:54:29.000,1.53,12.79,7.54,44.68728,-124.156658
2021-07-23T01:09:29.000,1.6,13.32,7.54,44.68728,-124.156658
2021-07-23T01:24:29.000,1.59,13.3,7.54,44.68728,-124.156658
2021-07-23T01:39:29.000,1.55,12.97,7.54,44.68728,-124.156658
2021-07-23T01:54:29.000,1.55,12.93,7.54,44.68728,-124.156658
2021-07-23T02:09:29.000,1.52,12.73,7.54,44.68728,-124.156658
2021-07-23T02:24:29.000,1.52,12.66,7.54,44.68728,-124.156658
2021-07-23T02:39:29.000,1.54,12.87,7.54,44.68728,-124.156658
2021-07-23T02:54:29.000,1.48,12.33,7.51,44.68728,-124.156658
2021-07-23T03:09:29.000,1.44,12.03,7.51,44.68728,-124.156658
2021-07-23T03:24:29.000,1.42,11.84,7.5,44.68728,-124.156658
2021-07-23T03:39:29.000,1.36,11.32,7.5,44.68728,-124.156658
2021-07-23T03:54:29.000,1.38,11.54,7.49,44.68728,-124.156658
2021-07-23T04:09:29.000,1.34,11.17,7.49,44.68728,-124.156658
2021-07-23T04:24:29.000,1.38,11.51,7.49,44.68728,-124.156658
2021-07-23T04:39:29.000,1.35,11.25,7.49,44.68728,-124.156658
2021-07-23T04:54:29.000,1.36,11.36,7.49,44.68728,-124.156658
2021-07-23T05:09:29.000,1.35,11.27,7.49,44.68728,-124.156658
2021-07-23T05:24:29.000,1.3,10.86,7.49,44.68728,-124.156658
2021-07-23T05:39:29.000,1.35,11.27,7.49,44.68728,-124.156658
2021-07-23T05:54:29.000,1.32,10.98,7.49,44.68728,-124.156658
2021-07-23T06:09:29.000,1.32,10.99,7.49,44.68728,-124.156658
2021-07-23T06:24:29.000,1.35,11.24,7.49,44.68728,-124.156658
2021-07-23T06:39:29.000,1.3,10.84,7.49,44.68728,-124.156658
2021-07-23T06:54:29.000,1.37,11.45,7.49,44.68728,-124.156658
2021-07-23T07:09:29.000,1.36,11.38,7.49,44.68728,-124.156658
2021-07-23T07:24:29.000,1.35,11.26,7.49,44.68728,-124.156658
2021-07-23T07:39:29.000,1.21,10.07,7.49,44.68728,-124.156658
2021-07-23T07:54:29.000,1.5,12.48,7.48,44.68728,-124.156658
2021-07-23T08:09:29.000,1.48,12.37,7.49,44.68728,-124.156658
2021-07-23T08:24:29.000,1.48,12.35,7.49,44.68728,-124.156658
2021-07-23T08:39:29.000,1.49,12.47,7.49,44.68728,-124.156658
2021-07-23T08:54:29.000,1.49,12.44,7.51,44.68728,-124.156658
2021-07-23T09:09:29.000,1.52,12.68,7.54,44.68728,-124.156658
2021-07-23T09:24:29.000,1.52,12.69,7.55,44.68728,-124.156658
2021-07-23T09:39:29.000,1.56,12.99,7.54,44.68728,-124.156658
2021-07-23T09:54:29.000,1.53,12.77,7.53,44.68728,-124.156658
2021-07-23T10:09:29.000,1.57,13.13,7.54,44.68728,-124.156658
2021-07-23T10:24:29.000,1.53,12.78,7.53,44.68728,-124.156658
2021-07-23T10:39:29.000,1.49,12.44,7.51,44.68728,-124.156658
2021-07-23T10:54:29.000,1.47,12.24,7.51,44.68728,-124.156658
2021-07-23T11:09:29.000,1.45,12.09,7.51,44.68728,-124.156658
2021-07-23T11:24:29.000,1.45,12.1,7.51,44.68728,-124.156658
2021-07-23T11:39:29.000,1.41,11.74,7.51,44.68728,-124.156658
2021-07-23T11:54:29.000,1.43,11.92,7.51,44.68728,-124.156658
2021-07-23T12:09:29.000,1.47,12.3,7.51,44.68728,-124.156658
2021-07-23T12:24:29.000,1.49,12.46,7.51,44.68728,-124.156658
2021-07-23T12:39:29.000,1.49,12.41,7.51,44.68728,-124.156658
2021-07-23T12:54:29.000,1.45,12.08,7.51,44.68728,-124.156658
2021-07-23T13:09:29.000,1.44,12.03,7.49,44.68728,-124.156658
2021-07-23T13:24:29.000,1.47,12.29,7.5,44.68728,-124.156658
2021-07-23T13:39:29.000,1.54,12.82,7.51,44.68728,-124.156658
2021-07-23T13:54:29.000,1.55,12.96,7.51,44.68728,-124.156658
2021-07-23T14:09:29.000,1.55,12.96,7.51,44.68728,-124.156658
2021-07-23T14:24:29.000,1.54,12.84,7.51,44.68728,-124.156658
2021-07-23T14:39:29.000,1.52,12.69,7.51,44.68728,-124.156658
2021-07-23T14:54:29.000,1.51,12.64,7.51,44.68728,-124.156658
2021-07-23T15:09:29.000,1.51,12.61,7.51,44.68728,-124.156658
2021-07-23T15:24:29.000,1.51,12.58,7.51,44.68728,-124.156658
2021-07-23T15:39:29.000,1.47,12.24,7.5,44.68728,-124.156658
2021-07-23T15:54:29.000,1.48,12.33,7.5,44.68728,-124.156658
2021-07-23T16:09:29.000,1.49,12.47,7.5,44.68728,-124.156658
2021-07-23T16:24:29.000,1.47,12.22,7.49,44.68728,-124.156658
2021-07-23T16:39:29.000,1.46,12.15,7.49,44.68728,-124.156658
2021-07-23T16:54:29.000,1.46,12.19,7.49,44.68728,-124.156658
2021-07-23T17:09:29.000,1.48,12.33,7.49,44.68728,-124.156658
2021-07-23T17:24:29.000,1.52,12.68,7.5,44.68728,-124.156658
2021-07-23T17:39:29.000,1.43,11.89,7.51,44.68728,-124.156658
2021-07-23T17:54:29.000,1.43,11.92,7.5,44.68728,-124.156658
2021-07-23T18:09:29.000,1.37,11.39,7.49,44.68728,-124.156658
2021-07-23T18:24:29.000,1.39,11.6,7.49,44.68728,-124.156658
2021-07-23T18:39:29.000,1.32,11.04,7.49,44.68728,-124.156658
2021-07-23T18:54:29.000,1.42,11.84,7.49,44.68728,-124.156658
2021-07-23T19:09:29.000,1.34,11.2,7.48,44.68728,-124.156658
2021-07-23T19:24:29.000,1.25,10.44,7.47,44.68728,-124.156658
2021-07-23T19:39:29.000,1.32,10.97,7.46,44.68728,-124.156658
2021-07-23T19:54:29.000,1.36,11.31,7.46,44.68728,-124.156658
2021-07-23T20:09:29.000,1.37,11.38,7.46,44.68728,-124.156658
2021-07-23T20:24:29.000,1.33,11.12,7.46,44.68728,-124.156658
2021-07-23T20:39:29.000,1.34,11.14,7.45,44.68728,-124.156658
2021-07-23T20:54:29.000,1.4,11.69,7.44,44.68728,-124.156658
2021-07-23T21:09:29.000,1.38,11.5,7.44,44.68728,-124.156658
2021-07-23T21:24:29.000,1.44,11.96,7.44,44.68728,-124.156658
2021-07-23T21:39:29.000,1.45,12.05,7.44,44.68728,-124.156658
2021-07-23T21:54:29.000,1.42,11.79,7.44,44.68728,-124.156658
2021-07-23T22:09:29.000,1.47,12.26,7.42,44.68728,-124.156658
2021-07-23T22:24:29.000,1.48,12.29,7.42,44.68728,-124.156658
2021-07-23T22:39:29.000,1.48,12.3,7.42,44.68728,-124.156658
2021-07-23T22:54:29.000,1.49,12.41,7.42,44.68728,-124.156658
2021-07-23T23:09:29.000,1.54,12.83,7.42,44.68728,-124.156658
2021-07-23T23:24:29.000,1.51,12.57,7.41,44.68728,-124.156658
2021-07-23T23:39:29.000,1.57,13.1,7.41,44.68728,-124.156658
2021-07-23T23:54:29.000,1.57,13.06,7.41,44.68728,-124.156658
2021-07-24T00:09:29.000,1.57,13.06,7.41,44.68728,-124.156658
2021-07-24T00:24:29.000,1.56,13.01,7.41,44.68728,-124.156658
2021-07-24T00:39:29.000,1.57,13.1,7.41,44.68728,-124.156658
2021-07-24T00:54:29.000,1.52,12.69,7.41,44.68728,-124.156658
2021-07-24T01:09:29.000,1.55,12.91,7.41,44.68728,-124.156658
2021-07-24T01:24:29.000,1.58,13.11,7.41,44.68728,-124.156658
2021-07-24T01:39:29.000,1.56,12.96,7.41,44.68728,-124.156658
2021-07-24T01:54:29.000,1.53,12.71,7.41,44.68728,-124.156658
2021-07-24T02:09:29.000,1.53,12.77,7.41,44.68728,-124.156658
2021-07-24T02:24:29.000,1.5,12.48,7.41,44.68728,-124.156658
2021-07-24T02:39:29.000,1.53,12.76,7.41,44.68728,-124.156658
2021-07-24T02:54:29.000,1.48,12.33,7.42,44.68728,-124.156658
2021-07-24T03:09:29.000,1.29,10.73,7.42,44.68728,-124.156658
2021-07-24T03:24:29.000,1.34,11.14,7.42,44.68728,-124.156658
2021-07-24T03:39:29.000,1.34,11.15,7.42,44.68728,-124.156658
2021-07-24T03:54:29.000,1.54,12.83,7.42,44.68728,-124.156658
2021-07-24T04:09:29.000,1.3,10.86,7.43,44.68728,-124.156658
2021-07-24T04:24:29.000,1.44,12.03,7.43,44.68728,-124.156658
2021-07-24T04:39:29.000,1.43,11.91,7.43,44.68728,-124.156658
2021-07-24T04:54:29.000,1.52,12.67,7.44,44.68728,-124.156658
2021-07-24T05:09:29.000,1.42,11.82,7.44,44.68728,-124.156658
2021-07-24T05:24:29.000,1.41,11.74,7.44,44.68728,-124.156658
2021-07-24T05:39:29.000,1.44,12.01,7.44,44.68728,-124.156658
2021-07-24T05:54:29.000,1.43,11.93,7.44,44.68728,-124.156658
2021-07-24T06:09:29.000,1.42,11.84,7.44,44.68728,-124.156658
2021-07-24T06:24:29.000,1.38,11.52,7.44,44.68728,-124.156658
2021-07-24T06:39:29.000,1.39,11.57,7.46,44.68728,-124.156658
2021-07-24T06:54:29.000,1.37,11.42,7.44,44.68728,-124.156658
2021-07-24T07:09:29.000,1.39,11.61,7.44,44.68728,-124.156658
2021-07-24T07:24:29.000,1.38,11.46,7.44,44.68728,-124.156658
2021-07-24T07:39:29.000,1.34,11.17,7.43,44.68728,-124.156658
2021-07-24T07:54:29.000,1.36,11.36,7.43,44.68728,-124.156658
2021-07-24T08:09:29.000,1.34,11.19,7.42,44.68728,-124.156658
2021-07-24T08:24:29.000,1.4,11.62,7.42,44.68728,-124.156658
2021-07-24T08:39:29.000,1.41,11.74,7.42,44.68728,-124.156658
2021-07-24T08:54:29.000,1.41,11.76,7.41,44.68728,-124.156658
2021-07-24T09:09:29.000,1.46,12.13,7.41,44.68728,-124.156658
2021-07-24T09:24:29.000,1.46,12.11,7.4,44.68728,-124.156658
2021-07-24T09:39:29.000,1.5,12.52,7.4,44.68728,-124.156658
2021-07-24T09:54:29.000,1.48,12.29,7.39,44.68728,-124.156658
2021-07-24T10:09:29.000,1.5,12.45,7.39,44.68728,-124.156658
2021-07-24T10:24:29.000,1.52,12.68,7.39,44.68728,-124.156658
2021-07-24T10:39:29.000,1.51,12.59,7.39,44.68728,-124.156658
2021-07-24T10:54:29.000,1.52,12.66,7.39,44.68728,-124.156658
2021-07-24T11:09:29.000,1.52,12.68,7.39,44.68728,-124.156658
2021-07-24T11:24:29.000,1.52,12.66,7.39,44.68728,-124.156658
2021-07-24T11:39:29.000,1.51,12.59,7.39,44.68728,-124.156658
2021-07-24T11:54:29.000,1.51,12.54,7.39,44.68728,-124.156658
2021-07-24T12:09:29.000,1.5,12.5,7.39,44.68728,-124.156658
2021-07-24T12:24:29.000,1.49,12.39,7.39,44.68728,-124.156658
2021-07-24T12:39:29.000,1.47,12.22,7.39,44.68728,-124.156658
2021-07-24T12:54:29.000,1.5,12.44,7.39,44.68728,-124.156658
2021-07-24T13:09:29.000,1.49,12.42,7.39,44.68728,-124.156658
2021-07-24T13:24:29.000,1.49,12.35,7.39,44.68728,-124.156658
2021-07-24T13:39:29.000,1.5,12.52,7.39,44.68728,-124.156658
2021-07-24T13:54:29.000,1.5,12.48,7.39,44.68728,-124.156658
2021-07-24T14:09:29.000,1.54,12.78,7.39,44.68728,-124.156658
2021-07-24T14:24:29.000,1.53,12.72,7.39,44.68728,-124.156658
2021-07-24T14:39:29.000,1.54,12.8,7.39,44.68728,-124.156658
2021-07-24T14:54:29.000,1.52,12.67,7.39,44.68728,-124.156658
2021-07-24T15:09:29.000,1.47,12.27,7.38,44.68728,-124.156658
2021-07-24T15:24:29.000,1.48,12.27,7.38,44.68728,-124.156658
2021-07-24T15:39:29.000,1.52,12.62,7.39,44.68728,-124.156658
2021-07-24T15:54:29.000,1.54,12.85,7.39,44.68728,-124.156658
2021-07-24T16:09:29.000,1.52,12.64,7.41,44.68728,-124.156658
2021-07-24T16:24:29.000,1.54,12.8,7.4,44.68728,-124.156658
2021-07-24T16:39:29.000,1.52,12.66,7.41,44.68728,-124.156658
2021-07-24T16:54:29.000,1.55,12.89,7.43,44.68728,-124.156658
2021-07-24T17:09:29.000,1.56,13.03,7.44,44.68728,-124.156658
2021-07-24T17:24:29.000,1.56,12.98,7.46,44.68728,-124.156658
2021-07-24T17:39:29.000,1.58,13.2,7.47,44.68728,-124.156658
2021-07-24T17:54:29.000,1.52,12.63,7.46,44.68728,-124.156658
2021-07-24T18:09:29.000,1.56,12.96,7.46,44.68728,-124.156658
2021-07-24T18:24:29.000,1.49,12.41,7.44,44.68728,-124.156658
2021-07-24T18:39:29.000,1.47,12.25,7.37,44.68728,-124.156658
2021-07-24T18:54:29.000,1.46,12.15,7.37,44.68728,-124.156658
2021-07-24T19:09:29.000,1.43,11.88,7.37,44.68728,-124.156658
2021-07-24T19:24:29.000,1.36,11.3,7.34,44.68728,-124.156658
2021-07-24T19:39:29.000,1.4,11.6,7.35,44.68728,-124.156658
2021-07-24T19:54:29.000,1.4,11.61,7.34,44.68728,-124.156658
2021-07-24T20:09:29.000,1.41,11.73,7.35,44.68728,-124.156658
2021-07-24T20:24:29.000,1.41,11.73,7.36,44.68728,-124.156658
2021-07-24T20:39:29.000,1.4,11.67,7.37,44.68728,-124.156658
2021-07-24T20:54:29.000,1.4,11.66,7.39,44.68728,-124.156658
2021-07-24T21:09:29.000,1.36,11.31,7.37,44.68728,-124.156658
2021-07-24T21:24:29.000,1.31,10.92,7.31,44.68728,-124.156658
2021-07-24T21:39:29.000,1.31,10.91,7.29,44.68728,-124.156658
2021-07-24T21:54:29.000,1.31,10.9,7.3,44.68728,-124.156658
2021-07-24T22:09:29.000,1.31,10.86,7.31,44.68728,-124.156658
2021-07-24T22:24:29.000,1.3,10.76,7.31,44.68728,-124.156658
2021-07-24T22:39:29.000,1.36,11.31,7.33,44.68728,-124.156658
2021-07-24T22:54:29.000,1.4,11.61,7.37,44.68728,-124.156658
2021-07-24T23:09:29.000,1.46,12.19,7.41,44.68728,-124.156658
2021-07-24T23:24:29.000,1.48,12.3,7.42,44.68728,-124.156658
2021-07-24T23:39:29.000,1.41,11.73,7.39,44.68728,-124.156658
2021-07-24T23:54:29.000,1.32,11.01,7.34,44.68728,-124.156658
2021-07-25T00:09:29.000,1.33,11.03,7.32,44.68728,-124.156658
2021-07-25T00:24:29.000,1.33,11.01,7.32,44.68728,-124.156658
2021-07-25T00:39:29.000,1.35,11.19,7.32,44.68728,-124.156658
2021-07-25T00:54:29.000,1.35,11.24,7.33,44.68728,-124.156658
2021-07-25T01:09:29.000,1.36,11.27,7.32,44.68728,-124.156658
2021-07-25T01:24:29.000,1.36,11.27,7.34,44.68728,-124.156658
2021-07-25T01:39:29.000,1.37,11.41,7.34,44.68728,-124.156658
2021-07-25T01:54:29.000,1.38,11.45,7.34,44.68728,-124.156658
2021-07-25T02:09:29.000,1.41,11.72,7.37,44.68728,-124.156658
2021-07-25T02:24:29.000,1.34,11.16,7.38,44.68728,-124.156658
2021-07-25T02:39:29.000,1.45,12.07,7.39,44.68728,-124.156658
2021-07-25T02:54:29.000,1.45,12.02,7.39,44.68728,-124.156658
2021-07-25T03:09:29.000,1.44,11.99,7.39,44.68728,-124.156658
2021-07-25T03:24:29.000,1.45,12.1,7.4,44.68728,-124.156658
2021-07-25T03:39:29.000,1.47,12.27,7.41,44.68728,-124.156658
2021-07-25T03:54:29.000,1.49,12.42,7.41,44.68728,-124.156658
2021-07-25T04:09:29.000,1.49,12.43,7.41,44.68728,-124.156658
2021-07-25T04:24:29.000,1.48,12.34,7.41,44.68728,-124.156658
2021-07-25T04:39:29.000,1.49,12.39,7.41,44.68728,-124.156658
2021-07-25T04:54:29.000,1.44,12,7.41,44.68728,-124.156658
2021-07-25T05:09:29.000,1.45,12.04,7.41,44.68728,-124.156658
2021-07-25T05:24:29.000,1.43,11.87,7.41,44.68728,-124.156658
2021-07-25T05:39:29.000,1.44,11.96,7.41,44.68728,-124.156658
2021-07-25T05:54:29.000,1.41,11.76,7.41,44.68728,-124.156658
2021-07-25T06:09:29.000,1.41,11.72,7.41,44.68728,-124.156658
2021-07-25T06:24:29.000,1.34,11.18,7.41,44.68728,-124.156658
2021-07-25T06:39:29.000,1.41,11.74,7.41,44.68728,-124.156658
2021-07-25T06:54:29.000,1.4,11.62,7.4,44.68728,-124.156658
2021-07-25T07:09:29.000,1.4,11.65,7.39,44.68728,-124.156658
2021-07-25T07:24:29.000,1.41,11.77,7.39,44.68728,-124.156658
2021-07-25T07:39:29.000,1.42,11.81,7.39,44.68728,-124.156658
2021-07-25T07:54:29.000,1.38,11.48,7.39,44.68728,-124.156658
2021-07-25T08:09:29.000,1.43,11.93,7.39,44.68728,-124.156658
2021-07-25T08:24:29.000,1.4,11.63,7.39,44.68728,-124.156658
2021-07-25T08:39:29.000,1.44,11.94,7.39,44.68728,-124.156658
2021-07-25T08:54:29.000,1.44,11.95,7.39,44.68728,-124.156658
2021-07-25T09:09:29.000,1.42,11.81,7.39,44.68728,-124.156658
2021-07-25T09:24:29.000,1.44,11.95,7.39,44.68728,-124.156658
2021-07-25T09:39:29.000,1.45,12.04,7.39,44.68728,-124.156658
2021-07-25T09:54:29.000,1.4,11.64,7.39,44.68728,-124.156658
2021-07-25T10:09:29.000,1.42,11.84,7.39,44.68728,-124.156658
2021-07-25T10:24:29.000,1.44,11.94,7.39,44.68728,-124.156658
2021-07-25T10:39:29.000,1.44,11.95,7.38,44.68728,-124.156658
2021-07-25T10:54:29.000,1.47,12.23,7.38,44.68728,-124.156658
2021-07-25T11:09:29.000,1.45,12.07,7.38,44.68728,-124.156658
2021-07-25T11:24:29.000,1.48,12.32,7.37,44.68728,-124.156658
2021-07-25T11:39:29.000,1.47,12.25,7.37,44.68728,-124.156658
2021-07-25T11:54:29.000,1.51,12.53,7.37,44.68728,-124.156658
2021-07-25T12:09:29.000,1.51,12.56,7.38,44.68728,-124.156658
2021-07-25T12:24:29.000,1.49,12.35,7.37,44.68728,-124.156658
2021-07-25T12:39:29.000,1.51,12.58,7.37,44.68728,-124.156658
2021-07-25T12:54:29.000,1.5,12.43,7.37,44.68728,-124.156658
2021-07-25T13:09:29.000,1.53,12.73,7.39,44.68728,-124.156658
2021-07-25T13:24:29.000,1.49,12.35,7.36,44.68728,-124.156658
2021-07-25T13:39:29.000,1.54,12.78,7.37,44.68728,-124.156658
2021-07-25T13:54:29.000,1.61,13.36,7.39,44.68728,-124.156658
2021-07-25T14:09:29.000,1.64,13.61,7.39,44.68728,-124.156658
2021-07-25T14:24:29.000,1.69,14.04,7.39,44.68728,-124.156658
2021-07-25T14:39:29.000,1.72,14.35,7.39,44.68728,-124.156658
2021-07-25T14:54:29.000,1.76,14.66,7.39,44.68728,-124.156658
2021-07-25T15:09:29.000,1.71,14.21,7.37,44.68728,-124.156658
2021-07-25T15:24:29.000,1.74,14.47,7.37,44.68728,-124.156658
2021-07-25T15:39:29.000,1.76,14.59,7.37,44.68728,-124.156658
2021-07-25T15:54:29.000,1.75,14.56,7.37,44.68728,-124.156658
2021-07-25T16:09:29.000,1.75,14.59,7.38,44.68728,-124.156658
2021-07-25T16:24:29.000,1.77,14.71,7.39,44.68728,-124.156658
2021-07-25T16:39:29.000,1.8,14.94,7.39,44.68728,-124.156658
2021-07-25T16:54:29.000,1.86,15.44,7.41,44.68728,-124.156658
2021-07-25T17:09:29.000,1.91,15.87,7.42,44.68728,-124.156658
2021-07-25T17:24:29.000,1.93,16.1,7.42,44.68728,-124.156658
2021-07-25T17:39:29.000,1.9,15.85,7.42,44.68728,-124.156658
2021-07-25T17:54:29.000,1.87,15.57,7.4,44.68728,-124.156658
2021-07-25T18:09:29.000,1.77,14.72,7.39,44.68728,-124.156658
2021-07-25T18:24:29.000,1.81,15.03,7.39,44.68728,-124.156658
2021-07-25T18:39:29.000,1.81,15.02,7.39,44.68728,-124.156658
2021-07-25T18:54:29.000,1.83,15.24,7.39,44.68728,-124.156658
2021-07-25T19:09:29.000,1.83,15.23,7.39,44.68728,-124.156658
2021-07-25T19:24:29.000,1.81,15.06,7.39,44.68728,-124.156658
2021-07-25T19:39:29.000,1.79,14.92,7.39,44.68728,-124.156658
2021-07-25T19:54:29.000,1.84,15.3,7.39,44.68728,-124.156658
2021-07-25T20:09:29.000,1.47,12.21,7.27,44.68728,-124.156658
2021-07-25T20:24:29.000,1.46,12.1,7.26,44.68728,-124.156658
2021-07-25T20:39:29.000,1.45,11.99,7.25,44.68728,-124.156658
2021-07-25T20:54:29.000,1.47,12.22,7.26,44.68728,-124.156658
2021-07-25T21:09:29.000,1.46,12.15,7.26,44.68728,-124.156658
2021-07-25T21:24:29.000,1.49,12.35,7.27,44.68728,-124.156658
2021-07-25T21:39:29.000,1.49,12.4,7.27,44.68728,-124.156658
2021-07-25T21:54:29.000,1.54,12.78,7.28,44.68728,-124.156658
2021-07-25T22:09:29.000,1.52,12.64,7.29,44.68728,-124.156658
2021-07-25T22:24:29.000,1.48,12.32,7.29,44.68728,-124.156658
2021-07-25T22:39:29.000,1.5,12.45,7.29,44.68728,-124.156658
2021-07-25T22:54:29.000,1.49,12.39,7.29,44.68728,-124.156658
2021-07-25T23:09:29.000,1.47,12.23,7.29,44.68728,-124.156658
2021-07-25T23:24:29.000,1.44,11.95,7.28,44.68728,-124.156658
2021-07-25T23:39:29.000,1.42,11.77,7.27,44.68728,-124.156658
2021-07-25T23:54:29.000,1.43,11.82,7.27,44.68728,-124.156658
2021-07-26T00:09:29.000,1.43,11.84,7.27,44.68728,-124.156658
2021-07-26T00:24:29.000,1.4,11.61,7.27,44.68728,-124.156658
2021-07-26T00:39:29.000,1.41,11.68,7.27,44.68728,-124.156658
2021-07-26T00:54:29.000,1.43,11.89,7.27,44.68728,-124.156658
2021-07-26T01:09:29.000,1.42,11.77,7.27,44.68728,-124.156658
2021-07-26T01:24:29.000,1.42,11.76,7.27,44.68728,-124.156658
2021-07-26T01:39:29.000,1.39,11.57,7.28,44.68728,-124.156658
2021-07-26T01:54:29.000,1.41,11.72,7.29,44.68728,-124.156658
2021-07-26T02:09:29.000,1.44,11.95,7.29,44.68728,-124.156658
2021-07-26T02:24:29.000,1.44,11.95,7.29,44.68728,-124.156658
2021-07-26T02:39:29.000,1.41,11.67,7.29,44.68728,-124.156658
2021-07-26T02:54:29.000,1.4,11.62,7.29,44.68728,-124.156658
2021-07-26T03:09:29.000,1.41,11.69,7.29,44.68728,-124.156658
2021-07-26T03:24:29.000,1.39,11.51,7.29,44.68728,-124.156658
2021-07-26T03:39:29.000,1.36,11.29,7.29,44.68728,-124.156658
2021-07-26T03:54:29.000,1.36,11.27,7.29,44.68728,-124.156658
2021-07-26T04:09:29.000,1.35,11.23,7.29,44.68728,-124.156658
2021-07-26T04:24:29.000,1.35,11.19,7.3,44.68728,-124.156658
2021-07-26T04:39:29.000,1.39,11.51,7.32,44.68728,-124.156658
2021-07-26T04:54:29.000,1.42,11.78,7.32,44.68728,-124.156658
2021-07-26T05:09:29.000,1.4,11.65,7.34,44.68728,-124.156658
2021-07-26T05:24:29.000,1.42,11.82,7.34,44.68728,-124.156658
2021-07-26T05:39:29.000,1.47,12.24,7.36,44.68728,-124.156658
2021-07-26T05:54:29.000,1.48,12.27,7.37,44.68728,-124.156658
2021-07-26T06:09:29.000,1.49,12.36,7.37,44.68728,-124.156658
2021-07-26T06:24:29.000,1.41,11.76,7.36,44.68728,-124.156658
2021-07-26T06:39:29.000,1.44,11.97,7.35,44.68728,-124.156658
2021-07-26T06:54:29.000,1.47,12.25,7.36,44.68728,-124.156658
2021-07-26T07:09:29.000,1.38,11.48,7.35,44.68728,-124.156658
2021-07-26T07:24:29.000,1.4,11.63,7.35,44.68728,-124.156658
2021-07-26T07:39:29.000,1.35,11.2,7.34,44.68728,-124.156658
2021-07-26T07:54:29.000,1.34,11.13,7.34,44.68728,-124.156658
2021-07-26T08:09:29.000,1.41,11.68,7.34,44.68728,-124.156658
2021-07-26T08:24:29.000,1.38,11.44,7.34,44.68728,-124.156658
2021-07-26T08:39:29.000,1.42,11.78,7.35,44.68728,-124.156658
2021-07-26T08:54:29.000,1.44,11.98,7.34,44.68728,-124.156658
2021-07-26T09:09:29.000,1.46,12.16,7.34,44.68728,-124.156658
2021-07-26T09:24:29.000,1.48,12.26,7.35,44.68728,-124.156658
2021-07-26T09:39:29.000,1.51,12.52,7.35,44.68728,-124.156658
2021-07-26T09:54:29.000,1.52,12.65,7.35,44.68728,-124.156658
2021-07-26T10:09:29.000,1.51,12.56,7.35,44.68728,-124.156658
2021-07-26T10:24:29.000,1.53,12.74,7.36,44.68728,-124.156658
2021-07-26T10:39:29.000,1.57,13.06,7.36,44.68728,-124.156658
2021-07-26T10:54:29.000,1.57,13.09,7.36,44.68728,-124.156658
2021-07-26T11:09:29.000,1.61,13.39,7.36,44.68728,-124.156658
2021-07-26T11:24:29.000,1.62,13.43,7.36,44.68728,-124.156658
2021-07-26T11:39:29.000,1.65,13.7,7.36,44.68728,-124.156658
2021-07-26T11:54:29.000,1.66,13.77,7.36,44.68728,-124.156658
2021-07-26T12:09:29.000,1.66,13.8,7.36,44.68728,-124.156658
2021-07-26T12:24:29.000,1.71,14.22,7.36,44.68728,-124.156658
2021-07-26T12:39:29.000,1.73,14.37,7.36,44.68728,-124.156658
2021-07-26T12:54:29.000,1.73,14.42,7.36,44.68728,-124.156658
2021-07-26T13:09:29.000,1.75,14.59,7.36,44.68728,-124.156658
2021-07-26T13:24:29.000,1.79,14.91,7.37,44.68728,-124.156658
2021-07-26T13:39:29.000,1.8,14.94,7.37,44.68728,-124.156658
2021-07-26T13:54:29.000,1.85,15.39,7.38,44.68728,-124.156658
2021-07-26T14:09:29.000,1.87,15.55,7.38,44.68728,-124.156658
2021-07-26T14:24:29.000,1.96,16.34,7.4,44.68728,-124.156658
2021-07-26T14:39:29.000,1.88,15.67,7.37,44.68728,-124.156658
2021-07-26T14:54:29.000,1.99,16.52,7.39,44.68728,-124.156658
2021-07-26T15:09:29.000,1.97,16.36,7.39,44.68728,-124.156658
2021-07-26T15:24:29.000,2.01,16.76,7.4,44.68728,-124.156658
2021-07-26T15:39:29.000,2.02,16.8,7.41,44.68728,-124.156658
2021-07-26T15:54:29.000,2.02,16.79,7.41,44.68728,-124.156658
2021-07-26T16:09:29.000,2.08,17.29,7.41,44.68728,-124.156658
2021-07-26T16:24:29.000,2.12,17.67,7.42,44.68728,-124.156658
2021-07-26T16:39:29.000,2.13,17.77,7.43,44.68728,-124.156658
2021-07-26T16:54:29.000,2.21,18.45,7.44,44.68728,-124.156658
2021-07-26T17:09:29.000,2.33,19.42,7.47,44.68728,-124.156658
2021-07-26T17:24:29.000,2.52,21,7.51,44.68728,-124.156658
2021-07-26T17:39:29.000,2.68,22.36,7.54,44.68728,-124.156658
2021-07-26T17:54:29.000,2.25,18.75,7.44,44.68728,-124.156658
2021-07-26T18:09:29.000,2.15,17.9,7.41,44.68728,-124.156658
2021-07-26T18:24:29.000,2.19,18.24,7.41,44.68728,-124.156658
2021-07-26T18:39:29.000,2.26,18.82,7.42,44.68728,-124.156658
2021-07-26T18:54:29.000,2.3,19.17,7.44,44.68728,-124.156658
2021-07-26T19:09:29.000,2.36,19.62,7.44,44.68728,-124.156658
2021-07-26T19:24:29.000,2.11,17.58,7.39,44.68728,-124.156658
2021-07-26T19:39:29.000,2.22,18.46,7.4,44.68728,-124.156658
2021-07-26T19:54:29.000,2.07,17.22,7.37,44.68728,-124.156658
2021-07-26T20:09:29.000,2.07,17.18,7.35,44.68728,-124.156658
2021-07-26T20:24:29.000,2.04,16.99,7.34,44.68728,-124.156658
2021-07-26T20:39:29.000,2.04,16.92,7.34,44.68728,-124.156658
2021-07-26T20:54:29.000,1.95,16.21,7.33,44.68728,-124.156658
2021-07-26T21:09:29.000,1.99,16.51,7.34,44.68728,-124.156658
2021-07-26T21:24:29.000,2.01,16.67,7.34,44.68728,-124.156658
2021-07-26T21:39:29.000,2.06,17.13,7.36,44.68728,-124.156658
2021-07-26T21:54:29.000,2.09,17.37,7.37,44.68728,-124.156658
2021-07-26T22:09:29.000,2.12,17.64,7.37,44.68728,-124.156658
2021-07-26T22:24:29.000,2.12,17.66,7.37,44.68728,-124.156658
2021-07-26T22:39:29.000,2.06,17.16,7.37,44.68728,-124.156658
2021-07-26T22:54:29.000,2.1,17.42,7.37,44.68728,-124.156658
2021-07-26T23:09:29.000,2.11,17.54,7.37,44.68728,-124.156658
2021-07-26T23:24:29.000,2.07,17.17,7.37,44.68728,-124.156658
2021-07-26T23:39:29.000,2.05,17.01,7.37,44.68728,-124.156658
2021-07-26T23:54:29.000,2.02,16.76,7.35,44.68728,-124.156658
2021-07-27T00:09:29.000,2.06,17.09,7.36,44.68728,-124.156658
2021-07-27T00:24:29.000,2.08,17.32,7.37,44.68728,-124.156658
2021-07-27T00:39:29.000,2.12,17.59,7.37,44.68728,-124.156658
2021-07-27T00:54:29.000,2.13,17.7,7.37,44.68728,-124.156658
2021-07-27T01:09:29.000,2.16,17.93,7.37,44.68728,-124.156658
2021-07-27T01:24:29.000,2.18,18.12,7.38,44.68728,-124.156658
2021-07-27T01:39:29.000,2.19,18.22,7.39,44.68728,-124.156658
2021-07-27T01:54:29.000,2.22,18.5,7.39,44.68728,-124.156658
2021-07-27T02:09:29.000,2.23,18.53,7.39,44.68728,-124.156658
2021-07-27T02:24:29.000,2.27,18.88,7.41,44.68728,-124.156658
2021-07-27T02:39:29.000,2.3,19.17,7.41,44.68728,-124.156658
2021-07-27T02:54:29.000,2.33,19.43,7.44,44.68728,-124.156658
2021-07-27T03:09:29.000,2.41,20.09,7.45,44.68728,-124.156658
2021-07-27T03:24:29.000,2.39,19.93,7.46,44.68728,-124.156658
2021-07-27T03:39:29.000,2.22,18.46,7.4,44.68728,-124.156658
2021-07-27T03:54:29.000,2.21,18.36,7.39,44.68728,-124.156658
2021-07-27T04:09:29.000,2.2,18.29,7.39,44.68728,-124.156658
2021-07-27T04:24:29.000,2.24,18.66,7.39,44.68728,-124.156658
2021-07-27T04:39:29.000,2.22,18.49,7.39,44.68728,-124.156658
2021-07-27T04:54:29.000,2.17,18.07,7.37,44.68728,-124.156658
2021-07-27T05:09:29.000,2.21,18.35,7.37,44.68728,-124.156658
2021-07-27T05:24:29.000,2.22,18.46,7.37,44.68728,-124.156658
2021-07-27T05:39:29.000,2.16,17.98,7.36,44.68728,-124.156658
2021-07-27T05:54:29.000,2.17,18.06,7.36,44.68728,-124.156658
2021-07-27T06:09:29.000,2.16,17.92,7.36,44.68728,-124.156658
2021-07-27T06:24:29.000,2.19,18.19,7.36,44.68728,-124.156658
2021-07-27T06:39:29.000,2.17,18.05,7.36,44.68728,-124.156658
2021-07-27T06:54:29.000,2.12,17.66,7.36,44.68728,-124.156658
2021-07-27T07:09:29.000,2.14,17.77,7.37,44.68728,-124.156658
2021-07-27T07:24:29.000,2.13,17.68,7.37,44.68728,-124.156658
2021-07-27T07:39:29.000,2.11,17.52,7.37,44.68728,-124.156658
2021-07-27T07:54:29.000,2.07,17.2,7.36,44.68728,-124.156658
2021-07-27T08:09:29.000,2.1,17.45,7.36,44.68728,-124.156658
2021-07-27T08:24:29.000,2.04,16.93,7.36,44.68728,-124.156658
2021-07-27T08:39:29.000,2.06,17.12,7.35,44.68728,-124.156658
2021-07-27T08:54:29.000,2.05,17.05,7.35,44.68728,-124.156658
2021-07-27T09:09:29.000,1.99,16.52,7.35,44.68728,-124.156658
2021-07-27T09:24:29.000,1.93,16,7.35,44.68728,-124.156658
2021-07-27T09:39:29.000,2.01,16.68,7.35,44.68728,-124.156658
2021-07-27T09:54:29.000,2.04,16.96,7.35,44.68728,-124.156658
2021-07-27T10:09:29.000,2.02,16.82,7.35,44.68728,-124.156658
2021-07-27T10:24:29.000,2.08,17.25,7.35,44.68728,-124.156658
2021-07-27T10:39:29.000,2.03,16.85,7.35,44.68728,-124.156658
2021-07-27T10:54:29.000,2.06,17.13,7.35,44.68728,-124.156658
2021-07-27T11:09:29.000,2.01,16.66,7.35,44.68728,-124.156658
2021-07-27T11:24:29.000,2.07,17.19,7.34,44.68728,-124.156658
2021-07-27T11:39:29.000,2.03,16.88,7.34,44.68728,-124.156658
2021-07-27T11:54:29.000,2.08,17.32,7.34,44.68728,-124.156658
2021-07-27T12:09:29.000,2.07,17.2,7.34,44.68728,-124.156658
2021-07-27T12:24:29.000,2.12,17.64,7.34,44.68728,-124.156658
2021-07-27T12:39:29.000,2.09,17.33,7.34,44.68728,-124.156658
2021-07-27T12:54:29.000,2.13,17.72,7.34,44.68728,-124.156658
2021-07-27T13:09:29.000,2.11,17.5,7.34,44.68728,-124.156658
2021-07-27T13:24:29.000,2.1,17.46,7.34,44.68728,-124.156658
2021-07-27T13:39:29.000,2.1,17.47,7.35,44.68728,-124.156658
2021-07-27T13:54:29.000,2.11,17.57,7.34,44.68728,-124.156658
2021-07-27T14:09:29.000,2.13,17.68,7.34,44.68728,-124.156658
2021-07-27T14:24:29.000,2.1,17.48,7.35,44.68728,-124.156658
2021-07-27T14:39:29.000,2.11,17.5,7.35,44.68728,-124.156658
2021-07-27T14:54:29.000,2.06,17.11,7.35,44.68728,-124.156658
2021-07-27T15:09:29.000,2.1,17.41,7.35,44.68728,-124.156658
2021-07-27T15:24:29.000,2.06,17.13,7.35,44.68728,-124.156658
2021-07-27T15:39:29.000,2.06,17.08,7.35,44.68728,-124.156658
2021-07-27T15:54:29.000,2.07,17.21,7.35,44.68728,-124.156658
2021-07-27T16:09:29.000,2.1,17.47,7.35,44.68728,-124.156658
2021-07-27T16:24:29.000,2.11,17.53,7.35,44.68728,-124.156658
2021-07-27T16:39:29.000,2.14,17.79,7.35,44.68728,-124.156658
2021-07-27T16:54:29.000,2.11,17.5,7.34,44.68728,-124.156658
2021-07-27T17:09:29.000,2.17,18,7.34,44.68728,-124.156658
2021-07-27T17:24:29.000,2.15,17.87,7.34,44.68728,-124.156658
2021-07-27T17:39:29.000,2.15,17.82,7.34,44.68728,-124.156658
2021-07-27T17:54:29.000,2.13,17.68,7.34,44.68728,-124.156658
2021-07-27T18:09:29.000,2.14,17.81,7.34,44.68728,-124.156658
2021-07-27T18:24:29.000,2.14,17.74,7.34,44.68728,-124.156658
2021-07-27T18:39:29.000,2.12,17.61,7.34,44.68728,-124.156658
2021-07-27T18:54:29.000,2.13,17.7,7.34,44.68728,-124.156658
2021-07-27T19:09:29.000,2.13,17.69,7.34,44.68728,-124.156658
2021-07-27T19:24:29.000,2.13,17.71,7.35,44.68728,-124.156658
2021-07-27T19:39:29.000,2.13,17.73,7.34,44.68728,-124.156658
2021-07-27T19:54:29.000,2.14,17.81,7.34,44.68728,-124.156658
2021-07-27T20:09:29.000,2.16,17.91,7.34,44.68728,-124.156658
2021-07-27T20:24:29.000,2.16,17.94,7.34,44.68728,-124.156658
2021-07-27T20:39:29.000,2.12,17.61,7.34,44.68728,-124.156658
2021-07-27T20:54:29.000,2.17,18.02,7.35,44.68728,-124.156658
2021-07-27T21:09:29.000,2.08,17.29,7.35,44.68728,-124.156658
2021-07-27T21:24:29.000,2.12,17.59,7.34,44.68728,-124.156658
2021-07-27T21:39:29.000,2.15,17.86,7.34,44.68728,-124.156658
2021-07-27T21:54:29.000,2.06,17.13,7.35,44.68728,-124.156658
2021-07-27T22:09:29.000,2.03,16.9,7.35,44.68728,-124.156658
2021-07-27T22:24:29.000,1.85,15.35,7.35,44.68728,-124.156658
2021-07-27T22:39:29.000,1.93,16.07,7.36,44.68728,-124.156658
2021-07-27T22:54:29.000,1.92,15.96,7.36,44.68728,-124.156658
2021-07-27T23:09:29.000,2.09,17.39,7.36,44.68728,-124.156658
2021-07-27T23:24:29.000,1.95,16.2,7.37,44.68728,-124.156658
2021-07-27T23:39:29.000,1.99,16.56,7.36,44.68728,-124.156658
2021-07-27T23:54:29.000,1.99,16.51,7.34,44.68728,-124.156658
2021-07-28T00:09:29.000,2,16.64,7.34,44.68728,-124.156658
2021-07-28T00:24:29.000,1.88,15.62,7.34,44.68728,-124.156658
2021-07-28T00:39:29.000,1.96,16.31,7.33,44.68728,-124.156658
2021-07-28T00:54:29.000,1.98,16.44,7.33,44.68728,-124.156658
2021-07-28T01:09:29.000,1.96,16.25,7.33,44.68728,-124.156658
2021-07-28T01:24:29.000,1.88,15.58,7.34,44.68728,-124.156658
2021-07-28T01:39:29.000,1.95,16.21,7.34,44.68728,-124.156658
2021-07-28T01:54:29.000,1.99,16.52,7.34,44.68728,-124.156658
2021-07-28T02:09:29.000,1.99,16.57,7.34,44.68728,-124.156658
2021-07-28T02:24:29.000,1.97,16.38,7.34,44.68728,-124.156658
2021-07-28T02:39:29.000,1.93,16.07,7.34,44.68728,-124.156658
2021-07-28T02:54:29.000,1.98,16.47,7.34,44.68728,-124.156658
2021-07-28T03:09:29.000,2.01,16.71,7.34,44.68728,-124.156658
2021-07-28T03:24:29.000,1.97,16.4,7.34,44.68728,-124.156658
2021-07-28T03:39:29.000,1.97,16.4,7.34,44.68728,-124.156658
2021-07-28T03:54:29.000,1.86,15.44,7.34,44.68728,-124.156658
2021-07-28T04:09:29.000,1.86,15.42,7.34,44.68728,-124.156658
2021-07-28T04:24:29.000,1.85,15.39,7.34,44.68728,-124.156658
2021-07-28T04:39:29.000,1.85,15.37,7.34,44.68728,-124.156658
2021-07-28T04:54:29.000,1.82,15.08,7.34,44.68728,-124.156658
2021-07-28T05:09:29.000,1.81,15.02,7.34,44.68728,-124.156658
2021-07-28T05:24:29.000,1.83,15.23,7.33,44.68728,-124.156658
2021-07-28T05:39:29.000,1.85,15.38,7.32,44.68728,-124.156658
2021-07-28T05:54:29.000,1.85,15.38,7.32,44.68728,-124.156658
2021-07-28T06:09:29.000,1.88,15.62,7.32,44.68728,-124.156658
2021-07-28T06:24:29.000,1.88,15.57,7.32,44.68728,-124.156658
2021-07-28T06:39:29.000,1.88,15.58,7.32,44.68728,-124.156658
2021-07-28T06:54:29.000,1.9,15.79,7.32,44.68728,-124.156658
2021-07-28T07:09:29.000,1.89,15.73,7.32,44.68728,-124.156658
2021-07-28T07:24:29.000,1.81,15.04,7.32,44.68728,-124.156658
2021-07-28T07:39:29.000,1.88,15.65,7.32,44.68728,-124.156658
2021-07-28T07:54:29.000,1.89,15.67,7.32,44.68728,-124.156658
2021-07-28T08:09:29.000,1.88,15.6,7.32,44.68728,-124.156658
2021-07-28T08:24:29.000,1.98,16.43,7.32,44.68728,-124.156658
2021-07-28T08:39:29.000,1.94,16.1,7.32,44.68728,-124.156658
2021-07-28T08:54:29.000,1.96,16.28,7.32,44.68728,-124.156658
2021-07-28T09:09:29.000,1.89,15.72,7.32,44.68728,-124.156658
2021-07-28T09:24:29.000,2,16.59,7.32,44.68728,-124.156658
2021-07-28T09:39:29.000,2,16.59,7.32,44.68728,-124.156658
2021-07-28T09:54:29.000,2,16.61,7.32,44.68728,-124.156658
2021-07-28T10:09:29.000,2.01,16.68,7.32,44.68728,-124.156658
2021-07-28T10:24:29.000,2.03,16.88,7.32,44.68728,-124.156658
2021-07-28T10:39:29.000,2.01,16.67,7.32,44.68728,-124.156658
2021-07-28T10:54:29.000,2.05,16.99,7.32,44.68728,-124.156658
2021-07-28T11:09:29.000,2.05,17.06,7.32,44.68728,-124.156658
2021-07-28T11:24:29.000,2.03,16.83,7.32,44.68728,-124.156658
2021-07-28T11:39:29.000,2.05,17.03,7.32,44.68728,-124.156658
2021-07-28T11:54:29.000,2.03,16.88,7.32,44.68728,-124.156658
2021-07-28T12:09:29.000,2.05,17.02,7.32,44.68728,-124.156658
2021-07-28T12:24:29.000,2.02,16.74,7.32,44.68728,-124.156658
2021-07-28T12:39:29.000,2.05,17.02,7.32,44.68728,-124.156658
2021-07-28T12:54:29.000,2.08,17.24,7.32,44.68728,-124.156658
2021-07-28T13:09:29.000,2.05,17.04,7.32,44.68728,-124.156658
2021-07-28T13:24:29.000,2.1,17.45,7.32,44.68728,-124.156658
2021-07-28T13:39:29.000,2.1,17.45,7.32,44.68728,-124.156658
2021-07-28T13:54:29.000,1.92,15.98,7.32,44.68728,-124.156658
2021-07-28T14:09:29.000,2.14,17.74,7.33,44.68728,-124.156658
2021-07-28T14:24:29.000,2.13,17.68,7.33,44.68728,-124.156658
2021-07-28T14:39:29.000,2.11,17.5,7.34,44.68728,-124.156658
2021-07-28T14:54:29.000,2.06,17.12,7.34,44.68728,-124.156658
2021-07-28T15:09:29.000,2.03,16.91,7.34,44.68728,-124.156658
2021-07-28T15:24:29.000,1.72,14.31,7.34,44.68728,-124.156658
2021-07-28T15:39:29.000,1.99,16.52,7.34,44.68728,-124.156658
2021-07-28T15:54:29.000,1.95,16.2,7.34,44.68728,-124.156658
2021-07-28T16:09:29.000,1.97,16.36,7.34,44.68728,-124.156658
2021-07-28T16:24:29.000,1.99,16.56,7.34,44.68728,-124.156658
2021-07-28T16:39:29.000,1.94,16.14,7.34,44.68728,-124.156658
2021-07-28T16:54:29.000,1.84,15.31,7.34,44.68728,-124.156658
2021-07-28T17:09:29.000,2.02,16.77,7.34,44.68728,-124.156658
2021-07-28T17:24:29.000,2.02,16.78,7.34,44.68728,-124.156658
2021-07-28T17:39:29.000,2,16.58,7.34,44.68728,-124.156658
2021-07-28T17:54:29.000,1.99,16.56,7.34,44.68728,-124.156658
2021-07-28T18:09:29.000,1.88,15.6,7.35,44.68728,-124.156658
2021-07-28T18:24:29.000,1.9,15.81,7.34,44.68728,-124.156658
2021-07-28T18:39:29.000,1.91,15.84,7.34,44.68728,-124.156658
2021-07-28T18:54:29.000,1.98,16.45,7.34,44.68728,-124.156658
2021-07-28T19:09:29.000,1.97,16.39,7.34,44.68728,-124.156658
2021-07-28T19:24:29.000,2.06,17.1,7.34,44.68728,-124.156658
2021-07-28T19:39:29.000,2.07,17.18,7.34,44.68728,-124.156658
2021-07-28T19:54:29.000,2.05,17.04,7.34,44.68728,-124.156658
2021-07-28T20:09:29.000,2.08,17.3,7.34,44.68728,-124.156658
2021-07-28T20:24:29.000,2.12,17.62,7.34,44.68728,-124.156658
2021-07-28T20:39:29.000,2.12,17.62,7.34,44.68728,-124.156658
2021-07-28T20:54:29.000,2.05,17.05,7.35,44.68728,-124.156658
2021-07-28T21:09:29.000,2.07,17.16,7.35,44.68728,-124.156658
2021-07-28T21:24:29.000,2.13,17.74,7.35,44.68728,-124.156658
2021-07-28T21:39:29.000,2.15,17.83,7.35,44.68728,-124.156658
2021-07-28T21:54:29.000,2.12,17.65,7.35,44.68728,-124.156658
2021-07-28T22:09:29.000,2.13,17.74,7.36,44.68728,-124.156658
2021-07-28T22:24:29.000,2.14,17.82,7.36,44.68728,-124.156658
2021-07-28T22:39:29.000,2.15,17.91,7.36,44.68728,-124.156658
2021-07-28T22:54:29.000,2.14,17.77,7.37,44.68728,-124.156658
2021-07-28T23:09:29.000,2.18,18.11,7.37,44.68728,-124.156658
2021-07-28T23:24:29.000,2.19,18.24,7.37,44.68728,-124.156658
2021-07-28T23:39:29.000,2.18,18.13,7.37,44.68728,-124.156658
2021-07-28T23:54:29.000,2.2,18.29,7.37,44.68728,-124.156658
2021-07-29T00:09:29.000,2.2,18.29,7.37,44.68728,-124.156658
2021-07-29T00:24:29.000,2.21,18.41,7.37,44.68728,-124.156658
2021-07-29T00:39:29.000,2.19,18.18,7.37,44.68728,-124.156658
2021-07-29T00:54:29.000,2.23,18.55,7.37,44.68728,-124.156658
2021-07-29T01:09:29.000,2.21,18.4,7.37,44.68728,-124.156658
2021-07-29T01:24:29.000,2.23,18.56,7.37,44.68728,-124.156658
2021-07-29T01:39:29.000,2.24,18.58,7.37,44.68728,-124.156658
2021-07-29T01:54:29.000,2.2,18.28,7.37,44.68728,-124.156658
2021-07-29T02:09:29.000,2.22,18.43,7.37,44.68728,-124.156658
2021-07-29T02:24:29.000,2.25,18.74,7.37,44.68728,-124.156658
2021-07-29T02:39:29.000,2.26,18.8,7.37,44.68728,-124.156658
2021-07-29T02:54:29.000,2.26,18.8,7.37,44.68728,-124.156658
2021-07-29T03:09:29.000,2.26,18.77,7.37,44.68728,-124.156658
2021-07-29T03:24:29.000,2.22,18.48,7.37,44.68728,-124.156658
2021-07-29T03:39:29.000,2.24,18.64,7.37,44.68728,-124.156658
2021-07-29T03:54:29.000,2.22,18.46,7.37,44.68728,-124.156658
2021-07-29T04:09:29.000,2.21,18.35,7.37,44.68728,-124.156658
2021-07-29T04:24:29.000,2.19,18.24,7.37,44.68728,-124.156658
2021-07-29T04:39:29.000,2.2,18.32,7.37,44.68728,-124.156658
2021-07-29T04:54:29.000,2.15,17.88,7.37,44.68728,-124.156658
2021-07-29T05:09:29.000,2.19,18.21,7.37,44.68728,-124.156658
2021-07-29T05:24:29.000,2.21,18.37,7.37,44.68728,-124.156658
2021-07-29T05:39:29.000,2.15,17.88,7.37,44.68728,-124.156658
2021-07-29T05:54:29.000,2.12,17.58,7.37,44.68728,-124.156658
2021-07-29T06:09:29.000,2.08,17.3,7.37,44.68728,-124.156658
2021-07-29T06:24:29.000,2.08,17.32,7.37,44.68728,-124.156658
2021-07-29T06:39:29.000,2.14,17.78,7.37,44.68728,-124.156658
2021-07-29T06:54:29.000,2.15,17.87,7.37,44.68728,-124.156658
2021-07-29T07:09:29.000,2.14,17.78,7.37,44.68728,-124.156658
2021-07-29T07:24:29.000,2.13,17.72,7.37,44.68728,-124.156658
2021-07-29T07:39:29.000,2.15,17.86,7.37,44.68728,-124.156658
2021-07-29T07:54:29.000,2.15,17.83,7.37,44.68728,-124.156658
2021-07-29T08:09:29.000,2.14,17.8,7.37,44.68728,-124.156658
2021-07-29T08:24:29.000,2.1,17.46,7.37,44.68728,-124.156658
2021-07-29T08:39:29.000,2.11,17.58,7.37,44.68728,-124.156658
2021-07-29T08:54:29.000,2.14,17.77,7.37,44.68728,-124.156658
2021-07-29T09:09:29.000,2.09,17.4,7.37,44.68728,-124.156658
2021-07-29T09:24:29.000,2.1,17.45,7.37,44.68728,-124.156658
2021-07-29T09:39:29.000,2.07,17.23,7.37,44.68728,-124.156658
2021-07-29T09:54:29.000,2.04,16.95,7.37,44.68728,-124.156658
2021-07-29T10:09:29.000,2.03,16.83,7.37,44.68728,-124.156658
2021-07-29T10:24:29.000,2.02,16.8,7.37,44.68728,-124.156658
2021-07-29T10:39:29.000,2,16.66,7.37,44.68728,-124.156658
2021-07-29T10:54:29.000,2.04,16.96,7.37,44.68728,-124.156658
2021-07-29T11:09:29.000,2.1,17.5,7.39,44.68728,-124.156658
2021-07-29T11:24:29.000,2.17,18.08,7.41,44.68728,-124.156658
2021-07-29T11:39:29.000,2.04,16.94,7.39,44.68728,-124.156658
2021-07-29T11:54:29.000,1.97,16.35,7.37,44.68728,-124.156658
2021-07-29T12:09:29.000,1.94,16.1,7.37,44.68728,-124.156658
2021-07-29T12:24:29.000,1.9,15.82,7.36,44.68728,-124.156658
2021-07-29T12:39:29.000,1.89,15.73,7.36,44.68728,-124.156658
2021-07-29T12:54:29.000,1.9,15.79,7.37,44.68728,-124.156658
2021-07-29T13:09:29.000,1.88,15.66,7.36,44.68728,-124.156658
2021-07-29T13:24:29.000,1.9,15.79,7.36,44.68728,-124.156658
2021-07-29T13:39:29.000,1.88,15.6,7.35,44.68728,-124.156658
2021-07-29T13:54:29.000,1.88,15.61,7.35,44.68728,-124.156658
2021-07-29T14:09:29.000,1.82,15.11,7.35,44.68728,-124.156658
2021-07-29T14:24:29.000,1.81,15.03,7.35,44.68728,-124.156658
2021-07-29T14:39:29.000,1.7,14.11,7.34,44.68728,-124.156658
2021-07-29T14:54:29.000,1.84,15.26,7.34,44.68728,-124.156658
2021-07-29T15:09:29.000,1.82,15.11,7.34,44.68728,-124.156658
2021-07-29T15:24:29.000,1.84,15.25,7.34,44.68728,-124.156658
2021-07-29T15:39:29.000,1.71,14.21,7.34,44.68728,-124.156658
2021-07-29T15:54:29.000,1.81,15.04,7.35,44.68728,-124.156658
2021-07-29T16:09:29.000,1.81,15.05,7.34,44.68728,-124.156658
2021-07-29T16:24:29.000,1.72,14.26,7.35,44.68728,-124.156658
2021-07-29T16:39:29.000,1.85,15.39,7.35,44.68728,-124.156658
2021-07-29T16:54:29.000,1.77,14.7,7.35,44.68728,-124.156658
2021-07-29T17:09:29.000,1.72,14.32,7.35,44.68728,-124.156658
2021-07-29T17:24:29.000,1.73,14.36,7.36,44.68728,-124.156658
2021-07-29T17:39:29.000,1.83,15.22,7.36,44.68728,-124.156658
2021-07-29T17:54:29.000,1.8,15,7.36,44.68728,-124.156658
2021-07-29T18:09:29.000,1.83,15.22,7.36,44.68728,-124.156658
2021-07-29T18:24:29.000,1.76,14.66,7.36,44.68728,-124.156658
2021-07-29T18:39:29.000,1.83,15.18,7.36,44.68728,-124.156658
2021-07-29T18:54:29.000,1.82,15.13,7.36,44.68728,-124.156658
2021-07-29T19:09:29.000,1.82,15.14,7.36,44.68728,-124.156658
2021-07-29T19:24:29.000,1.84,15.31,7.36,44.68728,-124.156658
2021-07-29T19:39:29.000,1.8,14.99,7.36,44.68728,-124.156658
2021-07-29T19:54:29.000,1.87,15.52,7.36,44.68728,-124.156658
2021-07-29T20:09:29.000,1.8,14.92,7.36,44.68728,-124.156658
2021-07-29T20:24:29.000,1.88,15.65,7.36,44.68728,-124.156658
2021-07-29T20:39:29.000,1.91,15.89,7.37,44.68728,-124.156658
2021-07-29T20:54:29.000,1.87,15.53,7.37,44.68728,-124.156658
2021-07-29T21:09:29.000,1.73,14.37,7.37,44.68728,-124.156658
2021-07-29T21:24:29.000,1.76,14.65,7.36,44.68728,-124.156658
2021-07-29T21:39:29.000,1.72,14.33,7.36,44.68728,-124.156658
2021-07-29T21:54:29.000,1.77,14.75,7.36,44.68728,-124.156658
2021-07-29T22:09:29.000,1.76,14.6,7.37,44.68728,-124.156658
2021-07-29T22:24:29.000,1.77,14.72,7.37,44.68728,-124.156658
2021-07-29T22:39:29.000,1.78,14.76,7.36,44.68728,-124.156658
2021-07-29T22:54:29.000,1.66,13.77,7.36,44.68728,-124.156658
2021-07-29T23:09:29.000,1.65,13.73,7.35,44.68728,-124.156658
2021-07-29T23:24:29.000,1.73,14.35,7.34,44.68728,-124.156658
2021-07-29T23:39:29.000,1.65,13.72,7.34,44.68728,-124.156658
2021-07-29T23:54:29.000,1.66,13.76,7.34,44.68728,-124.156658
2021-07-30T00:09:29.000,1.61,13.38,7.34,44.68728,-124.156658
2021-07-30T00:24:29.000,1.69,14.01,7.34,44.68728,-124.156658
2021-07-30T00:39:29.000,1.64,13.61,7.34,44.68728,-124.156658
2021-07-30T00:54:29.000,1.6,13.32,7.34,44.68728,-124.156658
2021-07-30T01:09:29.000,1.57,13.02,7.34,44.68728,-124.156658
2021-07-30T01:24:29.000,1.64,13.62,7.34,44.68728,-124.156658
2021-07-30T01:39:29.000,1.66,13.82,7.34,44.68728,-124.156658
2021-07-30T01:54:29.000,1.6,13.32,7.34,44.68728,-124.156658
2021-07-30T02:09:29.000,1.62,13.48,7.34,44.68728,-124.156658
2021-07-30T02:24:29.000,1.63,13.52,7.34,44.68728,-124.156658
2021-07-30T02:39:29.000,1.66,13.8,7.34,44.68728,-124.156658
2021-07-30T02:54:29.000,1.68,13.93,7.34,44.68728,-124.156658
2021-07-30T03:09:29.000,1.69,14.01,7.34,44.68728,-124.156658
2021-07-30T03:24:29.000,1.69,14.07,7.34,44.68728,-124.156658
2021-07-30T03:39:29.000,1.61,13.34,7.34,44.68728,-124.156658
2021-07-30T03:54:29.000,1.73,14.34,7.34,44.68728,-124.156658
2021-07-30T04:09:29.000,1.7,14.16,7.35,44.68728,-124.156658
2021-07-30T04:24:29.000,1.73,14.38,7.34,44.68728,-124.156658
2021-07-30T04:39:29.000,1.59,13.21,7.34,44.68728,-124.156658
2021-07-30T04:54:29.000,1.65,13.74,7.34,44.68728,-124.156658
2021-07-30T05:09:29.000,1.72,14.28,7.34,44.68728,-124.156658
2021-07-30T05:24:29.000,1.68,13.96,7.35,44.68728,-124.156658
2021-07-30T05:39:29.000,1.63,13.57,7.36,44.68728,-124.156658
2021-07-30T05:54:29.000,1.62,13.47,7.34,44.68728,-124.156658
2021-07-30T06:09:29.000,1.75,14.59,7.37,44.68728,-124.156658
2021-07-30T06:24:29.000,1.56,12.97,7.36,44.68728,-124.156658
2021-07-30T06:39:29.000,1.58,13.1,7.34,44.68728,-124.156658
2021-07-30T06:54:29.000,1.55,12.86,7.34,44.68728,-124.156658
2021-07-30T07:09:29.000,1.72,14.29,7.36,44.68728,-124.156658
2021-07-30T07:24:29.000,1.59,13.2,7.34,44.68728,-124.156658
2021-07-30T07:39:29.000,1.57,13.01,7.34,44.68728,-124.156658
2021-07-30T07:54:29.000,1.54,12.8,7.34,44.68728,-124.156658
2021-07-30T08:09:29.000,1.52,12.66,7.34,44.68728,-124.156658
2021-07-30T08:24:29.000,1.51,12.51,7.34,44.68728,-124.156658
2021-07-30T08:39:29.000,1.45,12.06,7.33,44.68728,-124.156658
2021-07-30T08:54:29.000,1.41,11.74,7.32,44.68728,-124.156658
2021-07-30T09:09:29.000,1.4,11.6,7.32,44.68728,-124.156658
2021-07-30T09:24:29.000,1.39,11.56,7.32,44.68728,-124.156658
2021-07-30T09:39:29.000,1.34,11.17,7.32,44.68728,-124.156658
2021-07-30T09:54:29.000,1.36,11.25,7.32,44.68728,-124.156658
2021-07-30T10:09:29.000,1.34,11.15,7.32,44.68728,-124.156658
2021-07-30T10:24:29.000,1.32,10.96,7.32,44.68728,-124.156658
2021-07-30T10:39:29.000,1.41,11.67,7.32,44.68728,-124.156658
2021-07-30T10:54:29.000,1.29,10.72,7.32,44.68728,-124.156658
2021-07-30T11:09:29.000,1.36,11.26,7.32,44.68728,-124.156658
2021-07-30T11:24:29.000,1.32,10.97,7.32,44.68728,-124.156658
2021-07-30T11:39:29.000,1.28,10.61,7.32,44.68728,-124.156658
2021-07-30T11:54:29.000,1.26,10.44,7.32,44.68728,-124.156658
2021-07-30T12:09:29.000,1.27,10.51,7.32,44.68728,-124.156658
2021-07-30T12:24:29.000,1.28,10.6,7.32,44.68728,-124.156658
2021-07-30T12:39:29.000,1.34,11.17,7.32,44.68728,-124.156658
2021-07-30T12:54:29.000,1.27,10.54,7.32,44.68728,-124.156658
2021-07-30T13:09:29.000,1.28,10.63,7.32,44.68728,-124.156658
2021-07-30T13:24:29.000,1.31,10.9,7.32,44.68728,-124.156658
2021-07-30T13:39:29.000,1.38,11.49,7.32,44.68728,-124.156658
2021-07-30T13:54:29.000,1.36,11.28,7.32,44.68728,-124.156658
2021-07-30T14:09:29.000,1.39,11.53,7.32,44.68728,-124.156658
2021-07-30T14:24:29.000,1.4,11.61,7.32,44.68728,-124.156658
2021-07-30T14:39:29.000,1.4,11.67,7.32,44.68728,-124.156658
2021-07-30T14:54:29.000,1.41,11.67,7.32,44.68728,-124.156658
2021-07-30T15:09:29.000,1.3,10.76,7.32,44.68728,-124.156658
2021-07-30T15:24:29.000,1.41,11.67,7.32,44.68728,-124.156658
2021-07-30T15:39:29.000,1.31,10.84,7.32,44.68728,-124.156658
2021-07-30T15:54:29.000,1.37,11.35,7.31,44.68728,-124.156658
2021-07-30T16:09:29.000,1.38,11.47,7.32,44.68728,-124.156658
2021-07-30T16:24:29.000,1.35,11.18,7.32,44.68728,-124.156658
2021-07-30T16:39:29.000,1.31,10.85,7.32,44.68728,-124.156658
2021-07-30T16:54:29.000,1.42,11.81,7.32,44.68728,-124.156658
2021-07-30T17:09:29.000,1.45,12.06,7.32,44.68728,-124.156658
2021-07-30T17:24:29.000,1.32,10.98,7.32,44.68728,-124.156658
2021-07-30T17:39:29.000,1.34,11.16,7.31,44.68728,-124.156658
2021-07-30T17:54:29.000,1.35,11.17,7.31,44.68728,-124.156658
2021-07-30T18:09:29.000,1.41,11.73,7.3,44.68728,-124.156658
2021-07-30T18:24:29.000,1.41,11.69,7.31,44.68728,-124.156658
2021-07-30T18:39:29.000,1.42,11.79,7.32,44.68728,-124.156658
2021-07-30T18:54:29.000,1.48,12.31,7.32,44.68728,-124.156658
2021-07-30T19:09:29.000,1.48,12.31,7.32,44.68728,-124.156658
2021-07-30T19:24:29.000,1.47,12.2,7.32,44.68728,-124.156658
2021-07-30T19:39:29.000,1.54,12.83,7.34,44.68728,-124.156658
2021-07-30T19:54:29.000,1.61,13.38,7.35,44.68728,-124.156658
2021-07-30T20:09:29.000,1.59,13.22,7.35,44.68728,-124.156658
2021-07-30T20:24:29.000,1.61,13.4,7.36,44.68728,-124.156658
2021-07-30T20:39:29.000,1.65,13.69,7.36,44.68728,-124.156658
2021-07-30T20:54:29.000,1.8,14.98,7.39,44.68728,-124.156658
2021-07-30T21:09:29.000,1.71,14.23,7.39,44.68728,-124.156658
2021-07-30T21:24:29.000,1.72,14.32,7.39,44.68728,-124.156658
2021-07-30T21:39:29.000,1.71,14.21,7.39,44.68728,-124.156658
2021-07-30T21:54:29.000,1.73,14.43,7.39,44.68728,-124.156658
2021-07-30T22:09:29.000,1.41,11.75,7.32,44.68728,-124.156658
2021-07-30T22:24:29.000,1.53,12.73,7.34,44.68728,-124.156658
2021-07-30T22:39:29.000,1.45,12.03,7.32,44.68728,-124.156658
2021-07-30T22:54:29.000,1.39,11.58,7.32,44.68728,-124.156658
2021-07-30T23:09:29.000,1.4,11.59,7.32,44.68728,-124.156658
2021-07-30T23:24:29.000,1.39,11.5,7.32,44.68728,-124.156658
2021-07-30T23:39:29.000,1.44,11.98,7.32,44.68728,-124.156658
2021-07-30T23:54:29.000,1.4,11.6,7.32,44.68728,-124.156658
2021-07-31T00:09:29.000,1.36,11.29,7.32,44.68728,-124.156658
2021-07-31T00:24:29.000,1.43,11.84,7.32,44.68728,-124.156658
2021-07-31T00:39:29.000,1.37,11.37,7.32,44.68728,-124.156658
2021-07-31T00:54:29.000,1.34,11.12,7.32,44.68728,-124.156658
2021-07-31T01:09:29.000,1.4,11.61,7.31,44.68728,-124.156658
2021-07-31T01:24:29.000,1.41,11.74,7.31,44.68728,-124.156658
2021-07-31T01:39:29.000,1.41,11.73,7.3,44.68728,-124.156658
2021-07-31T01:54:29.000,1.33,11.05,7.31,44.68728,-124.156658
2021-07-31T02:09:29.000,1.35,11.22,7.31,44.68728,-124.156658
2021-07-31T02:24:29.000,1.34,11.09,7.31,44.68728,-124.156658
2021-07-31T02:39:29.000,1.42,11.8,7.3,44.68728,-124.156658
2021-07-31T02:54:29.000,1.36,11.26,7.31,44.68728,-124.156658
2021-07-31T03:09:29.000,1.31,10.83,7.31,44.68728,-124.156658
2021-07-31T03:24:29.000,1.41,11.67,7.31,44.68728,-124.156658
2021-07-31T03:39:29.000,1.46,12.1,7.3,44.68728,-124.156658
2021-07-31T03:54:29.000,1.47,12.24,7.3,44.68728,-124.156658
2021-07-31T04:09:29.000,1.44,11.99,7.3,44.68728,-124.156658
2021-07-31T04:24:29.000,1.49,12.35,7.3,44.68728,-124.156658
2021-07-31T04:39:29.000,1.47,12.17,7.3,44.68728,-124.156658
2021-07-31T04:54:29.000,1.47,12.24,7.3,44.68728,-124.156658
2021-07-31T05:09:29.000,1.49,12.33,7.31,44.68728,-124.156658
2021-07-31T05:24:29.000,1.48,12.27,7.31,44.68728,-124.156658
2021-07-31T05:39:29.000,1.48,12.25,7.31,44.68728,-124.156658
2021-07-31T05:54:29.000,1.46,12.13,7.32,44.68728,-124.156658
2021-07-31T06:09:29.000,1.45,12.05,7.32,44.68728,-124.156658
2021-07-31T06:24:29.000,1.45,12.06,7.32,44.68728,-124.156658
2021-07-31T06:39:29.000,1.46,12.12,7.32,44.68728,-124.156658
2021-07-31T06:54:29.000,1.43,11.86,7.32,44.68728,-124.156658
2021-07-31T07:09:29.000,1.49,12.39,7.32,44.68728,-124.156658
2021-07-31T07:24:29.000,1.35,11.21,7.34,44.68728,-124.156658
2021-07-31T07:39:29.000,1.37,11.41,7.33,44.68728,-124.156658
2021-07-31T07:54:29.000,1.42,11.76,7.32,44.68728,-124.156658
2021-07-31T08:09:29.000,1.51,12.56,7.36,44.68728,-124.156658
2021-07-31T08:24:29.000,1.56,12.99,7.34,44.68728,-124.156658
2021-07-31T08:39:29.000,1.59,13.17,7.34,44.68728,-124.156658
2021-07-31T08:54:29.000,1.64,13.61,7.36,44.68728,-124.156658
2021-07-31T09:09:29.000,1.51,12.53,7.36,44.68728,-124.156658
2021-07-31T09:24:29.000,1.6,13.29,7.35,44.68728,-124.156658
2021-07-31T09:39:29.000,1.63,13.55,7.36,44.68728,-124.156658
2021-07-31T09:54:29.000,1.69,14.01,7.37,44.68728,-124.156658
2021-07-31T10:09:29.000,1.67,13.91,7.37,44.68728,-124.156658
2021-07-31T10:24:29.000,1.65,13.72,7.37,44.68728,-124.156658
2021-07-31T10:39:29.000,1.67,13.91,7.37,44.68728,-124.156658
2021-07-31T10:54:29.000,1.7,14.11,7.37,44.68728,-124.156658
2021-07-31T11:09:29.000,1.68,13.96,7.37,44.68728,-124.156658
2021-07-31T11:24:29.000,1.7,14.16,7.37,44.68728,-124.156658
2021-07-31T11:39:29.000,1.86,15.49,7.39,44.68728,-124.156658
2021-07-31T11:54:29.000,1.87,15.58,7.41,44.68728,-124.156658
2021-07-31T12:09:29.000,1.56,12.97,7.33,44.68728,-124.156658
2021-07-31T12:24:29.000,1.55,12.84,7.33,44.68728,-124.156658
2021-07-31T12:39:29.000,1.6,13.31,7.33,44.68728,-124.156658
2021-07-31T12:54:29.000,1.59,13.17,7.32,44.68728,-124.156658
2021-07-31T13:09:29.000,1.59,13.2,7.32,44.68728,-124.156658
2021-07-31T13:24:29.000,1.58,13.16,7.32,44.68728,-124.156658
2021-07-31T13:39:29.000,1.58,13.13,7.32,44.68728,-124.156658
2021-07-31T13:54:29.000,1.43,11.85,7.32,44.68728,-124.156658
2021-07-31T14:09:29.000,1.45,12.02,7.32,44.68728,-124.156658
2021-07-31T14:24:29.000,1.43,11.88,7.32,44.68728,-124.156658
2021-07-31T14:39:29.000,1.47,12.24,7.32,44.68728,-124.156658
2021-07-31T14:54:29.000,1.43,11.85,7.32,44.68728,-124.156658
2021-07-31T15:09:29.000,1.46,12.13,7.32,44.68728,-124.156658
2021-07-31T15:24:29.000,1.42,11.77,7.32,44.68728,-124.156658
2021-07-31T15:39:29.000,1.62,13.47,7.32,44.68728,-124.156658
2021-07-31T15:54:29.000,1.61,13.35,7.32,44.68728,-124.156658
2021-07-31T16:09:29.000,1.59,13.16,7.32,44.68728,-124.156658
2021-07-31T16:24:29.000,1.61,13.41,7.32,44.68728,-124.156658
2021-07-31T16:39:29.000,1.66,13.77,7.33,44.68728,-124.156658
2021-07-31T16:54:29.000,1.64,13.65,7.32,44.68728,-124.156658
2021-07-31T17:09:29.000,1.63,13.52,7.32,44.68728,-124.156658
2021-07-31T17:24:29.000,1.63,13.56,7.34,44.68728,-124.156658
2021-07-31T17:39:29.000,1.67,13.86,7.34,44.68728,-124.156658
2021-07-31T17:54:29.000,1.69,14.04,7.36,44.68728,-124.156658
2021-07-31T18:09:29.000,1.65,13.74,7.36,44.68728,-124.156658
2021-07-31T18:24:29.000,1.75,14.53,7.37,44.68728,-124.156658
2021-07-31T18:39:29.000,1.71,14.22,7.36,44.68728,-124.156658
2021-07-31T18:54:29.000,1.69,14.06,7.37,44.68728,-124.156658
2021-07-31T19:09:29.000,1.72,14.33,7.37,44.68728,-124.156658
2021-07-31T19:24:29.000,1.57,13.1,7.39,44.68728,-124.156658
2021-07-31T19:39:29.000,1.54,12.81,7.39,44.68728,-124.156658
2021-07-31T19:54:29.000,1.9,15.81,7.39,44.68728,-124.156658
2021-07-31T20:09:29.000,1.87,15.57,7.39,44.68728,-124.156658
2021-07-31T20:24:29.000,1.95,16.23,7.39,44.68728,-124.156658
2021-07-31T20:39:29.000,1.95,16.23,7.41,44.68728,-124.156658
2021-07-31T20:54:29.000,2.05,17.1,7.42,44.68728,-124.156658
2021-07-31T21:09:29.000,2.06,17.17,7.42,44.68728,-124.156658
2021-07-31T21:24:29.000,2.05,17.07,7.42,44.68728,-124.156658
2021-07-31T21:39:29.000,2.07,17.2,7.43,44.68728,-124.156658
2021-07-31T21:54:29.000,2.07,17.24,7.43,44.68728,-124.156658
2021-07-31T22:09:29.000,2.06,17.15,7.43,44.68728,-124.156658
2021-07-31T22:24:29.000,2.05,17.11,7.42,44.68728,-124.156658
2021-07-31T22:39:29.000,2.06,17.16,7.43,44.68728,-124.156658
2021-07-31T22:54:29.000,2.1,17.48,7.44,44.68728,-124.156658
2021-07-31T23:09:29.000,2.11,17.62,7.44,44.68728,-124.156658
2021-07-31T23:24:29.000,2.04,16.95,7.41,44.68728,-124.156658
2021-07-31T23:39:29.000,2.1,17.48,7.42,44.68728,-124.156658
2021-07-31T23:54:29.000,1.75,14.52,7.35,44.68728,-124.156658
2021-08-01T00:09:29.000,1.71,14.21,7.34,44.68728,-124.156658
2021-08-01T00:24:29.000,1.7,14.16,7.34,44.68728,-124.156658
2021-08-01T00:39:29.000,1.71,14.22,7.34,44.68728,-124.156658
2021-08-01T00:54:29.000,1.71,14.21,7.34,44.68728,-124.156658
2021-08-01T01:09:29.000,1.71,14.22,7.34,44.68728,-124.156658
2021-08-01T01:24:29.000,1.73,14.39,7.34,44.68728,-124.156658
2021-08-01T01:39:29.000,1.67,13.91,7.34,44.68728,-124.156658
2021-08-01T01:54:29.000,1.69,14,7.34,44.68728,-124.156658
2021-08-01T02:09:29.000,1.7,14.12,7.34,44.68728,-124.156658
2021-08-01T02:24:29.000,1.51,12.55,7.37,44.68728,-124.156658
2021-08-01T02:39:29.000,1.45,12.06,7.34,44.68728,-124.156658
2021-08-01T02:54:29.000,1.31,10.87,7.34,44.68728,-124.156658
2021-08-01T03:09:29.000,1.39,11.58,7.34,44.68728,-124.156658
2021-08-01T03:24:29.000,1.68,13.94,7.35,44.68728,-124.156658
2021-08-01T03:39:29.000,1.57,13.03,7.35,44.68728,-124.156658
2021-08-01T03:54:29.000,1.62,13.49,7.35,44.68728,-124.156658
2021-08-01T04:09:29.000,1.77,14.67,7.34,44.68728,-124.156658
2021-08-01T04:24:29.000,1.6,13.26,7.34,44.68728,-124.156658
2021-08-01T04:39:29.000,1.73,14.34,7.34,44.68728,-124.156658
2021-08-01T04:54:29.000,1.76,14.59,7.35,44.68728,-124.156658
2021-08-01T05:09:29.000,1.82,15.17,7.36,44.68728,-124.156658
2021-08-01T05:24:29.000,1.83,15.2,7.36,44.68728,-124.156658
2021-08-01T05:39:29.000,1.82,15.09,7.37,44.68728,-124.156658
2021-08-01T05:54:29.000,1.82,15.16,7.37,44.68728,-124.156658
2021-08-01T06:09:29.000,1.85,15.35,7.37,44.68728,-124.156658
2021-08-01T06:24:29.000,1.83,15.24,7.37,44.68728,-124.156658
2021-08-01T06:39:29.000,1.84,15.26,7.37,44.68728,-124.156658
2021-08-01T06:54:29.000,1.86,15.47,7.37,44.68728,-124.156658
2021-08-01T07:09:29.000,1.9,15.8,7.39,44.68728,-124.156658
2021-08-01T07:24:29.000,1.89,15.69,7.39,44.68728,-124.156658
2021-08-01T07:39:29.000,1.89,15.69,7.39,44.68728,-124.156658
2021-08-01T07:54:29.000,1.96,16.27,7.39,44.68728,-124.156658
2021-08-01T08:09:29.000,2.04,16.96,7.41,44.68728,-124.156658
2021-08-01T08:24:29.000,2.1,17.5,7.43,44.68728,-124.156658
2021-08-01T08:39:29.000,2.16,17.98,7.44,44.68728,-124.156658
2021-08-01T08:54:29.000,2.11,17.6,7.44,44.68728,-124.156658
2021-08-01T09:09:29.000,2.33,19.41,7.47,44.68728,-124.156658
2021-08-01T09:24:29.000,2.29,19.12,7.46,44.68728,-124.156658
2021-08-01T09:39:29.000,2.14,17.84,7.44,44.68728,-124.156658
2021-08-01T09:54:29.000,1.97,16.38,7.41,44.68728,-124.156658
2021-08-01T10:09:29.000,1.96,16.32,7.41,44.68728,-124.156658
2021-08-01T10:24:29.000,2.2,18.36,7.46,44.68728,-124.156658
2021-08-01T10:39:29.000,2.08,17.35,7.44,44.68728,-124.156658
2021-08-01T10:54:29.000,1.95,16.21,7.39,44.68728,-124.156658
2021-08-01T11:09:29.000,1.95,16.25,7.39,44.68728,-124.156658
2021-08-01T11:24:29.000,1.98,16.5,7.4,44.68728,-124.156658
2021-08-01T11:39:29.000,1.98,16.51,7.39,44.68728,-124.156658
2021-08-01T11:54:29.000,1.93,16.04,7.39,44.68728,-124.156658
2021-08-01T12:09:29.000,1.91,15.9,7.39,44.68728,-124.156658
2021-08-01T12:24:29.000,1.87,15.56,7.37,44.68728,-124.156658
2021-08-01T12:39:29.000,1.85,15.38,7.37,44.68728,-124.156658
2021-08-01T12:54:29.000,1.87,15.54,7.37,44.68728,-124.156658
2021-08-01T13:09:29.000,1.85,15.39,7.37,44.68728,-124.156658
2021-08-01T13:24:29.000,1.83,15.25,7.36,44.68728,-124.156658
2021-08-01T13:39:29.000,1.82,15.14,7.36,44.68728,-124.156658
2021-08-01T13:54:29.000,1.8,14.97,7.35,44.68728,-124.156658
2021-08-01T14:09:29.000,1.81,15.02,7.34,44.68728,-124.156658
2021-08-01T14:24:29.000,1.84,15.27,7.35,44.68728,-124.156658
2021-08-01T14:39:29.000,1.84,15.31,7.36,44.68728,-124.156658
2021-08-01T14:54:29.000,1.85,15.36,7.36,44.68728,-124.156658
2021-08-01T15:09:29.000,1.86,15.46,7.36,44.68728,-124.156658
2021-08-01T15:24:29.000,1.88,15.59,7.36,44.68728,-124.156658
2021-08-01T15:39:29.000,1.9,15.76,7.36,44.68728,-124.156658
2021-08-01T15:54:29.000,1.95,16.18,7.37,44.68728,-124.156658
2021-08-01T16:09:29.000,1.97,16.4,7.37,44.68728,-124.156658
2021-08-01T16:24:29.000,1.99,16.54,7.37,44.68728,-124.156658
2021-08-01T16:39:29.000,1.99,16.57,7.38,44.68728,-124.156658
