Time (UTC),DO (ml/L),Dissolved Oxygen (%),Temperature (C),Latitude,Longitude
2021-07-04T17:22:06.000,2.46,21.03,8.49,44.68728,-124.156658
2021-07-04T17:37:06.000,2.54,21.67,8.48,44.68728,-124.156658
2021-07-04T17:52:06.000,2.57,21.94,8.49,44.68728,-124.156658
2021-07-04T18:07:06.000,2.61,22.35,8.5,44.68728,-124.156658
2021-07-04T18:22:06.000,2.68,22.9,8.52,44.68728,-124.156658
2021-07-04T18:37:06.000,2.67,22.8,8.52,44.68728,-124.156658
2021-07-04T18:52:06.000,2.7,23.07,8.55,44.68728,-124.156658
2021-07-04T19:07:06.000,2.77,23.68,8.57,44.68728,-124.156658
2021-07-04T19:22:06.000,2.83,24.24,8.59,44.68728,-124.156658
2021-07-04T19:37:06.000,2.95,25.3,8.65,44.68728,-124.156658
2021-07-04T19:52:06.000,3,25.74,8.71,44.68728,-124.156658
2021-07-04T20:07:06.000,3.1,26.66,8.76,44.68728,-124.156658
2021-07-04T20:22:06.000,3.13,26.97,8.8,44.68728,-124.156658
2021-07-04T20:37:06.000,3.17,27.32,8.82,44.68728,-124.156658
2021-07-04T20:52:06.000,3.25,27.98,8.85,44.68728,-124.156658
2021-07-04T21:07:06.000,3.36,28.96,8.88,44.68728,-124.156658
2021-07-04T21:22:06.000,3.34,28.8,8.9,44.68728,-124.156658
2021-07-04T21:37:06.000,3.39,29.25,8.91,44.68728,-124.156658
2021-07-04T21:52:06.000,3.45,29.84,8.94,44.68728,-124.156658
2021-07-04T22:07:06.000,3.51,30.33,8.97,44.68728,-124.156658
2021-07-04T22:22:06.000,3.57,30.89,8.99,44.68728,-124.156658
2021-07-04T22:37:06.000,3.57,30.82,8.97,44.68728,-124.156658
2021-07-04T22:52:06.000,3.42,29.54,8.9,44.68728,-124.156658
2021-07-04T23:07:06.000,3.27,28.15,8.81,44.68728,-124.156658
2021-07-04T23:22:06.000,3.26,28.05,8.8,44.68728,-124.156658
2021-07-04T23:37:06.000,3.29,28.32,8.78,44.68728,-124.156658
2021-07-04T23:52:06.000,3.27,28.11,8.76,44.68728,-124.156658
2021-07-05T00:07:06.000,3.3,28.36,8.74,44.68728,-124.156658
2021-07-05T00:22:06.000,3.28,28.2,8.74,44.68728,-124.156658
2021-07-05T00:37:06.000,3.35,28.78,8.76,44.68728,-124.156658
2021-07-05T00:52:06.000,3.35,28.85,8.77,44.68728,-124.156658
2021-07-05T01:07:06.000,3.36,28.9,8.76,44.68728,-124.156658
2021-07-05T01:22:06.000,3.41,29.33,8.78,44.68728,-124.156658
2021-07-05T01:37:06.000,3.41,29.39,8.79,44.68728,-124.156658
2021-07-05T01:52:06.000,3.48,29.97,8.8,44.68728,-124.156658
2021-07-05T02:07:06.000,3.55,30.62,8.83,44.68728,-124.156658
2021-07-05T02:22:06.000,3.61,31.09,8.84,44.68728,-124.156658
2021-07-05T02:37:06.000,3.62,31.24,8.85,44.68728,-124.156658
2021-07-05T02:52:06.000,3.67,31.63,8.87,44.68728,-124.156658
2021-07-05T03:07:06.000,3.8,32.8,8.9,44.68728,-124.156658
2021-07-05T03:22:06.000,3.79,32.69,8.9,44.68728,-124.156658
2021-07-05T03:37:06.000,3.85,33.2,8.91,44.68728,-124.156658
2021-07-05T03:52:06.000,3.78,32.59,8.9,44.68728,-124.156658
2021-07-05T04:07:06.000,3.74,32.24,8.9,44.68728,-124.156658
2021-07-05T04:22:06.000,3.64,31.38,8.89,44.68728,-124.156658
2021-07-05T04:37:06.000,3.65,31.53,8.9,44.68728,-124.156658
2021-07-05T04:52:06.000,3.67,31.67,8.92,44.68728,-124.156658
2021-07-05T05:07:06.000,3.77,32.54,8.95,44.68728,-124.156658
2021-07-05T05:22:06.000,3.74,32.35,8.97,44.68728,-124.156658
2021-07-05T05:37:06.000,3.83,33.15,9,44.68728,-124.156658
2021-07-05T05:52:06.000,3.9,33.79,9.02,44.68728,-124.156658
2021-07-05T06:07:06.000,3.92,33.94,9.04,44.68728,-124.156658
2021-07-05T06:22:06.000,4.12,35.73,9.11,44.68728,-124.156658
2021-07-05T06:37:06.000,4.13,35.8,9.13,44.68728,-124.156658
2021-07-05T06:52:06.000,4.15,35.98,9.14,44.68728,-124.156658
2021-07-05T07:07:06.000,4.17,36.25,9.16,44.68728,-124.156658
2021-07-05T07:22:06.000,4.11,35.64,9.14,44.68728,-124.156658
2021-07-05T07:37:06.000,4.09,35.49,9.13,44.68728,-124.156658
2021-07-05T07:52:06.000,4.09,35.51,9.12,44.68728,-124.156658
2021-07-05T08:07:06.000,4.11,35.64,9.14,44.68728,-124.156658
2021-07-05T08:22:06.000,4.13,35.86,9.11,44.68728,-124.156658
2021-07-05T08:37:06.000,4.06,35.18,9.08,44.68728,-124.156658
2021-07-05T08:52:06.000,4.04,34.96,9.04,44.68728,-124.156658
2021-07-05T09:07:06.000,3.97,34.31,9,44.68728,-124.156658
2021-07-05T09:22:06.000,3.75,32.34,8.91,44.68728,-124.156658
2021-07-05T09:37:06.000,3.05,26.1,8.62,44.68728,-124.156658
2021-07-05T09:52:06.000,3.06,26.25,8.61,44.68728,-124.156658
2021-07-05T10:07:06.000,3.03,25.94,8.59,44.68728,-124.156658
2021-07-05T10:22:06.000,2.95,25.23,8.54,44.68728,-124.156658
2021-07-05T10:37:06.000,2.88,24.6,8.52,44.68728,-124.156658
2021-07-05T10:52:06.000,2.88,24.67,8.52,44.68728,-124.156658
2021-07-05T11:07:06.000,2.88,24.59,8.52,44.68728,-124.156658
2021-07-05T11:22:06.000,2.87,24.55,8.52,44.68728,-124.156658
2021-07-05T11:37:06.000,2.98,25.51,8.56,44.68728,-124.156658
2021-07-05T11:52:06.000,3.06,26.2,8.59,44.68728,-124.156658
2021-07-05T12:07:06.000,3.17,27.22,8.64,44.68728,-124.156658
2021-07-05T12:22:06.000,3.32,28.5,8.71,44.68728,-124.156658
2021-07-05T12:37:06.000,3.31,28.47,8.71,44.68728,-124.156658
2021-07-05T12:52:06.000,3.68,31.75,8.85,44.68728,-124.156658
2021-07-05T13:07:06.000,3.97,34.31,8.99,44.68728,-124.156658
2021-07-05T13:22:06.000,3.81,32.93,8.93,44.68728,-124.156658
2021-07-05T13:37:06.000,3.8,32.84,8.94,44.68728,-124.156658
2021-07-05T13:52:06.000,3.4,29.27,8.78,44.68728,-124.156658
2021-07-05T14:07:06.000,3.01,25.79,8.6,44.68728,-124.156658
2021-07-05T14:22:06.000,2.92,24.96,8.54,44.68728,-124.156658
2021-07-05T14:37:06.000,2.82,24.09,8.5,44.68728,-124.156658
2021-07-05T14:52:06.000,2.8,23.96,8.49,44.68728,-124.156658
2021-07-05T15:07:06.000,2.7,23.03,8.43,44.68728,-124.156658
2021-07-05T15:22:06.000,2.61,22.22,8.39,44.68728,-124.156658
2021-07-05T15:37:06.000,2.62,22.36,8.4,44.68728,-124.156658
2021-07-05T15:52:06.000,2.57,21.89,8.38,44.68728,-124.156658
2021-07-05T16:07:06.000,2.77,23.64,8.45,44.68728,-124.156658
2021-07-05T16:22:06.000,2.59,22.04,8.38,44.68728,-124.156658
2021-07-05T16:37:06.000,2.44,20.73,8.31,44.68728,-124.156658
2021-07-05T16:52:06.000,2.4,20.37,8.28,44.68728,-124.156658
2021-07-05T17:07:06.000,2.22,18.85,8.23,44.68728,-124.156658
2021-07-05T17:22:06.000,2.24,19.06,8.23,44.68728,-124.156658
2021-07-05T17:37:06.000,2.08,17.62,8.16,44.68728,-124.156658
2021-07-05T17:52:06.000,1.97,16.67,8.09,44.68728,-124.156658
2021-07-05T18:07:06.000,1.98,16.72,8.09,44.68728,-124.156658
2021-07-05T18:22:06.000,1.99,16.84,8.09,44.68728,-124.156658
2021-07-05T18:37:06.000,2,16.93,8.09,44.68728,-124.156658
2021-07-05T18:52:06.000,1.99,16.8,8.09,44.68728,-124.156658
2021-07-05T19:07:06.000,2,16.95,8.09,44.68728,-124.156658
2021-07-05T19:22:06.000,1.99,16.83,8.09,44.68728,-124.156658
2021-07-05T19:37:06.000,1.97,16.66,8.09,44.68728,-124.156658
2021-07-05T19:52:06.000,1.99,16.88,8.09,44.68728,-124.156658
2021-07-05T20:07:06.000,2.03,17.16,8.11,44.68728,-124.156658
2021-07-05T20:22:06.000,2.04,17.3,8.14,44.68728,-124.156658
2021-07-05T20:37:06.000,2.05,17.34,8.14,44.68728,-124.156658
2021-07-05T20:52:06.000,2.05,17.4,8.14,44.68728,-124.156658
2021-07-05T21:07:06.000,2.06,17.43,8.15,44.68728,-124.156658
2021-07-05T21:22:06.000,2.15,18.28,8.19,44.68728,-124.156658
2021-07-05T21:37:06.000,2.11,17.87,8.17,44.68728,-124.156658
2021-07-05T21:52:06.000,2.15,18.22,8.19,44.68728,-124.156658
2021-07-05T22:07:06.000,2.12,18.02,8.19,44.68728,-124.156658
2021-07-05T22:22:06.000,2.13,18.1,8.18,44.68728,-124.156658
2021-07-05T22:37:06.000,2.16,18.29,8.2,44.68728,-124.156658
2021-07-05T22:52:06.000,2.26,19.15,8.23,44.68728,-124.156658
2021-07-05T23:07:06.000,2.37,20.12,8.28,44.68728,-124.156658
2021-07-05T23:22:06.000,2.45,20.85,8.33,44.68728,-124.156658
2021-07-05T23:37:06.000,2.59,22.03,8.38,44.68728,-124.156658
2021-07-05T23:52:06.000,2.78,23.77,8.45,44.68728,-124.156658
2021-07-06T00:07:06.000,2.79,23.88,8.5,44.68728,-124.156658
2021-07-06T00:22:06.000,2.73,23.31,8.45,44.68728,-124.156658
2021-07-06T00:37:06.000,2.76,23.53,8.45,44.68728,-124.156658
2021-07-06T00:52:06.000,2.69,22.98,8.42,44.68728,-124.156658
2021-07-06T01:07:06.000,2.74,23.37,8.42,44.68728,-124.156658
2021-07-06T01:22:06.000,2.71,23.08,8.42,44.68728,-124.156658
2021-07-06T01:37:06.000,2.58,21.98,8.37,44.68728,-124.156658
2021-07-06T01:52:06.000,2.07,17.58,8.16,44.68728,-124.156658
2021-07-06T02:07:06.000,2.11,17.9,8.15,44.68728,-124.156658
2021-07-06T02:22:06.000,2.27,19.28,8.22,44.68728,-124.156658
2021-07-06T02:37:06.000,1.92,16.21,8.09,44.68728,-124.156658
2021-07-06T02:52:06.000,1.62,13.65,7.97,44.68728,-124.156658
2021-07-06T03:07:06.000,1.56,13.15,7.95,44.68728,-124.156658
2021-07-06T03:22:06.000,1.6,13.49,7.97,44.68728,-124.156658
2021-07-06T03:37:06.000,1.55,13.04,7.95,44.68728,-124.156658
2021-07-06T03:52:06.000,1.53,12.88,7.95,44.68728,-124.156658
2021-07-06T04:07:06.000,1.55,13.06,7.95,44.68728,-124.156658
2021-07-06T04:22:06.000,1.53,12.92,7.95,44.68728,-124.156658
2021-07-06T04:37:06.000,1.54,12.95,7.95,44.68728,-124.156658
2021-07-06T04:52:06.000,1.54,13,7.95,44.68728,-124.156658
2021-07-06T05:07:06.000,1.56,13.16,7.95,44.68728,-124.156658
2021-07-06T05:22:06.000,1.53,12.93,7.95,44.68728,-124.156658
2021-07-06T05:37:06.000,1.54,12.98,7.95,44.68728,-124.156658
2021-07-06T05:52:06.000,1.55,13.04,7.95,44.68728,-124.156658
2021-07-06T06:07:06.000,1.53,12.94,7.95,44.68728,-124.156658
2021-07-06T06:22:06.000,1.56,13.18,7.95,44.68728,-124.156658
2021-07-06T06:37:06.000,1.58,13.33,7.96,44.68728,-124.156658
2021-07-06T06:52:06.000,1.6,13.5,7.97,44.68728,-124.156658
2021-07-06T07:07:06.000,1.61,13.58,7.97,44.68728,-124.156658
2021-07-06T07:22:06.000,1.63,13.75,7.99,44.68728,-124.156658
2021-07-06T07:37:06.000,1.67,14.14,7.99,44.68728,-124.156658
2021-07-06T07:52:06.000,1.7,14.35,8.01,44.68728,-124.156658
2021-07-06T08:07:06.000,1.73,14.6,8.02,44.68728,-124.156658
2021-07-06T08:22:06.000,1.78,15,8.03,44.68728,-124.156658
2021-07-06T08:37:06.000,1.79,15.16,8.04,44.68728,-124.156658
2021-07-06T08:52:06.000,1.83,15.46,8.04,44.68728,-124.156658
2021-07-06T09:07:06.000,1.82,15.4,8.05,44.68728,-124.156658
2021-07-06T09:22:06.000,1.8,15.25,8.05,44.68728,-124.156658
2021-07-06T09:37:06.000,1.81,15.27,8.05,44.68728,-124.156658
2021-07-06T09:52:06.000,1.8,15.19,8.04,44.68728,-124.156658
2021-07-06T10:07:06.000,1.75,14.83,8.04,44.68728,-124.156658
2021-07-06T10:22:06.000,1.71,14.47,8.02,44.68728,-124.156658
2021-07-06T10:37:06.000,1.71,14.41,8.02,44.68728,-124.156658
2021-07-06T10:52:06.000,1.71,14.43,8.01,44.68728,-124.156658
2021-07-06T11:07:06.000,1.72,14.5,8,44.68728,-124.156658
2021-07-06T11:22:06.000,1.74,14.67,7.99,44.68728,-124.156658
2021-07-06T11:37:06.000,1.61,13.56,7.96,44.68728,-124.156658
2021-07-06T11:52:06.000,1.52,12.81,7.92,44.68728,-124.156658
2021-07-06T12:07:06.000,1.5,12.61,7.9,44.68728,-124.156658
2021-07-06T12:22:06.000,1.38,11.61,7.85,44.68728,-124.156658
2021-07-06T12:37:06.000,1.29,10.88,7.83,44.68728,-124.156658
2021-07-06T12:52:06.000,1.25,10.47,7.8,44.68728,-124.156658
2021-07-06T13:07:06.000,1.23,10.32,7.8,44.68728,-124.156658
2021-07-06T13:22:06.000,1.22,10.29,7.8,44.68728,-124.156658
2021-07-06T13:37:06.000,1.22,10.27,7.78,44.68728,-124.156658
2021-07-06T13:52:06.000,1.23,10.36,7.78,44.68728,-124.156658
2021-07-06T14:07:06.000,1.25,10.46,7.79,44.68728,-124.156658
2021-07-06T14:22:06.000,1.25,10.54,7.8,44.68728,-124.156658
2021-07-06T14:37:06.000,1.28,10.73,7.8,44.68728,-124.156658
2021-07-06T14:52:06.000,1.3,10.94,7.81,44.68728,-124.156658
2021-07-06T15:07:06.000,1.37,11.55,7.84,44.68728,-124.156658
2021-07-06T15:22:06.000,1.41,11.89,7.85,44.68728,-124.156658
2021-07-06T15:37:06.000,1.45,12.2,7.87,44.68728,-124.156658
2021-07-06T15:52:06.000,1.41,11.86,7.85,44.68728,-124.156658
2021-07-06T16:07:06.000,1.34,11.29,7.84,44.68728,-124.156658
2021-07-06T16:22:06.000,1.37,11.56,7.85,44.68728,-124.156658
2021-07-06T16:37:06.000,1.36,11.43,7.84,44.68728,-124.156658
2021-07-06T16:52:06.000,1.08,9.07,7.73,44.68728,-124.156658
2021-07-06T17:07:06.000,1.15,9.65,7.74,44.68728,-124.156658
2021-07-06T17:22:06.000,1.13,9.49,7.73,44.68728,-124.156658
2021-07-06T17:37:06.000,1.09,9.11,7.71,44.68728,-124.156658
2021-07-06T17:52:06.000,1.07,8.94,7.7,44.68728,-124.156658
2021-07-06T18:07:06.000,1.04,8.73,7.68,44.68728,-124.156658
2021-07-06T18:22:06.000,1.03,8.66,7.68,44.68728,-124.156658
2021-07-06T18:37:06.000,1.02,8.56,7.66,44.68728,-124.156658
2021-07-06T18:52:06.000,1.01,8.45,7.66,44.68728,-124.156658
2021-07-06T19:07:06.000,1,8.4,7.66,44.68728,-124.156658
2021-07-06T19:22:06.000,1.01,8.49,7.66,44.68728,-124.156658
2021-07-06T19:37:06.000,1.01,8.45,7.66,44.68728,-124.156658
2021-07-06T19:52:06.000,1.01,8.45,7.66,44.68728,-124.156658
2021-07-06T20:07:06.000,1,8.4,7.66,44.68728,-124.156658
2021-07-06T20:22:06.000,1,8.38,7.66,44.68728,-124.156658
2021-07-06T20:37:06.000,1,8.38,7.66,44.68728,-124.156658
2021-07-06T20:52:06.000,0.99,8.28,7.66,44.68728,-124.156658
2021-07-06T21:07:06.000,0.99,8.31,7.66,44.68728,-124.156658
2021-07-06T21:22:06.000,0.98,8.23,7.66,44.68728,-124.156658
2021-07-06T21:37:06.000,0.99,8.26,7.64,44.68728,-124.156658
2021-07-06T21:52:06.000,0.99,8.27,7.63,44.68728,-124.156658
2021-07-06T22:07:06.000,0.97,8.11,7.64,44.68728,-124.156658
2021-07-06T22:22:06.000,0.98,8.23,7.63,44.68728,-124.156658
2021-07-06T22:37:06.000,1,8.36,7.63,44.68728,-124.156658
2021-07-06T22:52:06.000,0.98,8.19,7.63,44.68728,-124.156658
2021-07-06T23:07:06.000,0.99,8.28,7.63,44.68728,-124.156658
2021-07-06T23:22:06.000,0.98,8.18,7.63,44.68728,-124.156658
2021-07-06T23:37:06.000,1,8.33,7.63,44.68728,-124.156658
2021-07-06T23:52:06.000,0.98,8.2,7.62,44.68728,-124.156658
2021-07-07T00:07:06.000,0.99,8.29,7.61,44.68728,-124.156658
2021-07-07T00:22:06.000,0.99,8.3,7.6,44.68728,-124.156658
2021-07-07T00:37:06.000,1.01,8.47,7.58,44.68728,-124.156658
2021-07-07T00:52:06.000,1.01,8.46,7.56,44.68728,-124.156658
2021-07-07T01:07:06.000,1.02,8.53,7.56,44.68728,-124.156658
2021-07-07T01:22:06.000,1.02,8.49,7.56,44.68728,-124.156658
2021-07-07T01:37:06.000,1,8.36,7.56,44.68728,-124.156658
2021-07-07T01:52:06.000,1,8.37,7.55,44.68728,-124.156658
2021-07-07T02:07:06.000,1.02,8.55,7.55,44.68728,-124.156658
2021-07-07T02:22:06.000,1,8.36,7.55,44.68728,-124.156658
2021-07-07T02:37:06.000,1.03,8.63,7.56,44.68728,-124.156658
2021-07-07T02:52:06.000,1.02,8.52,7.56,44.68728,-124.156658
2021-07-07T03:07:06.000,1.02,8.52,7.55,44.68728,-124.156658
2021-07-07T03:22:06.000,1.01,8.43,7.55,44.68728,-124.156658
2021-07-07T03:37:06.000,1.03,8.6,7.56,44.68728,-124.156658
2021-07-07T03:52:06.000,1.02,8.49,7.56,44.68728,-124.156658
2021-07-07T04:07:06.000,1.02,8.52,7.56,44.68728,-124.156658
2021-07-07T04:22:06.000,1.01,8.42,7.56,44.68728,-124.156658
2021-07-07T04:37:06.000,1,8.35,7.56,44.68728,-124.156658
2021-07-07T04:52:06.000,1,8.36,7.56,44.68728,-124.156658
2021-07-07T05:07:06.000,1,8.34,7.56,44.68728,-124.156658
2021-07-07T05:22:06.000,0.99,8.27,7.56,44.68728,-124.156658
2021-07-07T05:37:06.000,1.01,8.41,7.56,44.68728,-124.156658
2021-07-07T05:52:06.000,0.99,8.3,7.56,44.68728,-124.156658
2021-07-07T06:07:06.000,1.01,8.46,7.56,44.68728,-124.156658
2021-07-07T06:22:06.000,1.02,8.49,7.56,44.68728,-124.156658
2021-07-07T06:37:06.000,0.99,8.26,7.56,44.68728,-124.156658
2021-07-07T06:52:06.000,1.01,8.47,7.58,44.68728,-124.156658
2021-07-07T07:07:06.000,1.02,8.54,7.58,44.68728,-124.156658
2021-07-07T07:22:06.000,1.02,8.51,7.6,44.68728,-124.156658
2021-07-07T07:37:06.000,1.03,8.65,7.63,44.68728,-124.156658
2021-07-07T07:52:06.000,1.03,8.58,7.63,44.68728,-124.156658
2021-07-07T08:07:06.000,1.06,8.87,7.65,44.68728,-124.156658
2021-07-07T08:22:06.000,1.04,8.72,7.66,44.68728,-124.156658
2021-07-07T08:37:06.000,1.08,9.06,7.68,44.68728,-124.156658
2021-07-07T08:52:06.000,1.1,9.18,7.7,44.68728,-124.156658
2021-07-07T09:07:06.000,1.1,9.26,7.71,44.68728,-124.156658
2021-07-07T09:22:06.000,1.1,9.22,7.71,44.68728,-124.156658
2021-07-07T09:37:06.000,1.11,9.33,7.71,44.68728,-124.156658
2021-07-07T09:52:06.000,1.11,9.33,7.73,44.68728,-124.156658
2021-07-07T10:07:06.000,1.13,9.5,7.74,44.68728,-124.156658
2021-07-07T10:22:06.000,1.14,9.56,7.75,44.68728,-124.156658
2021-07-07T10:37:06.000,1.16,9.73,7.75,44.68728,-124.156658
2021-07-07T10:52:06.000,1.17,9.79,7.76,44.68728,-124.156658
2021-07-07T11:07:06.000,1.11,9.3,7.75,44.68728,-124.156658
2021-07-07T11:22:06.000,1.17,9.79,7.76,44.68728,-124.156658
2021-07-07T11:37:06.000,1.16,9.78,7.77,44.68728,-124.156658
2021-07-07T11:52:06.000,1.3,10.89,7.81,44.68728,-124.156658
2021-07-07T12:07:06.000,1.33,11.19,7.84,44.68728,-124.156658
2021-07-07T12:22:06.000,1.21,10.14,7.8,44.68728,-124.156658
2021-07-07T12:37:06.000,1.22,10.26,7.82,44.68728,-124.156658
2021-07-07T12:52:06.000,1.35,11.36,7.85,44.68728,-124.156658
2021-07-07T13:07:06.000,1.45,12.22,7.89,44.68728,-124.156658
2021-07-07T13:22:06.000,1.41,11.83,7.87,44.68728,-124.156658
2021-07-07T13:37:06.000,1.43,12,7.88,44.68728,-124.156658
2021-07-07T13:52:06.000,1.45,12.21,7.9,44.68728,-124.156658
2021-07-07T14:07:06.000,1.6,13.48,7.94,44.68728,-124.156658
2021-07-07T14:22:06.000,1.67,14.08,7.95,44.68728,-124.156658
2021-07-07T14:37:06.000,1.65,13.93,7.95,44.68728,-124.156658
2021-07-07T14:52:06.000,1.67,14.08,7.95,44.68728,-124.156658
2021-07-07T15:07:06.000,1.67,14.05,7.95,44.68728,-124.156658
2021-07-07T15:22:06.000,1.69,14.21,7.95,44.68728,-124.156658
2021-07-07T15:37:06.000,1.68,14.16,7.95,44.68728,-124.156658
2021-07-07T15:52:06.000,1.7,14.34,7.97,44.68728,-124.156658
2021-07-07T16:07:06.000,1.72,14.53,7.97,44.68728,-124.156658
2021-07-07T16:22:06.000,1.74,14.67,7.99,44.68728,-124.156658
2021-07-07T16:37:06.000,1.82,15.35,8.01,44.68728,-124.156658
2021-07-07T16:52:06.000,1.89,15.99,8.04,44.68728,-124.156658
2021-07-07T17:07:06.000,1.93,16.36,8.06,44.68728,-124.156658
2021-07-07T17:22:06.000,1.96,16.57,8.09,44.68728,-124.156658
2021-07-07T17:37:06.000,2.06,17.46,8.12,44.68728,-124.156658
2021-07-07T17:52:06.000,2.09,17.74,8.14,44.68728,-124.156658
2021-07-07T18:07:06.000,2.19,18.58,8.18,44.68728,-124.156658
2021-07-07T18:22:06.000,2.23,18.92,8.19,44.68728,-124.156658
2021-07-07T18:37:06.000,2.23,18.9,8.23,44.68728,-124.156658
2021-07-07T18:52:06.000,2.17,18.36,8.18,44.68728,-124.156658
2021-07-07T19:07:06.000,2.11,17.89,8.14,44.68728,-124.156658
2021-07-07T19:22:06.000,2.08,17.63,8.13,44.68728,-124.156658
2021-07-07T19:37:06.000,1.85,15.62,8.04,44.68728,-124.156658
2021-07-07T19:52:06.000,1.84,15.56,8.04,44.68728,-124.156658
2021-07-07T20:07:06.000,1.78,15.06,8.02,44.68728,-124.156658
2021-07-07T20:22:06.000,1.79,15.1,8.02,44.68728,-124.156658
2021-07-07T20:37:06.000,1.85,15.62,8.02,44.68728,-124.156658
2021-07-07T20:52:06.000,1.81,15.29,7.99,44.68728,-124.156658
2021-07-07T21:07:06.000,1.61,13.53,7.93,44.68728,-124.156658
2021-07-07T21:22:06.000,1.56,13.17,7.92,44.68728,-124.156658
2021-07-07T21:37:06.000,1.55,13.1,7.9,44.68728,-124.156658
2021-07-07T21:52:06.000,1.56,13.1,7.89,44.68728,-124.156658
2021-07-07T22:07:06.000,1.54,12.98,7.88,44.68728,-124.156658
2021-07-07T22:22:06.000,1.53,12.89,7.87,44.68728,-124.156658
2021-07-07T22:37:06.000,1.58,13.3,7.9,44.68728,-124.156658
2021-07-07T22:52:06.000,1.57,13.18,7.88,44.68728,-124.156658
2021-07-07T23:07:06.000,1.57,13.22,7.89,44.68728,-124.156658
2021-07-07T23:22:06.000,1.57,13.24,7.89,44.68728,-124.156658
2021-07-07T23:37:06.000,1.58,13.34,7.9,44.68728,-124.156658
2021-07-07T23:52:06.000,1.65,13.89,7.93,44.68728,-124.156658
2021-07-08T00:07:06.000,1.74,14.71,7.97,44.68728,-124.156658
2021-07-08T00:22:06.000,1.77,14.97,7.99,44.68728,-124.156658
2021-07-08T00:37:06.000,1.68,14.2,7.95,44.68728,-124.156658
2021-07-08T00:52:06.000,1.76,14.82,7.99,44.68728,-124.156658
2021-07-08T01:07:06.000,1.86,15.7,8.02,44.68728,-124.156658
2021-07-08T01:22:06.000,1.94,16.45,8.07,44.68728,-124.156658
2021-07-08T01:37:06.000,2.01,16.98,8.09,44.68728,-124.156658
2021-07-08T01:52:06.000,1.99,16.82,8.09,44.68728,-124.156658
2021-07-08T02:07:06.000,2.05,17.37,8.11,44.68728,-124.156658
2021-07-08T02:22:06.000,2.18,18.52,8.18,44.68728,-124.156658
2021-07-08T02:37:06.000,2.2,18.66,8.2,44.68728,-124.156658
2021-07-08T02:52:06.000,2.21,18.77,8.21,44.68728,-124.156658
2021-07-08T03:07:06.000,2.27,19.28,8.23,44.68728,-124.156658
2021-07-08T03:22:06.000,2.24,19.06,8.23,44.68728,-124.156658
2021-07-08T03:37:06.000,2.21,18.78,8.23,44.68728,-124.156658
2021-07-08T03:52:06.000,2.23,18.96,8.24,44.68728,-124.156658
2021-07-08T04:07:06.000,2.26,19.18,8.26,44.68728,-124.156658
2021-07-08T04:22:06.000,2.31,19.64,8.28,44.68728,-124.156658
2021-07-08T04:37:06.000,2.35,20.01,8.31,44.68728,-124.156658
2021-07-08T04:52:06.000,2.44,20.78,8.35,44.68728,-124.156658
2021-07-08T05:07:06.000,2.49,21.22,8.38,44.68728,-124.156658
2021-07-08T05:22:06.000,2.54,21.68,8.4,44.68728,-124.156658
2021-07-08T05:37:06.000,2.64,22.56,8.43,44.68728,-124.156658
2021-07-08T05:52:06.000,2.66,22.74,8.45,44.68728,-124.156658
2021-07-08T06:07:06.000,2.66,22.69,8.47,44.68728,-124.156658
2021-07-08T06:22:06.000,2.71,23.14,8.47,44.68728,-124.156658
2021-07-08T06:37:06.000,2.74,23.42,8.5,44.68728,-124.156658
2021-07-08T06:52:06.000,2.8,23.94,8.52,44.68728,-124.156658
2021-07-08T07:07:06.000,2.89,24.77,8.54,44.68728,-124.156658
2021-07-08T07:22:06.000,2.94,25.16,8.57,44.68728,-124.156658
2021-07-08T07:37:06.000,2.94,25.14,8.57,44.68728,-124.156658
2021-07-08T07:52:06.000,2.86,24.51,8.54,44.68728,-124.156658
2021-07-08T08:07:06.000,2.82,24.08,8.52,44.68728,-124.156658
2021-07-08T08:22:06.000,2.77,23.66,8.52,44.68728,-124.156658
2021-07-08T08:37:06.000,2.73,23.3,8.5,44.68728,-124.156658
2021-07-08T08:52:06.000,2.65,22.62,8.48,44.68728,-124.156658
2021-07-08T09:07:06.000,2.61,22.27,8.46,44.68728,-124.156658
2021-07-08T09:22:06.000,2.59,22.09,8.45,44.68728,-124.156658
2021-07-08T09:37:06.000,2.56,21.86,8.45,44.68728,-124.156658
2021-07-08T09:52:06.000,2.56,21.89,8.45,44.68728,-124.156658
2021-07-08T10:07:06.000,2.54,21.65,8.44,44.68728,-124.156658
2021-07-08T10:22:06.000,2.53,21.55,8.43,44.68728,-124.156658
2021-07-08T10:37:06.000,2.49,21.23,8.43,44.68728,-124.156658
2021-07-08T10:52:06.000,2.48,21.16,8.43,44.68728,-124.156658
2021-07-08T11:07:06.000,2.5,21.33,8.45,44.68728,-124.156658
2021-07-08T11:22:06.000,2.49,21.22,8.43,44.68728,-124.156658
2021-07-08T11:37:06.000,2.41,20.52,8.4,44.68728,-124.156658
2021-07-08T11:52:06.000,2.32,19.71,8.34,44.68728,-124.156658
2021-07-08T12:07:06.000,2.25,19.18,8.3,44.68728,-124.156658
2021-07-08T12:22:06.000,2.05,17.36,8.21,44.68728,-124.156658
2021-07-08T12:37:06.000,1.84,15.57,8.11,44.68728,-124.156658
2021-07-08T12:52:06.000,1.72,14.51,8.04,44.68728,-124.156658
2021-07-08T13:07:06.000,1.68,14.18,8.02,44.68728,-124.156658
2021-07-08T13:22:06.000,1.66,14.05,8,44.68728,-124.156658
2021-07-08T13:37:06.000,1.64,13.83,7.99,44.68728,-124.156658
2021-07-08T13:52:06.000,1.63,13.76,7.99,44.68728,-124.156658
2021-07-08T14:07:06.000,1.61,13.63,7.99,44.68728,-124.156658
2021-07-08T14:22:06.000,1.61,13.63,7.99,44.68728,-124.156658
2021-07-08T14:37:06.000,1.61,13.61,7.99,44.68728,-124.156658
2021-07-08T14:52:06.000,1.59,13.44,7.98,44.68728,-124.156658
2021-07-08T15:07:06.000,1.6,13.48,7.98,44.68728,-124.156658
2021-07-08T15:22:06.000,1.61,13.58,7.99,44.68728,-124.156658
2021-07-08T15:37:06.000,1.62,13.66,7.99,44.68728,-124.156658
2021-07-08T15:52:06.000,1.63,13.78,7.99,44.68728,-124.156658
2021-07-08T16:07:06.000,1.65,13.95,8.01,44.68728,-124.156658
2021-07-08T16:22:06.000,1.66,13.99,8.02,44.68728,-124.156658
2021-07-08T16:37:06.000,1.67,14.1,8.03,44.68728,-124.156658
2021-07-08T16:52:06.000,1.68,14.16,8.04,44.68728,-124.156658
2021-07-08T17:07:06.000,1.74,14.67,8.04,44.68728,-124.156658
2021-07-08T17:22:06.000,1.8,15.22,8.08,44.68728,-124.156658
2021-07-08T17:37:06.000,1.88,15.95,8.11,44.68728,-124.156658
2021-07-08T17:52:06.000,2,16.96,8.17,44.68728,-124.156658
2021-07-08T18:07:06.000,2.12,18.03,8.24,44.68728,-124.156658
2021-07-08T18:22:06.000,2.26,19.23,8.3,44.68728,-124.156658
2021-07-08T18:37:06.000,2.38,20.23,8.35,44.68728,-124.156658
2021-07-08T18:52:06.000,2.44,20.76,8.38,44.68728,-124.156658
2021-07-08T19:07:06.000,2.54,21.64,8.42,44.68728,-124.156658
2021-07-08T19:22:06.000,2.55,21.73,8.44,44.68728,-124.156658
2021-07-08T19:37:06.000,2.5,21.29,8.42,44.68728,-124.156658
2021-07-08T19:52:06.000,1.93,16.32,8.14,44.68728,-124.156658
2021-07-08T20:07:06.000,2.1,17.82,8.2,44.68728,-124.156658
2021-07-08T20:22:06.000,1.7,14.38,8.03,44.68728,-124.156658
2021-07-08T20:37:06.000,1.57,13.26,7.95,44.68728,-124.156658
2021-07-08T20:52:06.000,1.49,12.55,7.9,44.68728,-124.156658
2021-07-08T21:07:06.000,1.43,12.03,7.87,44.68728,-124.156658
2021-07-08T21:22:06.000,1.41,11.83,7.85,44.68728,-124.156658
2021-07-08T21:37:06.000,1.39,11.71,7.85,44.68728,-124.156658
2021-07-08T22:37:06.000,1.35,11.37,7.8,44.68728,-124.156658
2021-07-08T23:22:06.000,1.29,10.84,7.75,44.68728,-124.156658
2021-07-09T09:07:06.000,1.43,12.01,7.85,44.68728,-124.156658
2021-07-09T09:37:06.000,1.37,11.5,7.84,44.68728,-124.156658
2021-07-09T12:07:06.000,1.24,10.41,7.75,44.68728,-124.156658
2021-07-09T12:37:06.000,1.42,11.93,7.84,44.68728,-124.156658
2021-07-09T12:52:06.000,1.29,10.85,7.78,44.68728,-124.156658
2021-07-09T13:37:06.000,1.35,11.33,7.8,44.68728,-124.156658
2021-07-09T14:07:06.000,1.35,11.31,7.8,44.68728,-124.156658
2021-07-09T14:52:06.000,1.41,11.86,7.81,44.68728,-124.156658
2021-07-09T16:52:06.000,1.69,14.26,7.96,44.68728,-124.156658
2021-07-09T18:22:06.000,1.25,10.44,7.7,44.68728,-124.156658
2021-07-09T20:37:06.000,1.13,9.5,7.65,44.68728,-124.156658
2021-07-09T21:37:06.000,1.25,10.47,7.71,44.68728,-124.156658
2021-07-09T22:22:06.000,1.26,10.59,7.74,44.68728,-124.156658
2021-07-09T22:52:06.000,1.27,10.69,7.73,44.68728,-124.156658
2021-07-10T00:52:06.000,1.42,11.97,7.81,44.68728,-124.156658
2021-07-10T02:37:06.000,1.14,9.51,7.67,44.68728,-124.156658
2021-07-10T05:52:06.000,0.82,6.84,7.54,44.68728,-124.156658
2021-07-10T14:07:06.000,0.98,8.2,7.61,44.68728,-124.156658
2021-07-10T14:37:06.000,1.05,8.81,7.63,44.68728,-124.156658
2021-07-10T16:22:06.000,0.79,6.57,7.54,44.68728,-124.156658
2021-07-10T17:37:06.000,0.8,6.63,7.51,44.68728,-124.156658
2021-07-10T18:52:06.000,0.83,6.92,7.49,44.68728,-124.156658
2021-07-10T22:07:06.000,0.84,7.03,7.49,44.68728,-124.156658
2021-07-10T23:37:06.000,0.88,7.37,7.49,44.68728,-124.156658
2021-07-10T23:52:06.000,0.89,7.39,7.48,44.68728,-124.156658
2021-07-11T01:22:06.000,0.88,7.38,7.48,44.68728,-124.156658
2021-07-11T01:37:06.000,0.87,7.28,7.48,44.68728,-124.156658
2021-07-11T02:07:06.000,0.89,7.41,7.48,44.68728,-124.156658
2021-07-11T02:52:06.000,0.94,7.83,7.47,44.68728,-124.156658
2021-07-11T08:37:06.000,1.28,10.64,7.46,44.68728,-124.156658
2021-07-11T09:37:06.000,1.38,11.54,7.46,44.68728,-124.156658
2021-07-11T10:07:06.000,1.43,11.95,7.46,44.68728,-124.156658
2021-07-11T11:07:06.000,1.41,11.78,7.46,44.68728,-124.156658
2021-07-11T14:22:06.000,1.16,9.68,7.46,44.68728,-124.156658
2021-07-11T15:07:06.000,1.2,9.99,7.46,44.68728,-124.156658
2021-07-11T19:07:06.000,1.55,12.92,7.47,44.68728,-124.156658
2021-07-11T19:52:06.000,1.57,13.05,7.49,44.68728,-124.156658
2021-07-12T02:37:06.000,1.33,11.09,7.46,44.68728,-124.156658
2021-07-12T06:07:06.000,1.13,9.45,7.48,44.68728,-124.156658
2021-07-12T06:52:06.000,1.13,9.42,7.48,44.68728,-124.156658
2021-07-12T08:52:06.000,1.14,9.51,7.46,44.68728,-124.156658
2021-07-12T09:07:06.000,1.17,9.73,7.46,44.68728,-124.156658
2021-07-12T09:52:06.000,1.12,9.31,7.46,44.68728,-124.156658
2021-07-12T10:07:06.000,1.11,9.29,7.46,44.68728,-124.156658
2021-07-12T17:22:06.000,1.41,11.76,7.48,44.68728,-124.156658
2021-07-12T18:52:06.000,1.29,10.76,7.44,44.68728,-124.156658
2021-07-12T19:37:06.000,1.36,11.32,7.46,44.68728,-124.156658
2021-07-12T20:37:06.000,1.44,11.99,7.46,44.68728,-124.156658
2021-07-12T21:07:06.000,1.46,12.16,7.47,44.68728,-124.156658
2021-07-12T23:22:06.000,1.41,11.73,7.44,44.68728,-124.156658
2021-07-13T00:52:06.000,1.5,12.47,7.44,44.68728,-124.156658
2021-07-13T03:52:06.000,1.6,13.36,7.47,44.68728,-124.156658
2021-07-13T07:37:06.000,1.6,13.36,7.46,44.68728,-124.156658
2021-07-13T08:07:06.000,1.62,13.48,7.46,44.68728,-124.156658
2021-07-13T08:22:06.000,1.49,12.45,7.46,44.68728,-124.156658
2021-07-13T09:07:06.000,1.57,13.09,7.46,44.68728,-124.156658
2021-07-13T09:52:06.000,1.55,12.88,7.44,44.68728,-124.156658
2021-07-13T10:07:06.000,1.57,13.06,7.45,44.68728,-124.156658
2021-07-13T11:37:06.000,1.52,12.63,7.43,44.68728,-124.156658
2021-07-13T12:22:06.000,1.61,13.4,7.45,44.68728,-124.156658
2021-07-13T17:22:06.000,1.63,13.53,7.41,44.68728,-124.156658
2021-07-13T18:07:06.000,1.63,13.57,7.42,44.68728,-124.156658
2021-07-13T23:22:06.000,1.59,13.23,7.39,44.68728,-124.156658
2021-07-14T01:52:06.000,1.59,13.24,7.39,44.68728,-124.156658
2021-07-14T02:07:06.000,1.61,13.37,7.4,44.68728,-124.156658
2021-07-14T04:22:06.000,1.55,12.91,7.37,44.68728,-124.156658
2021-07-14T06:22:06.000,1.55,12.87,7.37,44.68728,-124.156658
2021-07-14T09:52:06.000,1.59,13.25,7.39,44.68728,-124.156658
2021-07-14T11:22:06.000,1.64,13.69,7.41,44.68728,-124.156658
2021-07-14T11:37:06.000,1.64,13.67,7.4,44.68728,-124.156658
2021-07-14T16:07:06.000,1.78,14.79,7.41,44.68728,-124.156658
2021-07-14T16:37:06.000,1.79,14.9,7.4,44.68728,-124.156658
2021-07-14T20:22:06.000,2.01,16.75,7.46,44.68728,-124.156658
2021-07-14T20:37:06.000,2.14,17.86,7.51,44.68728,-124.156658
2021-07-14T21:52:06.000,2.09,17.41,7.44,44.68728,-124.156658
2021-07-15T00:52:06.000,2.05,17.02,7.37,44.68728,-124.156658
2021-07-15T04:37:06.000,2.08,17.27,7.39,44.68728,-124.156658
2021-07-15T07:22:06.000,2.07,17.19,7.39,44.68728,-124.156658
2021-07-15T10:07:06.000,2.1,17.44,7.41,44.68728,-124.156658
2021-07-15T11:07:06.000,2.09,17.43,7.41,44.68728,-124.156658
2021-07-15T12:07:06.000,2.07,17.26,7.42,44.68728,-124.156658
2021-07-15T12:22:06.000,2.08,17.33,7.42,44.68728,-124.156658
2021-07-15T14:07:06.000,2.1,17.47,7.41,44.68728,-124.156658
2021-07-15T14:22:06.000,2.09,17.43,7.41,44.68728,-124.156658
2021-07-15T14:37:06.000,2.1,17.47,7.41,44.68728,-124.156658
2021-07-15T14:52:06.000,2.09,17.37,7.41,44.68728,-124.156658
2021-07-15T15:07:06.000,2.1,17.49,7.4,44.68728,-124.156658
2021-07-15T15:22:06.000,2.09,17.4,7.41,44.68728,-124.156658
2021-07-15T15:37:06.000,2.11,17.54,7.41,44.68728,-124.156658
2021-07-15T15:52:06.000,2.11,17.57,7.42,44.68728,-124.156658
2021-07-15T16:07:06.000,2.12,17.67,7.42,44.68728,-124.156658
2021-07-15T16:22:06.000,2.12,17.67,7.44,44.68728,-124.156658
2021-07-15T16:37:06.000,2.06,17.13,7.4,44.68728,-124.156658
2021-07-15T16:52:06.000,2.01,16.73,7.37,44.68728,-124.156658
2021-07-15T17:07:06.000,2.02,16.77,7.37,44.68728,-124.156658
2021-07-15T17:22:06.000,2.02,16.82,7.37,44.68728,-124.156658
2021-07-15T17:37:06.000,2.04,16.96,7.39,44.68728,-124.156658
2021-07-15T17:52:06.000,2.04,16.94,7.39,44.68728,-124.156658
2021-07-15T18:07:06.000,2.03,16.9,7.39,44.68728,-124.156658
2021-07-15T18:22:06.000,2.03,16.88,7.38,44.68728,-124.156658
2021-07-15T18:37:06.000,2.01,16.68,7.37,44.68728,-124.156658
2021-07-15T18:52:06.000,2,16.65,7.37,44.68728,-124.156658
2021-07-15T19:07:06.000,2,16.64,7.37,44.68728,-124.156658
2021-07-15T19:22:06.000,2,16.63,7.37,44.68728,-124.156658
2021-07-15T19:37:06.000,2,16.66,7.37,44.68728,-124.156658
2021-07-15T19:52:06.000,2,16.65,7.37,44.68728,-124.156658
2021-07-15T20:07:06.000,1.99,16.55,7.37,44.68728,-124.156658
2021-07-15T20:22:06.000,2,16.66,7.37,44.68728,-124.156658
2021-07-15T20:37:06.000,2.04,16.96,7.39,44.68728,-124.156658
2021-07-15T20:52:06.000,2.04,16.96,7.39,44.68728,-124.156658
2021-07-15T21:07:06.000,2.02,16.82,7.39,44.68728,-124.156658
2021-07-15T21:22:06.000,2.03,16.88,7.39,44.68728,-124.156658
2021-07-15T21:37:06.000,2,16.64,7.39,44.68728,-124.156658
2021-07-15T21:52:06.000,1.98,16.43,7.37,44.68728,-124.156658
2021-07-15T22:07:06.000,1.95,16.24,7.36,44.68728,-124.156658
2021-07-15T22:22:06.000,1.97,16.34,7.35,44.68728,-124.156658
2021-07-15T22:37:06.000,1.98,16.5,7.37,44.68728,-124.156658
2021-07-15T22:52:06.000,1.94,16.11,7.34,44.68728,-124.156658
2021-07-15T23:07:06.000,1.94,16.09,7.34,44.68728,-124.156658
2021-07-15T23:22:06.000,1.92,15.92,7.32,44.68728,-124.156658
2021-07-15T23:37:06.000,1.93,16.02,7.32,44.68728,-124.156658
2021-07-15T23:52:06.000,1.95,16.16,7.33,44.68728,-124.156658
2021-07-16T00:07:06.000,1.96,16.24,7.34,44.68728,-124.156658
2021-07-16T00:22:06.000,1.96,16.27,7.34,44.68728,-124.156658
2021-07-16T00:37:06.000,1.96,16.29,7.34,44.68728,-124.156658
2021-07-16T00:52:06.000,1.95,16.23,7.34,44.68728,-124.156658
2021-07-16T01:07:06.000,1.96,16.27,7.34,44.68728,-124.156658
2021-07-16T01:22:06.000,1.96,16.31,7.34,44.68728,-124.156658
2021-07-16T01:37:06.000,1.96,16.28,7.35,44.68728,-124.156658
2021-07-16T01:52:06.000,1.98,16.42,7.36,44.68728,-124.156658
2021-07-16T02:07:06.000,1.97,16.38,7.37,44.68728,-124.156658
2021-07-16T02:22:06.000,1.99,16.55,7.37,44.68728,-124.156658
2021-07-16T02:37:06.000,1.95,16.2,7.37,44.68728,-124.156658
2021-07-16T02:52:06.000,2,16.62,7.38,44.68728,-124.156658
2021-07-16T03:07:06.000,1.98,16.5,7.39,44.68728,-124.156658
2021-07-16T03:22:06.000,2,16.64,7.39,44.68728,-124.156658
2021-07-16T03:37:06.000,1.94,16.15,7.39,44.68728,-124.156658
2021-07-16T03:52:06.000,1.95,16.21,7.39,44.68728,-124.156658
2021-07-16T04:07:06.000,1.9,15.83,7.39,44.68728,-124.156658
2021-07-16T04:22:06.000,1.88,15.65,7.39,44.68728,-124.156658
2021-07-16T04:37:06.000,1.93,16.03,7.39,44.68728,-124.156658
2021-07-16T04:52:06.000,1.91,15.87,7.37,44.68728,-124.156658
2021-07-16T05:07:06.000,1.9,15.78,7.34,44.68728,-124.156658
2021-07-16T05:22:06.000,1.87,15.52,7.34,44.68728,-124.156658
2021-07-16T05:37:06.000,1.87,15.54,7.34,44.68728,-124.156658
2021-07-16T05:52:06.000,1.91,15.85,7.34,44.68728,-124.156658
2021-07-16T06:07:06.000,1.86,15.49,7.34,44.68728,-124.156658
2021-07-16T06:22:06.000,1.87,15.51,7.34,44.68728,-124.156658
2021-07-16T06:37:06.000,1.85,15.39,7.32,44.68728,-124.156658
2021-07-16T06:52:06.000,1.87,15.55,7.32,44.68728,-124.156658
2021-07-16T07:07:06.000,1.87,15.53,7.32,44.68728,-124.156658
2021-07-16T07:22:06.000,1.9,15.75,7.32,44.68728,-124.156658
2021-07-16T07:37:06.000,1.9,15.77,7.34,44.68728,-124.156658
2021-07-16T07:52:06.000,1.92,15.98,7.36,44.68728,-124.156658
2021-07-16T08:07:06.000,1.84,15.3,7.37,44.68728,-124.156658
2021-07-16T08:22:06.000,1.85,15.4,7.37,44.68728,-124.156658
2021-07-16T08:37:06.000,1.88,15.6,7.37,44.68728,-124.156658
2021-07-16T08:52:06.000,1.83,15.21,7.36,44.68728,-124.156658
2021-07-16T09:07:06.000,1.8,15,7.36,44.68728,-124.156658
2021-07-16T09:22:06.000,1.88,15.6,7.36,44.68728,-124.156658
2021-07-16T09:37:06.000,1.83,15.24,7.36,44.68728,-124.156658
2021-07-16T09:52:06.000,1.85,15.37,7.37,44.68728,-124.156658
2021-07-16T10:07:06.000,1.87,15.53,7.37,44.68728,-124.156658
2021-07-16T10:22:06.000,1.91,15.91,7.37,44.68728,-124.156658
2021-07-16T10:37:06.000,1.88,15.61,7.37,44.68728,-124.156658
2021-07-16T10:52:06.000,1.85,15.38,7.37,44.68728,-124.156658
2021-07-16T11:07:06.000,1.78,14.79,7.32,44.68728,-124.156658
2021-07-16T11:22:06.000,1.78,14.76,7.32,44.68728,-124.156658
2021-07-16T11:37:06.000,1.77,14.71,7.34,44.68728,-124.156658
2021-07-16T11:52:06.000,1.84,15.28,7.33,44.68728,-124.156658
2021-07-16T12:07:06.000,1.82,15.1,7.34,44.68728,-124.156658
2021-07-16T12:22:06.000,1.81,15.04,7.34,44.68728,-124.156658
2021-07-16T12:37:06.000,1.82,15.09,7.34,44.68728,-124.156658
2021-07-16T12:52:06.000,1.78,14.75,7.34,44.68728,-124.156658
2021-07-16T13:07:06.000,1.82,15.14,7.34,44.68728,-124.156658
2021-07-16T13:22:06.000,1.85,15.39,7.35,44.68728,-124.156658
2021-07-16T13:37:06.000,1.84,15.31,7.36,44.68728,-124.156658
2021-07-16T13:52:06.000,1.87,15.52,7.36,44.68728,-124.156658
2021-07-16T14:07:06.000,1.78,14.84,7.36,44.68728,-124.156658
2021-07-16T14:22:06.000,1.82,15.16,7.36,44.68728,-124.156658
2021-07-16T14:37:06.000,1.86,15.49,7.37,44.68728,-124.156658
2021-07-16T14:52:06.000,1.9,15.81,7.37,44.68728,-124.156658
2021-07-16T15:07:06.000,1.88,15.63,7.37,44.68728,-124.156658
2021-07-16T15:22:06.000,1.92,15.96,7.37,44.68728,-124.156658
2021-07-16T15:37:06.000,1.93,16.07,7.37,44.68728,-124.156658
2021-07-16T15:52:06.000,1.92,15.97,7.38,44.68728,-124.156658
2021-07-16T16:07:06.000,1.89,15.72,7.39,44.68728,-124.156658
2021-07-16T16:22:06.000,1.87,15.56,7.39,44.68728,-124.156658
2021-07-16T16:37:06.000,1.86,15.44,7.39,44.68728,-124.156658
2021-07-16T16:52:06.000,1.89,15.72,7.39,44.68728,-124.156658
2021-07-16T17:07:06.000,1.88,15.67,7.39,44.68728,-124.156658
2021-07-16T17:22:06.000,1.91,15.9,7.4,44.68728,-124.156658
2021-07-16T17:37:06.000,1.88,15.68,7.41,44.68728,-124.156658
2021-07-16T17:52:06.000,1.9,15.84,7.41,44.68728,-124.156658
2021-07-16T18:07:06.000,1.91,15.86,7.41,44.68728,-124.156658
2021-07-16T18:22:06.000,1.94,16.13,7.42,44.68728,-124.156658
2021-07-16T18:37:06.000,1.78,14.83,7.42,44.68728,-124.156658
2021-07-16T18:52:06.000,1.84,15.32,7.42,44.68728,-124.156658
2021-07-16T19:07:06.000,1.89,15.69,7.42,44.68728,-124.156658
2021-07-16T19:22:06.000,1.78,14.79,7.43,44.68728,-124.156658
2021-07-16T19:37:06.000,1.79,14.9,7.43,44.68728,-124.156658
2021-07-16T19:52:06.000,1.8,15.03,7.44,44.68728,-124.156658
2021-07-16T20:07:06.000,1.82,15.18,7.44,44.68728,-124.156658
2021-07-16T20:22:06.000,1.75,14.58,7.44,44.68728,-124.156658
2021-07-16T20:37:06.000,1.79,14.93,7.44,44.68728,-124.156658
2021-07-16T20:52:06.000,1.77,14.71,7.44,44.68728,-124.156658
2021-07-16T21:07:06.000,1.77,14.75,7.43,44.68728,-124.156658
2021-07-16T21:22:06.000,1.79,14.92,7.42,44.68728,-124.156658
2021-07-16T21:37:06.000,1.75,14.54,7.41,44.68728,-124.156658
2021-07-16T21:52:06.000,1.78,14.77,7.4,44.68728,-124.156658
2021-07-16T22:07:06.000,1.8,14.96,7.39,44.68728,-124.156658
2021-07-16T22:22:06.000,1.79,14.93,7.39,44.68728,-124.156658
2021-07-16T22:37:06.000,1.88,15.66,7.38,44.68728,-124.156658
2021-07-16T22:52:06.000,1.78,14.83,7.39,44.68728,-124.156658
2021-07-16T23:07:06.000,1.89,15.7,7.39,44.68728,-124.156658
2021-07-16T23:22:06.000,1.85,15.4,7.39,44.68728,-124.156658
2021-07-16T23:37:06.000,1.86,15.47,7.39,44.68728,-124.156658
2021-07-16T23:52:06.000,1.89,15.75,7.39,44.68728,-124.156658
2021-07-17T00:07:06.000,1.89,15.69,7.39,44.68728,-124.156658
2021-07-17T00:22:06.000,1.89,15.72,7.39,44.68728,-124.156658
2021-07-17T00:37:06.000,1.9,15.78,7.39,44.68728,-124.156658
2021-07-17T00:52:06.000,1.91,15.9,7.39,44.68728,-124.156658
2021-07-17T01:07:06.000,1.92,15.95,7.39,44.68728,-124.156658
2021-07-17T01:22:06.000,1.93,16.09,7.39,44.68728,-124.156658
2021-07-17T01:37:06.000,1.95,16.19,7.39,44.68728,-124.156658
2021-07-17T01:52:06.000,1.93,16.07,7.39,44.68728,-124.156658
2021-07-17T02:07:06.000,1.92,15.93,7.4,44.68728,-124.156658
2021-07-17T02:22:06.000,1.93,16.04,7.4,44.68728,-124.156658
2021-07-17T02:37:06.000,1.92,15.98,7.41,44.68728,-124.156658
2021-07-17T02:52:06.000,1.93,16.08,7.41,44.68728,-124.156658
2021-07-17T03:07:06.000,1.95,16.27,7.42,44.68728,-124.156658
2021-07-17T03:22:06.000,1.95,16.21,7.42,44.68728,-124.156658
2021-07-17T03:37:06.000,1.94,16.17,7.43,44.68728,-124.156658
2021-07-17T03:52:06.000,1.91,15.93,7.44,44.68728,-124.156658
2021-07-17T04:07:06.000,1.96,16.32,7.44,44.68728,-124.156658
2021-07-17T04:22:06.000,1.95,16.26,7.44,44.68728,-124.156658
2021-07-17T04:37:06.000,1.95,16.22,7.46,44.68728,-124.156658
2021-07-17T04:52:06.000,1.94,16.21,7.47,44.68728,-124.156658
2021-07-17T05:07:06.000,1.93,16.12,7.46,44.68728,-124.156658
2021-07-17T05:22:06.000,1.9,15.81,7.46,44.68728,-124.156658
2021-07-17T05:37:06.000,1.9,15.81,7.47,44.68728,-124.156658
2021-07-17T05:52:06.000,1.89,15.79,7.48,44.68728,-124.156658
2021-07-17T06:07:06.000,1.9,15.84,7.49,44.68728,-124.156658
2021-07-17T06:22:06.000,1.92,16,7.49,44.68728,-124.156658
2021-07-17T06:37:06.000,1.93,16.09,7.51,44.68728,-124.156658
2021-07-17T06:52:06.000,1.93,16.14,7.51,44.68728,-124.156658
2021-07-17T07:07:06.000,1.92,16.04,7.52,44.68728,-124.156658
2021-07-17T07:22:06.000,1.94,16.23,7.54,44.68728,-124.156658
2021-07-17T07:37:06.000,1.94,16.18,7.54,44.68728,-124.156658
2021-07-17T07:52:06.000,1.94,16.2,7.54,44.68728,-124.156658
2021-07-17T08:07:06.000,1.99,16.64,7.56,44.68728,-124.156658
2021-07-17T08:22:06.000,2.02,16.85,7.56,44.68728,-124.156658
2021-07-17T08:37:06.000,1.99,16.59,7.56,44.68728,-124.156658
2021-07-17T08:52:06.000,1.99,16.62,7.56,44.68728,-124.156658
2021-07-17T09:07:06.000,1.96,16.38,7.56,44.68728,-124.156658
2021-07-17T09:22:06.000,1.95,16.28,7.56,44.68728,-124.156658
2021-07-17T09:37:06.000,1.94,16.21,7.56,44.68728,-124.156658
2021-07-17T09:52:06.000,1.93,16.16,7.56,44.68728,-124.156658
2021-07-17T10:07:06.000,1.91,15.97,7.56,44.68728,-124.156658
2021-07-17T10:22:06.000,1.86,15.53,7.56,44.68728,-124.156658
2021-07-17T10:37:06.000,1.87,15.63,7.55,44.68728,-124.156658
2021-07-17T10:52:06.000,1.85,15.46,7.55,44.68728,-124.156658
2021-07-17T11:07:06.000,1.84,15.36,7.54,44.68728,-124.156658
2021-07-17T11:22:06.000,1.82,15.23,7.54,44.68728,-124.156658
2021-07-17T11:37:06.000,1.8,15.05,7.54,44.68728,-124.156658
2021-07-17T11:52:06.000,1.79,14.91,7.54,44.68728,-124.156658
2021-07-17T12:07:06.000,1.77,14.74,7.54,44.68728,-124.156658
2021-07-17T12:22:06.000,1.75,14.63,7.54,44.68728,-124.156658
2021-07-17T12:37:06.000,1.75,14.61,7.53,44.68728,-124.156658
2021-07-17T12:52:06.000,1.75,14.63,7.51,44.68728,-124.156658
2021-07-17T13:07:06.000,1.77,14.77,7.49,44.68728,-124.156658
2021-07-17T13:22:06.000,1.8,14.96,7.47,44.68728,-124.156658
2021-07-17T13:37:06.000,1.78,14.87,7.46,44.68728,-124.156658
2021-07-17T13:52:06.000,1.77,14.74,7.46,44.68728,-124.156658
2021-07-17T14:07:06.000,1.76,14.65,7.44,44.68728,-124.156658
2021-07-17T14:22:06.000,1.76,14.67,7.44,44.68728,-124.156658
2021-07-17T14:37:06.000,1.74,14.46,7.44,44.68728,-124.156658
2021-07-17T14:52:06.000,1.76,14.62,7.44,44.68728,-124.156658
2021-07-17T15:07:06.000,1.74,14.5,7.44,44.68728,-124.156658
2021-07-17T15:22:06.000,1.73,14.43,7.44,44.68728,-124.156658
2021-07-17T15:37:06.000,1.72,14.36,7.45,44.68728,-124.156658
2021-07-17T15:52:06.000,1.74,14.46,7.46,44.68728,-124.156658
2021-07-17T16:07:06.000,1.72,14.34,7.46,44.68728,-124.156658
2021-07-17T16:22:06.000,1.71,14.26,7.46,44.68728,-124.156658
2021-07-17T16:37:06.000,1.7,14.14,7.46,44.68728,-124.156658
2021-07-17T16:52:06.000,1.68,14.03,7.46,44.68728,-124.156658
2021-07-17T17:07:06.000,1.7,14.16,7.47,44.68728,-124.156658
2021-07-17T17:22:06.000,1.69,14.1,7.47,44.68728,-124.156658
2021-07-17T17:37:06.000,1.7,14.15,7.48,44.68728,-124.156658
2021-07-17T17:52:06.000,1.69,14.1,7.48,44.68728,-124.156658
2021-07-17T18:07:06.000,1.71,14.27,7.49,44.68728,-124.156658
2021-07-17T18:22:06.000,1.68,13.97,7.49,44.68728,-124.156658
2021-07-17T18:37:06.000,1.7,14.22,7.49,44.68728,-124.156658
2021-07-17T18:52:06.000,1.68,14,7.49,44.68728,-124.156658
2021-07-17T19:07:06.000,1.7,14.15,7.5,44.68728,-124.156658
2021-07-17T19:22:06.000,1.67,13.94,7.51,44.68728,-124.156658
2021-07-17T19:37:06.000,1.7,14.16,7.51,44.68728,-124.156658
2021-07-17T19:52:06.000,1.68,14.05,7.51,44.68728,-124.156658
2021-07-17T20:07:06.000,1.69,14.09,7.51,44.68728,-124.156658
2021-07-17T20:22:06.000,1.69,14.1,7.51,44.68728,-124.156658
2021-07-17T20:37:06.000,1.67,13.97,7.51,44.68728,-124.156658
2021-07-17T20:52:06.000,1.68,14,7.51,44.68728,-124.156658
2021-07-17T21:07:06.000,1.68,13.98,7.51,44.68728,-124.156658
2021-07-17T21:22:06.000,1.68,13.98,7.51,44.68728,-124.156658
2021-07-17T21:37:06.000,1.67,13.93,7.52,44.68728,-124.156658
2021-07-17T21:52:06.000,1.65,13.76,7.51,44.68728,-124.156658
2021-07-17T22:07:06.000,1.67,13.92,7.51,44.68728,-124.156658
2021-07-17T22:22:06.000,1.68,13.99,7.51,44.68728,-124.156658
2021-07-17T22:37:06.000,1.71,14.25,7.51,44.68728,-124.156658
2021-07-17T22:52:06.000,1.69,14.07,7.49,44.68728,-124.156658
2021-07-17T23:07:06.000,1.69,14.08,7.49,44.68728,-124.156658
2021-07-17T23:22:06.000,1.66,13.86,7.48,44.68728,-124.156658
2021-07-17T23:37:06.000,1.67,13.95,7.46,44.68728,-124.156658
2021-07-17T23:52:06.000,1.67,13.9,7.46,44.68728,-124.156658
2021-07-18T00:07:06.000,1.66,13.85,7.46,44.68728,-124.156658
2021-07-18T00:22:06.000,1.66,13.84,7.46,44.68728,-124.156658
2021-07-18T00:37:06.000,1.66,13.86,7.46,44.68728,-124.156658
2021-07-18T00:52:06.000,1.64,13.7,7.46,44.68728,-124.156658
2021-07-18T01:07:06.000,1.66,13.86,7.47,44.68728,-124.156658
2021-07-18T01:22:06.000,1.66,13.83,7.48,44.68728,-124.156658
2021-07-18T01:37:06.000,1.68,14.05,7.49,44.68728,-124.156658
2021-07-18T01:52:06.000,1.68,14.01,7.49,44.68728,-124.156658
2021-07-18T02:07:06.000,1.68,14.05,7.49,44.68728,-124.156658
2021-07-18T02:22:06.000,1.65,13.76,7.49,44.68728,-124.156658
2021-07-18T02:37:06.000,1.64,13.7,7.48,44.68728,-124.156658
2021-07-18T02:52:06.000,1.65,13.75,7.48,44.68728,-124.156658
2021-07-18T03:07:06.000,1.64,13.65,7.49,44.68728,-124.156658
2021-07-18T03:22:06.000,1.62,13.54,7.48,44.68728,-124.156658
2021-07-18T03:37:06.000,1.63,13.56,7.48,44.68728,-124.156658
2021-07-18T03:52:06.000,1.62,13.55,7.48,44.68728,-124.156658
2021-07-18T04:07:06.000,1.61,13.43,7.48,44.68728,-124.156658
2021-07-18T04:22:06.000,1.62,13.51,7.49,44.68728,-124.156658
2021-07-18T04:37:06.000,1.66,13.81,7.5,44.68728,-124.156658
2021-07-18T04:52:06.000,1.63,13.63,7.51,44.68728,-124.156658
2021-07-18T05:07:06.000,1.63,13.62,7.52,44.68728,-124.156658
2021-07-18T05:22:06.000,1.65,13.81,7.53,44.68728,-124.156658
2021-07-18T05:37:06.000,1.66,13.83,7.54,44.68728,-124.156658
2021-07-18T05:52:06.000,1.66,13.87,7.54,44.68728,-124.156658
2021-07-18T06:07:06.000,1.64,13.68,7.54,44.68728,-124.156658
2021-07-18T06:22:06.000,1.67,13.94,7.55,44.68728,-124.156658
2021-07-18T06:37:06.000,1.67,13.91,7.55,44.68728,-124.156658
2021-07-18T06:52:06.000,1.65,13.8,7.55,44.68728,-124.156658
2021-07-18T07:07:06.000,1.66,13.84,7.56,44.68728,-124.156658
2021-07-18T07:22:06.000,1.66,13.91,7.55,44.68728,-124.156658
2021-07-18T07:37:06.000,1.66,13.89,7.56,44.68728,-124.156658
2021-07-18T07:52:06.000,1.62,13.53,7.53,44.68728,-124.156658
2021-07-18T08:07:06.000,1.67,13.98,7.55,44.68728,-124.156658
2021-07-18T08:22:06.000,1.73,14.51,7.6,44.68728,-124.156658
2021-07-18T08:37:06.000,1.68,14.06,7.57,44.68728,-124.156658
2021-07-18T08:52:06.000,1.7,14.18,7.58,44.68728,-124.156658
2021-07-18T09:07:06.000,1.72,14.36,7.58,44.68728,-124.156658
2021-07-18T09:22:06.000,1.7,14.23,7.58,44.68728,-124.156658
2021-07-18T09:37:06.000,1.68,14.05,7.56,44.68728,-124.156658
2021-07-18T09:52:06.000,1.67,13.93,7.56,44.68728,-124.156658
2021-07-18T10:07:06.000,1.65,13.81,7.56,44.68728,-124.156658
2021-07-18T10:22:06.000,1.63,13.61,7.54,44.68728,-124.156658
2021-07-18T10:37:06.000,1.61,13.4,7.54,44.68728,-124.156658
2021-07-18T10:52:06.000,1.62,13.55,7.54,44.68728,-124.156658
2021-07-18T11:07:06.000,1.59,13.24,7.53,44.68728,-124.156658
2021-07-18T11:22:06.000,1.61,13.44,7.53,44.68728,-124.156658
2021-07-18T11:37:06.000,1.57,13.14,7.53,44.68728,-124.156658
2021-07-18T11:52:06.000,1.58,13.18,7.51,44.68728,-124.156658
2021-07-18T12:07:06.000,1.56,13.02,7.51,44.68728,-124.156658
2021-07-18T12:22:06.000,1.56,12.99,7.51,44.68728,-124.156658
2021-07-18T12:37:06.000,1.55,12.96,7.51,44.68728,-124.156658
2021-07-18T12:52:06.000,1.56,12.98,7.51,44.68728,-124.156658
2021-07-18T13:07:06.000,1.54,12.83,7.51,44.68728,-124.156658
2021-07-18T13:22:06.000,1.54,12.85,7.51,44.68728,-124.156658
2021-07-18T13:37:06.000,1.53,12.79,7.5,44.68728,-124.156658
2021-07-18T13:52:06.000,1.51,12.61,7.5,44.68728,-124.156658
2021-07-18T14:07:06.000,1.51,12.6,7.5,44.68728,-124.156658
2021-07-18T14:22:06.000,1.53,12.75,7.5,44.68728,-124.156658
2021-07-18T14:37:06.000,1.52,12.72,7.5,44.68728,-124.156658
2021-07-18T14:52:06.000,1.5,12.48,7.5,44.68728,-124.156658
2021-07-18T15:07:06.000,1.5,12.54,7.5,44.68728,-124.156658
2021-07-18T15:22:06.000,1.51,12.61,7.5,44.68728,-124.156658
2021-07-18T15:37:06.000,1.54,12.86,7.51,44.68728,-124.156658
2021-07-18T15:52:06.000,1.56,13.05,7.51,44.68728,-124.156658
2021-07-18T16:07:06.000,1.58,13.18,7.51,44.68728,-124.156658
2021-07-18T16:22:06.000,1.58,13.22,7.53,44.68728,-124.156658
2021-07-18T16:37:06.000,1.58,13.23,7.54,44.68728,-124.156658
2021-07-18T16:52:06.000,1.62,13.56,7.55,44.68728,-124.156658
2021-07-18T17:07:06.000,1.64,13.72,7.56,44.68728,-124.156658
2021-07-18T17:22:06.000,1.63,13.63,7.57,44.68728,-124.156658
2021-07-18T17:37:06.000,1.64,13.73,7.59,44.68728,-124.156658
2021-07-18T17:52:06.000,1.64,13.76,7.61,44.68728,-124.156658
2021-07-18T18:07:06.000,1.64,13.75,7.59,44.68728,-124.156658
2021-07-18T18:22:06.000,1.61,13.46,7.57,44.68728,-124.156658
2021-07-18T18:37:06.000,1.64,13.66,7.56,44.68728,-124.156658
2021-07-18T18:52:06.000,1.59,13.28,7.57,44.68728,-124.156658
2021-07-18T19:07:06.000,1.58,13.22,7.56,44.68728,-124.156658
2021-07-18T19:22:06.000,1.58,13.19,7.55,44.68728,-124.156658
2021-07-18T19:37:06.000,1.63,13.62,7.56,44.68728,-124.156658
2021-07-18T19:52:06.000,1.6,13.4,7.56,44.68728,-124.156658
2021-07-18T20:07:06.000,1.56,13.07,7.56,44.68728,-124.156658
2021-07-18T20:22:06.000,1.59,13.25,7.56,44.68728,-124.156658
2021-07-18T20:37:06.000,1.53,12.77,7.56,44.68728,-124.156658
2021-07-18T20:52:06.000,1.58,13.19,7.56,44.68728,-124.156658
2021-07-18T21:07:06.000,1.56,13.04,7.54,44.68728,-124.156658
2021-07-18T21:22:06.000,1.53,12.81,7.54,44.68728,-124.156658
2021-07-18T21:37:06.000,1.53,12.73,7.53,44.68728,-124.156658
2021-07-18T21:52:06.000,1.51,12.63,7.53,44.68728,-124.156658
2021-07-18T22:07:06.000,1.48,12.38,7.52,44.68728,-124.156658
2021-07-18T22:22:06.000,1.5,12.5,7.52,44.68728,-124.156658
2021-07-18T22:37:06.000,1.48,12.34,7.51,44.68728,-124.156658
2021-07-18T22:52:06.000,1.49,12.39,7.51,44.68728,-124.156658
2021-07-18T23:07:06.000,1.48,12.36,7.51,44.68728,-124.156658
2021-07-18T23:22:06.000,1.47,12.29,7.51,44.68728,-124.156658
2021-07-18T23:37:06.000,1.45,12.1,7.51,44.68728,-124.156658
2021-07-18T23:52:06.000,1.46,12.17,7.51,44.68728,-124.156658
2021-07-19T00:07:06.000,1.46,12.17,7.51,44.68728,-124.156658
2021-07-19T00:22:06.000,1.46,12.18,7.51,44.68728,-124.156658
2021-07-19T00:37:06.000,1.44,12.02,7.51,44.68728,-124.156658
2021-07-19T00:52:06.000,1.42,11.89,7.51,44.68728,-124.156658
2021-07-19T01:07:06.000,1.4,11.69,7.51,44.68728,-124.156658
2021-07-19T01:22:06.000,1.41,11.77,7.51,44.68728,-124.156658
2021-07-19T01:37:06.000,1.41,11.75,7.51,44.68728,-124.156658
2021-07-19T01:52:06.000,1.4,11.69,7.51,44.68728,-124.156658
2021-07-19T02:07:06.000,1.4,11.68,7.51,44.68728,-124.156658
2021-07-19T02:22:06.000,1.4,11.67,7.51,44.68728,-124.156658
2021-07-19T02:37:06.000,1.39,11.61,7.52,44.68728,-124.156658
2021-07-19T02:52:06.000,1.41,11.76,7.52,44.68728,-124.156658
2021-07-19T03:07:06.000,1.41,11.76,7.52,44.68728,-124.156658
2021-07-19T03:22:06.000,1.43,11.95,7.53,44.68728,-124.156658
2021-07-19T03:37:06.000,1.45,12.07,7.53,44.68728,-124.156658
2021-07-19T03:52:06.000,1.43,11.97,7.53,44.68728,-124.156658
2021-07-19T04:07:06.000,1.44,12.02,7.53,44.68728,-124.156658
2021-07-19T04:22:06.000,1.42,11.85,7.54,44.68728,-124.156658
2021-07-19T04:37:06.000,1.41,11.81,7.54,44.68728,-124.156658
2021-07-19T04:52:06.000,1.42,11.86,7.54,44.68728,-124.156658
2021-07-19T05:07:06.000,1.43,11.96,7.54,44.68728,-124.156658
2021-07-19T05:22:06.000,1.41,11.81,7.54,44.68728,-124.156658
2021-07-19T05:37:06.000,1.41,11.75,7.54,44.68728,-124.156658
2021-07-19T05:52:06.000,1.37,11.46,7.54,44.68728,-124.156658
2021-07-19T06:07:06.000,1.4,11.65,7.54,44.68728,-124.156658
2021-07-19T06:22:06.000,1.38,11.53,7.54,44.68728,-124.156658
2021-07-19T06:37:06.000,1.38,11.52,7.54,44.68728,-124.156658
2021-07-19T06:52:06.000,1.39,11.58,7.54,44.68728,-124.156658
2021-07-19T07:07:06.000,1.39,11.6,7.54,44.68728,-124.156658
2021-07-19T07:22:06.000,1.39,11.59,7.55,44.68728,-124.156658
2021-07-19T07:37:06.000,1.38,11.56,7.55,44.68728,-124.156658
2021-07-19T07:52:06.000,1.39,11.6,7.55,44.68728,-124.156658
2021-07-19T08:07:06.000,1.38,11.49,7.55,44.68728,-124.156658
2021-07-19T08:22:06.000,1.37,11.48,7.56,44.68728,-124.156658
2021-07-19T08:37:06.000,1.39,11.57,7.56,44.68728,-124.156658
2021-07-19T08:52:06.000,1.33,11.1,7.56,44.68728,-124.156658
2021-07-19T09:07:06.000,1.35,11.28,7.56,44.68728,-124.156658
2021-07-19T09:22:06.000,1.37,11.41,7.56,44.68728,-124.156658
2021-07-19T09:37:06.000,1.33,11.12,7.56,44.68728,-124.156658
2021-07-19T09:52:06.000,1.36,11.35,7.56,44.68728,-124.156658
2021-07-19T10:07:06.000,1.36,11.35,7.56,44.68728,-124.156658
2021-07-19T10:22:06.000,1.34,11.2,7.56,44.68728,-124.156658
2021-07-19T10:37:06.000,1.28,10.71,7.56,44.68728,-124.156658
2021-07-19T10:52:06.000,1.31,10.92,7.56,44.68728,-124.156658
2021-07-19T11:07:06.000,1.3,10.9,7.56,44.68728,-124.156658
2021-07-19T11:22:06.000,1.32,11.05,7.56,44.68728,-124.156658
2021-07-19T11:37:06.000,1.28,10.68,7.56,44.68728,-124.156658
2021-07-19T11:52:06.000,1.29,10.81,7.56,44.68728,-124.156658
2021-07-19T12:07:06.000,1.28,10.65,7.56,44.68728,-124.156658
2021-07-19T12:22:06.000,1.28,10.67,7.56,44.68728,-124.156658
2021-07-19T12:37:06.000,1.26,10.54,7.55,44.68728,-124.156658
2021-07-19T12:52:06.000,1.27,10.63,7.55,44.68728,-124.156658
2021-07-19T13:07:06.000,1.27,10.62,7.55,44.68728,-124.156658
2021-07-19T13:22:06.000,1.31,10.9,7.55,44.68728,-124.156658
2021-07-19T13:37:06.000,1.27,10.61,7.55,44.68728,-124.156658
2021-07-19T13:52:06.000,1.29,10.74,7.54,44.68728,-124.156658
2021-07-19T14:07:06.000,1.27,10.59,7.54,44.68728,-124.156658
2021-07-19T14:22:06.000,1.26,10.5,7.54,44.68728,-124.156658
2021-07-19T14:37:06.000,1.25,10.48,7.54,44.68728,-124.156658
2021-07-19T14:52:06.000,1.3,10.83,7.54,44.68728,-124.156658
2021-07-19T15:07:06.000,1.28,10.69,7.54,44.68728,-124.156658
2021-07-19T15:22:06.000,1.29,10.81,7.54,44.68728,-124.156658
2021-07-19T15:37:06.000,1.29,10.81,7.54,44.68728,-124.156658
2021-07-19T15:52:06.000,1.27,10.6,7.54,44.68728,-124.156658
2021-07-19T16:07:06.000,1.22,10.19,7.54,44.68728,-124.156658
2021-07-19T16:22:06.000,1.27,10.63,7.54,44.68728,-124.156658
2021-07-19T16:37:06.000,1.23,10.3,7.54,44.68728,-124.156658
2021-07-19T16:52:06.000,1.29,10.77,7.54,44.68728,-124.156658
2021-07-19T17:07:06.000,1.28,10.71,7.54,44.68728,-124.156658
2021-07-19T17:22:06.000,1.23,10.25,7.54,44.68728,-124.156658
2021-07-19T17:37:06.000,1.29,10.77,7.55,44.68728,-124.156658
2021-07-19T17:52:06.000,1.35,11.23,7.55,44.68728,-124.156658
2021-07-19T18:07:06.000,1.37,11.47,7.55,44.68728,-124.156658
2021-07-19T18:22:06.000,1.37,11.41,7.55,44.68728,-124.156658
2021-07-19T18:37:06.000,1.37,11.4,7.55,44.68728,-124.156658
2021-07-19T18:52:06.000,1.38,11.54,7.56,44.68728,-124.156658
2021-07-19T19:07:06.000,1.39,11.57,7.56,44.68728,-124.156658
2021-07-19T19:22:06.000,1.35,11.27,7.56,44.68728,-124.156658
2021-07-19T19:37:06.000,1.37,11.42,7.56,44.68728,-124.156658
2021-07-19T19:52:06.000,1.37,11.48,7.56,44.68728,-124.156658
2021-07-19T20:07:06.000,1.36,11.38,7.56,44.68728,-124.156658
2021-07-19T20:22:06.000,1.39,11.63,7.57,44.68728,-124.156658
2021-07-19T20:37:06.000,1.41,11.81,7.58,44.68728,-124.156658
2021-07-19T20:52:06.000,1.42,11.91,7.58,44.68728,-124.156658
2021-07-19T21:07:06.000,1.44,12.06,7.58,44.68728,-124.156658
2021-07-19T21:22:06.000,1.44,12.01,7.58,44.68728,-124.156658
2021-07-19T21:37:06.000,1.45,12.08,7.59,44.68728,-124.156658
2021-07-19T21:52:06.000,1.45,12.16,7.6,44.68728,-124.156658
2021-07-19T22:07:06.000,1.46,12.21,7.6,44.68728,-124.156658
2021-07-19T22:22:06.000,1.43,11.99,7.61,44.68728,-124.156658
2021-07-19T22:37:06.000,1.46,12.19,7.61,44.68728,-124.156658
2021-07-19T22:52:06.000,1.44,12.01,7.61,44.68728,-124.156658
2021-07-19T23:07:06.000,1.43,11.98,7.61,44.68728,-124.156658
2021-07-19T23:22:06.000,1.49,12.5,7.63,44.68728,-124.156658
2021-07-19T23:37:06.000,1.49,12.44,7.63,44.68728,-124.156658
2021-07-19T23:52:06.000,1.51,12.67,7.63,44.68728,-124.156658
2021-07-20T00:07:06.000,1.53,12.79,7.63,44.68728,-124.156658
2021-07-20T00:22:06.000,1.54,12.87,7.63,44.68728,-124.156658
2021-07-20T00:37:06.000,1.57,13.17,7.63,44.68728,-124.156658
2021-07-20T00:52:06.000,1.58,13.24,7.63,44.68728,-124.156658
2021-07-20T01:07:06.000,1.62,13.56,7.63,44.68728,-124.156658
2021-07-20T01:22:06.000,1.64,13.72,7.63,44.68728,-124.156658
2021-07-20T01:37:06.000,1.6,13.42,7.61,44.68728,-124.156658
2021-07-20T01:52:06.000,1.51,12.63,7.59,44.68728,-124.156658
2021-07-20T02:07:06.000,1.55,12.93,7.59,44.68728,-124.156658
2021-07-20T02:22:06.000,1.61,13.42,7.59,44.68728,-124.156658
2021-07-20T02:37:06.000,1.63,13.63,7.61,44.68728,-124.156658
2021-07-20T02:52:06.000,1.64,13.75,7.61,44.68728,-124.156658
2021-07-20T03:07:06.000,1.65,13.82,7.63,44.68728,-124.156658
2021-07-20T03:22:06.000,1.67,14,7.63,44.68728,-124.156658
2021-07-20T03:37:06.000,1.68,14.05,7.65,44.68728,-124.156658
2021-07-20T03:52:06.000,1.68,14.06,7.63,44.68728,-124.156658
2021-07-20T04:07:06.000,1.74,14.57,7.63,44.68728,-124.156658
2021-07-20T04:22:06.000,1.75,14.64,7.63,44.68728,-124.156658
2021-07-20T04:37:06.000,1.78,14.92,7.63,44.68728,-124.156658
2021-07-20T04:52:06.000,1.76,14.77,7.63,44.68728,-124.156658
2021-07-20T05:07:06.000,1.78,14.89,7.64,44.68728,-124.156658
2021-07-20T05:22:06.000,1.77,14.78,7.64,44.68728,-124.156658
2021-07-20T05:37:06.000,1.78,14.92,7.63,44.68728,-124.156658
2021-07-20T05:52:06.000,1.68,14.03,7.58,44.68728,-124.156658
2021-07-20T06:07:06.000,1.66,13.84,7.57,44.68728,-124.156658
2021-07-20T06:22:06.000,1.68,14.04,7.57,44.68728,-124.156658
2021-07-20T06:37:06.000,1.66,13.9,7.57,44.68728,-124.156658
2021-07-20T06:52:06.000,1.65,13.77,7.58,44.68728,-124.156658
2021-07-20T07:07:06.000,1.73,14.47,7.58,44.68728,-124.156658
2021-07-20T07:22:06.000,1.75,14.62,7.59,44.68728,-124.156658
2021-07-20T07:37:06.000,1.83,15.28,7.61,44.68728,-124.156658
2021-07-20T07:52:06.000,1.87,15.63,7.63,44.68728,-124.156658
2021-07-20T08:07:06.000,1.88,15.78,7.66,44.68728,-124.156658
2021-07-20T08:22:06.000,1.88,15.73,7.68,44.68728,-124.156658
2021-07-20T08:37:06.000,1.89,15.84,7.7,44.68728,-124.156658
2021-07-20T08:52:06.000,1.91,16.02,7.71,44.68728,-124.156658
2021-07-20T09:07:06.000,1.89,15.87,7.73,44.68728,-124.156658
2021-07-20T09:22:06.000,1.96,16.49,7.75,44.68728,-124.156658
2021-07-20T09:37:06.000,2,16.76,7.77,44.68728,-124.156658
2021-07-20T09:52:06.000,2.05,17.19,7.79,44.68728,-124.156658
2021-07-20T10:07:06.000,2.08,17.49,7.82,44.68728,-124.156658
2021-07-20T10:22:06.000,2.17,18.25,7.85,44.68728,-124.156658
2021-07-20T10:37:06.000,2.19,18.45,7.85,44.68728,-124.156658
2021-07-20T10:52:06.000,2.22,18.71,7.87,44.68728,-124.156658
2021-07-20T11:07:06.000,2.2,18.54,7.88,44.68728,-124.156658
2021-07-20T11:22:06.000,2.43,20.47,7.94,44.68728,-124.156658
2021-07-20T11:37:06.000,2.31,19.52,7.97,44.68728,-124.156658
2021-07-20T11:52:06.000,2.43,20.47,7.97,44.68728,-124.156658
2021-07-20T12:07:06.000,2.38,20.11,7.97,44.68728,-124.156658
2021-07-20T12:22:06.000,2.23,18.82,7.93,44.68728,-124.156658
2021-07-20T12:37:06.000,2.19,18.47,7.9,44.68728,-124.156658
2021-07-20T12:52:06.000,2.18,18.4,7.9,44.68728,-124.156658
2021-07-20T13:07:06.000,2.16,18.18,7.87,44.68728,-124.156658
2021-07-20T13:22:06.000,2.09,17.62,7.85,44.68728,-124.156658
2021-07-20T13:37:06.000,2.04,17.13,7.84,44.68728,-124.156658
2021-07-20T13:52:06.000,2.01,16.91,7.81,44.68728,-124.156658
2021-07-20T14:07:06.000,1.99,16.73,7.8,44.68728,-124.156658
2021-07-20T14:22:06.000,1.96,16.49,7.8,44.68728,-124.156658
2021-07-20T14:37:06.000,1.96,16.45,7.78,44.68728,-124.156658
2021-07-20T14:52:06.000,1.96,16.44,7.78,44.68728,-124.156658
2021-07-20T15:07:06.000,1.98,16.62,7.77,44.68728,-124.156658
2021-07-20T15:22:06.000,1.87,15.67,7.7,44.68728,-124.156658
2021-07-20T15:37:06.000,1.62,13.55,7.61,44.68728,-124.156658
2021-07-20T15:52:06.000,1.54,12.88,7.57,44.68728,-124.156658
2021-07-20T16:07:06.000,1.49,12.44,7.56,44.68728,-124.156658
2021-07-20T16:22:06.000,1.48,12.38,7.55,44.68728,-124.156658
2021-07-20T16:37:06.000,1.46,12.19,7.55,44.68728,-124.156658
2021-07-20T16:52:06.000,1.41,11.75,7.55,44.68728,-124.156658
2021-07-20T17:07:06.000,1.45,12.09,7.55,44.68728,-124.156658
2021-07-20T17:22:06.000,1.48,12.32,7.55,44.68728,-124.156658
2021-07-20T17:37:06.000,1.4,11.71,7.55,44.68728,-124.156658
2021-07-20T17:52:06.000,1.4,11.67,7.55,44.68728,-124.156658
2021-07-20T18:07:06.000,1.54,12.82,7.55,44.68728,-124.156658
2021-07-20T18:22:06.000,1.54,12.86,7.55,44.68728,-124.156658
2021-07-20T18:37:06.000,1.56,13.02,7.55,44.68728,-124.156658
2021-07-20T18:52:06.000,1.56,13.05,7.55,44.68728,-124.156658
2021-07-20T19:07:06.000,1.55,12.95,7.55,44.68728,-124.156658
2021-07-20T19:22:06.000,1.55,12.94,7.56,44.68728,-124.156658
2021-07-20T19:37:06.000,1.58,13.22,7.56,44.68728,-124.156658
2021-07-20T19:52:06.000,1.56,13,7.56,44.68728,-124.156658
2021-07-20T20:07:06.000,1.52,12.7,7.56,44.68728,-124.156658
2021-07-20T20:22:06.000,1.64,13.74,7.58,44.68728,-124.156658
2021-07-20T20:37:06.000,1.62,13.51,7.58,44.68728,-124.156658
2021-07-20T20:52:06.000,1.66,13.87,7.59,44.68728,-124.156658
2021-07-20T21:07:06.000,1.44,12.05,7.61,44.68728,-124.156658
2021-07-20T21:22:06.000,1.68,14.02,7.62,44.68728,-124.156658
2021-07-20T21:37:06.000,1.76,14.7,7.64,44.68728,-124.156658
2021-07-20T21:52:06.000,1.76,14.7,7.66,44.68728,-124.156658
2021-07-20T22:07:06.000,1.83,15.35,7.68,44.68728,-124.156658
2021-07-20T22:22:06.000,1.84,15.46,7.73,44.68728,-124.156658
2021-07-20T22:37:06.000,1.98,16.59,7.77,44.68728,-124.156658
2021-07-20T22:52:06.000,2.03,17.02,7.8,44.68728,-124.156658
2021-07-20T23:07:06.000,2.07,17.44,7.82,44.68728,-124.156658
2021-07-20T23:22:06.000,2.1,17.69,7.83,44.68728,-124.156658
2021-07-20T23:37:06.000,2.13,17.92,7.83,44.68728,-124.156658
2021-07-20T23:52:06.000,2.13,17.9,7.83,44.68728,-124.156658
2021-07-21T00:07:06.000,2.17,18.25,7.85,44.68728,-124.156658
2021-07-21T00:22:06.000,2.16,18.19,7.87,44.68728,-124.156658
2021-07-21T00:37:06.000,2.2,18.54,7.87,44.68728,-124.156658
2021-07-21T00:52:06.000,2.19,18.45,7.87,44.68728,-124.156658
2021-07-21T01:07:06.000,2.22,18.7,7.87,44.68728,-124.156658
2021-07-21T01:22:06.000,2.23,18.75,7.88,44.68728,-124.156658
2021-07-21T01:37:06.000,2.28,19.19,7.9,44.68728,-124.156658
2021-07-21T01:52:06.000,2.4,20.25,7.95,44.68728,-124.156658
2021-07-21T02:07:06.000,2.3,19.4,7.93,44.68728,-124.156658
2021-07-21T02:22:06.000,2.19,18.46,7.87,44.68728,-124.156658
2021-07-21T02:37:06.000,2.12,17.83,7.83,44.68728,-124.156658
2021-07-21T02:52:06.000,2.11,17.75,7.82,44.68728,-124.156658
2021-07-21T03:07:06.000,2.11,17.73,7.8,44.68728,-124.156658
2021-07-21T03:22:06.000,2.14,18,7.79,44.68728,-124.156658
2021-07-21T03:37:06.000,2.13,17.85,7.78,44.68728,-124.156658
2021-07-21T03:52:06.000,2.17,18.21,7.8,44.68728,-124.156658
2021-07-21T04:07:06.000,2.15,18.1,7.82,44.68728,-124.156658
2021-07-21T04:22:06.000,2.08,17.5,7.78,44.68728,-124.156658
2021-07-21T04:37:06.000,2.04,17.1,7.73,44.68728,-124.156658
2021-07-21T04:52:06.000,2.02,16.95,7.71,44.68728,-124.156658
2021-07-21T05:07:06.000,2,16.8,7.71,44.68728,-124.156658
2021-07-21T05:22:06.000,2.06,17.26,7.72,44.68728,-124.156658
2021-07-21T05:37:06.000,1.96,16.42,7.68,44.68728,-124.156658
2021-07-21T05:52:06.000,1.85,15.53,7.65,44.68728,-124.156658
2021-07-21T06:07:06.000,1.83,15.34,7.63,44.68728,-124.156658
2021-07-21T06:22:06.000,1.92,16.05,7.66,44.68728,-124.156658
2021-07-21T06:37:06.000,1.94,16.27,7.68,44.68728,-124.156658
2021-07-21T06:52:06.000,1.92,16.05,7.66,44.68728,-124.156658
2021-07-21T07:07:06.000,1.88,15.75,7.66,44.68728,-124.156658
2021-07-21T07:22:06.000,1.88,15.73,7.64,44.68728,-124.156658
2021-07-21T07:37:06.000,1.89,15.8,7.63,44.68728,-124.156658
2021-07-21T07:52:06.000,1.91,16.02,7.63,44.68728,-124.156658
2021-07-21T08:07:06.000,1.91,15.97,7.63,44.68728,-124.156658
2021-07-21T08:22:06.000,1.85,15.47,7.63,44.68728,-124.156658
2021-07-21T08:37:06.000,1.74,14.59,7.63,44.68728,-124.156658
2021-07-21T08:52:06.000,1.83,15.34,7.63,44.68728,-124.156658
2021-07-21T09:07:06.000,1.84,15.37,7.63,44.68728,-124.156658
2021-07-21T09:22:06.000,1.9,15.88,7.64,44.68728,-124.156658
2021-07-21T09:37:06.000,1.98,16.62,7.66,44.68728,-124.156658
2021-07-21T09:52:06.000,1.99,16.7,7.66,44.68728,-124.156658
2021-07-21T10:07:06.000,1.92,16.06,7.66,44.68728,-124.156658
2021-07-21T10:22:06.000,1.99,16.65,7.66,44.68728,-124.156658
2021-07-21T10:37:06.000,1.94,16.26,7.67,44.68728,-124.156658
2021-07-21T10:52:06.000,2.04,17.07,7.68,44.68728,-124.156658
2021-07-21T11:07:06.000,2.07,17.36,7.73,44.68728,-124.156658
2021-07-21T11:22:06.000,2.1,17.65,7.75,44.68728,-124.156658
2021-07-21T11:37:06.000,2.05,17.22,7.78,44.68728,-124.156658
2021-07-21T11:52:06.000,1.95,16.38,7.75,44.68728,-124.156658
2021-07-21T12:07:06.000,2.03,17.08,7.75,44.68728,-124.156658
2021-07-21T12:22:06.000,2.11,17.71,7.8,44.68728,-124.156658
2021-07-21T12:37:06.000,1.94,16.31,7.8,44.68728,-124.156658
2021-07-21T12:52:06.000,1.97,16.58,7.78,44.68728,-124.156658
2021-07-21T13:07:06.000,1.93,16.18,7.78,44.68728,-124.156658
2021-07-21T13:22:06.000,2.02,16.97,7.75,44.68728,-124.156658
2021-07-21T13:37:06.000,1.97,16.53,7.75,44.68728,-124.156658
2021-07-21T13:52:06.000,1.97,16.55,7.73,44.68728,-124.156658
2021-07-21T14:07:06.000,1.95,16.35,7.72,44.68728,-124.156658
2021-07-21T14:22:06.000,1.97,16.48,7.7,44.68728,-124.156658
2021-07-21T14:37:06.000,1.94,16.21,7.66,44.68728,-124.156658
2021-07-21T14:52:06.000,1.9,15.93,7.66,44.68728,-124.156658
2021-07-21T15:07:06.000,1.92,16.09,7.63,44.68728,-124.156658
2021-07-21T15:22:06.000,1.89,15.81,7.63,44.68728,-124.156658
2021-07-21T15:37:06.000,1.91,16.02,7.63,44.68728,-124.156658
2021-07-21T15:52:06.000,2,16.75,7.64,44.68728,-124.156658
2021-07-21T16:07:06.000,1.98,16.59,7.63,44.68728,-124.156658
2021-07-21T16:22:06.000,1.97,16.5,7.63,44.68728,-124.156658
2021-07-21T16:37:06.000,1.92,16.05,7.62,44.68728,-124.156658
2021-07-21T16:52:06.000,1.86,15.58,7.61,44.68728,-124.156658
2021-07-21T17:07:06.000,1.69,14.09,7.58,44.68728,-124.156658
2021-07-21T17:22:06.000,1.74,14.51,7.56,44.68728,-124.156658
2021-07-21T17:37:06.000,1.8,15.05,7.58,44.68728,-124.156658
2021-07-21T17:52:06.000,1.74,14.56,7.57,44.68728,-124.156658
2021-07-21T18:07:06.000,1.78,14.9,7.59,44.68728,-124.156658
2021-07-21T18:22:06.000,1.81,15.09,7.59,44.68728,-124.156658
2021-07-21T18:37:06.000,1.73,14.47,7.59,44.68728,-124.156658
2021-07-21T18:52:06.000,1.79,14.98,7.56,44.68728,-124.156658
2021-07-21T19:07:06.000,1.82,15.21,7.58,44.68728,-124.156658
2021-07-21T19:22:06.000,1.87,15.66,7.59,44.68728,-124.156658
2021-07-21T19:37:06.000,1.91,15.95,7.61,44.68728,-124.156658
2021-07-21T19:52:06.000,1.92,16.04,7.61,44.68728,-124.156658
2021-07-21T20:07:06.000,1.88,15.75,7.61,44.68728,-124.156658
2021-07-21T20:22:06.000,1.9,15.9,7.61,44.68728,-124.156658
2021-07-21T20:37:06.000,1.91,15.98,7.62,44.68728,-124.156658
2021-07-21T20:52:06.000,1.95,16.33,7.63,44.68728,-124.156658
2021-07-21T21:07:06.000,1.96,16.44,7.63,44.68728,-124.156658
2021-07-21T21:22:06.000,1.92,16.08,7.64,44.68728,-124.156658
2021-07-21T21:37:06.000,1.96,16.4,7.66,44.68728,-124.156658
2021-07-21T21:52:06.000,1.97,16.48,7.66,44.68728,-124.156658
2021-07-21T22:07:06.000,1.93,16.17,7.66,44.68728,-124.156658
2021-07-21T22:22:06.000,1.98,16.55,7.66,44.68728,-124.156658
2021-07-21T22:37:06.000,1.93,16.16,7.66,44.68728,-124.156658
2021-07-21T22:52:06.000,1.8,15.08,7.63,44.68728,-124.156658
2021-07-21T23:07:06.000,1.8,15.04,7.63,44.68728,-124.156658
2021-07-21T23:22:06.000,1.78,14.9,7.62,44.68728,-124.156658
2021-07-21T23:37:06.000,1.76,14.69,7.61,44.68728,-124.156658
2021-07-21T23:52:06.000,1.77,14.85,7.61,44.68728,-124.156658
2021-07-22T00:07:06.000,1.79,14.96,7.61,44.68728,-124.156658
2021-07-22T00:22:06.000,1.85,15.45,7.61,44.68728,-124.156658
2021-07-22T00:37:06.000,1.76,14.7,7.61,44.68728,-124.156658
2021-07-22T00:52:06.000,1.81,15.16,7.61,44.68728,-124.156658
2021-07-22T01:07:06.000,1.82,15.21,7.6,44.68728,-124.156658
2021-07-22T01:22:06.000,1.81,15.11,7.58,44.68728,-124.156658
2021-07-22T01:37:06.000,1.71,14.32,7.58,44.68728,-124.156658
2021-07-22T01:52:06.000,1.74,14.56,7.57,44.68728,-124.156658
2021-07-22T02:07:06.000,1.78,14.84,7.58,44.68728,-124.156658
2021-07-22T02:22:06.000,1.86,15.59,7.6,44.68728,-124.156658
2021-07-22T02:37:06.000,1.81,15.14,7.59,44.68728,-124.156658
2021-07-22T02:52:06.000,1.8,15.03,7.58,44.68728,-124.156658
2021-07-22T03:07:06.000,1.78,14.85,7.58,44.68728,-124.156658
2021-07-22T03:22:06.000,1.77,14.83,7.58,44.68728,-124.156658
2021-07-22T03:37:06.000,1.78,14.91,7.58,44.68728,-124.156658
2021-07-22T03:52:06.000,1.79,14.99,7.58,44.68728,-124.156658
2021-07-22T04:07:06.000,1.81,15.1,7.59,44.68728,-124.156658
2021-07-22T04:22:06.000,1.86,15.57,7.61,44.68728,-124.156658
2021-07-22T04:37:06.000,1.85,15.51,7.61,44.68728,-124.156658
2021-07-22T04:52:06.000,1.84,15.41,7.61,44.68728,-124.156658
2021-07-22T05:07:06.000,1.89,15.83,7.63,44.68728,-124.156658
2021-07-22T05:22:06.000,1.91,15.99,7.64,44.68728,-124.156658
2021-07-22T05:37:06.000,1.93,16.14,7.65,44.68728,-124.156658
2021-07-22T05:52:06.000,1.94,16.26,7.66,44.68728,-124.156658
2021-07-22T06:07:06.000,1.98,16.55,7.66,44.68728,-124.156658
2021-07-22T06:22:06.000,2.04,17.05,7.67,44.68728,-124.156658
2021-07-22T06:37:06.000,2.04,17.12,7.7,44.68728,-124.156658
2021-07-22T06:52:06.000,2.12,17.81,7.71,44.68728,-124.156658
2021-07-22T07:07:06.000,2.13,17.84,7.71,44.68728,-124.156658
2021-07-22T07:22:06.000,2.09,17.52,7.71,44.68728,-124.156658
2021-07-22T07:37:06.000,2.06,17.26,7.71,44.68728,-124.156658
2021-07-22T07:52:06.000,2.1,17.62,7.71,44.68728,-124.156658
2021-07-22T08:07:06.000,2.11,17.72,7.71,44.68728,-124.156658
2021-07-22T08:22:06.000,2.09,17.49,7.69,44.68728,-124.156658
2021-07-22T08:37:06.000,2.03,17.03,7.68,44.68728,-124.156658
2021-07-22T08:52:06.000,2.01,16.85,7.66,44.68728,-124.156658
2021-07-22T09:07:06.000,1.98,16.57,7.64,44.68728,-124.156658
2021-07-22T09:22:06.000,2.01,16.8,7.63,44.68728,-124.156658
2021-07-22T09:37:06.000,1.88,15.69,7.63,44.68728,-124.156658
2021-07-22T09:52:06.000,1.92,16.06,7.61,44.68728,-124.156658
2021-07-22T10:07:06.000,1.85,15.5,7.61,44.68728,-124.156658
2021-07-22T10:22:06.000,1.88,15.71,7.61,44.68728,-124.156658
2021-07-22T10:37:06.000,1.97,16.48,7.61,44.68728,-124.156658
2021-07-22T10:52:06.000,1.97,16.48,7.59,44.68728,-124.156658
2021-07-22T11:07:06.000,1.93,16.16,7.59,44.68728,-124.156658
2021-07-22T11:22:06.000,1.83,15.32,7.59,44.68728,-124.156658
2021-07-22T11:37:06.000,1.81,15.09,7.58,44.68728,-124.156658
2021-07-22T11:52:06.000,1.78,14.85,7.56,44.68728,-124.156658
2021-07-22T12:07:06.000,1.84,15.35,7.56,44.68728,-124.156658
2021-07-22T12:22:06.000,1.84,15.37,7.56,44.68728,-124.156658
2021-07-22T12:37:06.000,1.84,15.36,7.56,44.68728,-124.156658
2021-07-22T12:52:06.000,1.82,15.21,7.56,44.68728,-124.156658
2021-07-22T13:07:06.000,1.84,15.36,7.58,44.68728,-124.156658
2021-07-22T13:22:06.000,1.85,15.44,7.59,44.68728,-124.156658
2021-07-22T13:37:06.000,1.8,15.01,7.59,44.68728,-124.156658
2021-07-22T13:52:06.000,1.82,15.22,7.59,44.68728,-124.156658
2021-07-22T14:07:06.000,1.82,15.24,7.59,44.68728,-124.156658
2021-07-22T14:22:06.000,1.79,14.96,7.6,44.68728,-124.156658
2021-07-22T14:37:06.000,1.83,15.33,7.6,44.68728,-124.156658
2021-07-22T14:52:06.000,1.81,15.15,7.59,44.68728,-124.156658
2021-07-22T15:07:06.000,1.81,15.14,7.59,44.68728,-124.156658
2021-07-22T15:22:06.000,1.74,14.5,7.56,44.68728,-124.156658
2021-07-22T15:37:06.000,1.67,13.95,7.55,44.68728,-124.156658
2021-07-22T15:52:06.000,1.57,13.14,7.54,44.68728,-124.156658
2021-07-22T16:07:06.000,1.6,13.32,7.53,44.68728,-124.156658
2021-07-22T16:22:06.000,1.66,13.9,7.54,44.68728,-124.156658
2021-07-22T16:37:06.000,1.62,13.49,7.53,44.68728,-124.156658
2021-07-22T16:52:06.000,1.64,13.71,7.53,44.68728,-124.156658
2021-07-22T17:07:06.000,1.71,14.27,7.55,44.68728,-124.156658
2021-07-22T17:22:06.000,1.57,13.08,7.54,44.68728,-124.156658
2021-07-22T17:37:06.000,1.55,12.89,7.51,44.68728,-124.156658
