Time (UTC),DO (ml/L),Dissolved Oxygen (%),Temperature (C),Latitude,Longitude
2021-05-18T23:37:54.000,1.85,15.26,6.98,44.68728,-124.156658
2021-05-18T23:52:54.000,1.87,15.37,6.98,44.68728,-124.156658
2021-05-19T00:07:54.000,1.88,15.45,6.98,44.68728,-124.156658
2021-05-19T00:22:54.000,1.88,15.47,6.98,44.68728,-124.156658
2021-05-19T00:37:54.000,1.89,15.53,6.98,44.68728,-124.156658
2021-05-19T00:52:54.000,1.89,15.58,6.98,44.68728,-124.156658
2021-05-19T01:07:54.000,1.9,15.62,6.98,44.68728,-124.156658
2021-05-19T01:22:54.000,1.9,15.62,6.98,44.68728,-124.156658
2021-05-19T01:37:54.000,1.9,15.6,6.98,44.68728,-124.156658
2021-05-19T01:52:54.000,1.89,15.56,6.98,44.68728,-124.156658
2021-05-19T02:07:54.000,1.89,15.53,6.98,44.68728,-124.156658
2021-05-19T02:22:54.000,1.88,15.47,6.98,44.68728,-124.156658
2021-05-19T02:37:54.000,1.87,15.39,6.98,44.68728,-124.156658
2021-05-19T02:52:54.000,1.88,15.47,6.98,44.68728,-124.156658
2021-05-19T03:07:54.000,1.88,15.51,6.98,44.68728,-124.156658
2021-05-19T03:22:54.000,1.88,15.51,6.98,44.68728,-124.156658
2021-05-19T03:37:54.000,1.88,15.51,6.98,44.68728,-124.156658
2021-05-19T03:52:54.000,1.88,15.52,6.98,44.68728,-124.156658
2021-05-19T04:07:54.000,1.89,15.59,6.99,44.68728,-124.156658
2021-05-19T04:22:54.000,1.92,15.79,6.99,44.68728,-124.156658
2021-05-19T04:37:54.000,1.95,16.03,7,44.68728,-124.156658
2021-05-19T04:52:54.000,1.98,16.28,7,44.68728,-124.156658
2021-05-19T05:07:54.000,2,16.48,7,44.68728,-124.156658
2021-05-19T05:22:54.000,2.03,16.68,7,44.68728,-124.156658
2021-05-19T05:37:54.000,2.05,16.85,7,44.68728,-124.156658
2021-05-19T05:52:54.000,2.07,17.09,7.01,44.68728,-124.156658
2021-05-19T06:07:54.000,2.12,17.49,7.03,44.68728,-124.156658
2021-05-19T06:22:54.000,2.15,17.76,7.03,44.68728,-124.156658
2021-05-19T06:37:54.000,2.18,17.99,7.03,44.68728,-124.156658
2021-05-19T06:52:54.000,2.19,18.04,7.04,44.68728,-124.156658
2021-05-19T07:07:54.000,2.19,18.09,7.05,44.68728,-124.156658
2021-05-19T07:22:54.000,2.2,18.15,7.05,44.68728,-124.156658
2021-05-19T07:37:54.000,2.2,18.18,7.05,44.68728,-124.156658
2021-05-19T07:52:54.000,2.21,18.23,7.05,44.68728,-124.156658
2021-05-19T08:07:54.000,2.22,18.28,7.05,44.68728,-124.156658
2021-05-19T08:22:54.000,2.22,18.33,7.06,44.68728,-124.156658
2021-05-19T08:37:54.000,2.22,18.35,7.07,44.68728,-124.156658
2021-05-19T08:52:54.000,2.23,18.4,7.08,44.68728,-124.156658
2021-05-19T09:07:54.000,2.24,18.47,7.08,44.68728,-124.156658
2021-05-19T09:22:54.000,2.24,18.49,7.08,44.68728,-124.156658
2021-05-19T09:37:54.000,2.24,18.49,7.08,44.68728,-124.156658
2021-05-19T09:52:54.000,2.24,18.51,7.09,44.68728,-124.156658
2021-05-19T10:07:54.000,2.24,18.52,7.09,44.68728,-124.156658
2021-05-19T10:22:54.000,2.25,18.57,7.1,44.68728,-124.156658
2021-05-19T10:37:54.000,2.25,18.62,7.1,44.68728,-124.156658
2021-05-19T10:52:54.000,2.26,18.68,7.1,44.68728,-124.156658
2021-05-19T11:07:54.000,2.27,18.79,7.1,44.68728,-124.156658
2021-05-19T11:22:54.000,2.28,18.86,7.11,44.68728,-124.156658
2021-05-19T11:37:54.000,2.29,18.92,7.12,44.68728,-124.156658
2021-05-19T11:52:54.000,2.3,18.97,7.12,44.68728,-124.156658
2021-05-19T12:07:54.000,2.31,19.06,7.12,44.68728,-124.156658
2021-05-19T12:22:54.000,2.33,19.24,7.13,44.68728,-124.156658
2021-05-19T12:37:54.000,2.33,19.22,7.13,44.68728,-124.156658
2021-05-19T12:52:54.000,2.32,19.21,7.12,44.68728,-124.156658
2021-05-19T13:07:54.000,2.32,19.18,7.12,44.68728,-124.156658
2021-05-19T13:22:54.000,2.32,19.18,7.12,44.68728,-124.156658
2021-05-19T13:37:54.000,2.31,19.13,7.12,44.68728,-124.156658
2021-05-19T13:52:54.000,2.31,19.12,7.12,44.68728,-124.156658
2021-05-19T14:07:54.000,2.31,19.11,7.12,44.68728,-124.156658
2021-05-19T14:22:54.000,2.31,19.08,7.12,44.68728,-124.156658
2021-05-19T14:37:54.000,2.31,19.09,7.12,44.68728,-124.156658
2021-05-19T14:52:54.000,2.3,19,7.12,44.68728,-124.156658
2021-05-19T15:07:54.000,2.3,19,7.12,44.68728,-124.156658
2021-05-19T15:22:54.000,2.3,18.97,7.12,44.68728,-124.156658
2021-05-19T15:37:54.000,2.29,18.92,7.11,44.68728,-124.156658
2021-05-19T15:52:54.000,2.29,18.94,7.12,44.68728,-124.156658
2021-05-19T16:07:54.000,2.29,18.96,7.12,44.68728,-124.156658
2021-05-19T16:22:54.000,2.29,18.94,7.12,44.68728,-124.156658
2021-05-19T16:37:54.000,2.3,18.99,7.12,44.68728,-124.156658
2021-05-19T16:52:54.000,2.29,18.94,7.12,44.68728,-124.156658
2021-05-19T17:07:54.000,2.29,18.9,7.12,44.68728,-124.156658
2021-05-19T17:22:54.000,2.29,18.9,7.12,44.68728,-124.156658
2021-05-19T17:37:54.000,2.28,18.81,7.12,44.68728,-124.156658
2021-05-19T17:52:54.000,2.28,18.88,7.12,44.68728,-124.156658
2021-05-19T18:07:54.000,2.28,18.86,7.12,44.68728,-124.156658
2021-05-19T18:22:54.000,2.29,18.95,7.13,44.68728,-124.156658
2021-05-19T18:37:54.000,2.29,18.9,7.12,44.68728,-124.156658
2021-05-19T18:52:54.000,2.29,18.96,7.13,44.68728,-124.156658
2021-05-19T19:07:54.000,2.29,18.95,7.12,44.68728,-124.156658
2021-05-19T19:22:54.000,2.28,18.87,7.12,44.68728,-124.156658
2021-05-19T19:37:54.000,2.29,18.9,7.12,44.68728,-124.156658
2021-05-19T19:52:54.000,2.29,18.93,7.12,44.68728,-124.156658
2021-05-19T20:07:54.000,2.29,18.9,7.12,44.68728,-124.156658
2021-05-19T20:22:54.000,2.29,18.89,7.12,44.68728,-124.156658
2021-05-19T20:37:54.000,2.29,18.9,7.12,44.68728,-124.156658
2021-05-19T20:52:54.000,2.29,18.9,7.12,44.68728,-124.156658
2021-05-19T21:07:54.000,2.29,18.92,7.12,44.68728,-124.156658
2021-05-19T21:22:54.000,2.29,18.92,7.12,44.68728,-124.156658
2021-05-19T21:37:54.000,2.29,18.89,7.12,44.68728,-124.156658
2021-05-19T21:52:54.000,2.29,18.91,7.12,44.68728,-124.156658
2021-05-19T22:07:54.000,2.29,18.93,7.12,44.68728,-124.156658
2021-05-19T22:22:54.000,2.28,18.86,7.12,44.68728,-124.156658
2021-05-19T22:37:54.000,2.28,18.82,7.12,44.68728,-124.156658
2021-05-19T22:52:54.000,2.27,18.73,7.12,44.68728,-124.156658
2021-05-19T23:07:54.000,2.26,18.64,7.12,44.68728,-124.156658
2021-05-19T23:22:54.000,2.26,18.64,7.11,44.68728,-124.156658
2021-05-19T23:37:54.000,2.26,18.7,7.1,44.68728,-124.156658
2021-05-19T23:52:54.000,2.26,18.63,7.1,44.68728,-124.156658
2021-05-20T00:07:54.000,2.2,18.2,7.1,44.68728,-124.156658
2021-05-20T00:22:54.000,2.19,18.07,7.09,44.68728,-124.156658
2021-05-20T00:37:54.000,2.18,17.97,7.08,44.68728,-124.156658
2021-05-20T00:52:54.000,2.18,18.01,7.08,44.68728,-124.156658
2021-05-20T01:07:54.000,2.16,17.87,7.08,44.68728,-124.156658
2021-05-20T01:22:54.000,2.17,17.9,7.08,44.68728,-124.156658
2021-05-20T01:37:54.000,2.16,17.85,7.08,44.68728,-124.156658
2021-05-20T01:52:54.000,2.14,17.7,7.07,44.68728,-124.156658
2021-05-20T02:07:54.000,2.15,17.71,7.07,44.68728,-124.156658
2021-05-20T02:22:54.000,2.15,17.72,7.07,44.68728,-124.156658
2021-05-20T02:37:54.000,2.16,17.79,7.06,44.68728,-124.156658
2021-05-20T02:52:54.000,2.15,17.73,7.06,44.68728,-124.156658
2021-05-20T03:07:54.000,2.15,17.74,7.05,44.68728,-124.156658
2021-05-20T03:22:54.000,2.14,17.69,7.05,44.68728,-124.156658
2021-05-20T03:37:54.000,2.13,17.57,7.05,44.68728,-124.156658
2021-05-20T03:52:54.000,2.12,17.53,7.05,44.68728,-124.156658
2021-05-20T04:07:54.000,2.13,17.58,7.04,44.68728,-124.156658
2021-05-20T04:22:54.000,2.13,17.57,7.03,44.68728,-124.156658
2021-05-20T04:37:54.000,2.13,17.59,7.03,44.68728,-124.156658
2021-05-20T04:52:54.000,2.13,17.59,7.03,44.68728,-124.156658
2021-05-20T05:07:54.000,2.14,17.65,7.03,44.68728,-124.156658
2021-05-20T05:22:54.000,2.14,17.61,7.03,44.68728,-124.156658
2021-05-20T05:37:54.000,2.13,17.57,7.03,44.68728,-124.156658
2021-05-20T05:52:54.000,2.14,17.63,7.03,44.68728,-124.156658
2021-05-20T06:07:54.000,2.14,17.62,7.03,44.68728,-124.156658
2021-05-20T06:22:54.000,2.13,17.57,7.03,44.68728,-124.156658
2021-05-20T06:37:54.000,2.16,17.79,7.03,44.68728,-124.156658
2021-05-20T06:52:54.000,2.16,17.81,7.05,44.68728,-124.156658
2021-05-20T07:07:54.000,2.13,17.58,7.05,44.68728,-124.156658
2021-05-20T07:22:54.000,2.18,18,7.05,44.68728,-124.156658
2021-05-20T07:37:54.000,2.19,18.07,7.05,44.68728,-124.156658
2021-05-20T07:52:54.000,2.17,17.92,7.05,44.68728,-124.156658
2021-05-20T08:07:54.000,2.17,17.91,7.06,44.68728,-124.156658
2021-05-20T08:22:54.000,2.18,17.98,7.07,44.68728,-124.156658
2021-05-20T08:37:54.000,2.2,18.15,7.07,44.68728,-124.156658
2021-05-20T08:52:54.000,2.18,18.03,7.07,44.68728,-124.156658
2021-05-20T09:07:54.000,2.21,18.2,7.08,44.68728,-124.156658
2021-05-20T09:22:54.000,2.18,18.01,7.08,44.68728,-124.156658
2021-05-20T09:37:54.000,2.18,17.96,7.08,44.68728,-124.156658
2021-05-20T09:52:54.000,2.19,18.07,7.08,44.68728,-124.156658
2021-05-20T10:07:54.000,2.18,18.02,7.08,44.68728,-124.156658
2021-05-20T10:22:54.000,2.18,18.03,7.08,44.68728,-124.156658
2021-05-20T10:37:54.000,2.18,18.03,7.08,44.68728,-124.156658
2021-05-20T10:52:54.000,2.17,17.92,7.07,44.68728,-124.156658
2021-05-20T11:07:54.000,2.17,17.89,7.07,44.68728,-124.156658
2021-05-20T11:22:54.000,2.17,17.9,7.06,44.68728,-124.156658
2021-05-20T11:37:54.000,2.15,17.77,7.05,44.68728,-124.156658
2021-05-20T11:52:54.000,2.14,17.64,7.05,44.68728,-124.156658
2021-05-20T12:07:54.000,2.11,17.43,7.03,44.68728,-124.156658
2021-05-20T12:22:54.000,2.1,17.27,7.03,44.68728,-124.156658
2021-05-20T12:37:54.000,2.06,16.95,7.01,44.68728,-124.156658
2021-05-20T12:52:54.000,2.03,16.72,7,44.68728,-124.156658
2021-05-20T13:07:54.000,2,16.52,7,44.68728,-124.156658
2021-05-20T13:22:54.000,1.97,16.26,7,44.68728,-124.156658
2021-05-20T13:37:54.000,1.94,15.97,6.99,44.68728,-124.156658
2021-05-20T13:52:54.000,1.92,15.8,6.98,44.68728,-124.156658
2021-05-20T14:07:54.000,1.91,15.72,6.98,44.68728,-124.156658
2021-05-20T14:22:54.000,1.9,15.67,6.98,44.68728,-124.156658
2021-05-20T14:37:54.000,1.9,15.64,6.98,44.68728,-124.156658
2021-05-20T14:52:54.000,1.89,15.53,6.98,44.68728,-124.156658
2021-05-20T15:07:54.000,1.88,15.49,6.98,44.68728,-124.156658
2021-05-20T15:22:54.000,1.87,15.42,6.98,44.68728,-124.156658
2021-05-20T15:37:54.000,1.88,15.49,6.98,44.68728,-124.156658
2021-05-20T15:52:54.000,1.88,15.48,6.98,44.68728,-124.156658
2021-05-20T16:07:54.000,1.88,15.47,6.98,44.68728,-124.156658
2021-05-20T16:22:54.000,1.89,15.56,6.98,44.68728,-124.156658
2021-05-20T16:37:54.000,1.88,15.51,6.98,44.68728,-124.156658
2021-05-20T16:52:54.000,1.89,15.53,6.98,44.68728,-124.156658
2021-05-20T17:07:54.000,1.89,15.57,6.98,44.68728,-124.156658
2021-05-20T17:22:54.000,1.89,15.55,6.98,44.68728,-124.156658
2021-05-20T17:37:54.000,1.9,15.65,6.98,44.68728,-124.156658
2021-05-20T17:52:54.000,1.91,15.74,6.98,44.68728,-124.156658
2021-05-20T18:07:54.000,1.92,15.79,6.98,44.68728,-124.156658
2021-05-20T18:22:54.000,1.91,15.76,6.98,44.68728,-124.156658
2021-05-20T18:37:54.000,1.92,15.8,6.98,44.68728,-124.156658
2021-05-20T18:52:54.000,1.91,15.76,6.98,44.68728,-124.156658
2021-05-20T19:07:54.000,1.92,15.8,6.98,44.68728,-124.156658
2021-05-20T19:22:54.000,1.92,15.84,6.98,44.68728,-124.156658
2021-05-20T19:37:54.000,1.92,15.81,6.98,44.68728,-124.156658
2021-05-20T19:52:54.000,1.94,15.95,6.98,44.68728,-124.156658
2021-05-20T20:07:54.000,1.95,16.07,6.98,44.68728,-124.156658
2021-05-20T20:22:54.000,1.96,16.15,6.98,44.68728,-124.156658
2021-05-20T20:37:54.000,1.98,16.31,6.98,44.68728,-124.156658
2021-05-20T20:52:54.000,1.97,16.19,6.99,44.68728,-124.156658
2021-05-20T21:07:54.000,1.96,16.15,6.99,44.68728,-124.156658
2021-05-20T21:22:54.000,1.97,16.25,6.99,44.68728,-124.156658
2021-05-20T21:37:54.000,1.96,16.18,6.99,44.68728,-124.156658
2021-05-20T21:52:54.000,1.99,16.39,6.99,44.68728,-124.156658
2021-05-20T22:07:54.000,1.99,16.38,6.99,44.68728,-124.156658
2021-05-20T22:22:54.000,2,16.47,6.99,44.68728,-124.156658
2021-05-20T22:37:54.000,2,16.51,7,44.68728,-124.156658
2021-05-20T22:52:54.000,1.99,16.38,7,44.68728,-124.156658
2021-05-20T23:07:54.000,1.98,16.29,7,44.68728,-124.156658
2021-05-20T23:22:54.000,1.99,16.36,7,44.68728,-124.156658
2021-05-20T23:37:54.000,1.99,16.38,7,44.68728,-124.156658
2021-05-20T23:52:54.000,1.99,16.36,7,44.68728,-124.156658
2021-05-21T00:07:54.000,1.99,16.37,7,44.68728,-124.156658
2021-05-21T00:22:54.000,1.99,16.42,7,44.68728,-124.156658
2021-05-21T00:37:54.000,1.98,16.33,7,44.68728,-124.156658
2021-05-21T00:52:54.000,1.98,16.34,7,44.68728,-124.156658
2021-05-21T01:07:54.000,1.98,16.27,7,44.68728,-124.156658
2021-05-21T01:22:54.000,1.99,16.36,7,44.68728,-124.156658
2021-05-21T01:37:54.000,1.98,16.33,7,44.68728,-124.156658
2021-05-21T01:52:54.000,2,16.46,7,44.68728,-124.156658
2021-05-21T02:07:54.000,2,16.45,7,44.68728,-124.156658
2021-05-21T02:22:54.000,2,16.5,7,44.68728,-124.156658
2021-05-21T02:37:54.000,2.02,16.61,7,44.68728,-124.156658
2021-05-21T02:52:54.000,2.03,16.7,7,44.68728,-124.156658
2021-05-21T03:07:54.000,2.02,16.63,7,44.68728,-124.156658
2021-05-21T03:22:54.000,2.03,16.7,7,44.68728,-124.156658
2021-05-21T03:37:54.000,2.02,16.68,7,44.68728,-124.156658
2021-05-21T03:52:54.000,2.01,16.6,7,44.68728,-124.156658
2021-05-21T04:07:54.000,2.05,16.89,7,44.68728,-124.156658
2021-05-21T04:22:54.000,2.03,16.75,7,44.68728,-124.156658
2021-05-21T04:37:54.000,2.03,16.74,7,44.68728,-124.156658
2021-05-21T04:52:54.000,2.06,16.98,7,44.68728,-124.156658
2021-05-21T05:07:54.000,2.04,16.85,7,44.68728,-124.156658
2021-05-21T05:22:54.000,2.06,16.94,7,44.68728,-124.156658
2021-05-21T05:37:54.000,2.06,16.94,7,44.68728,-124.156658
2021-05-21T05:52:54.000,2.05,16.86,7,44.68728,-124.156658
2021-05-21T06:07:54.000,2.06,16.94,7,44.68728,-124.156658
2021-05-21T06:22:54.000,2.05,16.88,7,44.68728,-124.156658
2021-05-21T06:37:54.000,2.05,16.91,7,44.68728,-124.156658
2021-05-21T06:52:54.000,2.04,16.84,7,44.68728,-124.156658
2021-05-21T07:07:54.000,2.05,16.9,7,44.68728,-124.156658
2021-05-21T07:22:54.000,2.05,16.92,7,44.68728,-124.156658
2021-05-21T07:37:54.000,2.05,16.88,7,44.68728,-124.156658
2021-05-21T07:52:54.000,2.04,16.8,7,44.68728,-124.156658
2021-05-21T08:07:54.000,2.04,16.82,7,44.68728,-124.156658
2021-05-21T08:22:54.000,2.04,16.78,7,44.68728,-124.156658
2021-05-21T08:37:54.000,2.03,16.7,7,44.68728,-124.156658
2021-05-21T08:52:54.000,2.03,16.72,7,44.68728,-124.156658
2021-05-21T09:07:54.000,2.03,16.71,7,44.68728,-124.156658
2021-05-21T09:22:54.000,2,16.52,7,44.68728,-124.156658
2021-05-21T09:37:54.000,2.02,16.67,7,44.68728,-124.156658
2021-05-21T09:52:54.000,2.01,16.52,7,44.68728,-124.156658
2021-05-21T10:07:54.000,2,16.5,7,44.68728,-124.156658
2021-05-21T10:22:54.000,2.01,16.57,7.01,44.68728,-124.156658
2021-05-21T10:37:54.000,2.01,16.54,7.01,44.68728,-124.156658
2021-05-21T10:52:54.000,2.01,16.56,7.01,44.68728,-124.156658
2021-05-21T11:07:54.000,2,16.49,7.02,44.68728,-124.156658
2021-05-21T11:22:54.000,2.02,16.65,7.03,44.68728,-124.156658
2021-05-21T11:37:54.000,2.02,16.69,7.03,44.68728,-124.156658
2021-05-21T11:52:54.000,2.03,16.74,7.03,44.68728,-124.156658
2021-05-21T12:07:54.000,2.04,16.79,7.03,44.68728,-124.156658
2021-05-21T12:22:54.000,2.03,16.78,7.03,44.68728,-124.156658
2021-05-21T12:37:54.000,2.03,16.72,7.04,44.68728,-124.156658
2021-05-21T12:52:54.000,2.04,16.8,7.04,44.68728,-124.156658
2021-05-21T13:07:54.000,2.03,16.75,7.05,44.68728,-124.156658
2021-05-21T13:22:54.000,2.04,16.83,7.05,44.68728,-124.156658
2021-05-21T13:37:54.000,2.04,16.82,7.05,44.68728,-124.156658
2021-05-21T13:52:54.000,2.04,16.82,7.05,44.68728,-124.156658
2021-05-21T14:07:54.000,2.04,16.85,7.05,44.68728,-124.156658
2021-05-21T14:22:54.000,2.03,16.76,7.05,44.68728,-124.156658
2021-05-21T14:37:54.000,2.02,16.69,7.05,44.68728,-124.156658
2021-05-21T14:52:54.000,2.02,16.7,7.05,44.68728,-124.156658
2021-05-21T15:07:54.000,2.04,16.8,7.05,44.68728,-124.156658
2021-05-21T15:22:54.000,2.04,16.81,7.05,44.68728,-124.156658
2021-05-21T15:37:54.000,2.04,16.83,7.05,44.68728,-124.156658
2021-05-21T15:52:54.000,2,16.51,7.05,44.68728,-124.156658
2021-05-21T16:07:54.000,1.98,16.31,7.05,44.68728,-124.156658
2021-05-21T16:22:54.000,1.98,16.34,7.05,44.68728,-124.156658
2021-05-21T16:37:54.000,1.99,16.42,7.05,44.68728,-124.156658
2021-05-21T16:52:54.000,1.99,16.4,7.05,44.68728,-124.156658
2021-05-21T17:07:54.000,1.98,16.34,7.05,44.68728,-124.156658
2021-05-21T17:22:54.000,2.01,16.55,7.05,44.68728,-124.156658
2021-05-21T17:37:54.000,2,16.47,7.05,44.68728,-124.156658
2021-05-21T17:52:54.000,2.01,16.59,7.05,44.68728,-124.156658
2021-05-21T18:07:54.000,2.03,16.71,7.05,44.68728,-124.156658
2021-05-21T18:22:54.000,2.02,16.66,7.05,44.68728,-124.156658
2021-05-21T18:37:54.000,2.02,16.64,7.05,44.68728,-124.156658
2021-05-21T18:52:54.000,2.02,16.65,7.05,44.68728,-124.156658
2021-05-21T19:07:54.000,2.03,16.72,7.05,44.68728,-124.156658
2021-05-21T19:22:54.000,2.02,16.64,7.05,44.68728,-124.156658
2021-05-21T19:37:54.000,2.02,16.7,7.05,44.68728,-124.156658
2021-05-21T19:52:54.000,2.03,16.76,7.05,44.68728,-124.156658
2021-05-21T20:07:54.000,2.02,16.64,7.05,44.68728,-124.156658
2021-05-21T20:22:54.000,2.03,16.76,7.05,44.68728,-124.156658
2021-05-21T20:37:54.000,2.03,16.79,7.05,44.68728,-124.156658
2021-05-21T20:52:54.000,2.04,16.84,7.05,44.68728,-124.156658
2021-05-21T21:07:54.000,2.05,16.9,7.05,44.68728,-124.156658
2021-05-21T21:22:54.000,2.05,16.92,7.05,44.68728,-124.156658
2021-05-21T21:37:54.000,2.04,16.79,7.05,44.68728,-124.156658
2021-05-21T21:52:54.000,2.04,16.82,7.05,44.68728,-124.156658
2021-05-21T22:07:54.000,2.05,16.92,7.05,44.68728,-124.156658
2021-05-21T22:22:54.000,2.05,16.94,7.05,44.68728,-124.156658
2021-05-21T22:37:54.000,2.06,17.01,7.06,44.68728,-124.156658
2021-05-21T22:52:54.000,2.07,17.07,7.07,44.68728,-124.156658
2021-05-21T23:07:54.000,2.09,17.25,7.07,44.68728,-124.156658
2021-05-21T23:22:54.000,2.09,17.23,7.08,44.68728,-124.156658
2021-05-21T23:37:54.000,2.06,16.99,7.08,44.68728,-124.156658
2021-05-21T23:52:54.000,2.09,17.28,7.08,44.68728,-124.156658
2021-05-22T00:07:54.000,2.08,17.21,7.08,44.68728,-124.156658
2021-05-22T00:22:54.000,2.09,17.23,7.08,44.68728,-124.156658
2021-05-22T00:37:54.000,2.08,17.18,7.08,44.68728,-124.156658
2021-05-22T00:52:54.000,2.09,17.27,7.08,44.68728,-124.156658
2021-05-22T01:07:54.000,2.08,17.2,7.08,44.68728,-124.156658
2021-05-22T01:22:54.000,2.09,17.25,7.08,44.68728,-124.156658
2021-05-22T01:37:54.000,2.09,17.21,7.08,44.68728,-124.156658
2021-05-22T01:52:54.000,2.08,17.19,7.08,44.68728,-124.156658
2021-05-22T02:07:54.000,2.08,17.17,7.08,44.68728,-124.156658
2021-05-22T02:22:54.000,2.08,17.13,7.08,44.68728,-124.156658
2021-05-22T02:37:54.000,2.07,17.06,7.07,44.68728,-124.156658
2021-05-22T02:52:54.000,2.05,16.95,7.07,44.68728,-124.156658
2021-05-22T03:07:54.000,2.03,16.78,7.07,44.68728,-124.156658
2021-05-22T03:22:54.000,2.05,16.88,7.06,44.68728,-124.156658
2021-05-22T03:37:54.000,2.05,16.91,7.06,44.68728,-124.156658
2021-05-22T03:52:54.000,2.03,16.77,7.05,44.68728,-124.156658
2021-05-22T04:07:54.000,2.03,16.74,7.05,44.68728,-124.156658
2021-05-22T04:22:54.000,2.01,16.6,7.05,44.68728,-124.156658
2021-05-22T04:37:54.000,2.02,16.64,7.05,44.68728,-124.156658
2021-05-22T04:52:54.000,2.01,16.59,7.05,44.68728,-124.156658
2021-05-22T05:07:54.000,1.97,16.25,7.05,44.68728,-124.156658
2021-05-22T05:22:54.000,2,16.53,7.05,44.68728,-124.156658
2021-05-22T05:37:54.000,2.01,16.56,7.05,44.68728,-124.156658
2021-05-22T05:52:54.000,2,16.52,7.05,44.68728,-124.156658
2021-05-22T06:07:54.000,2.02,16.68,7.05,44.68728,-124.156658
2021-05-22T06:22:54.000,2,16.47,7.05,44.68728,-124.156658
2021-05-22T06:37:54.000,2.01,16.54,7.05,44.68728,-124.156658
2021-05-22T06:52:54.000,1.96,16.21,7.06,44.68728,-124.156658
2021-05-22T07:07:54.000,1.99,16.4,7.06,44.68728,-124.156658
2021-05-22T07:22:54.000,2.01,16.57,7.07,44.68728,-124.156658
2021-05-22T07:37:54.000,2.02,16.66,7.07,44.68728,-124.156658
2021-05-22T07:52:54.000,2.01,16.59,7.08,44.68728,-124.156658
2021-05-22T08:07:54.000,1.99,16.44,7.08,44.68728,-124.156658
2021-05-22T08:22:54.000,1.99,16.45,7.08,44.68728,-124.156658
2021-05-22T08:37:54.000,1.99,16.45,7.08,44.68728,-124.156658
2021-05-22T08:52:54.000,2,16.47,7.08,44.68728,-124.156658
2021-05-22T09:07:54.000,2,16.54,7.08,44.68728,-124.156658
2021-05-22T09:22:54.000,1.99,16.39,7.08,44.68728,-124.156658
2021-05-22T09:37:54.000,1.98,16.36,7.08,44.68728,-124.156658
2021-05-22T09:52:54.000,2.02,16.64,7.08,44.68728,-124.156658
2021-05-22T10:07:54.000,1.99,16.47,7.08,44.68728,-124.156658
2021-05-22T10:22:54.000,2,16.52,7.08,44.68728,-124.156658
2021-05-22T10:37:54.000,1.99,16.44,7.07,44.68728,-124.156658
2021-05-22T10:52:54.000,1.98,16.31,7.07,44.68728,-124.156658
2021-05-22T11:07:54.000,1.99,16.39,7.06,44.68728,-124.156658
2021-05-22T11:22:54.000,1.98,16.35,7.06,44.68728,-124.156658
2021-05-22T11:37:54.000,1.99,16.4,7.05,44.68728,-124.156658
2021-05-22T11:52:54.000,1.99,16.45,7.05,44.68728,-124.156658
2021-05-22T12:07:54.000,1.98,16.31,7.05,44.68728,-124.156658
2021-05-22T12:22:54.000,1.98,16.37,7.05,44.68728,-124.156658
2021-05-22T12:37:54.000,2.02,16.65,7.05,44.68728,-124.156658
2021-05-22T12:52:54.000,2.02,16.66,7.05,44.68728,-124.156658
2021-05-22T13:07:54.000,2.03,16.76,7.06,44.68728,-124.156658
2021-05-22T13:22:54.000,2.05,16.95,7.07,44.68728,-124.156658
2021-05-22T13:37:54.000,2.06,17.02,7.08,44.68728,-124.156658
2021-05-22T13:52:54.000,2.08,17.2,7.1,44.68728,-124.156658
2021-05-22T14:07:54.000,2.08,17.18,7.1,44.68728,-124.156658
2021-05-22T14:22:54.000,2.08,17.21,7.1,44.68728,-124.156658
2021-05-22T14:37:54.000,2.05,16.95,7.1,44.68728,-124.156658
2021-05-22T14:52:54.000,2.06,16.98,7.1,44.68728,-124.156658
2021-05-22T15:07:54.000,2.04,16.87,7.1,44.68728,-124.156658
2021-05-22T15:22:54.000,2.04,16.86,7.1,44.68728,-124.156658
2021-05-22T15:37:54.000,2.03,16.74,7.09,44.68728,-124.156658
2021-05-22T15:52:54.000,2.02,16.69,7.09,44.68728,-124.156658
2021-05-22T16:07:54.000,2.02,16.66,7.08,44.68728,-124.156658
2021-05-22T16:22:54.000,2.02,16.68,7.08,44.68728,-124.156658
2021-05-22T16:37:54.000,2.01,16.62,7.08,44.68728,-124.156658
2021-05-22T16:52:54.000,2.01,16.57,7.07,44.68728,-124.156658
2021-05-22T17:07:54.000,2.01,16.59,7.05,44.68728,-124.156658
2021-05-22T17:22:54.000,2.02,16.63,7.05,44.68728,-124.156658
2021-05-22T17:37:54.000,2.01,16.57,7.05,44.68728,-124.156658
2021-05-22T17:52:54.000,2,16.53,7.04,44.68728,-124.156658
2021-05-22T18:07:54.000,2,16.45,7.04,44.68728,-124.156658
2021-05-22T18:22:54.000,2.01,16.6,7.03,44.68728,-124.156658
2021-05-22T18:37:54.000,2,16.5,7.03,44.68728,-124.156658
2021-05-22T18:52:54.000,2.02,16.66,7.03,44.68728,-124.156658
2021-05-22T19:07:54.000,2.03,16.75,7.03,44.68728,-124.156658
2021-05-22T19:22:54.000,2.04,16.78,7.03,44.68728,-124.156658
2021-05-22T19:37:54.000,2.03,16.73,7.03,44.68728,-124.156658
2021-05-22T19:52:54.000,2.04,16.81,7.03,44.68728,-124.156658
2021-05-22T20:07:54.000,2.05,16.93,7.03,44.68728,-124.156658
2021-05-22T20:22:54.000,2.06,17.02,7.03,44.68728,-124.156658
2021-05-22T20:37:54.000,2.06,17.02,7.03,44.68728,-124.156658
2021-05-22T20:52:54.000,2.07,17.07,7.03,44.68728,-124.156658
2021-05-22T21:07:54.000,2.09,17.19,7.03,44.68728,-124.156658
2021-05-22T21:22:54.000,2.09,17.25,7.03,44.68728,-124.156658
2021-05-22T21:37:54.000,2.08,17.12,7.03,44.68728,-124.156658
2021-05-22T21:52:54.000,2.09,17.26,7.03,44.68728,-124.156658
2021-05-22T22:07:54.000,2.1,17.34,7.03,44.68728,-124.156658
2021-05-22T22:22:54.000,2.13,17.54,7.03,44.68728,-124.156658
2021-05-22T22:37:54.000,2.12,17.44,7.03,44.68728,-124.156658
2021-05-22T22:52:54.000,2.14,17.65,7.03,44.68728,-124.156658
2021-05-22T23:07:54.000,2.13,17.59,7.03,44.68728,-124.156658
2021-05-22T23:22:54.000,2.13,17.6,7.04,44.68728,-124.156658
2021-05-22T23:37:54.000,2.14,17.63,7.04,44.68728,-124.156658
2021-05-22T23:52:54.000,2.13,17.6,7.04,44.68728,-124.156658
2021-05-23T00:07:54.000,2.13,17.59,7.04,44.68728,-124.156658
2021-05-23T00:22:54.000,2.15,17.76,7.04,44.68728,-124.156658
2021-05-23T00:37:54.000,2.14,17.63,7.03,44.68728,-124.156658
2021-05-23T00:52:54.000,2.06,17,7.03,44.68728,-124.156658
2021-05-23T01:07:54.000,2.07,17.03,7.03,44.68728,-124.156658
2021-05-23T01:22:54.000,2.07,17.09,7.03,44.68728,-124.156658
2021-05-23T01:37:54.000,2.11,17.42,7.03,44.68728,-124.156658
2021-05-23T01:52:54.000,2.11,17.43,7.03,44.68728,-124.156658
2021-05-23T02:07:54.000,2.06,17,7.03,44.68728,-124.156658
2021-05-23T02:22:54.000,2.08,17.11,7.03,44.68728,-124.156658
2021-05-23T02:37:54.000,2.09,17.25,7.03,44.68728,-124.156658
2021-05-23T02:52:54.000,2.1,17.27,7.03,44.68728,-124.156658
2021-05-23T03:07:54.000,2.08,17.16,7.04,44.68728,-124.156658
2021-05-23T03:22:54.000,2.11,17.44,7.04,44.68728,-124.156658
2021-05-23T03:37:54.000,2.12,17.45,7.05,44.68728,-124.156658
2021-05-23T03:52:54.000,2.18,17.96,7.05,44.68728,-124.156658
2021-05-23T04:07:54.000,2.17,17.88,7.05,44.68728,-124.156658
2021-05-23T04:22:54.000,2.21,18.22,7.05,44.68728,-124.156658
2021-05-23T04:37:54.000,2.23,18.41,7.05,44.68728,-124.156658
2021-05-23T04:52:54.000,2.25,18.56,7.06,44.68728,-124.156658
2021-05-23T05:07:54.000,2.25,18.56,7.06,44.68728,-124.156658
2021-05-23T05:22:54.000,2.22,18.3,7.07,44.68728,-124.156658
2021-05-23T05:37:54.000,2.25,18.6,7.07,44.68728,-124.156658
2021-05-23T05:52:54.000,2.26,18.66,7.07,44.68728,-124.156658
2021-05-23T06:07:54.000,2.28,18.83,7.08,44.68728,-124.156658
2021-05-23T06:22:54.000,2.29,18.91,7.08,44.68728,-124.156658
2021-05-23T06:37:54.000,2.28,18.85,7.08,44.68728,-124.156658
2021-05-23T06:52:54.000,2.33,19.22,7.08,44.68728,-124.156658
2021-05-23T07:07:54.000,2.25,18.61,7.08,44.68728,-124.156658
2021-05-23T07:22:54.000,2.29,18.88,7.08,44.68728,-124.156658
2021-05-23T07:37:54.000,2.3,19.01,7.08,44.68728,-124.156658
2021-05-23T07:52:54.000,2.28,18.8,7.08,44.68728,-124.156658
2021-05-23T08:07:54.000,2.28,18.83,7.08,44.68728,-124.156658
2021-05-23T08:22:54.000,2.31,19.09,7.08,44.68728,-124.156658
2021-05-23T08:37:54.000,2.29,18.86,7.08,44.68728,-124.156658
2021-05-23T08:52:54.000,2.33,19.21,7.08,44.68728,-124.156658
2021-05-23T09:07:54.000,2.31,19.1,7.08,44.68728,-124.156658
2021-05-23T09:22:54.000,2.34,19.3,7.08,44.68728,-124.156658
2021-05-23T09:37:54.000,2.36,19.52,7.08,44.68728,-124.156658
2021-05-23T09:52:54.000,2.34,19.31,7.08,44.68728,-124.156658
2021-05-23T10:07:54.000,2.34,19.29,7.08,44.68728,-124.156658
2021-05-23T10:22:54.000,2.35,19.36,7.08,44.68728,-124.156658
2021-05-23T10:37:54.000,2.35,19.36,7.08,44.68728,-124.156658
2021-05-23T10:52:54.000,2.32,19.17,7.08,44.68728,-124.156658
2021-05-23T11:07:54.000,2.35,19.37,7.08,44.68728,-124.156658
2021-05-23T11:22:54.000,2.36,19.46,7.08,44.68728,-124.156658
2021-05-23T11:37:54.000,2.32,19.17,7.08,44.68728,-124.156658
2021-05-23T11:52:54.000,2.34,19.28,7.08,44.68728,-124.156658
2021-05-23T12:07:54.000,2.33,19.23,7.07,44.68728,-124.156658
2021-05-23T12:22:54.000,2.3,18.95,7.07,44.68728,-124.156658
2021-05-23T12:37:54.000,2.26,18.66,7.06,44.68728,-124.156658
2021-05-23T12:52:54.000,2.22,18.29,7.05,44.68728,-124.156658
2021-05-23T13:07:54.000,2.2,18.13,7.05,44.68728,-124.156658
2021-05-23T13:22:54.000,2.16,17.78,7.05,44.68728,-124.156658
2021-05-23T13:37:54.000,2.14,17.62,7.05,44.68728,-124.156658
2021-05-23T13:52:54.000,2.12,17.51,7.05,44.68728,-124.156658
2021-05-23T14:07:54.000,2.13,17.58,7.05,44.68728,-124.156658
2021-05-23T14:22:54.000,2.12,17.47,7.05,44.68728,-124.156658
2021-05-23T14:37:54.000,2.15,17.71,7.05,44.68728,-124.156658
2021-05-23T14:52:54.000,2.14,17.68,7.05,44.68728,-124.156658
2021-05-23T15:07:54.000,2.16,17.79,7.05,44.68728,-124.156658
2021-05-23T15:22:54.000,2.17,17.87,7.05,44.68728,-124.156658
2021-05-23T15:37:54.000,2.2,18.16,7.06,44.68728,-124.156658
2021-05-23T15:52:54.000,2.22,18.34,7.06,44.68728,-124.156658
2021-05-23T16:07:54.000,2.24,18.53,7.07,44.68728,-124.156658
2021-05-23T16:22:54.000,2.26,18.64,7.07,44.68728,-124.156658
2021-05-23T16:37:54.000,2.24,18.53,7.08,44.68728,-124.156658
2021-05-23T16:52:54.000,2.29,18.93,7.08,44.68728,-124.156658
2021-05-23T17:07:54.000,2.32,19.14,7.08,44.68728,-124.156658
2021-05-23T17:22:54.000,2.32,19.17,7.09,44.68728,-124.156658
2021-05-23T17:37:54.000,2.36,19.49,7.09,44.68728,-124.156658
2021-05-23T17:52:54.000,2.38,19.66,7.1,44.68728,-124.156658
2021-05-23T18:07:54.000,2.38,19.7,7.1,44.68728,-124.156658
2021-05-23T18:22:54.000,2.38,19.64,7.1,44.68728,-124.156658
2021-05-23T18:37:54.000,2.42,19.98,7.1,44.68728,-124.156658
2021-05-23T18:52:54.000,2.44,20.17,7.1,44.68728,-124.156658
2021-05-23T19:07:54.000,2.44,20.15,7.1,44.68728,-124.156658
2021-05-23T19:22:54.000,2.46,20.28,7.1,44.68728,-124.156658
2021-05-23T19:37:54.000,2.45,20.26,7.11,44.68728,-124.156658
2021-05-23T19:52:54.000,2.43,20.07,7.11,44.68728,-124.156658
2021-05-23T20:07:54.000,2.43,20.08,7.11,44.68728,-124.156658
2021-05-23T20:22:54.000,2.43,20.11,7.11,44.68728,-124.156658
2021-05-23T20:37:54.000,2.46,20.32,7.12,44.68728,-124.156658
2021-05-23T20:52:54.000,2.47,20.38,7.12,44.68728,-124.156658
2021-05-23T21:07:54.000,2.49,20.55,7.12,44.68728,-124.156658
2021-05-23T21:22:54.000,2.49,20.55,7.12,44.68728,-124.156658
2021-05-23T21:37:54.000,2.49,20.57,7.12,44.68728,-124.156658
2021-05-23T21:52:54.000,2.48,20.53,7.12,44.68728,-124.156658
2021-05-23T22:07:54.000,2.5,20.66,7.12,44.68728,-124.156658
2021-05-23T22:22:54.000,2.48,20.5,7.12,44.68728,-124.156658
2021-05-23T22:37:54.000,2.47,20.39,7.12,44.68728,-124.156658
2021-05-23T22:52:54.000,2.48,20.52,7.12,44.68728,-124.156658
2021-05-23T23:07:54.000,2.46,20.36,7.11,44.68728,-124.156658
2021-05-23T23:22:54.000,2.43,20.05,7.1,44.68728,-124.156658
2021-05-23T23:37:54.000,2.42,19.95,7.1,44.68728,-124.156658
2021-05-23T23:52:54.000,2.39,19.75,7.1,44.68728,-124.156658
2021-05-24T00:07:54.000,2.35,19.44,7.1,44.68728,-124.156658
2021-05-24T00:22:54.000,2.31,19.07,7.09,44.68728,-124.156658
2021-05-24T00:37:54.000,2.27,18.76,7.09,44.68728,-124.156658
2021-05-24T00:52:54.000,2.3,18.96,7.09,44.68728,-124.156658
2021-05-24T01:07:54.000,2.28,18.86,7.08,44.68728,-124.156658
2021-05-24T01:22:54.000,2.28,18.85,7.08,44.68728,-124.156658
2021-05-24T01:37:54.000,2.24,18.53,7.08,44.68728,-124.156658
2021-05-24T01:52:54.000,2.25,18.56,7.08,44.68728,-124.156658
2021-05-24T02:07:54.000,2.24,18.52,7.08,44.68728,-124.156658
2021-05-24T02:22:54.000,2.26,18.65,7.08,44.68728,-124.156658
2021-05-24T02:37:54.000,2.24,18.5,7.08,44.68728,-124.156658
2021-05-24T02:52:54.000,2.26,18.62,7.08,44.68728,-124.156658
2021-05-24T03:07:54.000,2.28,18.78,7.09,44.68728,-124.156658
2021-05-24T03:22:54.000,2.3,18.98,7.09,44.68728,-124.156658
2021-05-24T03:37:54.000,2.3,19.03,7.09,44.68728,-124.156658
2021-05-24T03:52:54.000,2.32,19.17,7.1,44.68728,-124.156658
2021-05-24T04:07:54.000,2.34,19.33,7.1,44.68728,-124.156658
2021-05-24T04:22:54.000,2.36,19.46,7.1,44.68728,-124.156658
2021-05-24T04:37:54.000,2.38,19.62,7.1,44.68728,-124.156658
2021-05-24T04:52:54.000,2.4,19.8,7.1,44.68728,-124.156658
2021-05-24T05:07:54.000,2.39,19.77,7.1,44.68728,-124.156658
2021-05-24T05:22:54.000,2.4,19.83,7.1,44.68728,-124.156658
2021-05-24T05:37:54.000,2.42,20.02,7.11,44.68728,-124.156658
2021-05-24T05:52:54.000,2.43,20.03,7.11,44.68728,-124.156658
2021-05-24T06:07:54.000,2.42,19.96,7.11,44.68728,-124.156658
2021-05-24T06:22:54.000,2.44,20.18,7.12,44.68728,-124.156658
2021-05-24T06:37:54.000,2.46,20.31,7.12,44.68728,-124.156658
2021-05-24T06:52:54.000,2.45,20.22,7.12,44.68728,-124.156658
2021-05-24T07:07:54.000,2.45,20.25,7.12,44.68728,-124.156658
2021-05-24T07:22:54.000,2.43,20.06,7.12,44.68728,-124.156658
2021-05-24T07:37:54.000,2.41,19.92,7.12,44.68728,-124.156658
2021-05-24T07:52:54.000,2.41,19.91,7.12,44.68728,-124.156658
2021-05-24T08:07:54.000,2.39,19.74,7.12,44.68728,-124.156658
2021-05-24T08:22:54.000,2.42,19.99,7.12,44.68728,-124.156658
2021-05-24T08:37:54.000,2.4,19.81,7.12,44.68728,-124.156658
2021-05-24T08:52:54.000,2.4,19.79,7.12,44.68728,-124.156658
2021-05-24T09:07:54.000,2.37,19.55,7.1,44.68728,-124.156658
2021-05-24T09:22:54.000,2.33,19.23,7.1,44.68728,-124.156658
2021-05-24T09:37:54.000,2.3,18.97,7.1,44.68728,-124.156658
2021-05-24T09:52:54.000,2.3,18.99,7.1,44.68728,-124.156658
2021-05-24T10:07:54.000,2.28,18.81,7.1,44.68728,-124.156658
2021-05-24T10:22:54.000,2.26,18.65,7.1,44.68728,-124.156658
2021-05-24T10:37:54.000,2.25,18.56,7.09,44.68728,-124.156658
2021-05-24T10:52:54.000,2.22,18.29,7.08,44.68728,-124.156658
2021-05-24T11:07:54.000,2.2,18.19,7.08,44.68728,-124.156658
2021-05-24T11:22:54.000,2.17,17.95,7.08,44.68728,-124.156658
2021-05-24T11:37:54.000,2.18,17.99,7.08,44.68728,-124.156658
2021-05-24T11:52:54.000,2.17,17.88,7.08,44.68728,-124.156658
2021-05-24T12:07:54.000,2.16,17.79,7.08,44.68728,-124.156658
2021-05-24T12:22:54.000,2.13,17.58,7.08,44.68728,-124.156658
2021-05-24T12:37:54.000,2.12,17.48,7.07,44.68728,-124.156658
2021-05-24T12:52:54.000,2.13,17.62,7.08,44.68728,-124.156658
2021-05-24T13:07:54.000,2.12,17.5,7.07,44.68728,-124.156658
2021-05-24T13:22:54.000,2.11,17.42,7.07,44.68728,-124.156658
2021-05-24T13:37:54.000,2.1,17.31,7.07,44.68728,-124.156658
2021-05-24T13:52:54.000,2.1,17.32,7.07,44.68728,-124.156658
2021-05-24T14:07:54.000,2.09,17.21,7.08,44.68728,-124.156658
2021-05-24T14:22:54.000,2.09,17.28,7.08,44.68728,-124.156658
2021-05-24T14:37:54.000,2.08,17.2,7.08,44.68728,-124.156658
2021-05-24T14:52:54.000,2.09,17.25,7.08,44.68728,-124.156658
2021-05-24T15:07:54.000,2.09,17.25,7.08,44.68728,-124.156658
2021-05-24T15:22:54.000,2.08,17.19,7.08,44.68728,-124.156658
2021-05-24T15:37:54.000,2.08,17.21,7.08,44.68728,-124.156658
2021-05-24T15:52:54.000,2.07,17.12,7.08,44.68728,-124.156658
2021-05-24T16:07:54.000,2.09,17.29,7.08,44.68728,-124.156658
2021-05-24T16:22:54.000,2.1,17.34,7.08,44.68728,-124.156658
2021-05-24T16:37:54.000,2.09,17.27,7.08,44.68728,-124.156658
2021-05-24T16:52:54.000,2.09,17.29,7.08,44.68728,-124.156658
2021-05-24T17:07:54.000,2.09,17.27,7.08,44.68728,-124.156658
2021-05-24T17:22:54.000,2.1,17.3,7.08,44.68728,-124.156658
2021-05-24T17:37:54.000,2.09,17.26,7.08,44.68728,-124.156658
2021-05-24T17:52:54.000,2.09,17.29,7.08,44.68728,-124.156658
2021-05-24T18:07:54.000,2.08,17.2,7.08,44.68728,-124.156658
2021-05-24T18:22:54.000,2.08,17.18,7.08,44.68728,-124.156658
2021-05-24T18:37:54.000,2.07,17.12,7.08,44.68728,-124.156658
2021-05-24T18:52:54.000,2.07,17.06,7.08,44.68728,-124.156658
2021-05-24T19:07:54.000,2.06,16.98,7.08,44.68728,-124.156658
2021-05-24T19:22:54.000,2.05,16.96,7.08,44.68728,-124.156658
2021-05-24T19:37:54.000,2.06,16.99,7.08,44.68728,-124.156658
2021-05-24T19:52:54.000,2.06,17,7.08,44.68728,-124.156658
2021-05-24T20:07:54.000,2.05,16.96,7.08,44.68728,-124.156658
2021-05-24T20:22:54.000,2.04,16.83,7.08,44.68728,-124.156658
2021-05-24T20:37:54.000,2.04,16.83,7.08,44.68728,-124.156658
2021-05-24T20:52:54.000,2.04,16.84,7.08,44.68728,-124.156658
2021-05-24T21:07:54.000,2.03,16.76,7.08,44.68728,-124.156658
2021-05-24T21:22:54.000,2.04,16.84,7.08,44.68728,-124.156658
2021-05-24T21:37:54.000,2.03,16.8,7.09,44.68728,-124.156658
2021-05-24T21:52:54.000,2.02,16.65,7.1,44.68728,-124.156658
2021-05-24T22:07:54.000,2.02,16.7,7.1,44.68728,-124.156658
2021-05-24T22:22:54.000,2.01,16.63,7.1,44.68728,-124.156658
2021-05-24T22:37:54.000,2.01,16.6,7.12,44.68728,-124.156658
2021-05-24T22:52:54.000,2.02,16.69,7.13,44.68728,-124.156658
2021-05-24T23:07:54.000,2.02,16.67,7.14,44.68728,-124.156658
2021-05-24T23:22:54.000,2.04,16.86,7.15,44.68728,-124.156658
2021-05-24T23:37:54.000,2.07,17.1,7.17,44.68728,-124.156658
2021-05-24T23:52:54.000,2.09,17.32,7.2,44.68728,-124.156658
2021-05-25T00:07:54.000,2.13,17.62,7.23,44.68728,-124.156658
2021-05-25T00:22:54.000,2.17,17.96,7.25,44.68728,-124.156658
2021-05-25T00:37:54.000,2.19,18.18,7.27,44.68728,-124.156658
2021-05-25T00:52:54.000,2.21,18.37,7.29,44.68728,-124.156658
2021-05-25T01:07:54.000,2.22,18.43,7.29,44.68728,-124.156658
2021-05-25T01:22:54.000,2.24,18.56,7.31,44.68728,-124.156658
2021-05-25T01:37:54.000,2.24,18.61,7.32,44.68728,-124.156658
2021-05-25T01:52:54.000,2.24,18.6,7.31,44.68728,-124.156658
2021-05-25T02:07:54.000,2.23,18.5,7.3,44.68728,-124.156658
2021-05-25T02:22:54.000,2.23,18.52,7.29,44.68728,-124.156658
2021-05-25T02:37:54.000,2.23,18.48,7.29,44.68728,-124.156658
2021-05-25T02:52:54.000,2.23,18.52,7.29,44.68728,-124.156658
2021-05-25T03:07:54.000,2.23,18.48,7.29,44.68728,-124.156658
2021-05-25T03:22:54.000,2.22,18.43,7.29,44.68728,-124.156658
2021-05-25T03:37:54.000,2.22,18.42,7.28,44.68728,-124.156658
2021-05-25T03:52:54.000,2.22,18.39,7.28,44.68728,-124.156658
2021-05-25T04:07:54.000,2.22,18.45,7.28,44.68728,-124.156658
2021-05-25T04:22:54.000,2.22,18.43,7.27,44.68728,-124.156658
2021-05-25T04:37:54.000,2.21,18.35,7.27,44.68728,-124.156658
2021-05-25T04:52:54.000,2.21,18.37,7.27,44.68728,-124.156658
2021-05-25T05:07:54.000,2.22,18.38,7.27,44.68728,-124.156658
2021-05-25T05:22:54.000,2.22,18.38,7.27,44.68728,-124.156658
2021-05-25T05:37:54.000,2.23,18.46,7.27,44.68728,-124.156658
2021-05-25T05:52:54.000,2.23,18.48,7.27,44.68728,-124.156658
2021-05-25T06:07:54.000,2.24,18.54,7.27,44.68728,-124.156658
2021-05-25T06:22:54.000,2.24,18.56,7.28,44.68728,-124.156658
2021-05-25T06:37:54.000,2.24,18.6,7.28,44.68728,-124.156658
2021-05-25T06:52:54.000,2.24,18.6,7.29,44.68728,-124.156658
2021-05-25T07:07:54.000,2.25,18.67,7.29,44.68728,-124.156658
2021-05-25T07:22:54.000,2.26,18.75,7.29,44.68728,-124.156658
2021-05-25T07:37:54.000,2.27,18.8,7.29,44.68728,-124.156658
2021-05-25T07:52:54.000,2.26,18.79,7.3,44.68728,-124.156658
2021-05-25T08:07:54.000,2.26,18.76,7.3,44.68728,-124.156658
2021-05-25T08:22:54.000,2.27,18.86,7.3,44.68728,-124.156658
2021-05-25T08:37:54.000,2.27,18.86,7.3,44.68728,-124.156658
2021-05-25T08:52:54.000,2.27,18.87,7.3,44.68728,-124.156658
2021-05-25T09:07:54.000,2.27,18.81,7.31,44.68728,-124.156658
2021-05-25T09:22:54.000,2.26,18.79,7.32,44.68728,-124.156658
2021-05-25T09:37:54.000,2.27,18.85,7.32,44.68728,-124.156658
2021-05-25T09:52:54.000,2.27,18.85,7.32,44.68728,-124.156658
2021-05-25T10:07:54.000,2.27,18.82,7.32,44.68728,-124.156658
2021-05-25T10:22:54.000,2.27,18.84,7.32,44.68728,-124.156658
2021-05-25T10:37:54.000,2.28,18.97,7.34,44.68728,-124.156658
2021-05-25T10:52:54.000,2.3,19.09,7.34,44.68728,-124.156658
2021-05-25T11:07:54.000,2.31,19.17,7.36,44.68728,-124.156658
2021-05-25T11:22:54.000,2.29,19.05,7.36,44.68728,-124.156658
2021-05-25T11:37:54.000,2.3,19.08,7.37,44.68728,-124.156658
2021-05-25T11:52:54.000,2.31,19.16,7.37,44.68728,-124.156658
2021-05-25T12:07:54.000,2.29,19.02,7.37,44.68728,-124.156658
2021-05-25T12:22:54.000,2.29,19.03,7.37,44.68728,-124.156658
2021-05-25T12:37:54.000,2.31,19.2,7.37,44.68728,-124.156658
2021-05-25T12:52:54.000,2.3,19.15,7.37,44.68728,-124.156658
2021-05-25T13:07:54.000,2.28,18.99,7.37,44.68728,-124.156658
2021-05-25T13:22:54.000,2.28,18.94,7.36,44.68728,-124.156658
2021-05-25T13:37:54.000,2.27,18.91,7.36,44.68728,-124.156658
2021-05-25T13:52:54.000,2.28,18.92,7.35,44.68728,-124.156658
2021-05-25T14:07:54.000,2.27,18.85,7.35,44.68728,-124.156658
2021-05-25T14:22:54.000,2.26,18.74,7.35,44.68728,-124.156658
2021-05-25T14:37:54.000,2.26,18.76,7.35,44.68728,-124.156658
2021-05-25T14:52:54.000,2.26,18.77,7.35,44.68728,-124.156658
2021-05-25T15:07:54.000,2.27,18.88,7.35,44.68728,-124.156658
2021-05-25T15:22:54.000,2.27,18.9,7.35,44.68728,-124.156658
2021-05-25T15:37:54.000,2.28,18.92,7.35,44.68728,-124.156658
2021-05-25T15:52:54.000,2.26,18.78,7.35,44.68728,-124.156658
2021-05-25T16:07:54.000,2.25,18.74,7.35,44.68728,-124.156658
2021-05-25T16:22:54.000,2.27,18.83,7.35,44.68728,-124.156658
2021-05-25T16:37:54.000,2.26,18.8,7.35,44.68728,-124.156658
2021-05-25T16:52:54.000,2.26,18.81,7.35,44.68728,-124.156658
2021-05-25T17:07:54.000,2.27,18.84,7.35,44.68728,-124.156658
2021-05-25T17:22:54.000,2.27,18.82,7.35,44.68728,-124.156658
2021-05-25T17:37:54.000,2.28,18.92,7.35,44.68728,-124.156658
2021-05-25T17:52:54.000,2.27,18.87,7.35,44.68728,-124.156658
2021-05-25T18:07:54.000,2.27,18.85,7.35,44.68728,-124.156658
2021-05-25T18:22:54.000,2.27,18.82,7.35,44.68728,-124.156658
2021-05-25T18:37:54.000,2.26,18.8,7.34,44.68728,-124.156658
2021-05-25T18:52:54.000,2.27,18.82,7.34,44.68728,-124.156658
2021-05-25T19:07:54.000,2.26,18.79,7.34,44.68728,-124.156658
2021-05-25T19:22:54.000,2.26,18.77,7.34,44.68728,-124.156658
2021-05-25T19:37:54.000,2.26,18.8,7.34,44.68728,-124.156658
2021-05-25T19:52:54.000,2.26,18.76,7.34,44.68728,-124.156658
2021-05-25T20:07:54.000,2.26,18.79,7.34,44.68728,-124.156658
2021-05-25T20:22:54.000,2.26,18.76,7.35,44.68728,-124.156658
2021-05-25T20:37:54.000,2.26,18.77,7.35,44.68728,-124.156658
2021-05-25T20:52:54.000,2.26,18.77,7.35,44.68728,-124.156658
2021-05-25T21:07:54.000,2.26,18.75,7.35,44.68728,-124.156658
2021-05-25T21:22:54.000,2.26,18.76,7.36,44.68728,-124.156658
2021-05-25T21:37:54.000,2.26,18.75,7.36,44.68728,-124.156658
2021-05-25T21:52:54.000,2.25,18.72,7.36,44.68728,-124.156658
2021-05-25T22:07:54.000,2.25,18.71,7.36,44.68728,-124.156658
2021-05-25T22:22:54.000,2.25,18.73,7.36,44.68728,-124.156658
2021-05-25T22:37:54.000,2.25,18.74,7.36,44.68728,-124.156658
2021-05-25T22:52:54.000,2.26,18.77,7.37,44.68728,-124.156658
2021-05-25T23:07:54.000,2.27,18.84,7.37,44.68728,-124.156658
2021-05-25T23:22:54.000,2.28,18.93,7.37,44.68728,-124.156658
2021-05-25T23:37:54.000,2.28,18.99,7.37,44.68728,-124.156658
2021-05-25T23:52:54.000,2.29,19.02,7.39,44.68728,-124.156658
2021-05-26T00:07:54.000,2.3,19.13,7.39,44.68728,-124.156658
2021-05-26T00:22:54.000,2.3,19.16,7.39,44.68728,-124.156658
2021-05-26T00:37:54.000,2.3,19.16,7.4,44.68728,-124.156658
2021-05-26T00:52:54.000,2.32,19.27,7.4,44.68728,-124.156658
2021-05-26T01:07:54.000,2.31,19.22,7.41,44.68728,-124.156658
2021-05-26T01:22:54.000,2.3,19.13,7.4,44.68728,-124.156658
2021-05-26T01:37:54.000,2.3,19.14,7.4,44.68728,-124.156658
2021-05-26T01:52:54.000,2.3,19.16,7.39,44.68728,-124.156658
2021-05-26T02:07:54.000,2.29,19.09,7.39,44.68728,-124.156658
2021-05-26T02:22:54.000,2.29,19.01,7.39,44.68728,-124.156658
2021-05-26T02:37:54.000,2.28,18.95,7.39,44.68728,-124.156658
2021-05-26T02:52:54.000,2.28,18.93,7.39,44.68728,-124.156658
2021-05-26T03:07:54.000,2.27,18.84,7.39,44.68728,-124.156658
2021-05-26T03:22:54.000,2.25,18.75,7.38,44.68728,-124.156658
2021-05-26T03:37:54.000,2.25,18.71,7.37,44.68728,-124.156658
2021-05-26T03:52:54.000,2.24,18.59,7.37,44.68728,-124.156658
2021-05-26T04:07:54.000,2.24,18.59,7.37,44.68728,-124.156658
2021-05-26T04:22:54.000,2.23,18.55,7.37,44.68728,-124.156658
2021-05-26T04:37:54.000,2.23,18.51,7.37,44.68728,-124.156658
2021-05-26T04:52:54.000,2.23,18.51,7.37,44.68728,-124.156658
2021-05-26T05:07:54.000,2.22,18.45,7.37,44.68728,-124.156658
2021-05-26T05:22:54.000,2.22,18.48,7.37,44.68728,-124.156658
2021-05-26T05:37:54.000,2.23,18.51,7.37,44.68728,-124.156658
2021-05-26T05:52:54.000,2.24,18.63,7.37,44.68728,-124.156658
2021-05-26T06:07:54.000,2.23,18.55,7.37,44.68728,-124.156658
2021-05-26T06:22:54.000,2.24,18.63,7.37,44.68728,-124.156658
2021-05-26T06:37:54.000,2.24,18.64,7.38,44.68728,-124.156658
2021-05-26T06:52:54.000,2.24,18.65,7.38,44.68728,-124.156658
2021-05-26T07:07:54.000,2.24,18.64,7.38,44.68728,-124.156658
2021-05-26T07:22:54.000,2.24,18.65,7.38,44.68728,-124.156658
2021-05-26T07:37:54.000,2.24,18.64,7.39,44.68728,-124.156658
2021-05-26T07:52:54.000,2.24,18.66,7.39,44.68728,-124.156658
2021-05-26T08:07:54.000,2.25,18.68,7.39,44.68728,-124.156658
2021-05-26T08:22:54.000,2.25,18.69,7.39,44.68728,-124.156658
2021-05-26T08:37:54.000,2.25,18.69,7.39,44.68728,-124.156658
2021-05-26T08:52:54.000,2.25,18.74,7.39,44.68728,-124.156658
2021-05-26T09:07:54.000,2.25,18.73,7.39,44.68728,-124.156658
2021-05-26T09:22:54.000,2.25,18.71,7.39,44.68728,-124.156658
2021-05-26T09:37:54.000,2.25,18.7,7.39,44.68728,-124.156658
2021-05-26T09:52:54.000,2.25,18.74,7.39,44.68728,-124.156658
2021-05-26T10:07:54.000,2.25,18.68,7.39,44.68728,-124.156658
2021-05-26T10:22:54.000,2.25,18.71,7.39,44.68728,-124.156658
2021-05-26T10:37:54.000,2.24,18.67,7.39,44.68728,-124.156658
2021-05-26T10:52:54.000,2.23,18.58,7.39,44.68728,-124.156658
2021-05-26T11:07:54.000,2.24,18.64,7.39,44.68728,-124.156658
2021-05-26T11:22:54.000,2.22,18.47,7.39,44.68728,-124.156658
2021-05-26T11:37:54.000,2.21,18.36,7.39,44.68728,-124.156658
2021-05-26T11:52:54.000,2.2,18.33,7.39,44.68728,-124.156658
2021-05-26T12:07:54.000,2.18,18.12,7.39,44.68728,-124.156658
2021-05-26T12:22:54.000,2.24,18.61,7.39,44.68728,-124.156658
2021-05-26T12:37:54.000,2.25,18.73,7.4,44.68728,-124.156658
2021-05-26T12:52:54.000,2.26,18.81,7.4,44.68728,-124.156658
2021-05-26T13:07:54.000,2.26,18.81,7.41,44.68728,-124.156658
2021-05-26T13:22:54.000,2.24,18.65,7.41,44.68728,-124.156658
2021-05-26T13:37:54.000,2.26,18.77,7.41,44.68728,-124.156658
2021-05-26T13:52:54.000,2.22,18.47,7.41,44.68728,-124.156658
2021-05-26T14:07:54.000,2.24,18.62,7.41,44.68728,-124.156658
2021-05-26T14:22:54.000,2.23,18.55,7.41,44.68728,-124.156658
2021-05-26T14:37:54.000,2.23,18.59,7.41,44.68728,-124.156658
2021-05-26T14:52:54.000,2.22,18.48,7.41,44.68728,-124.156658
2021-05-26T15:07:54.000,2.2,18.35,7.41,44.68728,-124.156658
2021-05-26T15:22:54.000,2.2,18.33,7.4,44.68728,-124.156658
2021-05-26T15:37:54.000,2.21,18.41,7.4,44.68728,-124.156658
2021-05-26T15:52:54.000,2.21,18.39,7.4,44.68728,-124.156658
2021-05-26T16:07:54.000,2.23,18.55,7.44,44.68728,-124.156658
2021-05-26T16:22:54.000,2.21,18.36,7.4,44.68728,-124.156658
2021-05-26T16:37:54.000,2.2,18.29,7.39,44.68728,-124.156658
2021-05-26T16:52:54.000,2.2,18.28,7.39,44.68728,-124.156658
2021-05-26T17:07:54.000,2.2,18.3,7.39,44.68728,-124.156658
2021-05-26T17:22:54.000,2.2,18.27,7.39,44.68728,-124.156658
2021-05-26T17:37:54.000,2.19,18.25,7.39,44.68728,-124.156658
2021-05-26T17:52:54.000,2.18,18.1,7.39,44.68728,-124.156658
2021-05-26T18:07:54.000,2.19,18.25,7.39,44.68728,-124.156658
2021-05-26T18:22:54.000,2.2,18.28,7.39,44.68728,-124.156658
2021-05-26T18:37:54.000,2.17,18.07,7.39,44.68728,-124.156658
2021-05-26T18:52:54.000,2.2,18.28,7.39,44.68728,-124.156658
2021-05-26T19:07:54.000,2.19,18.22,7.39,44.68728,-124.156658
2021-05-26T19:22:54.000,2.2,18.27,7.39,44.68728,-124.156658
2021-05-26T19:37:54.000,2.19,18.19,7.39,44.68728,-124.156658
2021-05-26T19:52:54.000,2.19,18.23,7.39,44.68728,-124.156658
2021-05-26T20:07:54.000,2.19,18.19,7.39,44.68728,-124.156658
2021-05-26T20:22:54.000,2.19,18.18,7.39,44.68728,-124.156658
2021-05-26T20:37:54.000,2.19,18.18,7.38,44.68728,-124.156658
2021-05-26T20:52:54.000,2.17,18.07,7.38,44.68728,-124.156658
2021-05-26T21:07:54.000,2.17,18.04,7.38,44.68728,-124.156658
2021-05-26T21:22:54.000,2.16,17.94,7.38,44.68728,-124.156658
2021-05-26T21:37:54.000,2.15,17.84,7.38,44.68728,-124.156658
2021-05-26T21:52:54.000,2.09,17.35,7.38,44.68728,-124.156658
2021-05-26T22:07:54.000,2.09,17.39,7.38,44.68728,-124.156658
2021-05-26T22:22:54.000,2.11,17.55,7.38,44.68728,-124.156658
2021-05-26T22:37:54.000,2.09,17.35,7.38,44.68728,-124.156658
2021-05-26T22:52:54.000,2.12,17.66,7.38,44.68728,-124.156658
2021-05-26T23:07:54.000,2.19,18.19,7.37,44.68728,-124.156658
2021-05-26T23:22:54.000,2.18,18.16,7.38,44.68728,-124.156658
2021-05-26T23:37:54.000,2.21,18.36,7.38,44.68728,-124.156658
2021-05-26T23:52:54.000,2.19,18.23,7.39,44.68728,-124.156658
2021-05-27T00:07:54.000,2.21,18.38,7.39,44.68728,-124.156658
2021-05-27T00:22:54.000,2.19,18.21,7.39,44.68728,-124.156658
2021-05-27T00:37:54.000,2.19,18.25,7.39,44.68728,-124.156658
2021-05-27T00:52:54.000,2.19,18.25,7.39,44.68728,-124.156658
2021-05-27T01:07:54.000,2.14,17.76,7.39,44.68728,-124.156658
2021-05-27T01:22:54.000,2.19,18.25,7.39,44.68728,-124.156658
2021-05-27T01:37:54.000,2.15,17.91,7.39,44.68728,-124.156658
2021-05-27T01:52:54.000,2.15,17.88,7.39,44.68728,-124.156658
2021-05-27T02:07:54.000,2.19,18.19,7.39,44.68728,-124.156658
2021-05-27T02:22:54.000,2.18,18.13,7.39,44.68728,-124.156658
2021-05-27T02:37:54.000,2.18,18.15,7.39,44.68728,-124.156658
2021-05-27T02:52:54.000,2.18,18.14,7.39,44.68728,-124.156658
2021-05-27T03:07:54.000,2.16,18.01,7.39,44.68728,-124.156658
2021-05-27T03:22:54.000,2.11,17.58,7.39,44.68728,-124.156658
2021-05-27T03:37:54.000,2.16,17.96,7.39,44.68728,-124.156658
2021-05-27T03:52:54.000,2.1,17.5,7.39,44.68728,-124.156658
2021-05-27T04:07:54.000,2.18,18.1,7.39,44.68728,-124.156658
2021-05-27T04:22:54.000,2.16,17.93,7.39,44.68728,-124.156658
2021-05-27T04:37:54.000,2.17,18.05,7.39,44.68728,-124.156658
2021-05-27T04:52:54.000,2.17,18.05,7.39,44.68728,-124.156658
2021-05-27T05:07:54.000,2.17,18.06,7.39,44.68728,-124.156658
2021-05-27T05:22:54.000,2.17,18.03,7.39,44.68728,-124.156658
2021-05-27T05:37:54.000,2.17,18.02,7.39,44.68728,-124.156658
2021-05-27T05:52:54.000,2.17,18.04,7.39,44.68728,-124.156658
2021-05-27T06:07:54.000,2.17,18.05,7.39,44.68728,-124.156658
2021-05-27T06:22:54.000,2.17,18.02,7.39,44.68728,-124.156658
2021-05-27T06:37:54.000,2.17,18.07,7.39,44.68728,-124.156658
2021-05-27T06:52:54.000,2.17,18.04,7.39,44.68728,-124.156658
2021-05-27T07:07:54.000,2.19,18.21,7.39,44.68728,-124.156658
2021-05-27T07:22:54.000,2.17,18.03,7.39,44.68728,-124.156658
2021-05-27T07:37:54.000,2.17,18.06,7.4,44.68728,-124.156658
2021-05-27T07:52:54.000,2.17,18.04,7.4,44.68728,-124.156658
2021-05-27T08:07:54.000,2.16,17.97,7.4,44.68728,-124.156658
2021-05-27T08:22:54.000,2.16,17.94,7.4,44.68728,-124.156658
2021-05-27T08:37:54.000,2.15,17.93,7.41,44.68728,-124.156658
2021-05-27T08:52:54.000,2.16,17.93,7.41,44.68728,-124.156658
2021-05-27T09:07:54.000,2.15,17.9,7.41,44.68728,-124.156658
2021-05-27T09:22:54.000,2.13,17.72,7.41,44.68728,-124.156658
2021-05-27T09:37:54.000,2.12,17.66,7.41,44.68728,-124.156658
2021-05-27T09:52:54.000,2.11,17.54,7.41,44.68728,-124.156658
2021-05-27T10:07:54.000,2.12,17.61,7.41,44.68728,-124.156658
2021-05-27T10:22:54.000,2.11,17.57,7.41,44.68728,-124.156658
2021-05-27T10:37:54.000,2.11,17.55,7.41,44.68728,-124.156658
2021-05-27T10:52:54.000,2,16.61,7.41,44.68728,-124.156658
2021-05-27T11:07:54.000,2.11,17.56,7.41,44.68728,-124.156658
2021-05-27T11:22:54.000,2.11,17.57,7.41,44.68728,-124.156658
2021-05-27T11:37:54.000,2.13,17.69,7.41,44.68728,-124.156658
2021-05-27T11:52:54.000,2.15,17.91,7.41,44.68728,-124.156658
2021-05-27T12:07:54.000,2.16,17.95,7.41,44.68728,-124.156658
2021-05-27T12:22:54.000,2.16,18,7.41,44.68728,-124.156658
2021-05-27T12:37:54.000,2.18,18.11,7.41,44.68728,-124.156658
2021-05-27T12:52:54.000,2.19,18.25,7.41,44.68728,-124.156658
2021-05-27T13:07:54.000,2.23,18.54,7.42,44.68728,-124.156658
2021-05-27T13:22:54.000,2.31,19.28,7.45,44.68728,-124.156658
2021-05-27T13:37:54.000,2.37,19.78,7.48,44.68728,-124.156658
2021-05-27T13:52:54.000,2.47,20.62,7.51,44.68728,-124.156658
2021-05-27T14:07:54.000,2.58,21.53,7.54,44.68728,-124.156658
2021-05-27T14:22:54.000,2.67,22.34,7.56,44.68728,-124.156658
2021-05-27T14:37:54.000,2.78,23.27,7.58,44.68728,-124.156658
2021-05-27T14:52:54.000,2.76,23.07,7.58,44.68728,-124.156658
2021-05-27T15:07:54.000,2.75,23.02,7.58,44.68728,-124.156658
2021-05-27T15:22:54.000,2.64,22.08,7.56,44.68728,-124.156658
2021-05-27T15:37:54.000,2.56,21.35,7.54,44.68728,-124.156658
2021-05-27T15:52:54.000,2.51,20.94,7.53,44.68728,-124.156658
2021-05-27T16:07:54.000,2.41,20.08,7.49,44.68728,-124.156658
2021-05-27T16:22:54.000,2.31,19.22,7.46,44.68728,-124.156658
2021-05-27T16:37:54.000,2.24,18.65,7.44,44.68728,-124.156658
2021-05-27T16:52:54.000,2.24,18.61,7.44,44.68728,-124.156658
2021-05-27T17:07:54.000,2.23,18.53,7.44,44.68728,-124.156658
2021-05-27T17:22:54.000,2.22,18.46,7.44,44.68728,-124.156658
2021-05-27T17:37:54.000,2.2,18.31,7.44,44.68728,-124.156658
2021-05-27T17:52:54.000,2.19,18.21,7.44,44.68728,-124.156658
2021-05-27T18:07:54.000,2.2,18.29,7.44,44.68728,-124.156658
2021-05-27T18:22:54.000,2.18,18.18,7.44,44.68728,-124.156658
2021-05-27T18:37:54.000,2.19,18.2,7.44,44.68728,-124.156658
2021-05-27T18:52:54.000,2.18,18.16,7.44,44.68728,-124.156658
2021-05-27T19:07:54.000,2.19,18.2,7.44,44.68728,-124.156658
2021-05-27T19:22:54.000,2.18,18.14,7.44,44.68728,-124.156658
2021-05-27T19:37:54.000,2.18,18.15,7.44,44.68728,-124.156658
2021-05-27T19:52:54.000,2.17,18.1,7.44,44.68728,-124.156658
2021-05-27T20:07:54.000,2.16,17.96,7.44,44.68728,-124.156658
2021-05-27T20:22:54.000,2.17,18.1,7.44,44.68728,-124.156658
2021-05-27T20:37:54.000,2.17,18.04,7.44,44.68728,-124.156658
2021-05-27T20:52:54.000,2.17,18.08,7.44,44.68728,-124.156658
2021-05-27T21:07:54.000,2.16,18.03,7.44,44.68728,-124.156658
2021-05-27T21:22:54.000,2.15,17.9,7.44,44.68728,-124.156658
2021-05-27T21:37:54.000,2.16,17.99,7.44,44.68728,-124.156658
2021-05-27T21:52:54.000,2.17,18.1,7.44,44.68728,-124.156658
2021-05-27T22:07:54.000,2.18,18.19,7.45,44.68728,-124.156658
2021-05-27T22:22:54.000,2.19,18.24,7.45,44.68728,-124.156658
2021-05-27T22:37:54.000,2.16,17.98,7.46,44.68728,-124.156658
2021-05-27T22:52:54.000,2.22,18.47,7.46,44.68728,-124.156658
2021-05-27T23:07:54.000,2.23,18.62,7.46,44.68728,-124.156658
2021-05-27T23:22:54.000,2.26,18.81,7.46,44.68728,-124.156658
2021-05-27T23:37:54.000,2.27,18.95,7.47,44.68728,-124.156658
2021-05-27T23:52:54.000,2.3,19.17,7.48,44.68728,-124.156658
2021-05-28T00:07:54.000,2.21,18.43,7.48,44.68728,-124.156658
2021-05-28T00:22:54.000,2.32,19.36,7.49,44.68728,-124.156658
2021-05-28T00:37:54.000,2.34,19.55,7.49,44.68728,-124.156658
2021-05-28T00:52:54.000,2.34,19.52,7.49,44.68728,-124.156658
2021-05-28T01:07:54.000,2.36,19.71,7.49,44.68728,-124.156658
2021-05-28T01:22:54.000,2.36,19.65,7.5,44.68728,-124.156658
2021-05-28T01:37:54.000,2.36,19.65,7.51,44.68728,-124.156658
2021-05-28T01:52:54.000,2.36,19.71,7.51,44.68728,-124.156658
2021-05-28T02:07:54.000,2.37,19.76,7.51,44.68728,-124.156658
2021-05-28T02:22:54.000,2.37,19.74,7.51,44.68728,-124.156658
2021-05-28T02:37:54.000,2.35,19.61,7.51,44.68728,-124.156658
2021-05-28T02:52:54.000,2.35,19.62,7.51,44.68728,-124.156658
2021-05-28T03:07:54.000,2.35,19.59,7.51,44.68728,-124.156658
2021-05-28T03:22:54.000,2.34,19.52,7.51,44.68728,-124.156658
2021-05-28T03:37:54.000,2.33,19.45,7.51,44.68728,-124.156658
2021-05-28T03:52:54.000,2.33,19.46,7.51,44.68728,-124.156658
2021-05-28T04:07:54.000,2.32,19.39,7.51,44.68728,-124.156658
2021-05-28T04:22:54.000,2.33,19.43,7.51,44.68728,-124.156658
2021-05-28T04:37:54.000,2.33,19.42,7.51,44.68728,-124.156658
2021-05-28T04:52:54.000,2.33,19.45,7.51,44.68728,-124.156658
2021-05-28T05:07:54.000,2.33,19.47,7.51,44.68728,-124.156658
2021-05-28T05:22:54.000,2.34,19.49,7.51,44.68728,-124.156658
2021-05-28T05:37:54.000,2.34,19.55,7.51,44.68728,-124.156658
2021-05-28T05:52:54.000,2.34,19.56,7.52,44.68728,-124.156658
2021-05-28T06:07:54.000,2.35,19.61,7.52,44.68728,-124.156658
2021-05-28T06:22:54.000,2.35,19.6,7.52,44.68728,-124.156658
2021-05-28T06:37:54.000,2.35,19.62,7.52,44.68728,-124.156658
2021-05-28T06:52:54.000,2.35,19.58,7.52,44.68728,-124.156658
2021-05-28T07:07:54.000,2.35,19.61,7.52,44.68728,-124.156658
2021-05-28T07:22:54.000,2.34,19.52,7.52,44.68728,-124.156658
2021-05-28T07:37:54.000,2.34,19.54,7.52,44.68728,-124.156658
2021-05-28T07:52:54.000,2.34,19.56,7.53,44.68728,-124.156658
2021-05-28T08:07:54.000,2.34,19.55,7.53,44.68728,-124.156658
2021-05-28T08:22:54.000,2.34,19.53,7.53,44.68728,-124.156658
2021-05-28T08:37:54.000,2.34,19.56,7.53,44.68728,-124.156658
2021-05-28T08:52:54.000,2.35,19.59,7.53,44.68728,-124.156658
2021-05-28T09:07:54.000,2.35,19.59,7.53,44.68728,-124.156658
2021-05-28T09:22:54.000,2.35,19.61,7.54,44.68728,-124.156658
2021-05-28T09:37:54.000,2.33,19.49,7.54,44.68728,-124.156658
2021-05-28T09:52:54.000,2.35,19.63,7.54,44.68728,-124.156658
2021-05-28T10:07:54.000,2.36,19.71,7.54,44.68728,-124.156658
2021-05-28T10:22:54.000,2.34,19.56,7.54,44.68728,-124.156658
2021-05-28T10:37:54.000,2.35,19.59,7.54,44.68728,-124.156658
2021-05-28T10:52:54.000,2.37,19.75,7.54,44.68728,-124.156658
2021-05-28T11:07:54.000,2.35,19.61,7.54,44.68728,-124.156658
2021-05-28T11:22:54.000,2.34,19.55,7.54,44.68728,-124.156658
2021-05-28T11:37:54.000,2.34,19.57,7.54,44.68728,-124.156658
2021-05-28T11:52:54.000,2.35,19.63,7.54,44.68728,-124.156658
2021-05-28T12:07:54.000,2.37,19.78,7.54,44.68728,-124.156658
2021-05-28T12:22:54.000,2.35,19.6,7.54,44.68728,-124.156658
2021-05-28T12:37:54.000,2.35,19.59,7.54,44.68728,-124.156658
2021-05-28T12:52:54.000,2.35,19.63,7.54,44.68728,-124.156658
2021-05-28T13:07:54.000,2.36,19.67,7.54,44.68728,-124.156658
2021-05-28T13:22:54.000,2.35,19.63,7.54,44.68728,-124.156658
2021-05-28T13:37:54.000,2.35,19.63,7.54,44.68728,-124.156658
2021-05-28T13:52:54.000,2.36,19.67,7.54,44.68728,-124.156658
2021-05-28T14:07:54.000,2.38,19.83,7.54,44.68728,-124.156658
2021-05-28T14:22:54.000,2.38,19.84,7.54,44.68728,-124.156658
2021-05-28T14:37:54.000,2.38,19.86,7.54,44.68728,-124.156658
2021-05-28T14:52:54.000,2.37,19.8,7.54,44.68728,-124.156658
2021-05-28T15:07:54.000,2.36,19.72,7.54,44.68728,-124.156658
2021-05-28T15:22:54.000,2.35,19.66,7.54,44.68728,-124.156658
2021-05-28T15:37:54.000,2.36,19.66,7.54,44.68728,-124.156658
2021-05-28T15:52:54.000,2.35,19.59,7.54,44.68728,-124.156658
2021-05-28T16:07:54.000,2.34,19.53,7.54,44.68728,-124.156658
2021-05-28T16:22:54.000,2.33,19.45,7.54,44.68728,-124.156658
2021-05-28T16:37:54.000,2.32,19.35,7.53,44.68728,-124.156658
2021-05-28T16:52:54.000,2.31,19.32,7.53,44.68728,-124.156658
2021-05-28T17:07:54.000,2.29,19.09,7.52,44.68728,-124.156658
2021-05-28T17:22:54.000,2.25,18.79,7.51,44.68728,-124.156658
2021-05-28T17:37:54.000,2.22,18.5,7.49,44.68728,-124.156658
2021-05-28T17:52:54.000,2.2,18.32,7.49,44.68728,-124.156658
2021-05-28T18:07:54.000,2.17,18.11,7.48,44.68728,-124.156658
2021-05-28T18:22:54.000,2.16,18.02,7.47,44.68728,-124.156658
2021-05-28T18:37:54.000,2.14,17.87,7.46,44.68728,-124.156658
2021-05-28T18:52:54.000,2.1,17.47,7.46,44.68728,-124.156658
2021-05-28T19:07:54.000,2.08,17.34,7.45,44.68728,-124.156658
2021-05-28T19:22:54.000,2.08,17.34,7.44,44.68728,-124.156658
2021-05-28T19:37:54.000,2.09,17.42,7.44,44.68728,-124.156658
2021-05-28T19:52:54.000,2.1,17.52,7.42,44.68728,-124.156658
2021-05-28T20:07:54.000,2.11,17.53,7.42,44.68728,-124.156658
2021-05-28T20:22:54.000,2.1,17.52,7.41,44.68728,-124.156658
2021-05-28T20:37:54.000,2.11,17.55,7.41,44.68728,-124.156658
2021-05-28T20:52:54.000,2.11,17.57,7.41,44.68728,-124.156658
2021-05-28T21:07:54.000,2.11,17.55,7.41,44.68728,-124.156658
2021-05-28T21:22:54.000,2.1,17.45,7.41,44.68728,-124.156658
2021-05-28T21:37:54.000,2.1,17.44,7.41,44.68728,-124.156658
2021-05-28T21:52:54.000,2.1,17.52,7.41,44.68728,-124.156658
2021-05-28T22:07:54.000,2.09,17.39,7.41,44.68728,-124.156658
2021-05-28T22:22:54.000,2.1,17.5,7.41,44.68728,-124.156658
2021-05-28T22:37:54.000,2.09,17.41,7.41,44.68728,-124.156658
2021-05-28T22:52:54.000,2.1,17.44,7.41,44.68728,-124.156658
2021-05-28T23:07:54.000,2.09,17.42,7.41,44.68728,-124.156658
2021-05-28T23:22:54.000,2.1,17.46,7.4,44.68728,-124.156658
2021-05-28T23:37:54.000,2.08,17.27,7.41,44.68728,-124.156658
2021-05-28T23:52:54.000,2.08,17.29,7.41,44.68728,-124.156658
2021-05-29T00:07:54.000,2.09,17.39,7.41,44.68728,-124.156658
2021-05-29T00:22:54.000,2.06,17.16,7.41,44.68728,-124.156658
2021-05-29T00:37:54.000,2.06,17.12,7.41,44.68728,-124.156658
2021-05-29T00:52:54.000,2.05,17.02,7.41,44.68728,-124.156658
2021-05-29T01:07:54.000,2.05,17.08,7.41,44.68728,-124.156658
2021-05-29T01:22:54.000,2.06,17.11,7.41,44.68728,-124.156658
2021-05-29T01:37:54.000,2.06,17.11,7.41,44.68728,-124.156658
2021-05-29T01:52:54.000,2.06,17.12,7.41,44.68728,-124.156658
2021-05-29T02:07:54.000,2.06,17.13,7.41,44.68728,-124.156658
2021-05-29T02:22:54.000,2.09,17.36,7.41,44.68728,-124.156658
2021-05-29T02:37:54.000,2.07,17.26,7.41,44.68728,-124.156658
2021-05-29T02:52:54.000,2.06,17.11,7.41,44.68728,-124.156658
2021-05-29T03:07:54.000,2.07,17.23,7.41,44.68728,-124.156658
2021-05-29T03:22:54.000,2.06,17.14,7.41,44.68728,-124.156658
2021-05-29T03:37:54.000,2.04,17,7.4,44.68728,-124.156658
2021-05-29T03:52:54.000,2.06,17.12,7.4,44.68728,-124.156658
2021-05-29T04:07:54.000,2.08,17.3,7.39,44.68728,-124.156658
2021-05-29T04:22:54.000,2.07,17.22,7.39,44.68728,-124.156658
2021-05-29T04:37:54.000,2.07,17.22,7.39,44.68728,-124.156658
2021-05-29T04:52:54.000,1.89,15.69,7.39,44.68728,-124.156658
2021-05-29T05:07:54.000,2.06,17.12,7.38,44.68728,-124.156658
2021-05-29T05:22:54.000,2.05,17.09,7.38,44.68728,-124.156658
2021-05-29T05:37:54.000,2.04,16.99,7.38,44.68728,-124.156658
2021-05-29T05:52:54.000,2.03,16.87,7.37,44.68728,-124.156658
2021-05-29T06:07:54.000,2.04,16.95,7.37,44.68728,-124.156658
2021-05-29T06:22:54.000,2.04,16.94,7.37,44.68728,-124.156658
2021-05-29T06:37:54.000,2.03,16.9,7.37,44.68728,-124.156658
2021-05-29T06:52:54.000,2.03,16.91,7.37,44.68728,-124.156658
2021-05-29T07:07:54.000,2.01,16.71,7.37,44.68728,-124.156658
2021-05-29T07:22:54.000,2.02,16.8,7.36,44.68728,-124.156658
2021-05-29T07:37:54.000,2,16.63,7.35,44.68728,-124.156658
2021-05-29T07:52:54.000,1.99,16.58,7.35,44.68728,-124.156658
2021-05-29T08:07:54.000,2,16.65,7.34,44.68728,-124.156658
2021-05-29T08:22:54.000,2.02,16.76,7.34,44.68728,-124.156658
2021-05-29T08:37:54.000,2.02,16.75,7.33,44.68728,-124.156658
2021-05-29T08:52:54.000,2,16.62,7.33,44.68728,-124.156658
2021-05-29T09:07:54.000,2,16.61,7.33,44.68728,-124.156658
2021-05-29T09:22:54.000,2.02,16.79,7.32,44.68728,-124.156658
2021-05-29T09:37:54.000,2,16.61,7.32,44.68728,-124.156658
2021-05-29T09:52:54.000,2.01,16.72,7.32,44.68728,-124.156658
2021-05-29T10:07:54.000,2,16.61,7.32,44.68728,-124.156658
2021-05-29T10:22:54.000,2,16.63,7.32,44.68728,-124.156658
2021-05-29T10:37:54.000,1.99,16.55,7.32,44.68728,-124.156658
2021-05-29T10:52:54.000,2.02,16.8,7.3,44.68728,-124.156658
2021-05-29T11:07:54.000,2.01,16.66,7.3,44.68728,-124.156658
2021-05-29T11:22:54.000,2.03,16.84,7.29,44.68728,-124.156658
2021-05-29T11:37:54.000,2.02,16.75,7.29,44.68728,-124.156658
2021-05-29T11:52:54.000,2.03,16.84,7.29,44.68728,-124.156658
2021-05-29T12:07:54.000,2.03,16.84,7.28,44.68728,-124.156658
2021-05-29T12:22:54.000,2.04,16.95,7.27,44.68728,-124.156658
2021-05-29T12:37:54.000,2.04,16.92,7.27,44.68728,-124.156658
2021-05-29T12:52:54.000,2.04,16.88,7.27,44.68728,-124.156658
2021-05-29T13:07:54.000,2.04,16.9,7.27,44.68728,-124.156658
2021-05-29T13:22:54.000,1.44,11.97,7.27,44.68728,-124.156658
2021-05-29T13:37:54.000,1.61,13.35,7.27,44.68728,-124.156658
2021-05-29T13:52:54.000,2.01,16.68,7.26,44.68728,-124.156658
2021-05-29T14:07:54.000,2.03,16.81,7.26,44.68728,-124.156658
2021-05-29T14:22:54.000,1.57,12.98,7.26,44.68728,-124.156658
2021-05-29T14:37:54.000,1.38,11.47,7.26,44.68728,-124.156658
2021-05-29T14:52:54.000,1.38,11.47,7.26,44.68728,-124.156658
2021-05-29T15:07:54.000,1.3,10.78,7.27,44.68728,-124.156658
2021-05-29T15:22:54.000,1.45,12.05,7.27,44.68728,-124.156658
2021-05-29T15:37:54.000,1.42,11.74,7.27,44.68728,-124.156658
2021-05-29T15:52:54.000,1.32,10.95,7.26,44.68728,-124.156658
2021-05-29T16:07:54.000,1.33,11.04,7.27,44.68728,-124.156658
2021-05-29T16:22:54.000,1.44,11.94,7.27,44.68728,-124.156658
2021-05-29T16:37:54.000,1.46,12.07,7.27,44.68728,-124.156658
2021-05-29T16:52:54.000,1.49,12.35,7.27,44.68728,-124.156658
2021-05-29T17:07:54.000,1.37,11.39,7.27,44.68728,-124.156658
2021-05-29T17:22:54.000,1.45,11.99,7.26,44.68728,-124.156658
2021-05-29T17:37:54.000,1.43,11.9,7.26,44.68728,-124.156658
2021-05-29T17:52:54.000,1.31,10.83,7.26,44.68728,-124.156658
2021-05-29T18:07:54.000,1.55,12.83,7.26,44.68728,-124.156658
2021-05-29T18:22:54.000,1.68,13.93,7.25,44.68728,-124.156658
2021-05-29T18:37:54.000,1.47,12.2,7.26,44.68728,-124.156658
2021-05-29T18:52:54.000,2.17,18.03,7.26,44.68728,-124.156658
2021-05-29T19:07:54.000,2.21,18.31,7.26,44.68728,-124.156658
2021-05-29T19:22:54.000,2.24,18.54,7.26,44.68728,-124.156658
2021-05-29T19:37:54.000,2.24,18.57,7.26,44.68728,-124.156658
2021-05-29T19:52:54.000,2.27,18.81,7.25,44.68728,-124.156658
2021-05-29T20:07:54.000,2.28,18.92,7.25,44.68728,-124.156658
2021-05-29T20:22:54.000,2.3,19.08,7.25,44.68728,-124.156658
2021-05-29T20:37:54.000,2.32,19.24,7.25,44.68728,-124.156658
2021-05-29T20:52:54.000,2.32,19.26,7.25,44.68728,-124.156658
2021-05-29T21:07:54.000,2.33,19.35,7.25,44.68728,-124.156658
2021-05-29T21:22:54.000,2.34,19.43,7.25,44.68728,-124.156658
2021-05-29T21:37:54.000,2.35,19.45,7.25,44.68728,-124.156658
2021-05-29T21:52:54.000,2.35,19.48,7.25,44.68728,-124.156658
2021-05-29T22:07:54.000,2.36,19.54,7.25,44.68728,-124.156658
2021-05-29T22:22:54.000,2.36,19.59,7.24,44.68728,-124.156658
2021-05-29T22:37:54.000,2.36,19.58,7.24,44.68728,-124.156658
2021-05-29T22:52:54.000,2.36,19.53,7.24,44.68728,-124.156658
2021-05-29T23:07:54.000,2.35,19.48,7.24,44.68728,-124.156658
2021-05-29T23:22:54.000,2.34,19.42,7.23,44.68728,-124.156658
2021-05-29T23:37:54.000,2.34,19.43,7.23,44.68728,-124.156658
2021-05-29T23:52:54.000,2.34,19.41,7.23,44.68728,-124.156658
2021-05-30T00:07:54.000,2.36,19.56,7.23,44.68728,-124.156658
2021-05-30T00:22:54.000,2.35,19.46,7.23,44.68728,-124.156658
2021-05-30T00:37:54.000,2.35,19.46,7.23,44.68728,-124.156658
2021-05-30T00:52:54.000,2.35,19.47,7.23,44.68728,-124.156658
2021-05-30T01:07:54.000,2.36,19.53,7.23,44.68728,-124.156658
2021-05-30T01:22:54.000,2.35,19.5,7.23,44.68728,-124.156658
2021-05-30T01:37:54.000,2.35,19.47,7.24,44.68728,-124.156658
2021-05-30T01:52:54.000,2.35,19.5,7.24,44.68728,-124.156658
2021-05-30T02:07:54.000,2.36,19.53,7.24,44.68728,-124.156658
2021-05-30T02:22:54.000,2.35,19.48,7.24,44.68728,-124.156658
2021-05-30T02:37:54.000,2.35,19.49,7.24,44.68728,-124.156658
2021-05-30T02:52:54.000,2.15,17.78,7.24,44.68728,-124.156658
2021-05-30T03:07:54.000,2.12,17.61,7.24,44.68728,-124.156658
2021-05-30T03:22:54.000,1.69,13.97,7.24,44.68728,-124.156658
2021-05-30T03:37:54.000,1.91,15.84,7.24,44.68728,-124.156658
2021-05-30T03:52:54.000,1.96,16.23,7.25,44.68728,-124.156658
2021-05-30T04:07:54.000,2.35,19.48,7.25,44.68728,-124.156658
2021-05-30T04:22:54.000,2.32,19.22,7.25,44.68728,-124.156658
2021-05-30T04:37:54.000,2.34,19.39,7.25,44.68728,-124.156658
2021-05-30T04:52:54.000,2.3,19.03,7.25,44.68728,-124.156658
2021-05-30T05:07:54.000,2.32,19.24,7.25,44.68728,-124.156658
2021-05-30T05:22:54.000,2.33,19.3,7.25,44.68728,-124.156658
2021-05-30T05:37:54.000,2.29,18.98,7.25,44.68728,-124.156658
2021-05-30T05:52:54.000,2.31,19.17,7.25,44.68728,-124.156658
2021-05-30T06:07:54.000,2.31,19.14,7.25,44.68728,-124.156658
2021-05-30T06:22:54.000,2.32,19.22,7.25,44.68728,-124.156658
2021-05-30T06:37:54.000,2.32,19.2,7.25,44.68728,-124.156658
2021-05-30T06:52:54.000,2.3,19.05,7.25,44.68728,-124.156658
2021-05-30T07:07:54.000,2.26,18.7,7.25,44.68728,-124.156658
2021-05-30T07:22:54.000,2.29,19,7.25,44.68728,-124.156658
2021-05-30T07:37:54.000,2.29,18.97,7.25,44.68728,-124.156658
2021-05-30T07:52:54.000,2.29,19.02,7.25,44.68728,-124.156658
2021-05-30T08:07:54.000,2.3,19.07,7.25,44.68728,-124.156658
2021-05-30T08:22:54.000,2.31,19.17,7.25,44.68728,-124.156658
2021-05-30T08:37:54.000,2.28,18.91,7.25,44.68728,-124.156658
2021-05-30T08:52:54.000,2.27,18.84,7.25,44.68728,-124.156658
2021-05-30T09:07:54.000,2.24,18.59,7.25,44.68728,-124.156658
2021-05-30T09:22:54.000,2.24,18.56,7.25,44.68728,-124.156658
2021-05-30T09:37:54.000,2.27,18.84,7.25,44.68728,-124.156658
2021-05-30T09:52:54.000,2.28,18.87,7.25,44.68728,-124.156658
2021-05-30T10:07:54.000,2.3,19.04,7.25,44.68728,-124.156658
2021-05-30T10:22:54.000,2.28,18.91,7.25,44.68728,-124.156658
2021-05-30T10:37:54.000,2.29,18.95,7.25,44.68728,-124.156658
2021-05-30T10:52:54.000,2.3,19.04,7.25,44.68728,-124.156658
2021-05-30T11:07:54.000,2.29,18.99,7.25,44.68728,-124.156658
2021-05-30T11:22:54.000,2.3,19.04,7.26,44.68728,-124.156658
2021-05-30T11:37:54.000,2.29,19.03,7.27,44.68728,-124.156658
2021-05-30T11:52:54.000,2.29,19.02,7.27,44.68728,-124.156658
2021-05-30T12:07:54.000,2.28,18.88,7.27,44.68728,-124.156658
2021-05-30T12:22:54.000,2.26,18.75,7.27,44.68728,-124.156658
2021-05-30T12:37:54.000,2.24,18.57,7.28,44.68728,-124.156658
2021-05-30T12:52:54.000,2.24,18.56,7.28,44.68728,-124.156658
2021-05-30T13:07:54.000,2.24,18.62,7.29,44.68728,-124.156658
2021-05-30T13:22:54.000,2.23,18.46,7.29,44.68728,-124.156658
2021-05-30T13:37:54.000,2.23,18.53,7.29,44.68728,-124.156658
2021-05-30T13:52:54.000,2.19,18.21,7.29,44.68728,-124.156658
2021-05-30T14:07:54.000,2.2,18.29,7.29,44.68728,-124.156658
2021-05-30T14:22:54.000,2.18,18.06,7.29,44.68728,-124.156658
2021-05-30T14:37:54.000,2.17,17.99,7.29,44.68728,-124.156658
2021-05-30T14:52:54.000,2.14,17.74,7.29,44.68728,-124.156658
2021-05-30T15:07:54.000,2.17,18,7.29,44.68728,-124.156658
2021-05-30T15:22:54.000,2.18,18.13,7.3,44.68728,-124.156658
2021-05-30T15:37:54.000,2.17,18.01,7.3,44.68728,-124.156658
2021-05-30T15:52:54.000,2.17,17.98,7.3,44.68728,-124.156658
2021-05-30T16:07:54.000,2.15,17.84,7.3,44.68728,-124.156658
2021-05-30T16:22:54.000,2.17,18,7.3,44.68728,-124.156658
2021-05-30T16:37:54.000,2.19,18.19,7.29,44.68728,-124.156658
2021-05-30T16:52:54.000,2.19,18.13,7.29,44.68728,-124.156658
2021-05-30T17:07:54.000,2.19,18.15,7.29,44.68728,-124.156658
2021-05-30T17:22:54.000,2.19,18.21,7.29,44.68728,-124.156658
2021-05-30T17:37:54.000,2.21,18.32,7.29,44.68728,-124.156658
2021-05-30T17:52:54.000,2.22,18.4,7.29,44.68728,-124.156658
2021-05-30T18:07:54.000,2.22,18.42,7.29,44.68728,-124.156658
2021-05-30T18:22:54.000,2.24,18.61,7.29,44.68728,-124.156658
2021-05-30T18:37:54.000,2.25,18.65,7.29,44.68728,-124.156658
2021-05-30T18:52:54.000,2.24,18.57,7.29,44.68728,-124.156658
2021-05-30T19:07:54.000,2.29,18.98,7.29,44.68728,-124.156658
2021-05-30T19:22:54.000,2.28,18.93,7.29,44.68728,-124.156658
2021-05-30T19:37:54.000,2.3,19.07,7.29,44.68728,-124.156658
2021-05-30T19:52:54.000,2.3,19.09,7.29,44.68728,-124.156658
2021-05-30T20:07:54.000,2.33,19.34,7.28,44.68728,-124.156658
2021-05-30T20:22:54.000,2.33,19.36,7.28,44.68728,-124.156658
2021-05-30T20:37:54.000,2.34,19.41,7.27,44.68728,-124.156658
2021-05-30T20:52:54.000,2.33,19.32,7.27,44.68728,-124.156658
2021-05-30T21:07:54.000,2.34,19.4,7.27,44.68728,-124.156658
2021-05-30T21:22:54.000,2.38,19.72,7.27,44.68728,-124.156658
2021-05-30T21:37:54.000,2.35,19.46,7.27,44.68728,-124.156658
2021-05-30T21:52:54.000,2.34,19.4,7.27,44.68728,-124.156658
2021-05-30T22:07:54.000,2.33,19.35,7.26,44.68728,-124.156658
2021-05-30T22:22:54.000,2.31,19.16,7.27,44.68728,-124.156658
2021-05-30T22:37:54.000,2.32,19.25,7.26,44.68728,-124.156658
2021-05-30T22:52:54.000,2.32,19.2,7.26,44.68728,-124.156658
2021-05-30T23:07:54.000,2.31,19.18,7.26,44.68728,-124.156658
2021-05-30T23:22:54.000,2.33,19.32,7.26,44.68728,-124.156658
2021-05-30T23:37:54.000,2.3,19.11,7.26,44.68728,-124.156658
2021-05-30T23:52:54.000,2.26,18.74,7.26,44.68728,-124.156658
2021-05-31T00:07:54.000,2.35,19.51,7.26,44.68728,-124.156658
2021-05-31T00:22:54.000,2.34,19.38,7.26,44.68728,-124.156658
2021-05-31T00:37:54.000,2.31,19.13,7.26,44.68728,-124.156658
2021-05-31T00:52:54.000,2.29,19.02,7.26,44.68728,-124.156658
2021-05-31T01:07:54.000,2.31,19.15,7.26,44.68728,-124.156658
2021-05-31T01:22:54.000,2.32,19.21,7.26,44.68728,-124.156658
2021-05-31T01:37:54.000,2.33,19.31,7.26,44.68728,-124.156658
2021-05-31T01:52:54.000,2.27,18.81,7.26,44.68728,-124.156658
2021-05-31T02:07:54.000,2.32,19.2,7.26,44.68728,-124.156658
2021-05-31T02:22:54.000,2.28,18.94,7.26,44.68728,-124.156658
2021-05-31T02:37:54.000,2.33,19.29,7.26,44.68728,-124.156658
2021-05-31T02:52:54.000,2.29,19,7.26,44.68728,-124.156658
2021-05-31T03:07:54.000,2.34,19.39,7.26,44.68728,-124.156658
2021-05-31T03:22:54.000,2.31,19.19,7.27,44.68728,-124.156658
2021-05-31T03:37:54.000,2.23,18.48,7.27,44.68728,-124.156658
2021-05-31T03:52:54.000,2.3,19.05,7.26,44.68728,-124.156658
2021-05-31T04:07:54.000,2.3,19.06,7.26,44.68728,-124.156658
2021-05-31T04:22:54.000,2.3,19.09,7.27,44.68728,-124.156658
2021-05-31T04:37:54.000,2.28,18.93,7.27,44.68728,-124.156658
2021-05-31T04:52:54.000,2.29,19.02,7.27,44.68728,-124.156658
2021-05-31T05:07:54.000,2.22,18.38,7.27,44.68728,-124.156658
2021-05-31T05:22:54.000,2.28,18.93,7.26,44.68728,-124.156658
2021-05-31T05:37:54.000,2.27,18.79,7.26,44.68728,-124.156658
2021-05-31T05:52:54.000,2.29,19.03,7.27,44.68728,-124.156658
2021-05-31T06:07:54.000,2.3,19.07,7.27,44.68728,-124.156658
2021-05-31T06:22:54.000,2.3,19.04,7.27,44.68728,-124.156658
2021-05-31T06:37:54.000,2.31,19.16,7.27,44.68728,-124.156658
2021-05-31T06:52:54.000,2.29,19.02,7.27,44.68728,-124.156658
2021-05-31T07:07:54.000,2.3,19.06,7.27,44.68728,-124.156658
2021-05-31T07:22:54.000,2.31,19.19,7.27,44.68728,-124.156658
2021-05-31T07:37:54.000,2.3,19.06,7.27,44.68728,-124.156658
2021-05-31T07:52:54.000,2.32,19.2,7.27,44.68728,-124.156658
2021-05-31T08:07:54.000,2.31,19.16,7.27,44.68728,-124.156658
2021-05-31T08:22:54.000,2.31,19.18,7.27,44.68728,-124.156658
2021-05-31T08:37:54.000,2.29,18.95,7.27,44.68728,-124.156658
2021-05-31T08:52:54.000,2.29,18.96,7.28,44.68728,-124.156658
2021-05-31T09:07:54.000,2.27,18.86,7.29,44.68728,-124.156658
2021-05-31T09:22:54.000,2.25,18.64,7.29,44.68728,-124.156658
2021-05-31T09:37:54.000,2.22,18.42,7.29,44.68728,-124.156658
2021-05-31T09:52:54.000,2.21,18.35,7.29,44.68728,-124.156658
2021-05-31T10:07:54.000,2.18,18.1,7.3,44.68728,-124.156658
2021-05-31T10:22:54.000,2.17,17.98,7.3,44.68728,-124.156658
2021-05-31T10:37:54.000,2.13,17.68,7.32,44.68728,-124.156658
2021-05-31T10:52:54.000,2.1,17.45,7.32,44.68728,-124.156658
2021-05-31T11:07:54.000,2.08,17.26,7.32,44.68728,-124.156658
2021-05-31T11:22:54.000,2.05,16.99,7.33,44.68728,-124.156658
2021-05-31T11:37:54.000,2.02,16.78,7.34,44.68728,-124.156658
2021-05-31T11:52:54.000,1.99,16.55,7.34,44.68728,-124.156658
2021-05-31T12:07:54.000,1.98,16.44,7.35,44.68728,-124.156658
2021-05-31T12:22:54.000,1.97,16.34,7.35,44.68728,-124.156658
2021-05-31T12:37:54.000,1.96,16.3,7.36,44.68728,-124.156658
2021-05-31T12:52:54.000,1.95,16.23,7.36,44.68728,-124.156658
2021-05-31T13:07:54.000,1.93,16.03,7.37,44.68728,-124.156658
2021-05-31T13:22:54.000,1.91,15.89,7.37,44.68728,-124.156658
2021-05-31T13:37:54.000,1.92,15.99,7.37,44.68728,-124.156658
2021-05-31T13:52:54.000,1.91,15.84,7.37,44.68728,-124.156658
2021-05-31T14:07:54.000,1.89,15.68,7.37,44.68728,-124.156658
2021-05-31T14:22:54.000,1.88,15.61,7.37,44.68728,-124.156658
2021-05-31T14:37:54.000,1.88,15.6,7.36,44.68728,-124.156658
2021-05-31T14:52:54.000,1.89,15.69,7.36,44.68728,-124.156658
2021-05-31T15:07:54.000,1.88,15.6,7.36,44.68728,-124.156658
2021-05-31T15:22:54.000,1.89,15.73,7.36,44.68728,-124.156658
2021-05-31T15:37:54.000,1.89,15.7,7.36,44.68728,-124.156658
2021-05-31T15:52:54.000,1.92,15.94,7.35,44.68728,-124.156658
2021-05-31T16:07:54.000,1.91,15.88,7.35,44.68728,-124.156658
2021-05-31T16:22:54.000,1.93,16.06,7.35,44.68728,-124.156658
2021-05-31T16:37:54.000,1.94,16.13,7.34,44.68728,-124.156658
2021-05-31T16:52:54.000,1.95,16.24,7.34,44.68728,-124.156658
2021-05-31T17:07:54.000,1.96,16.3,7.34,44.68728,-124.156658
2021-05-31T17:22:54.000,1.95,16.22,7.34,44.68728,-124.156658
2021-05-31T17:37:54.000,1.99,16.53,7.34,44.68728,-124.156658
2021-05-31T17:52:54.000,2,16.63,7.34,44.68728,-124.156658
2021-05-31T18:07:54.000,2.03,16.84,7.33,44.68728,-124.156658
2021-05-31T18:22:54.000,2.05,17.02,7.32,44.68728,-124.156658
2021-05-31T18:37:54.000,2.07,17.17,7.32,44.68728,-124.156658
2021-05-31T18:52:54.000,2.08,17.25,7.32,44.68728,-124.156658
2021-05-31T19:07:54.000,2.11,17.53,7.31,44.68728,-124.156658
2021-05-31T19:22:54.000,2.15,17.81,7.3,44.68728,-124.156658
2021-05-31T19:37:54.000,2.18,18.1,7.29,44.68728,-124.156658
2021-05-31T19:52:54.000,2.19,18.15,7.29,44.68728,-124.156658
2021-05-31T20:07:54.000,2.22,18.45,7.29,44.68728,-124.156658
2021-05-31T20:22:54.000,2.18,18.11,7.29,44.68728,-124.156658
2021-05-31T20:37:54.000,2.22,18.42,7.29,44.68728,-124.156658
2021-05-31T20:52:54.000,2.22,18.43,7.28,44.68728,-124.156658
2021-05-31T21:07:54.000,2.21,18.35,7.28,44.68728,-124.156658
2021-05-31T21:22:54.000,2.25,18.64,7.27,44.68728,-124.156658
2021-05-31T21:37:54.000,2.27,18.82,7.27,44.68728,-124.156658
2021-05-31T21:52:54.000,2.25,18.68,7.27,44.68728,-124.156658
2021-05-31T22:07:54.000,2.26,18.76,7.27,44.68728,-124.156658
2021-05-31T22:22:54.000,2.25,18.67,7.27,44.68728,-124.156658
2021-05-31T22:37:54.000,2.28,18.95,7.27,44.68728,-124.156658
2021-05-31T22:52:54.000,2.29,18.98,7.27,44.68728,-124.156658
2021-05-31T23:07:54.000,2.29,18.96,7.27,44.68728,-124.156658
2021-05-31T23:22:54.000,2.28,18.88,7.27,44.68728,-124.156658
2021-05-31T23:37:54.000,2.29,18.97,7.28,44.68728,-124.156658
2021-05-31T23:52:54.000,2.31,19.17,7.28,44.68728,-124.156658
2021-06-01T00:07:54.000,2.33,19.3,7.28,44.68728,-124.156658
2021-06-01T00:22:54.000,2.35,19.45,7.27,44.68728,-124.156658
2021-06-01T00:37:54.000,2.37,19.63,7.27,44.68728,-124.156658
2021-06-01T00:52:54.000,2.36,19.56,7.27,44.68728,-124.156658
2021-06-01T01:07:54.000,2.35,19.47,7.27,44.68728,-124.156658
2021-06-01T01:22:54.000,2.35,19.48,7.27,44.68728,-124.156658
2021-06-01T01:37:54.000,2.34,19.43,7.26,44.68728,-124.156658
2021-06-01T01:52:54.000,2.34,19.39,7.26,44.68728,-124.156658
2021-06-01T02:07:54.000,2.34,19.38,7.26,44.68728,-124.156658
2021-06-01T02:22:54.000,2.33,19.28,7.25,44.68728,-124.156658
2021-06-01T02:37:54.000,2.32,19.25,7.25,44.68728,-124.156658
2021-06-01T02:52:54.000,2.31,19.11,7.25,44.68728,-124.156658
2021-06-01T03:07:54.000,2.31,19.13,7.25,44.68728,-124.156658
2021-06-01T03:22:54.000,2.29,19,7.25,44.68728,-124.156658
2021-06-01T03:37:54.000,2.29,18.94,7.25,44.68728,-124.156658
2021-06-01T03:52:54.000,2.27,18.81,7.24,44.68728,-124.156658
2021-06-01T04:07:54.000,2.28,18.91,7.24,44.68728,-124.156658
2021-06-01T04:22:54.000,2.27,18.77,7.24,44.68728,-124.156658
2021-06-01T04:37:54.000,2.27,18.8,7.24,44.68728,-124.156658
2021-06-01T04:52:54.000,2.26,18.76,7.23,44.68728,-124.156658
2021-06-01T05:07:54.000,2.26,18.7,7.23,44.68728,-124.156658
2021-06-01T05:22:54.000,2.25,18.67,7.23,44.68728,-124.156658
2021-06-01T05:37:54.000,2.25,18.67,7.23,44.68728,-124.156658
2021-06-01T05:52:54.000,2.25,18.61,7.23,44.68728,-124.156658
2021-06-01T06:07:54.000,2.25,18.63,7.23,44.68728,-124.156658
2021-06-01T06:22:54.000,2.24,18.59,7.23,44.68728,-124.156658
2021-06-01T06:37:54.000,2.24,18.6,7.23,44.68728,-124.156658
2021-06-01T06:52:54.000,2.26,18.69,7.23,44.68728,-124.156658
2021-06-01T07:07:54.000,2.25,18.64,7.23,44.68728,-124.156658
2021-06-01T07:22:54.000,2.26,18.73,7.23,44.68728,-124.156658
2021-06-01T07:37:54.000,2.27,18.83,7.24,44.68728,-124.156658
2021-06-01T07:52:54.000,2.27,18.83,7.24,44.68728,-124.156658
2021-06-01T08:07:54.000,2.27,18.78,7.24,44.68728,-124.156658
2021-06-01T08:22:54.000,2.27,18.84,7.24,44.68728,-124.156658
2021-06-01T08:37:54.000,2.29,18.99,7.24,44.68728,-124.156658
2021-06-01T08:52:54.000,2.3,19.09,7.25,44.68728,-124.156658
2021-06-01T09:07:54.000,2.32,19.22,7.25,44.68728,-124.156658
2021-06-01T09:22:54.000,2.32,19.24,7.25,44.68728,-124.156658
2021-06-01T09:37:54.000,2.31,19.13,7.26,44.68728,-124.156658
2021-06-01T09:52:54.000,2.33,19.34,7.27,44.68728,-124.156658
2021-06-01T10:07:54.000,2.33,19.31,7.27,44.68728,-124.156658
2021-06-01T10:22:54.000,2.34,19.42,7.27,44.68728,-124.156658
2021-06-01T10:37:54.000,2.33,19.33,7.27,44.68728,-124.156658
2021-06-01T10:52:54.000,2.32,19.27,7.27,44.68728,-124.156658
2021-06-01T11:07:54.000,2.3,19.1,7.27,44.68728,-124.156658
2021-06-01T11:22:54.000,2.32,19.25,7.27,44.68728,-124.156658
2021-06-01T11:37:54.000,2.31,19.18,7.27,44.68728,-124.156658
2021-06-01T11:52:54.000,2.29,18.95,7.27,44.68728,-124.156658
2021-06-01T12:07:54.000,2.29,18.97,7.27,44.68728,-124.156658
2021-06-01T12:22:54.000,2.29,19.01,7.27,44.68728,-124.156658
2021-06-01T12:37:54.000,2.29,18.97,7.27,44.68728,-124.156658
2021-06-01T12:52:54.000,2.28,18.91,7.27,44.68728,-124.156658
2021-06-01T13:07:54.000,2.27,18.81,7.27,44.68728,-124.156658
2021-06-01T13:22:54.000,2.28,18.89,7.27,44.68728,-124.156658
2021-06-01T13:37:54.000,2.24,18.58,7.27,44.68728,-124.156658
2021-06-01T13:52:54.000,2.26,18.78,7.27,44.68728,-124.156658
2021-06-01T14:07:54.000,2.26,18.73,7.27,44.68728,-124.156658
2021-06-01T14:22:54.000,2.25,18.69,7.27,44.68728,-124.156658
2021-06-01T14:37:54.000,2.25,18.69,7.27,44.68728,-124.156658
2021-06-01T14:52:54.000,2.25,18.68,7.26,44.68728,-124.156658
2021-06-01T15:07:54.000,2.26,18.74,7.26,44.68728,-124.156658
2021-06-01T15:22:54.000,2.26,18.75,7.27,44.68728,-124.156658
2021-06-01T15:37:54.000,2.27,18.79,7.26,44.68728,-124.156658
2021-06-01T15:52:54.000,2.26,18.71,7.26,44.68728,-124.156658
2021-06-01T16:07:54.000,2.26,18.72,7.26,44.68728,-124.156658
2021-06-01T16:22:54.000,2.25,18.65,7.27,44.68728,-124.156658
2021-06-01T16:37:54.000,2.26,18.74,7.27,44.68728,-124.156658
2021-06-01T16:52:54.000,2.26,18.72,7.27,44.68728,-124.156658
2021-06-01T17:07:54.000,2.25,18.68,7.27,44.68728,-124.156658
2021-06-01T17:22:54.000,2.25,18.66,7.27,44.68728,-124.156658
2021-06-01T17:37:54.000,2.25,18.65,7.27,44.68728,-124.156658
2021-06-01T17:52:54.000,2.25,18.67,7.27,44.68728,-124.156658
2021-06-01T18:07:54.000,2.24,18.62,7.27,44.68728,-124.156658
2021-06-01T18:22:54.000,2.24,18.59,7.27,44.68728,-124.156658
2021-06-01T18:37:54.000,2.23,18.51,7.27,44.68728,-124.156658
2021-06-01T18:52:54.000,2.24,18.54,7.27,44.68728,-124.156658
2021-06-01T19:07:54.000,2.23,18.47,7.27,44.68728,-124.156658
2021-06-01T19:22:54.000,2.22,18.45,7.27,44.68728,-124.156658
2021-06-01T19:37:54.000,2.23,18.53,7.27,44.68728,-124.156658
2021-06-01T19:52:54.000,2.22,18.43,7.28,44.68728,-124.156658
2021-06-01T20:07:54.000,2.23,18.48,7.28,44.68728,-124.156658
2021-06-01T20:22:54.000,2.22,18.42,7.28,44.68728,-124.156658
2021-06-01T20:37:54.000,2.22,18.42,7.28,44.68728,-124.156658
2021-06-01T20:52:54.000,2.23,18.47,7.29,44.68728,-124.156658
2021-06-01T21:07:54.000,2.23,18.49,7.29,44.68728,-124.156658
2021-06-01T21:22:54.000,2.22,18.45,7.29,44.68728,-124.156658
2021-06-01T21:37:54.000,2.22,18.4,7.29,44.68728,-124.156658
2021-06-01T21:52:54.000,2.21,18.37,7.29,44.68728,-124.156658
2021-06-01T22:07:54.000,2.21,18.35,7.29,44.68728,-124.156658
2021-06-01T22:22:54.000,2.2,18.27,7.29,44.68728,-124.156658
2021-06-01T22:37:54.000,2.21,18.33,7.29,44.68728,-124.156658
2021-06-01T22:52:54.000,2.21,18.3,7.29,44.68728,-124.156658
2021-06-01T23:07:54.000,2.19,18.19,7.29,44.68728,-124.156658
2021-06-01T23:22:54.000,2.23,18.47,7.29,44.68728,-124.156658
2021-06-01T23:37:54.000,2.22,18.42,7.29,44.68728,-124.156658
2021-06-01T23:52:54.000,2.21,18.33,7.29,44.68728,-124.156658
2021-06-02T00:07:54.000,2.21,18.32,7.29,44.68728,-124.156658
2021-06-02T00:22:54.000,2.18,18.05,7.29,44.68728,-124.156658
2021-06-02T00:37:54.000,2.18,18.09,7.29,44.68728,-124.156658
2021-06-02T00:52:54.000,2.19,18.14,7.29,44.68728,-124.156658
2021-06-02T01:07:54.000,2.18,18.08,7.29,44.68728,-124.156658
2021-06-02T01:22:54.000,2.18,18.08,7.29,44.68728,-124.156658
2021-06-02T01:37:54.000,2.19,18.16,7.29,44.68728,-124.156658
2021-06-02T01:52:54.000,2.18,18.11,7.29,44.68728,-124.156658
2021-06-02T02:07:54.000,2.16,17.96,7.29,44.68728,-124.156658
2021-06-02T02:22:54.000,2.17,17.99,7.29,44.68728,-124.156658
2021-06-02T02:37:54.000,2.17,18,7.29,44.68728,-124.156658
2021-06-02T02:52:54.000,2.16,17.91,7.29,44.68728,-124.156658
2021-06-02T03:07:54.000,2.14,17.75,7.29,44.68728,-124.156658
2021-06-02T03:22:54.000,2.12,17.58,7.29,44.68728,-124.156658
2021-06-02T03:37:54.000,2.14,17.72,7.29,44.68728,-124.156658
2021-06-02T03:52:54.000,2.11,17.53,7.29,44.68728,-124.156658
2021-06-02T04:07:54.000,2.11,17.48,7.29,44.68728,-124.156658
2021-06-02T04:22:54.000,2.12,17.58,7.29,44.68728,-124.156658
2021-06-02T04:37:54.000,2.09,17.35,7.29,44.68728,-124.156658
2021-06-02T04:52:54.000,2.09,17.33,7.29,44.68728,-124.156658
2021-06-02T05:07:54.000,2.07,17.14,7.29,44.68728,-124.156658
2021-06-02T05:22:54.000,2.09,17.35,7.29,44.68728,-124.156658
2021-06-02T05:37:54.000,2.07,17.21,7.29,44.68728,-124.156658
2021-06-02T05:52:54.000,2.06,17.13,7.29,44.68728,-124.156658
2021-06-02T06:07:54.000,2.07,17.17,7.29,44.68728,-124.156658
2021-06-02T06:22:54.000,2.03,16.83,7.29,44.68728,-124.156658
2021-06-02T06:37:54.000,2.03,16.81,7.29,44.68728,-124.156658
2021-06-02T06:52:54.000,2.02,16.77,7.29,44.68728,-124.156658
2021-06-02T07:07:54.000,2.03,16.88,7.29,44.68728,-124.156658
2021-06-02T07:22:54.000,2.02,16.73,7.29,44.68728,-124.156658
2021-06-02T07:37:54.000,2.03,16.82,7.29,44.68728,-124.156658
2021-06-02T07:52:54.000,2.03,16.85,7.29,44.68728,-124.156658
2021-06-02T08:07:54.000,2,16.64,7.29,44.68728,-124.156658
2021-06-02T08:22:54.000,2.02,16.8,7.29,44.68728,-124.156658
2021-06-02T08:37:54.000,2.01,16.7,7.29,44.68728,-124.156658
2021-06-02T08:52:54.000,2.02,16.76,7.29,44.68728,-124.156658
2021-06-02T09:07:54.000,2.01,16.71,7.29,44.68728,-124.156658
2021-06-02T09:22:54.000,2.01,16.68,7.29,44.68728,-124.156658
2021-06-02T09:37:54.000,2.01,16.64,7.29,44.68728,-124.156658
2021-06-02T09:52:54.000,2.02,16.79,7.29,44.68728,-124.156658
2021-06-02T10:07:54.000,2.03,16.85,7.29,44.68728,-124.156658
2021-06-02T10:22:54.000,2.04,16.9,7.29,44.68728,-124.156658
2021-06-02T10:37:54.000,2.07,17.21,7.3,44.68728,-124.156658
2021-06-02T10:52:54.000,2.1,17.41,7.3,44.68728,-124.156658
2021-06-02T11:07:54.000,2.09,17.35,7.3,44.68728,-124.156658
2021-06-02T11:22:54.000,2.1,17.46,7.3,44.68728,-124.156658
2021-06-02T11:37:54.000,2.09,17.35,7.3,44.68728,-124.156658
2021-06-02T11:52:54.000,2.09,17.36,7.3,44.68728,-124.156658
2021-06-02T12:07:54.000,2.09,17.35,7.3,44.68728,-124.156658
2021-06-02T12:22:54.000,2.09,17.34,7.32,44.68728,-124.156658
