Time (UTC),DO (ml/L),Dissolved Oxygen (%),Temperature (C),Latitude,Longitude
2021-05-19T05:44:05.000,2.58,21.47,7.37,44.68728,-124.156658
2021-05-19T05:59:05.000,2.57,21.38,7.34,44.68728,-124.156658
2021-05-19T06:14:05.000,2.56,21.27,7.34,44.68728,-124.156658
2021-05-19T06:29:05.000,2.56,21.3,7.34,44.68728,-124.156658
2021-05-19T06:44:05.000,2.55,21.17,7.34,44.68728,-124.156658
2021-05-19T06:59:05.000,2.55,21.16,7.35,44.68728,-124.156658
2021-05-19T07:14:05.000,2.55,21.18,7.35,44.68728,-124.156658
2021-05-19T07:29:05.000,2.54,21.12,7.36,44.68728,-124.156658
2021-05-19T07:44:05.000,2.54,21.09,7.36,44.68728,-124.156658
2021-05-19T07:59:05.000,2.54,21.1,7.36,44.68728,-124.156658
2021-05-19T08:14:05.000,2.52,20.94,7.36,44.68728,-124.156658
2021-05-19T08:29:05.000,2.52,20.97,7.36,44.68728,-124.156658
2021-05-19T08:44:05.000,2.53,20.99,7.37,44.68728,-124.156658
2021-05-19T08:59:05.000,2.5,20.81,7.37,44.68728,-124.156658
2021-05-19T09:14:05.000,2.5,20.78,7.37,44.68728,-124.156658
2021-05-19T09:29:05.000,2.5,20.78,7.37,44.68728,-124.156658
2021-05-19T09:44:05.000,2.49,20.69,7.37,44.68728,-124.156658
2021-05-19T09:59:05.000,2.49,20.72,7.36,44.68728,-124.156658
2021-05-19T10:14:05.000,2.51,20.85,7.37,44.68728,-124.156658
2021-05-19T10:29:05.000,2.5,20.77,7.37,44.68728,-124.156658
2021-05-19T10:44:05.000,2.49,20.73,7.37,44.68728,-124.156658
2021-05-19T10:59:05.000,2.47,20.57,7.37,44.68728,-124.156658
2021-05-19T11:14:05.000,2.47,20.5,7.37,44.68728,-124.156658
2021-05-19T11:29:05.000,2.46,20.48,7.37,44.68728,-124.156658
2021-05-19T11:44:05.000,2.47,20.51,7.37,44.68728,-124.156658
2021-05-19T11:59:05.000,2.46,20.47,7.37,44.68728,-124.156658
2021-05-19T12:14:05.000,2.45,20.36,7.37,44.68728,-124.156658
2021-05-19T12:29:05.000,2.45,20.4,7.38,44.68728,-124.156658
2021-05-19T12:44:05.000,2.44,20.33,7.39,44.68728,-124.156658
2021-05-19T12:59:05.000,2.44,20.3,7.39,44.68728,-124.156658
2021-05-19T13:14:05.000,2.44,20.31,7.41,44.68728,-124.156658
2021-05-19T13:29:05.000,2.45,20.36,7.42,44.68728,-124.156658
2021-05-19T13:44:05.000,2.46,20.48,7.44,44.68728,-124.156658
2021-05-19T13:59:05.000,2.47,20.55,7.44,44.68728,-124.156658
2021-05-19T14:14:05.000,2.47,20.62,7.45,44.68728,-124.156658
2021-05-19T14:29:05.000,2.49,20.71,7.46,44.68728,-124.156658
2021-05-19T14:44:05.000,2.51,20.88,7.46,44.68728,-124.156658
2021-05-19T14:59:05.000,2.54,21.2,7.48,44.68728,-124.156658
2021-05-19T15:14:05.000,2.57,21.42,7.49,44.68728,-124.156658
2021-05-19T15:29:05.000,2.57,21.47,7.49,44.68728,-124.156658
2021-05-19T15:44:05.000,2.65,22.13,7.51,44.68728,-124.156658
2021-05-19T15:59:05.000,2.68,22.37,7.51,44.68728,-124.156658
2021-05-19T16:14:05.000,2.72,22.66,7.53,44.68728,-124.156658
2021-05-19T16:29:05.000,2.7,22.5,7.52,44.68728,-124.156658
2021-05-19T16:44:05.000,2.62,21.87,7.51,44.68728,-124.156658
2021-05-19T16:59:05.000,2.61,21.79,7.49,44.68728,-124.156658
2021-05-19T17:14:05.000,2.67,22.26,7.51,44.68728,-124.156658
2021-05-19T17:29:05.000,2.73,22.79,7.51,44.68728,-124.156658
2021-05-19T17:44:05.000,2.75,22.92,7.51,44.68728,-124.156658
2021-05-19T17:59:05.000,2.73,22.77,7.51,44.68728,-124.156658
2021-05-19T18:14:05.000,2.75,22.91,7.51,44.68728,-124.156658
2021-05-19T18:29:05.000,2.76,23.04,7.53,44.68728,-124.156658
2021-05-19T18:44:05.000,2.76,23.05,7.54,44.68728,-124.156658
2021-05-19T18:59:05.000,2.77,23.1,7.54,44.68728,-124.156658
2021-05-19T19:14:05.000,2.82,23.52,7.54,44.68728,-124.156658
2021-05-19T19:29:05.000,2.87,23.97,7.55,44.68728,-124.156658
2021-05-19T19:44:05.000,2.87,23.96,7.56,44.68728,-124.156658
2021-05-19T19:59:05.000,2.87,23.95,7.56,44.68728,-124.156658
2021-05-19T20:14:05.000,2.87,23.96,7.56,44.68728,-124.156658
2021-05-19T20:29:05.000,2.86,23.93,7.56,44.68728,-124.156658
2021-05-19T20:44:05.000,2.86,23.9,7.56,44.68728,-124.156658
2021-05-19T20:59:05.000,2.87,23.97,7.56,44.68728,-124.156658
2021-05-19T21:14:05.000,2.89,24.1,7.56,44.68728,-124.156658
2021-05-19T21:29:05.000,2.87,24.01,7.56,44.68728,-124.156658
2021-05-19T21:44:05.000,2.9,24.26,7.56,44.68728,-124.156658
2021-05-19T21:59:05.000,2.89,24.12,7.56,44.68728,-124.156658
2021-05-19T22:14:05.000,2.82,23.52,7.55,44.68728,-124.156658
2021-05-19T22:29:05.000,2.78,23.25,7.54,44.68728,-124.156658
2021-05-19T22:44:05.000,2.75,22.98,7.53,44.68728,-124.156658
2021-05-19T22:59:05.000,2.73,22.79,7.51,44.68728,-124.156658
2021-05-19T23:14:05.000,2.72,22.72,7.51,44.68728,-124.156658
2021-05-19T23:29:05.000,2.72,22.7,7.49,44.68728,-124.156658
2021-05-19T23:44:05.000,2.73,22.8,7.49,44.68728,-124.156658
2021-05-19T23:59:05.000,2.72,22.68,7.49,44.68728,-124.156658
2021-05-20T00:14:05.000,2.73,22.74,7.49,44.68728,-124.156658
2021-05-20T00:29:05.000,2.73,22.72,7.48,44.68728,-124.156658
2021-05-20T00:44:05.000,2.7,22.51,7.47,44.68728,-124.156658
2021-05-20T00:59:05.000,2.69,22.46,7.47,44.68728,-124.156658
2021-05-20T01:14:05.000,2.7,22.54,7.47,44.68728,-124.156658
2021-05-20T01:29:05.000,2.7,22.51,7.46,44.68728,-124.156658
2021-05-20T01:44:05.000,2.69,22.43,7.46,44.68728,-124.156658
2021-05-20T01:59:05.000,2.68,22.34,7.46,44.68728,-124.156658
2021-05-20T02:14:05.000,2.69,22.43,7.46,44.68728,-124.156658
2021-05-20T02:29:05.000,2.68,22.33,7.46,44.68728,-124.156658
2021-05-20T02:44:05.000,2.65,22.12,7.46,44.68728,-124.156658
2021-05-20T02:59:05.000,2.66,22.2,7.46,44.68728,-124.156658
2021-05-20T03:14:05.000,2.68,22.34,7.46,44.68728,-124.156658
2021-05-20T03:29:05.000,2.67,22.24,7.46,44.68728,-124.156658
2021-05-20T03:44:05.000,2.64,22.01,7.46,44.68728,-124.156658
2021-05-20T03:59:05.000,2.66,22.17,7.46,44.68728,-124.156658
2021-05-20T04:14:05.000,2.67,22.22,7.46,44.68728,-124.156658
2021-05-20T04:29:05.000,2.66,22.14,7.46,44.68728,-124.156658
2021-05-20T04:44:05.000,2.66,22.15,7.46,44.68728,-124.156658
2021-05-20T04:59:05.000,2.66,22.14,7.46,44.68728,-124.156658
2021-05-20T05:14:05.000,2.66,22.14,7.46,44.68728,-124.156658
2021-05-20T05:29:05.000,2.66,22.19,7.46,44.68728,-124.156658
2021-05-20T05:44:05.000,2.65,22.12,7.46,44.68728,-124.156658
2021-05-20T05:59:05.000,2.66,22.14,7.46,44.68728,-124.156658
2021-05-20T06:14:05.000,2.66,22.17,7.46,44.68728,-124.156658
2021-05-20T06:29:05.000,2.66,22.19,7.46,44.68728,-124.156658
2021-05-20T06:44:05.000,2.66,22.19,7.46,44.68728,-124.156658
2021-05-20T06:59:05.000,2.65,22.1,7.46,44.68728,-124.156658
2021-05-20T07:14:05.000,2.65,22.09,7.46,44.68728,-124.156658
2021-05-20T07:29:05.000,2.65,22.12,7.46,44.68728,-124.156658
2021-05-20T07:44:05.000,2.66,22.2,7.46,44.68728,-124.156658
2021-05-20T07:59:05.000,2.66,22.17,7.46,44.68728,-124.156658
2021-05-20T08:14:05.000,2.65,22.09,7.46,44.68728,-124.156658
2021-05-20T08:29:05.000,2.64,22.01,7.46,44.68728,-124.156658
2021-05-20T08:44:05.000,2.65,22.08,7.46,44.68728,-124.156658
2021-05-20T08:59:05.000,2.63,21.93,7.47,44.68728,-124.156658
2021-05-20T09:14:05.000,2.63,21.95,7.47,44.68728,-124.156658
2021-05-20T09:29:05.000,2.63,21.92,7.47,44.68728,-124.156658
2021-05-20T09:44:05.000,2.64,21.99,7.47,44.68728,-124.156658
2021-05-20T09:59:05.000,2.63,21.94,7.47,44.68728,-124.156658
2021-05-20T10:14:05.000,2.63,21.91,7.47,44.68728,-124.156658
2021-05-20T10:29:05.000,2.63,21.88,7.47,44.68728,-124.156658
2021-05-20T10:44:05.000,2.63,21.92,7.46,44.68728,-124.156658
2021-05-20T10:59:05.000,2.62,21.86,7.46,44.68728,-124.156658
2021-05-20T11:14:05.000,2.62,21.87,7.46,44.68728,-124.156658
2021-05-20T11:29:05.000,2.61,21.78,7.46,44.68728,-124.156658
2021-05-20T11:44:05.000,2.62,21.87,7.46,44.68728,-124.156658
2021-05-20T11:59:05.000,2.59,21.58,7.46,44.68728,-124.156658
2021-05-20T12:14:05.000,2.61,21.73,7.46,44.68728,-124.156658
2021-05-20T12:29:05.000,2.61,21.72,7.46,44.68728,-124.156658
2021-05-20T12:44:05.000,2.62,21.82,7.46,44.68728,-124.156658
2021-05-20T12:59:05.000,2.61,21.75,7.46,44.68728,-124.156658
2021-05-20T13:14:05.000,2.62,21.83,7.46,44.68728,-124.156658
2021-05-20T13:29:05.000,2.61,21.72,7.46,44.68728,-124.156658
2021-05-20T13:44:05.000,2.61,21.71,7.46,44.68728,-124.156658
2021-05-20T13:59:05.000,2.61,21.76,7.46,44.68728,-124.156658
2021-05-20T14:14:05.000,2.61,21.74,7.46,44.68728,-124.156658
2021-05-20T14:29:05.000,2.62,21.84,7.46,44.68728,-124.156658
2021-05-20T14:44:05.000,2.61,21.73,7.46,44.68728,-124.156658
2021-05-20T14:59:05.000,2.6,21.7,7.46,44.68728,-124.156658
2021-05-20T15:14:05.000,2.61,21.79,7.47,44.68728,-124.156658
2021-05-20T15:29:05.000,2.62,21.81,7.47,44.68728,-124.156658
2021-05-20T15:44:05.000,2.61,21.78,7.47,44.68728,-124.156658
2021-05-20T15:59:05.000,2.63,21.92,7.47,44.68728,-124.156658
2021-05-20T16:14:05.000,2.58,21.47,7.47,44.68728,-124.156658
2021-05-20T16:29:05.000,2.62,21.82,7.48,44.68728,-124.156658
2021-05-20T16:44:05.000,2.61,21.78,7.48,44.68728,-124.156658
2021-05-20T16:59:05.000,2.6,21.7,7.48,44.68728,-124.156658
2021-05-20T17:14:05.000,2.6,21.66,7.49,44.68728,-124.156658
2021-05-20T17:29:05.000,2.61,21.8,7.49,44.68728,-124.156658
2021-05-20T17:44:05.000,2.63,21.92,7.49,44.68728,-124.156658
2021-05-20T17:59:05.000,2.63,21.94,7.49,44.68728,-124.156658
2021-05-20T18:14:05.000,2.65,22.07,7.49,44.68728,-124.156658
2021-05-20T18:29:05.000,2.64,22.05,7.49,44.68728,-124.156658
2021-05-20T18:44:05.000,2.65,22.06,7.49,44.68728,-124.156658
2021-05-20T18:59:05.000,2.64,22.04,7.49,44.68728,-124.156658
2021-05-20T19:14:05.000,2.65,22.08,7.49,44.68728,-124.156658
2021-05-20T19:29:05.000,2.65,22.13,7.49,44.68728,-124.156658
2021-05-20T19:44:05.000,2.64,22.03,7.49,44.68728,-124.156658
2021-05-20T19:59:05.000,2.65,22.13,7.5,44.68728,-124.156658
2021-05-20T20:14:05.000,2.66,22.2,7.5,44.68728,-124.156658
2021-05-20T20:29:05.000,2.66,22.23,7.51,44.68728,-124.156658
2021-05-20T20:44:05.000,2.67,22.24,7.51,44.68728,-124.156658
2021-05-20T20:59:05.000,2.66,22.22,7.51,44.68728,-124.156658
2021-05-20T21:14:05.000,2.65,22.15,7.51,44.68728,-124.156658
2021-05-20T21:29:05.000,2.63,21.95,7.51,44.68728,-124.156658
2021-05-20T21:44:05.000,2.66,22.16,7.51,44.68728,-124.156658
2021-05-20T21:59:05.000,2.66,22.16,7.51,44.68728,-124.156658
2021-05-20T22:14:05.000,2.62,21.84,7.5,44.68728,-124.156658
2021-05-20T22:29:05.000,2.64,21.99,7.5,44.68728,-124.156658
2021-05-20T22:44:05.000,2.63,21.92,7.5,44.68728,-124.156658
2021-05-20T22:59:05.000,2.64,22.02,7.49,44.68728,-124.156658
2021-05-20T23:14:05.000,2.62,21.88,7.49,44.68728,-124.156658
2021-05-20T23:29:05.000,2.63,21.96,7.49,44.68728,-124.156658
2021-05-20T23:44:05.000,2.64,22.03,7.49,44.68728,-124.156658
2021-05-20T23:59:05.000,2.62,21.82,7.49,44.68728,-124.156658
2021-05-21T00:14:05.000,2.62,21.83,7.49,44.68728,-124.156658
2021-05-21T00:29:05.000,2.63,21.91,7.49,44.68728,-124.156658
2021-05-21T00:44:05.000,2.61,21.77,7.49,44.68728,-124.156658
2021-05-21T00:59:05.000,2.59,21.59,7.49,44.68728,-124.156658
2021-05-21T01:14:05.000,2.51,20.97,7.49,44.68728,-124.156658
2021-05-21T01:29:05.000,2.6,21.64,7.49,44.68728,-124.156658
2021-05-21T01:44:05.000,2.61,21.79,7.49,44.68728,-124.156658
2021-05-21T01:59:05.000,2.62,21.82,7.49,44.68728,-124.156658
2021-05-21T02:14:05.000,2.63,21.91,7.49,44.68728,-124.156658
2021-05-21T02:29:05.000,2.62,21.84,7.49,44.68728,-124.156658
2021-05-21T02:44:05.000,2.62,21.81,7.49,44.68728,-124.156658
2021-05-21T02:59:05.000,2.61,21.79,7.49,44.68728,-124.156658
2021-05-21T03:14:05.000,2.61,21.79,7.49,44.68728,-124.156658
2021-05-21T03:29:05.000,2.57,21.46,7.49,44.68728,-124.156658
2021-05-21T03:44:05.000,2.61,21.74,7.49,44.68728,-124.156658
2021-05-21T03:59:05.000,2.6,21.67,7.49,44.68728,-124.156658
2021-05-21T04:14:05.000,2.58,21.49,7.49,44.68728,-124.156658
2021-05-21T04:29:05.000,2.58,21.5,7.49,44.68728,-124.156658
2021-05-21T04:44:05.000,2.59,21.63,7.49,44.68728,-124.156658
2021-05-21T04:59:05.000,2.58,21.52,7.49,44.68728,-124.156658
2021-05-21T05:14:05.000,2.59,21.63,7.49,44.68728,-124.156658
2021-05-21T05:29:05.000,2.58,21.48,7.49,44.68728,-124.156658
2021-05-21T05:44:05.000,2.58,21.54,7.49,44.68728,-124.156658
2021-05-21T05:59:05.000,2.58,21.48,7.5,44.68728,-124.156658
2021-05-21T06:14:05.000,2.58,21.5,7.51,44.68728,-124.156658
2021-05-21T06:29:05.000,2.64,21.99,7.51,44.68728,-124.156658
2021-05-21T06:44:05.000,2.62,21.87,7.51,44.68728,-124.156658
2021-05-21T06:59:05.000,2.62,21.85,7.51,44.68728,-124.156658
2021-05-21T07:14:05.000,2.66,22.18,7.53,44.68728,-124.156658
2021-05-21T07:29:05.000,2.66,22.19,7.53,44.68728,-124.156658
2021-05-21T07:44:05.000,2.66,22.2,7.54,44.68728,-124.156658
2021-05-21T07:59:05.000,2.68,22.4,7.54,44.68728,-124.156658
2021-05-21T08:14:05.000,2.66,22.21,7.54,44.68728,-124.156658
2021-05-21T08:29:05.000,2.69,22.43,7.54,44.68728,-124.156658
2021-05-21T08:44:05.000,2.67,22.28,7.54,44.68728,-124.156658
2021-05-21T08:59:05.000,2.7,22.54,7.54,44.68728,-124.156658
2021-05-21T09:14:05.000,2.69,22.42,7.54,44.68728,-124.156658
2021-05-21T09:29:05.000,2.69,22.5,7.54,44.68728,-124.156658
2021-05-21T09:44:05.000,2.68,22.38,7.54,44.68728,-124.156658
2021-05-21T09:59:05.000,2.69,22.46,7.55,44.68728,-124.156658
2021-05-21T10:14:05.000,2.65,22.1,7.55,44.68728,-124.156658
2021-05-21T10:29:05.000,2.64,22.02,7.55,44.68728,-124.156658
2021-05-21T10:44:05.000,2.63,21.94,7.55,44.68728,-124.156658
2021-05-21T10:59:05.000,2.65,22.11,7.54,44.68728,-124.156658
2021-05-21T11:14:05.000,2.63,21.99,7.54,44.68728,-124.156658
2021-05-21T11:29:05.000,2.64,22.08,7.54,44.68728,-124.156658
2021-05-21T11:44:05.000,2.64,22.03,7.54,44.68728,-124.156658
2021-05-21T11:59:05.000,2.65,22.13,7.54,44.68728,-124.156658
2021-05-21T12:14:05.000,2.64,22.07,7.54,44.68728,-124.156658
2021-05-21T12:29:05.000,2.63,21.99,7.54,44.68728,-124.156658
2021-05-21T12:44:05.000,2.64,22.05,7.54,44.68728,-124.156658
2021-05-21T12:59:05.000,2.63,21.97,7.53,44.68728,-124.156658
2021-05-21T13:14:05.000,2.62,21.89,7.53,44.68728,-124.156658
2021-05-21T13:29:05.000,2.59,21.62,7.53,44.68728,-124.156658
2021-05-21T13:44:05.000,2.59,21.61,7.53,44.68728,-124.156658
2021-05-21T13:59:05.000,2.59,21.61,7.53,44.68728,-124.156658
2021-05-21T14:14:05.000,2.57,21.46,7.53,44.68728,-124.156658
2021-05-21T14:29:05.000,2.58,21.55,7.53,44.68728,-124.156658
2021-05-21T14:44:05.000,2.6,21.72,7.53,44.68728,-124.156658
2021-05-21T14:59:05.000,2.6,21.68,7.52,44.68728,-124.156658
2021-05-21T15:14:05.000,2.58,21.52,7.52,44.68728,-124.156658
2021-05-21T15:29:05.000,2.57,21.43,7.52,44.68728,-124.156658
2021-05-21T15:44:05.000,2.61,21.79,7.51,44.68728,-124.156658
2021-05-21T15:59:05.000,2.6,21.69,7.52,44.68728,-124.156658
2021-05-21T16:14:05.000,2.56,21.39,7.52,44.68728,-124.156658
2021-05-21T16:29:05.000,2.58,21.49,7.52,44.68728,-124.156658
2021-05-21T16:44:05.000,2.57,21.44,7.52,44.68728,-124.156658
2021-05-21T16:59:05.000,2.57,21.46,7.53,44.68728,-124.156658
2021-05-21T17:14:05.000,2.57,21.48,7.53,44.68728,-124.156658
2021-05-21T17:29:05.000,2.59,21.63,7.53,44.68728,-124.156658
2021-05-21T17:44:05.000,2.59,21.59,7.53,44.68728,-124.156658
2021-05-21T17:59:05.000,2.58,21.53,7.53,44.68728,-124.156658
2021-05-21T18:14:05.000,2.55,21.26,7.53,44.68728,-124.156658
2021-05-21T18:29:05.000,2.55,21.32,7.54,44.68728,-124.156658
2021-05-21T18:44:05.000,2.55,21.32,7.54,44.68728,-124.156658
2021-05-21T18:59:05.000,2.56,21.37,7.54,44.68728,-124.156658
2021-05-21T19:14:05.000,2.58,21.51,7.54,44.68728,-124.156658
2021-05-21T19:29:05.000,2.57,21.49,7.54,44.68728,-124.156658
2021-05-21T19:44:05.000,2.57,21.48,7.54,44.68728,-124.156658
2021-05-21T19:59:05.000,2.58,21.52,7.54,44.68728,-124.156658
2021-05-21T20:14:05.000,2.58,21.53,7.54,44.68728,-124.156658
2021-05-21T20:29:05.000,2.59,21.63,7.54,44.68728,-124.156658
2021-05-21T20:44:05.000,2.58,21.55,7.54,44.68728,-124.156658
2021-05-21T20:59:05.000,2.58,21.57,7.54,44.68728,-124.156658
2021-05-21T21:14:05.000,2.56,21.41,7.54,44.68728,-124.156658
2021-05-21T21:29:05.000,2.56,21.37,7.54,44.68728,-124.156658
2021-05-21T21:44:05.000,2.56,21.39,7.55,44.68728,-124.156658
2021-05-21T21:59:05.000,2.55,21.26,7.55,44.68728,-124.156658
2021-05-21T22:14:05.000,2.53,21.12,7.55,44.68728,-124.156658
2021-05-21T22:29:05.000,2.55,21.29,7.55,44.68728,-124.156658
2021-05-21T22:44:05.000,2.52,21.01,7.55,44.68728,-124.156658
2021-05-21T22:59:05.000,2.51,20.94,7.55,44.68728,-124.156658
2021-05-21T23:14:05.000,2.52,21.08,7.55,44.68728,-124.156658
2021-05-21T23:29:05.000,2.55,21.28,7.55,44.68728,-124.156658
2021-05-21T23:44:05.000,2.54,21.25,7.55,44.68728,-124.156658
2021-05-21T23:59:05.000,2.54,21.22,7.55,44.68728,-124.156658
2021-05-22T00:14:05.000,2.54,21.2,7.55,44.68728,-124.156658
2021-05-22T00:29:05.000,2.56,21.34,7.55,44.68728,-124.156658
2021-05-22T00:44:05.000,2.56,21.4,7.54,44.68728,-124.156658
2021-05-22T00:59:05.000,2.56,21.4,7.54,44.68728,-124.156658
2021-05-22T01:14:05.000,2.57,21.44,7.54,44.68728,-124.156658
2021-05-22T01:29:05.000,2.57,21.42,7.54,44.68728,-124.156658
2021-05-22T01:44:05.000,2.57,21.42,7.54,44.68728,-124.156658
2021-05-22T01:59:05.000,2.56,21.35,7.53,44.68728,-124.156658
2021-05-22T02:14:05.000,2.56,21.38,7.53,44.68728,-124.156658
2021-05-22T02:29:05.000,2.56,21.41,7.53,44.68728,-124.156658
2021-05-22T02:44:05.000,2.58,21.52,7.53,44.68728,-124.156658
2021-05-22T02:59:05.000,2.59,21.62,7.53,44.68728,-124.156658
2021-05-22T03:14:05.000,2.59,21.62,7.53,44.68728,-124.156658
2021-05-22T03:29:05.000,2.6,21.72,7.53,44.68728,-124.156658
2021-05-22T03:44:05.000,2.6,21.74,7.53,44.68728,-124.156658
2021-05-22T03:59:05.000,2.62,21.84,7.54,44.68728,-124.156658
2021-05-22T04:14:05.000,2.61,21.79,7.54,44.68728,-124.156658
2021-05-22T04:29:05.000,2.61,21.75,7.54,44.68728,-124.156658
2021-05-22T04:44:05.000,2.6,21.7,7.54,44.68728,-124.156658
2021-05-22T04:59:05.000,2.61,21.78,7.54,44.68728,-124.156658
2021-05-22T05:14:05.000,2.6,21.72,7.54,44.68728,-124.156658
2021-05-22T05:29:05.000,2.59,21.62,7.54,44.68728,-124.156658
2021-05-22T05:44:05.000,2.59,21.61,7.54,44.68728,-124.156658
2021-05-22T05:59:05.000,2.58,21.51,7.54,44.68728,-124.156658
2021-05-22T06:14:05.000,2.59,21.59,7.54,44.68728,-124.156658
2021-05-22T06:29:05.000,2.58,21.56,7.54,44.68728,-124.156658
2021-05-22T06:44:05.000,2.54,21.24,7.54,44.68728,-124.156658
2021-05-22T06:59:05.000,2.56,21.41,7.54,44.68728,-124.156658
2021-05-22T07:14:05.000,2.56,21.36,7.54,44.68728,-124.156658
2021-05-22T07:29:05.000,2.55,21.32,7.54,44.68728,-124.156658
2021-05-22T07:44:05.000,2.56,21.37,7.54,44.68728,-124.156658
2021-05-22T07:59:05.000,2.55,21.3,7.54,44.68728,-124.156658
2021-05-22T08:14:05.000,2.54,21.23,7.54,44.68728,-124.156658
2021-05-22T08:29:05.000,2.53,21.14,7.55,44.68728,-124.156658
2021-05-22T08:44:05.000,2.54,21.18,7.55,44.68728,-124.156658
2021-05-22T08:59:05.000,2.55,21.29,7.55,44.68728,-124.156658
2021-05-22T09:14:05.000,2.53,21.11,7.55,44.68728,-124.156658
2021-05-22T09:29:05.000,2.51,20.95,7.55,44.68728,-124.156658
2021-05-22T09:44:05.000,2.54,21.18,7.55,44.68728,-124.156658
2021-05-22T09:59:05.000,2.53,21.12,7.55,44.68728,-124.156658
2021-05-22T10:14:05.000,2.53,21.14,7.55,44.68728,-124.156658
2021-05-22T10:29:05.000,2.52,21.08,7.55,44.68728,-124.156658
2021-05-22T10:44:05.000,2.5,20.88,7.55,44.68728,-124.156658
2021-05-22T10:59:05.000,2.53,21.09,7.55,44.68728,-124.156658
2021-05-22T11:14:05.000,2.52,21.01,7.55,44.68728,-124.156658
2021-05-22T11:29:05.000,2.51,21,7.55,44.68728,-124.156658
2021-05-22T11:44:05.000,2.54,21.19,7.55,44.68728,-124.156658
2021-05-22T11:59:05.000,2.49,20.77,7.55,44.68728,-124.156658
2021-05-22T12:14:05.000,2.48,20.68,7.56,44.68728,-124.156658
2021-05-22T12:29:05.000,2.5,20.91,7.56,44.68728,-124.156658
2021-05-22T12:44:05.000,2.5,20.88,7.56,44.68728,-124.156658
2021-05-22T12:59:05.000,2.52,21.03,7.56,44.68728,-124.156658
2021-05-22T13:14:05.000,2.51,20.98,7.56,44.68728,-124.156658
2021-05-22T13:29:05.000,2.51,20.98,7.56,44.68728,-124.156658
2021-05-22T13:44:05.000,2.51,20.96,7.56,44.68728,-124.156658
2021-05-22T13:59:05.000,2.53,21.14,7.56,44.68728,-124.156658
2021-05-22T14:14:05.000,2.51,20.99,7.56,44.68728,-124.156658
2021-05-22T14:29:05.000,2.52,21.08,7.56,44.68728,-124.156658
2021-05-22T14:44:05.000,2.53,21.17,7.56,44.68728,-124.156658
2021-05-22T14:59:05.000,2.52,21.07,7.56,44.68728,-124.156658
2021-05-22T15:14:05.000,2.52,21.02,7.56,44.68728,-124.156658
2021-05-22T15:29:05.000,2.51,21,7.56,44.68728,-124.156658
2021-05-22T15:44:05.000,2.52,21.02,7.55,44.68728,-124.156658
2021-05-22T15:59:05.000,2.53,21.12,7.55,44.68728,-124.156658
2021-05-22T16:14:05.000,2.53,21.15,7.55,44.68728,-124.156658
2021-05-22T16:29:05.000,2.52,21.02,7.55,44.68728,-124.156658
2021-05-22T16:44:05.000,2.52,21.01,7.55,44.68728,-124.156658
2021-05-22T16:59:05.000,2.54,21.21,7.55,44.68728,-124.156658
2021-05-22T17:14:05.000,2.54,21.18,7.55,44.68728,-124.156658
2021-05-22T17:29:05.000,2.53,21.13,7.55,44.68728,-124.156658
2021-05-22T17:44:05.000,2.53,21.1,7.55,44.68728,-124.156658
2021-05-22T17:59:05.000,2.56,21.36,7.55,44.68728,-124.156658
2021-05-22T18:14:05.000,2.55,21.27,7.55,44.68728,-124.156658
2021-05-22T18:29:05.000,2.56,21.36,7.55,44.68728,-124.156658
2021-05-22T18:44:05.000,2.55,21.28,7.55,44.68728,-124.156658
2021-05-22T18:59:05.000,2.53,21.16,7.55,44.68728,-124.156658
2021-05-22T19:14:05.000,2.56,21.38,7.55,44.68728,-124.156658
2021-05-22T19:29:05.000,2.56,21.39,7.55,44.68728,-124.156658
2021-05-22T19:44:05.000,2.56,21.39,7.55,44.68728,-124.156658
2021-05-22T19:59:05.000,2.57,21.49,7.55,44.68728,-124.156658
2021-05-22T20:14:05.000,2.59,21.6,7.55,44.68728,-124.156658
2021-05-22T20:29:05.000,2.6,21.73,7.55,44.68728,-124.156658
2021-05-22T20:44:05.000,2.59,21.63,7.55,44.68728,-124.156658
2021-05-22T20:59:05.000,2.58,21.57,7.55,44.68728,-124.156658
2021-05-22T21:14:05.000,2.57,21.5,7.55,44.68728,-124.156658
2021-05-22T21:29:05.000,2.56,21.42,7.55,44.68728,-124.156658
2021-05-22T21:44:05.000,2.55,21.31,7.55,44.68728,-124.156658
2021-05-22T21:59:05.000,2.55,21.33,7.56,44.68728,-124.156658
2021-05-22T22:14:05.000,2.55,21.34,7.56,44.68728,-124.156658
2021-05-22T22:29:05.000,2.56,21.37,7.56,44.68728,-124.156658
2021-05-22T22:44:05.000,2.55,21.32,7.56,44.68728,-124.156658
2021-05-22T22:59:05.000,2.56,21.37,7.56,44.68728,-124.156658
2021-05-22T23:14:05.000,2.55,21.32,7.56,44.68728,-124.156658
2021-05-22T23:29:05.000,2.57,21.43,7.56,44.68728,-124.156658
2021-05-22T23:44:05.000,2.56,21.42,7.56,44.68728,-124.156658
2021-05-22T23:59:05.000,2.58,21.53,7.56,44.68728,-124.156658
2021-05-23T00:14:05.000,2.57,21.49,7.56,44.68728,-124.156658
2021-05-23T00:29:05.000,2.58,21.54,7.56,44.68728,-124.156658
2021-05-23T00:44:05.000,2.58,21.56,7.57,44.68728,-124.156658
2021-05-23T00:59:05.000,2.58,21.53,7.58,44.68728,-124.156658
2021-05-23T01:14:05.000,2.58,21.57,7.58,44.68728,-124.156658
2021-05-23T01:29:05.000,2.59,21.63,7.58,44.68728,-124.156658
2021-05-23T01:44:05.000,2.58,21.59,7.58,44.68728,-124.156658
2021-05-23T01:59:05.000,2.58,21.6,7.58,44.68728,-124.156658
2021-05-23T02:14:05.000,2.59,21.62,7.58,44.68728,-124.156658
2021-05-23T02:29:05.000,2.6,21.7,7.58,44.68728,-124.156658
2021-05-23T02:44:05.000,2.6,21.69,7.58,44.68728,-124.156658
2021-05-23T02:59:05.000,2.59,21.64,7.58,44.68728,-124.156658
2021-05-23T03:14:05.000,2.59,21.67,7.58,44.68728,-124.156658
2021-05-23T03:29:05.000,2.63,21.95,7.58,44.68728,-124.156658
2021-05-23T03:44:05.000,2.64,22.08,7.58,44.68728,-124.156658
2021-05-23T03:59:05.000,2.64,22.08,7.56,44.68728,-124.156658
2021-05-23T04:14:05.000,2.65,22.15,7.56,44.68728,-124.156658
2021-05-23T04:29:05.000,2.66,22.19,7.56,44.68728,-124.156658
2021-05-23T04:44:05.000,2.65,22.17,7.56,44.68728,-124.156658
2021-05-23T04:59:05.000,2.66,22.26,7.56,44.68728,-124.156658
2021-05-23T05:14:05.000,2.67,22.34,7.56,44.68728,-124.156658
2021-05-23T05:29:05.000,2.66,22.22,7.56,44.68728,-124.156658
2021-05-23T05:44:05.000,2.66,22.24,7.56,44.68728,-124.156658
2021-05-23T05:59:05.000,2.64,22.04,7.56,44.68728,-124.156658
2021-05-23T06:14:05.000,2.63,21.93,7.56,44.68728,-124.156658
2021-05-23T06:29:05.000,2.61,21.78,7.56,44.68728,-124.156658
2021-05-23T06:44:05.000,2.61,21.8,7.56,44.68728,-124.156658
2021-05-23T06:59:05.000,2.56,21.37,7.56,44.68728,-124.156658
2021-05-23T07:14:05.000,2.59,21.63,7.56,44.68728,-124.156658
2021-05-23T07:29:05.000,2.59,21.6,7.56,44.68728,-124.156658
2021-05-23T07:44:05.000,2.56,21.38,7.56,44.68728,-124.156658
2021-05-23T07:59:05.000,2.58,21.53,7.56,44.68728,-124.156658
2021-05-23T08:14:05.000,2.56,21.36,7.56,44.68728,-124.156658
2021-05-23T08:29:05.000,2.57,21.5,7.56,44.68728,-124.156658
2021-05-23T08:44:05.000,2.56,21.37,7.56,44.68728,-124.156658
2021-05-23T08:59:05.000,2.56,21.4,7.56,44.68728,-124.156658
2021-05-23T09:14:05.000,2.55,21.29,7.56,44.68728,-124.156658
2021-05-23T09:29:05.000,2.57,21.43,7.56,44.68728,-124.156658
2021-05-23T09:44:05.000,2.58,21.54,7.56,44.68728,-124.156658
2021-05-23T09:59:05.000,2.57,21.48,7.56,44.68728,-124.156658
2021-05-23T10:14:05.000,2.58,21.53,7.56,44.68728,-124.156658
2021-05-23T10:29:05.000,2.59,21.63,7.57,44.68728,-124.156658
2021-05-23T10:44:05.000,2.59,21.66,7.57,44.68728,-124.156658
2021-05-23T10:59:05.000,2.6,21.74,7.57,44.68728,-124.156658
2021-05-23T11:14:05.000,2.6,21.69,7.57,44.68728,-124.156658
2021-05-23T11:29:05.000,2.61,21.77,7.57,44.68728,-124.156658
2021-05-23T11:44:05.000,2.61,21.83,7.57,44.68728,-124.156658
2021-05-23T11:59:05.000,2.61,21.8,7.58,44.68728,-124.156658
2021-05-23T12:14:05.000,2.61,21.82,7.58,44.68728,-124.156658
2021-05-23T12:29:05.000,2.59,21.61,7.58,44.68728,-124.156658
2021-05-23T12:44:05.000,2.58,21.56,7.59,44.68728,-124.156658
2021-05-23T12:59:05.000,2.56,21.44,7.6,44.68728,-124.156658
2021-05-23T13:14:05.000,2.57,21.5,7.6,44.68728,-124.156658
2021-05-23T13:29:05.000,2.56,21.38,7.61,44.68728,-124.156658
2021-05-23T13:44:05.000,2.56,21.39,7.61,44.68728,-124.156658
2021-05-23T13:59:05.000,2.55,21.33,7.61,44.68728,-124.156658
2021-05-23T14:14:05.000,2.54,21.2,7.61,44.68728,-124.156658
2021-05-23T14:29:05.000,2.55,21.3,7.61,44.68728,-124.156658
2021-05-23T14:44:05.000,2.54,21.21,7.61,44.68728,-124.156658
2021-05-23T14:59:05.000,2.55,21.36,7.61,44.68728,-124.156658
2021-05-23T15:14:05.000,2.56,21.42,7.61,44.68728,-124.156658
2021-05-23T15:29:05.000,2.58,21.56,7.6,44.68728,-124.156658
2021-05-23T15:44:05.000,2.59,21.63,7.59,44.68728,-124.156658
2021-05-23T15:59:05.000,2.6,21.72,7.59,44.68728,-124.156658
2021-05-23T16:14:05.000,2.6,21.71,7.59,44.68728,-124.156658
2021-05-23T16:29:05.000,2.58,21.52,7.58,44.68728,-124.156658
2021-05-23T16:44:05.000,2.57,21.49,7.58,44.68728,-124.156658
2021-05-23T16:59:05.000,2.56,21.36,7.58,44.68728,-124.156658
2021-05-23T17:14:05.000,2.55,21.32,7.58,44.68728,-124.156658
2021-05-23T17:29:05.000,2.52,21.05,7.58,44.68728,-124.156658
2021-05-23T17:44:05.000,2.53,21.15,7.58,44.68728,-124.156658
2021-05-23T17:59:05.000,2.53,21.11,7.57,44.68728,-124.156658
2021-05-23T18:14:05.000,2.52,21.03,7.57,44.68728,-124.156658
2021-05-23T18:29:05.000,2.48,20.7,7.57,44.68728,-124.156658
2021-05-23T18:44:05.000,2.49,20.81,7.57,44.68728,-124.156658
2021-05-23T18:59:05.000,2.48,20.73,7.57,44.68728,-124.156658
2021-05-23T19:14:05.000,2.47,20.67,7.57,44.68728,-124.156658
2021-05-23T19:29:05.000,2.48,20.74,7.57,44.68728,-124.156658
2021-05-23T19:44:05.000,2.49,20.84,7.57,44.68728,-124.156658
2021-05-23T19:59:05.000,2.5,20.85,7.57,44.68728,-124.156658
2021-05-23T20:14:05.000,2.47,20.67,7.57,44.68728,-124.156658
2021-05-23T20:29:05.000,2.5,20.85,7.57,44.68728,-124.156658
2021-05-23T20:44:05.000,2.51,20.99,7.57,44.68728,-124.156658
2021-05-23T20:59:05.000,2.51,20.95,7.58,44.68728,-124.156658
2021-05-23T21:14:05.000,2.5,20.9,7.58,44.68728,-124.156658
2021-05-23T21:29:05.000,2.51,20.94,7.58,44.68728,-124.156658
2021-05-23T21:44:05.000,2.51,20.97,7.58,44.68728,-124.156658
2021-05-23T21:59:05.000,2.51,21.01,7.58,44.68728,-124.156658
2021-05-23T22:14:05.000,2.52,21.1,7.58,44.68728,-124.156658
2021-05-23T22:29:05.000,2.53,21.11,7.58,44.68728,-124.156658
2021-05-23T22:44:05.000,2.52,21.06,7.58,44.68728,-124.156658
2021-05-23T22:59:05.000,2.52,21.09,7.58,44.68728,-124.156658
2021-05-23T23:14:05.000,2.53,21.13,7.59,44.68728,-124.156658
2021-05-23T23:29:05.000,2.53,21.18,7.59,44.68728,-124.156658
2021-05-23T23:44:05.000,2.54,21.21,7.59,44.68728,-124.156658
2021-05-23T23:59:05.000,2.52,21.06,7.59,44.68728,-124.156658
2021-05-24T00:14:05.000,2.53,21.17,7.6,44.68728,-124.156658
2021-05-24T00:29:05.000,2.52,21.11,7.6,44.68728,-124.156658
2021-05-24T00:44:05.000,2.51,21.02,7.61,44.68728,-124.156658
2021-05-24T00:59:05.000,2.5,20.87,7.61,44.68728,-124.156658
2021-05-24T01:14:05.000,2.48,20.77,7.61,44.68728,-124.156658
2021-05-24T01:29:05.000,2.48,20.77,7.61,44.68728,-124.156658
2021-05-24T01:44:05.000,2.47,20.65,7.61,44.68728,-124.156658
2021-05-24T01:59:05.000,2.46,20.6,7.61,44.68728,-124.156658
2021-05-24T02:14:05.000,2.46,20.58,7.61,44.68728,-124.156658
2021-05-24T02:29:05.000,2.46,20.54,7.61,44.68728,-124.156658
2021-05-24T02:44:05.000,2.46,20.59,7.62,44.68728,-124.156658
2021-05-24T02:59:05.000,2.47,20.67,7.63,44.68728,-124.156658
2021-05-24T03:14:05.000,2.48,20.78,7.63,44.68728,-124.156658
2021-05-24T03:29:05.000,2.51,20.99,7.63,44.68728,-124.156658
2021-05-24T03:44:05.000,2.5,20.95,7.63,44.68728,-124.156658
2021-05-24T03:59:05.000,2.49,20.86,7.63,44.68728,-124.156658
2021-05-24T04:14:05.000,2.48,20.74,7.63,44.68728,-124.156658
2021-05-24T04:29:05.000,2.46,20.62,7.63,44.68728,-124.156658
2021-05-24T04:44:05.000,2.44,20.46,7.63,44.68728,-124.156658
2021-05-24T04:59:05.000,2.43,20.36,7.63,44.68728,-124.156658
2021-05-24T05:14:05.000,2.41,20.2,7.63,44.68728,-124.156658
2021-05-24T05:29:05.000,2.4,20.12,7.63,44.68728,-124.156658
2021-05-24T05:44:05.000,2.39,20.03,7.63,44.68728,-124.156658
2021-05-24T05:59:05.000,2.39,19.99,7.63,44.68728,-124.156658
2021-05-24T06:14:05.000,2.38,19.96,7.64,44.68728,-124.156658
2021-05-24T06:29:05.000,2.37,19.84,7.64,44.68728,-124.156658
2021-05-24T06:44:05.000,2.36,19.78,7.64,44.68728,-124.156658
2021-05-24T06:59:05.000,2.36,19.76,7.64,44.68728,-124.156658
2021-05-24T07:14:05.000,2.37,19.81,7.64,44.68728,-124.156658
2021-05-24T07:29:05.000,2.37,19.81,7.65,44.68728,-124.156658
2021-05-24T07:44:05.000,2.37,19.83,7.65,44.68728,-124.156658
2021-05-24T07:59:05.000,2.35,19.69,7.65,44.68728,-124.156658
2021-05-24T08:14:05.000,2.35,19.7,7.66,44.68728,-124.156658
2021-05-24T08:29:05.000,2.37,19.85,7.66,44.68728,-124.156658
2021-05-24T08:44:05.000,2.36,19.79,7.66,44.68728,-124.156658
2021-05-24T08:59:05.000,2.37,19.87,7.66,44.68728,-124.156658
2021-05-24T09:14:05.000,2.36,19.8,7.66,44.68728,-124.156658
2021-05-24T09:29:05.000,2.37,19.88,7.66,44.68728,-124.156658
2021-05-24T09:44:05.000,2.37,19.87,7.66,44.68728,-124.156658
2021-05-24T09:59:05.000,2.37,19.84,7.66,44.68728,-124.156658
2021-05-24T10:14:05.000,2.37,19.87,7.66,44.68728,-124.156658
2021-05-24T10:29:05.000,2.38,19.93,7.66,44.68728,-124.156658
2021-05-24T10:44:05.000,2.37,19.85,7.66,44.68728,-124.156658
2021-05-24T10:59:05.000,2.35,19.71,7.66,44.68728,-124.156658
2021-05-24T11:14:05.000,2.35,19.67,7.66,44.68728,-124.156658
2021-05-24T11:29:05.000,2.34,19.58,7.66,44.68728,-124.156658
2021-05-24T11:44:05.000,2.33,19.54,7.67,44.68728,-124.156658
2021-05-24T11:59:05.000,2.37,19.88,7.68,44.68728,-124.156658
2021-05-24T12:14:05.000,2.38,19.92,7.68,44.68728,-124.156658
2021-05-24T12:29:05.000,2.36,19.77,7.68,44.68728,-124.156658
2021-05-24T12:44:05.000,2.37,19.84,7.68,44.68728,-124.156658
2021-05-24T12:59:05.000,2.38,19.94,7.68,44.68728,-124.156658
2021-05-24T13:14:05.000,2.39,20,7.68,44.68728,-124.156658
2021-05-24T13:29:05.000,2.39,20.02,7.68,44.68728,-124.156658
2021-05-24T13:44:05.000,2.42,20.25,7.68,44.68728,-124.156658
2021-05-24T13:59:05.000,2.41,20.19,7.68,44.68728,-124.156658
2021-05-24T14:14:05.000,2.43,20.33,7.68,44.68728,-124.156658
2021-05-24T14:29:05.000,2.44,20.46,7.68,44.68728,-124.156658
2021-05-24T14:44:05.000,2.43,20.34,7.68,44.68728,-124.156658
2021-05-24T14:59:05.000,2.42,20.25,7.68,44.68728,-124.156658
2021-05-24T15:14:05.000,2.4,20.11,7.68,44.68728,-124.156658
2021-05-24T15:29:05.000,2.37,19.89,7.68,44.68728,-124.156658
2021-05-24T15:44:05.000,2.39,19.99,7.68,44.68728,-124.156658
2021-05-24T15:59:05.000,2.36,19.77,7.68,44.68728,-124.156658
2021-05-24T16:14:05.000,2.35,19.7,7.68,44.68728,-124.156658
2021-05-24T16:29:05.000,2.35,19.72,7.67,44.68728,-124.156658
2021-05-24T16:44:05.000,2.35,19.66,7.66,44.68728,-124.156658
2021-05-24T16:59:05.000,2.35,19.69,7.66,44.68728,-124.156658
2021-05-24T17:14:05.000,2.34,19.61,7.66,44.68728,-124.156658
2021-05-24T17:29:05.000,2.35,19.69,7.66,44.68728,-124.156658
2021-05-24T17:44:05.000,2.34,19.61,7.66,44.68728,-124.156658
2021-05-24T17:59:05.000,2.34,19.56,7.66,44.68728,-124.156658
2021-05-24T18:14:05.000,2.32,19.43,7.66,44.68728,-124.156658
2021-05-24T18:29:05.000,2.31,19.33,7.66,44.68728,-124.156658
2021-05-24T18:44:05.000,2.31,19.3,7.65,44.68728,-124.156658
2021-05-24T18:59:05.000,2.32,19.41,7.64,44.68728,-124.156658
2021-05-24T19:14:05.000,2.29,19.16,7.64,44.68728,-124.156658
2021-05-24T19:29:05.000,2.31,19.32,7.63,44.68728,-124.156658
2021-05-24T19:44:05.000,2.29,19.15,7.63,44.68728,-124.156658
2021-05-24T19:59:05.000,2.27,19.03,7.63,44.68728,-124.156658
2021-05-24T20:14:05.000,2.3,19.21,7.64,44.68728,-124.156658
2021-05-24T20:29:05.000,2.3,19.26,7.65,44.68728,-124.156658
2021-05-24T20:44:05.000,2.3,19.23,7.66,44.68728,-124.156658
2021-05-24T20:59:05.000,2.32,19.42,7.66,44.68728,-124.156658
2021-05-24T21:14:05.000,2.32,19.4,7.68,44.68728,-124.156658
2021-05-24T21:29:05.000,2.3,19.29,7.69,44.68728,-124.156658
2021-05-24T21:44:05.000,2.37,19.88,7.71,44.68728,-124.156658
2021-05-24T21:59:05.000,2.5,20.95,7.73,44.68728,-124.156658
2021-05-24T22:14:05.000,2.64,22.16,7.75,44.68728,-124.156658
2021-05-24T22:29:05.000,2.66,22.33,7.75,44.68728,-124.156658
2021-05-24T22:44:05.000,2.63,22.1,7.75,44.68728,-124.156658
2021-05-24T22:59:05.000,2.64,22.17,7.75,44.68728,-124.156658
2021-05-24T23:14:05.000,2.57,21.6,7.74,44.68728,-124.156658
2021-05-24T23:29:05.000,2.58,21.66,7.74,44.68728,-124.156658
2021-05-24T23:44:05.000,2.58,21.6,7.73,44.68728,-124.156658
2021-05-24T23:59:05.000,2.57,21.54,7.73,44.68728,-124.156658
2021-05-25T00:14:05.000,2.58,21.62,7.73,44.68728,-124.156658
2021-05-25T00:29:05.000,2.58,21.65,7.72,44.68728,-124.156658
2021-05-25T00:44:05.000,2.57,21.55,7.71,44.68728,-124.156658
2021-05-25T00:59:05.000,2.59,21.71,7.71,44.68728,-124.156658
2021-05-25T01:14:05.000,2.58,21.65,7.71,44.68728,-124.156658
2021-05-25T01:29:05.000,2.58,21.63,7.71,44.68728,-124.156658
2021-05-25T01:44:05.000,2.55,21.39,7.71,44.68728,-124.156658
2021-05-25T01:59:05.000,2.55,21.39,7.71,44.68728,-124.156658
2021-05-25T02:14:05.000,2.53,21.25,7.71,44.68728,-124.156658
2021-05-25T02:29:05.000,2.53,21.18,7.7,44.68728,-124.156658
2021-05-25T02:44:05.000,2.52,21.09,7.7,44.68728,-124.156658
2021-05-25T02:59:05.000,2.5,20.95,7.7,44.68728,-124.156658
2021-05-25T03:14:05.000,2.48,20.75,7.7,44.68728,-124.156658
2021-05-25T03:29:05.000,2.49,20.84,7.7,44.68728,-124.156658
2021-05-25T03:44:05.000,2.48,20.82,7.7,44.68728,-124.156658
2021-05-25T03:59:05.000,2.44,20.48,7.7,44.68728,-124.156658
2021-05-25T04:14:05.000,2.45,20.57,7.7,44.68728,-124.156658
2021-05-25T04:29:05.000,2.49,20.88,7.7,44.68728,-124.156658
2021-05-25T04:44:05.000,2.5,20.97,7.71,44.68728,-124.156658
2021-05-25T04:59:05.000,2.53,21.19,7.71,44.68728,-124.156658
2021-05-25T05:14:05.000,2.55,21.39,7.71,44.68728,-124.156658
2021-05-25T05:29:05.000,2.58,21.62,7.71,44.68728,-124.156658
2021-05-25T05:44:05.000,2.61,21.86,7.71,44.68728,-124.156658
2021-05-25T05:59:05.000,2.61,21.9,7.72,44.68728,-124.156658
2021-05-25T06:14:05.000,2.62,22,7.73,44.68728,-124.156658
2021-05-25T06:29:05.000,2.68,22.45,7.73,44.68728,-124.156658
2021-05-25T06:44:05.000,2.69,22.55,7.74,44.68728,-124.156658
2021-05-25T06:59:05.000,2.74,22.97,7.75,44.68728,-124.156658
2021-05-25T07:14:05.000,2.77,23.28,7.75,44.68728,-124.156658
2021-05-25T07:29:05.000,2.78,23.36,7.75,44.68728,-124.156658
2021-05-25T07:44:05.000,2.83,23.72,7.77,44.68728,-124.156658
2021-05-25T07:59:05.000,2.87,24.14,7.78,44.68728,-124.156658
2021-05-25T08:14:05.000,2.88,24.17,7.78,44.68728,-124.156658
2021-05-25T08:29:05.000,2.9,24.34,7.78,44.68728,-124.156658
2021-05-25T08:44:05.000,2.91,24.44,7.79,44.68728,-124.156658
2021-05-25T08:59:05.000,2.91,24.47,7.8,44.68728,-124.156658
2021-05-25T09:14:05.000,2.89,24.28,7.79,44.68728,-124.156658
2021-05-25T09:29:05.000,2.88,24.18,7.8,44.68728,-124.156658
2021-05-25T09:44:05.000,2.9,24.4,7.8,44.68728,-124.156658
2021-05-25T09:59:05.000,2.89,24.28,7.8,44.68728,-124.156658
2021-05-25T10:14:05.000,2.88,24.24,7.79,44.68728,-124.156658
2021-05-25T10:29:05.000,2.89,24.3,7.8,44.68728,-124.156658
2021-05-25T10:44:05.000,2.92,24.5,7.8,44.68728,-124.156658
2021-05-25T10:59:05.000,2.92,24.57,7.8,44.68728,-124.156658
2021-05-25T11:14:05.000,2.95,24.76,7.8,44.68728,-124.156658
2021-05-25T11:29:05.000,2.95,24.76,7.8,44.68728,-124.156658
2021-05-25T11:44:05.000,2.93,24.64,7.8,44.68728,-124.156658
2021-05-25T11:59:05.000,2.93,24.59,7.8,44.68728,-124.156658
2021-05-25T12:14:05.000,2.9,24.35,7.8,44.68728,-124.156658
2021-05-25T12:29:05.000,2.89,24.25,7.8,44.68728,-124.156658
2021-05-25T12:44:05.000,2.89,24.32,7.8,44.68728,-124.156658
2021-05-25T12:59:05.000,2.88,24.16,7.79,44.68728,-124.156658
2021-05-25T13:14:05.000,2.88,24.23,7.78,44.68728,-124.156658
2021-05-25T13:29:05.000,2.89,24.3,7.78,44.68728,-124.156658
2021-05-25T13:44:05.000,2.87,24.13,7.78,44.68728,-124.156658
2021-05-25T13:59:05.000,2.87,24.13,7.76,44.68728,-124.156658
2021-05-25T14:14:05.000,2.86,24,7.75,44.68728,-124.156658
2021-05-25T14:29:05.000,2.88,24.14,7.75,44.68728,-124.156658
2021-05-25T14:44:05.000,2.86,23.97,7.75,44.68728,-124.156658
2021-05-25T14:59:05.000,2.86,24,7.75,44.68728,-124.156658
2021-05-25T15:14:05.000,2.83,23.75,7.73,44.68728,-124.156658
2021-05-25T15:29:05.000,2.81,23.61,7.73,44.68728,-124.156658
2021-05-25T15:44:05.000,2.81,23.54,7.73,44.68728,-124.156658
2021-05-25T15:59:05.000,2.77,23.25,7.73,44.68728,-124.156658
2021-05-25T16:14:05.000,2.76,23.18,7.73,44.68728,-124.156658
2021-05-25T16:29:05.000,2.73,22.91,7.73,44.68728,-124.156658
2021-05-25T16:44:05.000,2.77,23.21,7.73,44.68728,-124.156658
2021-05-25T16:59:05.000,2.76,23.15,7.73,44.68728,-124.156658
2021-05-25T17:14:05.000,2.72,22.84,7.72,44.68728,-124.156658
2021-05-25T17:29:05.000,2.72,22.78,7.72,44.68728,-124.156658
2021-05-25T17:44:05.000,2.73,22.85,7.71,44.68728,-124.156658
2021-05-25T17:59:05.000,2.68,22.48,7.71,44.68728,-124.156658
2021-05-25T18:14:05.000,2.71,22.71,7.71,44.68728,-124.156658
2021-05-25T18:29:05.000,2.69,22.59,7.71,44.68728,-124.156658
2021-05-25T18:44:05.000,2.72,22.76,7.71,44.68728,-124.156658
2021-05-25T18:59:05.000,2.68,22.5,7.71,44.68728,-124.156658
2021-05-25T19:14:05.000,2.7,22.6,7.71,44.68728,-124.156658
2021-05-25T19:29:05.000,2.67,22.36,7.71,44.68728,-124.156658
2021-05-25T19:44:05.000,2.63,22.05,7.71,44.68728,-124.156658
2021-05-25T19:59:05.000,2.65,22.21,7.71,44.68728,-124.156658
2021-05-25T20:14:05.000,2.68,22.46,7.71,44.68728,-124.156658
2021-05-25T20:29:05.000,2.73,22.92,7.72,44.68728,-124.156658
2021-05-25T20:44:05.000,2.78,23.36,7.73,44.68728,-124.156658
2021-05-25T20:59:05.000,2.85,23.93,7.73,44.68728,-124.156658
2021-05-25T21:14:05.000,2.89,24.22,7.75,44.68728,-124.156658
2021-05-25T21:29:05.000,2.94,24.65,7.75,44.68728,-124.156658
2021-05-25T21:44:05.000,2.95,24.74,7.76,44.68728,-124.156658
2021-05-25T21:59:05.000,2.94,24.69,7.76,44.68728,-124.156658
2021-05-25T22:14:05.000,2.97,24.97,7.77,44.68728,-124.156658
2021-05-25T22:29:05.000,2.98,24.99,7.76,44.68728,-124.156658
2021-05-25T22:44:05.000,2.96,24.85,7.75,44.68728,-124.156658
2021-05-25T22:59:05.000,2.94,24.71,7.75,44.68728,-124.156658
2021-05-25T23:14:05.000,2.93,24.55,7.75,44.68728,-124.156658
2021-05-25T23:29:05.000,2.91,24.43,7.75,44.68728,-124.156658
2021-05-25T23:44:05.000,2.88,24.21,7.75,44.68728,-124.156658
2021-05-25T23:59:05.000,2.87,24.09,7.75,44.68728,-124.156658
2021-05-26T00:14:05.000,2.82,23.67,7.75,44.68728,-124.156658
2021-05-26T00:29:05.000,2.79,23.39,7.73,44.68728,-124.156658
2021-05-26T00:44:05.000,2.78,23.35,7.73,44.68728,-124.156658
2021-05-26T00:59:05.000,2.78,23.36,7.73,44.68728,-124.156658
2021-05-26T01:14:05.000,2.78,23.36,7.74,44.68728,-124.156658
2021-05-26T01:29:05.000,2.8,23.46,7.74,44.68728,-124.156658
2021-05-26T01:44:05.000,2.75,23.04,7.73,44.68728,-124.156658
2021-05-26T01:59:05.000,2.75,23.03,7.73,44.68728,-124.156658
2021-05-26T02:14:05.000,2.74,23.01,7.73,44.68728,-124.156658
2021-05-26T02:29:05.000,2.72,22.83,7.73,44.68728,-124.156658
2021-05-26T02:44:05.000,2.74,22.95,7.73,44.68728,-124.156658
2021-05-26T02:59:05.000,2.72,22.84,7.73,44.68728,-124.156658
2021-05-26T03:14:05.000,2.67,22.41,7.73,44.68728,-124.156658
2021-05-26T03:29:05.000,2.67,22.41,7.73,44.68728,-124.156658
2021-05-26T03:44:05.000,2.66,22.33,7.73,44.68728,-124.156658
2021-05-26T03:59:05.000,2.66,22.35,7.73,44.68728,-124.156658
2021-05-26T04:14:05.000,2.66,22.31,7.73,44.68728,-124.156658
2021-05-26T04:29:05.000,2.63,22.07,7.73,44.68728,-124.156658
2021-05-26T04:44:05.000,2.67,22.42,7.73,44.68728,-124.156658
2021-05-26T04:59:05.000,2.64,22.11,7.73,44.68728,-124.156658
2021-05-26T05:14:05.000,2.64,22.16,7.73,44.68728,-124.156658
2021-05-26T05:29:05.000,2.66,22.3,7.73,44.68728,-124.156658
2021-05-26T05:44:05.000,2.65,22.24,7.73,44.68728,-124.156658
2021-05-26T05:59:05.000,2.67,22.4,7.73,44.68728,-124.156658
2021-05-26T06:14:05.000,2.66,22.31,7.73,44.68728,-124.156658
2021-05-26T06:29:05.000,2.69,22.56,7.73,44.68728,-124.156658
2021-05-26T06:44:05.000,2.68,22.46,7.73,44.68728,-124.156658
2021-05-26T06:59:05.000,2.69,22.54,7.73,44.68728,-124.156658
2021-05-26T07:14:05.000,2.68,22.47,7.73,44.68728,-124.156658
2021-05-26T07:29:05.000,2.66,22.29,7.73,44.68728,-124.156658
2021-05-26T07:44:05.000,2.65,22.24,7.73,44.68728,-124.156658
2021-05-26T07:59:05.000,2.61,21.88,7.73,44.68728,-124.156658
2021-05-26T08:14:05.000,2.71,22.7,7.73,44.68728,-124.156658
2021-05-26T08:29:05.000,2.7,22.62,7.73,44.68728,-124.156658
2021-05-26T08:44:05.000,2.76,23.18,7.75,44.68728,-124.156658
2021-05-26T08:59:05.000,2.8,23.48,7.75,44.68728,-124.156658
2021-05-26T09:14:05.000,2.79,23.45,7.75,44.68728,-124.156658
2021-05-26T09:29:05.000,2.84,23.86,7.75,44.68728,-124.156658
2021-05-26T09:44:05.000,2.82,23.7,7.75,44.68728,-124.156658
2021-05-26T09:59:05.000,2.84,23.87,7.75,44.68728,-124.156658
2021-05-26T10:14:05.000,2.81,23.57,7.75,44.68728,-124.156658
2021-05-26T10:29:05.000,2.8,23.49,7.75,44.68728,-124.156658
2021-05-26T10:44:05.000,2.77,23.27,7.75,44.68728,-124.156658
2021-05-26T10:59:05.000,2.76,23.14,7.75,44.68728,-124.156658
2021-05-26T11:14:05.000,2.74,23.03,7.75,44.68728,-124.156658
2021-05-26T11:29:05.000,2.76,23.17,7.75,44.68728,-124.156658
2021-05-26T11:44:05.000,2.75,23.11,7.75,44.68728,-124.156658
2021-05-26T11:59:05.000,2.8,23.49,7.75,44.68728,-124.156658
2021-05-26T12:14:05.000,2.86,24.01,7.75,44.68728,-124.156658
2021-05-26T12:29:05.000,2.95,24.75,7.75,44.68728,-124.156658
2021-05-26T12:44:05.000,2.96,24.86,7.76,44.68728,-124.156658
2021-05-26T12:59:05.000,3.02,25.37,7.76,44.68728,-124.156658
2021-05-26T13:14:05.000,3.09,25.95,7.76,44.68728,-124.156658
2021-05-26T13:29:05.000,3.13,26.28,7.77,44.68728,-124.156658
2021-05-26T13:44:05.000,3.14,26.37,7.76,44.68728,-124.156658
2021-05-26T13:59:05.000,3.14,26.31,7.75,44.68728,-124.156658
2021-05-26T14:14:05.000,3.13,26.3,7.75,44.68728,-124.156658
2021-05-26T14:29:05.000,3.07,25.75,7.75,44.68728,-124.156658
2021-05-26T14:44:05.000,3.03,25.41,7.74,44.68728,-124.156658
2021-05-26T14:59:05.000,2.99,25.08,7.73,44.68728,-124.156658
2021-05-26T15:14:05.000,2.98,25,7.73,44.68728,-124.156658
2021-05-26T15:29:05.000,2.98,24.98,7.73,44.68728,-124.156658
2021-05-26T15:44:05.000,2.97,24.94,7.73,44.68728,-124.156658
2021-05-26T15:59:05.000,2.97,24.92,7.72,44.68728,-124.156658
2021-05-26T16:14:05.000,2.99,25.11,7.72,44.68728,-124.156658
2021-05-26T16:29:05.000,3,25.16,7.72,44.68728,-124.156658
2021-05-26T16:44:05.000,3.05,25.55,7.71,44.68728,-124.156658
2021-05-26T16:59:05.000,3.07,25.74,7.71,44.68728,-124.156658
2021-05-26T17:14:05.000,3.09,25.9,7.71,44.68728,-124.156658
2021-05-26T17:29:05.000,3.09,25.86,7.71,44.68728,-124.156658
2021-05-26T17:44:05.000,3.11,26.04,7.71,44.68728,-124.156658
2021-05-26T17:59:05.000,3.1,26.02,7.71,44.68728,-124.156658
2021-05-26T18:14:05.000,3.07,25.7,7.71,44.68728,-124.156658
2021-05-26T18:29:05.000,3.06,25.65,7.71,44.68728,-124.156658
2021-05-26T18:44:05.000,3.03,25.38,7.71,44.68728,-124.156658
2021-05-26T18:59:05.000,3.06,25.65,7.71,44.68728,-124.156658
2021-05-26T19:14:05.000,3.03,25.44,7.7,44.68728,-124.156658
2021-05-26T19:29:05.000,3.02,25.34,7.7,44.68728,-124.156658
2021-05-26T19:44:05.000,3.01,25.25,7.7,44.68728,-124.156658
2021-05-26T19:59:05.000,3.03,25.42,7.7,44.68728,-124.156658
2021-05-26T20:14:05.000,3,25.18,7.7,44.68728,-124.156658
2021-05-26T20:29:05.000,3.02,25.31,7.7,44.68728,-124.156658
2021-05-26T20:44:05.000,3.04,25.52,7.7,44.68728,-124.156658
2021-05-26T20:59:05.000,3,25.16,7.7,44.68728,-124.156658
2021-05-26T21:14:05.000,3.02,25.33,7.71,44.68728,-124.156658
2021-05-26T21:29:05.000,3,25.16,7.71,44.68728,-124.156658
2021-05-26T21:44:05.000,3.09,25.88,7.71,44.68728,-124.156658
2021-05-26T21:59:05.000,3.08,25.81,7.71,44.68728,-124.156658
2021-05-26T22:14:05.000,3.06,25.69,7.71,44.68728,-124.156658
2021-05-26T22:29:05.000,3.02,25.34,7.71,44.68728,-124.156658
2021-05-26T22:44:05.000,2.99,25.1,7.71,44.68728,-124.156658
2021-05-26T22:59:05.000,3,25.12,7.71,44.68728,-124.156658
2021-05-26T23:14:05.000,3.02,25.33,7.71,44.68728,-124.156658
2021-05-26T23:29:05.000,3.01,25.27,7.72,44.68728,-124.156658
2021-05-26T23:44:05.000,3.01,25.24,7.73,44.68728,-124.156658
2021-05-26T23:59:05.000,2.97,24.95,7.73,44.68728,-124.156658
2021-05-27T00:14:05.000,3.01,25.25,7.73,44.68728,-124.156658
2021-05-27T00:29:05.000,2.98,25.02,7.73,44.68728,-124.156658
2021-05-27T00:44:05.000,2.99,25.07,7.73,44.68728,-124.156658
2021-05-27T00:59:05.000,2.93,24.56,7.73,44.68728,-124.156658
2021-05-27T01:14:05.000,2.95,24.71,7.73,44.68728,-124.156658
2021-05-27T01:29:05.000,2.95,24.74,7.73,44.68728,-124.156658
2021-05-27T01:44:05.000,2.9,24.36,7.73,44.68728,-124.156658
2021-05-27T01:59:05.000,2.92,24.48,7.73,44.68728,-124.156658
2021-05-27T02:14:05.000,2.94,24.66,7.73,44.68728,-124.156658
2021-05-27T02:29:05.000,2.91,24.4,7.73,44.68728,-124.156658
2021-05-27T02:44:05.000,2.89,24.21,7.73,44.68728,-124.156658
2021-05-27T02:59:05.000,2.88,24.19,7.73,44.68728,-124.156658
2021-05-27T03:14:05.000,2.86,23.95,7.73,44.68728,-124.156658
2021-05-27T03:29:05.000,2.86,23.95,7.73,44.68728,-124.156658
2021-05-27T03:44:05.000,2.84,23.85,7.73,44.68728,-124.156658
2021-05-27T03:59:05.000,2.84,23.79,7.73,44.68728,-124.156658
2021-05-27T04:14:05.000,2.84,23.8,7.73,44.68728,-124.156658
2021-05-27T04:29:05.000,2.81,23.58,7.73,44.68728,-124.156658
2021-05-27T04:44:05.000,2.83,23.77,7.73,44.68728,-124.156658
2021-05-27T04:59:05.000,2.84,23.81,7.73,44.68728,-124.156658
2021-05-27T05:14:05.000,2.8,23.51,7.73,44.68728,-124.156658
2021-05-27T05:29:05.000,2.83,23.74,7.73,44.68728,-124.156658
2021-05-27T05:44:05.000,2.84,23.83,7.73,44.68728,-124.156658
2021-05-27T05:59:05.000,2.85,23.89,7.73,44.68728,-124.156658
2021-05-27T06:14:05.000,2.82,23.67,7.73,44.68728,-124.156658
2021-05-27T06:29:05.000,2.81,23.56,7.73,44.68728,-124.156658
2021-05-27T06:44:05.000,2.79,23.44,7.73,44.68728,-124.156658
2021-05-27T06:59:05.000,2.8,23.53,7.73,44.68728,-124.156658
2021-05-27T07:14:05.000,2.81,23.55,7.73,44.68728,-124.156658
2021-05-27T07:29:05.000,2.85,23.92,7.74,44.68728,-124.156658
2021-05-27T07:44:05.000,2.83,23.75,7.74,44.68728,-124.156658
2021-05-27T07:59:05.000,2.83,23.73,7.74,44.68728,-124.156658
2021-05-27T08:14:05.000,2.84,23.81,7.75,44.68728,-124.156658
2021-05-27T08:29:05.000,2.88,24.13,7.75,44.68728,-124.156658
2021-05-27T08:44:05.000,2.89,24.28,7.75,44.68728,-124.156658
2021-05-27T08:59:05.000,2.9,24.38,7.75,44.68728,-124.156658
2021-05-27T09:14:05.000,2.81,23.55,7.75,44.68728,-124.156658
2021-05-27T09:29:05.000,2.87,24.09,7.75,44.68728,-124.156658
2021-05-27T09:44:05.000,2.85,23.94,7.75,44.68728,-124.156658
2021-05-27T09:59:05.000,2.86,24.01,7.75,44.68728,-124.156658
2021-05-27T10:14:05.000,2.87,24.09,7.75,44.68728,-124.156658
2021-05-27T10:29:05.000,2.82,23.71,7.75,44.68728,-124.156658
2021-05-27T10:44:05.000,2.81,23.56,7.75,44.68728,-124.156658
2021-05-27T10:59:05.000,2.8,23.5,7.75,44.68728,-124.156658
2021-05-27T11:14:05.000,2.79,23.43,7.75,44.68728,-124.156658
2021-05-27T11:29:05.000,2.83,23.76,7.76,44.68728,-124.156658
2021-05-27T11:44:05.000,2.84,23.85,7.76,44.68728,-124.156658
2021-05-27T11:59:05.000,2.84,23.82,7.76,44.68728,-124.156658
2021-05-27T12:14:05.000,2.85,23.93,7.75,44.68728,-124.156658
2021-05-27T12:29:05.000,2.85,23.94,7.76,44.68728,-124.156658
2021-05-27T12:44:05.000,2.83,23.8,7.77,44.68728,-124.156658
2021-05-27T12:59:05.000,2.87,24.14,7.78,44.68728,-124.156658
2021-05-27T13:14:05.000,2.93,24.56,7.78,44.68728,-124.156658
2021-05-27T13:29:05.000,2.96,24.86,7.78,44.68728,-124.156658
2021-05-27T13:44:05.000,2.98,25,7.78,44.68728,-124.156658
2021-05-27T13:59:05.000,3.04,25.55,7.78,44.68728,-124.156658
2021-05-27T14:14:05.000,3.04,25.56,7.8,44.68728,-124.156658
2021-05-27T14:29:05.000,3.07,25.83,7.8,44.68728,-124.156658
2021-05-27T14:44:05.000,3.1,26.06,7.8,44.68728,-124.156658
2021-05-27T14:59:05.000,3.13,26.28,7.8,44.68728,-124.156658
2021-05-27T15:14:05.000,3.14,26.38,7.8,44.68728,-124.156658
2021-05-27T15:29:05.000,3.13,26.3,7.8,44.68728,-124.156658
2021-05-27T15:44:05.000,3.14,26.42,7.8,44.68728,-124.156658
2021-05-27T15:59:05.000,3.18,26.74,7.81,44.68728,-124.156658
2021-05-27T16:14:05.000,3.2,26.86,7.8,44.68728,-124.156658
2021-05-27T16:29:05.000,3.19,26.82,7.8,44.68728,-124.156658
2021-05-27T16:44:05.000,3.17,26.64,7.8,44.68728,-124.156658
2021-05-27T16:59:05.000,3.18,26.73,7.8,44.68728,-124.156658
2021-05-27T17:14:05.000,3.19,26.81,7.8,44.68728,-124.156658
2021-05-27T17:29:05.000,3.19,26.81,7.8,44.68728,-124.156658
2021-05-27T17:44:05.000,3.21,27.02,7.82,44.68728,-124.156658
2021-05-27T17:59:05.000,3.25,27.29,7.82,44.68728,-124.156658
2021-05-27T18:14:05.000,3.24,27.24,7.83,44.68728,-124.156658
2021-05-27T18:29:05.000,3.26,27.45,7.83,44.68728,-124.156658
2021-05-27T18:44:05.000,3.28,27.6,7.84,44.68728,-124.156658
2021-05-27T18:59:05.000,3.3,27.8,7.85,44.68728,-124.156658
2021-05-27T19:14:05.000,3.37,28.39,7.86,44.68728,-124.156658
2021-05-27T19:29:05.000,3.45,29.05,7.88,44.68728,-124.156658
2021-05-27T19:44:05.000,3.47,29.26,7.92,44.68728,-124.156658
2021-05-27T19:59:05.000,3.48,29.32,7.92,44.68728,-124.156658
2021-05-27T20:14:05.000,3.44,29.03,7.96,44.68728,-124.156658
2021-05-27T20:29:05.000,3.38,28.51,8,44.68728,-124.156658
2021-05-27T20:44:05.000,3.33,28.16,8.02,44.68728,-124.156658
2021-05-27T20:59:05.000,3.35,28.3,8.04,44.68728,-124.156658
2021-05-27T21:14:05.000,3.38,28.59,8.04,44.68728,-124.156658
2021-05-27T21:29:05.000,3.4,28.72,8.04,44.68728,-124.156658
2021-05-27T21:44:05.000,3.32,28.09,8.03,44.68728,-124.156658
2021-05-27T21:59:05.000,3.28,27.67,8.02,44.68728,-124.156658
2021-05-27T22:14:05.000,3.21,27.11,8.02,44.68728,-124.156658
2021-05-27T22:29:05.000,3.2,27.02,8.02,44.68728,-124.156658
2021-05-27T22:44:05.000,3.12,26.33,8,44.68728,-124.156658
2021-05-27T22:59:05.000,3.1,26.17,7.99,44.68728,-124.156658
2021-05-27T23:14:05.000,3.07,25.9,7.99,44.68728,-124.156658
2021-05-27T23:29:05.000,3.06,25.87,7.99,44.68728,-124.156658
2021-05-27T23:44:05.000,3.03,25.57,7.99,44.68728,-124.156658
2021-05-27T23:59:05.000,3,25.35,7.99,44.68728,-124.156658
2021-05-28T00:14:05.000,2.99,25.22,7.99,44.68728,-124.156658
2021-05-28T00:29:05.000,3,25.31,7.99,44.68728,-124.156658
2021-05-28T00:44:05.000,3,25.31,7.99,44.68728,-124.156658
2021-05-28T00:59:05.000,3.05,25.78,7.99,44.68728,-124.156658
2021-05-28T01:14:05.000,3.14,26.49,7.99,44.68728,-124.156658
2021-05-28T01:29:05.000,3.27,27.63,7.97,44.68728,-124.156658
2021-05-28T01:44:05.000,3.32,27.98,7.95,44.68728,-124.156658
2021-05-28T01:59:05.000,3.34,28.2,7.95,44.68728,-124.156658
2021-05-28T02:14:05.000,3.36,28.34,7.93,44.68728,-124.156658
2021-05-28T02:29:05.000,3.37,28.4,7.92,44.68728,-124.156658
2021-05-28T02:44:05.000,3.39,28.58,7.92,44.68728,-124.156658
2021-05-28T02:59:05.000,3.41,28.71,7.92,44.68728,-124.156658
2021-05-28T03:14:05.000,3.42,28.83,7.92,44.68728,-124.156658
2021-05-28T03:29:05.000,3.44,29.02,7.92,44.68728,-124.156658
2021-05-28T03:44:05.000,3.45,29.1,7.9,44.68728,-124.156658
2021-05-28T03:59:05.000,3.47,29.26,7.9,44.68728,-124.156658
2021-05-28T04:14:05.000,3.49,29.38,7.9,44.68728,-124.156658
2021-05-28T04:29:05.000,3.48,29.34,7.9,44.68728,-124.156658
2021-05-28T04:44:05.000,3.48,29.3,7.91,44.68728,-124.156658
2021-05-28T04:59:05.000,3.49,29.41,7.92,44.68728,-124.156658
2021-05-28T05:14:05.000,3.49,29.42,7.92,44.68728,-124.156658
2021-05-28T05:29:05.000,3.48,29.34,7.92,44.68728,-124.156658
2021-05-28T05:44:05.000,3.48,29.31,7.92,44.68728,-124.156658
2021-05-28T05:59:05.000,3.47,29.23,7.92,44.68728,-124.156658
2021-05-28T06:14:05.000,3.45,29.11,7.93,44.68728,-124.156658
2021-05-28T06:29:05.000,3.4,28.64,7.94,44.68728,-124.156658
2021-05-28T06:44:05.000,3.39,28.57,7.95,44.68728,-124.156658
2021-05-28T06:59:05.000,3.35,28.27,7.95,44.68728,-124.156658
2021-05-28T07:14:05.000,3.33,28.11,7.95,44.68728,-124.156658
2021-05-28T07:29:05.000,3.31,27.95,7.94,44.68728,-124.156658
2021-05-28T07:44:05.000,3.29,27.77,7.94,44.68728,-124.156658
2021-05-28T07:59:05.000,3.27,27.54,7.94,44.68728,-124.156658
2021-05-28T08:14:05.000,3.23,27.27,7.94,44.68728,-124.156658
2021-05-28T08:29:05.000,3.2,26.97,7.95,44.68728,-124.156658
2021-05-28T08:44:05.000,3.14,26.5,7.95,44.68728,-124.156658
2021-05-28T08:59:05.000,3.12,26.35,7.95,44.68728,-124.156658
2021-05-28T09:14:05.000,3.12,26.32,7.94,44.68728,-124.156658
2021-05-28T09:29:05.000,3.11,26.23,7.95,44.68728,-124.156658
2021-05-28T09:44:05.000,3.1,26.12,7.95,44.68728,-124.156658
2021-05-28T09:59:05.000,3.06,25.84,7.95,44.68728,-124.156658
2021-05-28T10:14:05.000,3.05,25.68,7.95,44.68728,-124.156658
2021-05-28T10:29:05.000,3.03,25.56,7.95,44.68728,-124.156658
2021-05-28T10:44:05.000,3.04,25.63,7.95,44.68728,-124.156658
2021-05-28T10:59:05.000,3.05,25.69,7.95,44.68728,-124.156658
2021-05-28T11:14:05.000,3.05,25.74,7.95,44.68728,-124.156658
2021-05-28T11:29:05.000,3.07,25.88,7.95,44.68728,-124.156658
2021-05-28T11:44:05.000,3.07,25.92,7.95,44.68728,-124.156658
2021-05-28T11:59:05.000,3.1,26.12,7.95,44.68728,-124.156658
2021-05-28T12:14:05.000,3.1,26.19,7.96,44.68728,-124.156658
2021-05-28T12:29:05.000,3.16,26.64,7.97,44.68728,-124.156658
2021-05-28T12:44:05.000,3.21,27.07,7.97,44.68728,-124.156658
2021-05-28T12:59:05.000,3.29,27.75,7.97,44.68728,-124.156658
2021-05-28T13:14:05.000,3.33,28.12,7.95,44.68728,-124.156658
2021-05-28T13:29:05.000,3.42,28.82,7.95,44.68728,-124.156658
2021-05-28T13:44:05.000,3.51,29.64,7.96,44.68728,-124.156658
2021-05-28T13:59:05.000,3.55,29.95,7.97,44.68728,-124.156658
2021-05-28T14:14:05.000,3.59,30.28,7.97,44.68728,-124.156658
2021-05-28T14:29:05.000,3.64,30.69,7.95,44.68728,-124.156658
2021-05-28T14:44:05.000,3.68,31,7.94,44.68728,-124.156658
2021-05-28T14:59:05.000,3.72,31.35,7.92,44.68728,-124.156658
2021-05-28T15:14:05.000,3.75,31.59,7.92,44.68728,-124.156658
2021-05-28T15:29:05.000,3.77,31.79,7.92,44.68728,-124.156658
2021-05-28T15:44:05.000,3.78,31.84,7.92,44.68728,-124.156658
2021-05-28T15:59:05.000,3.77,31.75,7.92,44.68728,-124.156658
2021-05-28T16:14:05.000,3.78,31.85,7.92,44.68728,-124.156658
2021-05-28T16:29:05.000,3.81,32.09,7.93,44.68728,-124.156658
2021-05-28T16:44:05.000,3.81,32.11,7.93,44.68728,-124.156658
2021-05-28T16:59:05.000,3.83,32.26,7.94,44.68728,-124.156658
2021-05-28T17:14:05.000,3.84,32.33,7.93,44.68728,-124.156658
2021-05-28T17:29:05.000,3.85,32.49,7.93,44.68728,-124.156658
2021-05-28T17:44:05.000,3.84,32.4,7.93,44.68728,-124.156658
2021-05-28T17:59:05.000,3.84,32.41,7.93,44.68728,-124.156658
2021-05-28T18:14:05.000,3.84,32.39,7.92,44.68728,-124.156658
2021-05-28T18:29:05.000,3.84,32.35,7.92,44.68728,-124.156658
2021-05-28T18:44:05.000,3.84,32.39,7.92,44.68728,-124.156658
2021-05-28T18:59:05.000,3.84,32.34,7.92,44.68728,-124.156658
2021-05-28T19:14:05.000,3.83,32.28,7.92,44.68728,-124.156658
2021-05-28T19:29:05.000,3.83,32.25,7.92,44.68728,-124.156658
2021-05-28T19:44:05.000,3.81,32.13,7.92,44.68728,-124.156658
2021-05-28T19:59:05.000,3.8,32.03,7.91,44.68728,-124.156658
2021-05-28T20:14:05.000,3.79,31.96,7.9,44.68728,-124.156658
2021-05-28T20:29:05.000,3.79,31.91,7.9,44.68728,-124.156658
2021-05-28T20:44:05.000,3.79,31.92,7.9,44.68728,-124.156658
2021-05-28T20:59:05.000,3.78,31.85,7.9,44.68728,-124.156658
2021-05-28T21:14:05.000,3.8,32.01,7.9,44.68728,-124.156658
2021-05-28T21:29:05.000,3.79,31.91,7.9,44.68728,-124.156658
2021-05-28T21:44:05.000,3.76,31.64,7.9,44.68728,-124.156658
2021-05-28T21:59:05.000,3.78,31.82,7.9,44.68728,-124.156658
2021-05-28T22:14:05.000,3.77,31.77,7.9,44.68728,-124.156658
2021-05-28T22:29:05.000,3.76,31.68,7.9,44.68728,-124.156658
2021-05-28T22:44:05.000,3.75,31.6,7.9,44.68728,-124.156658
2021-05-28T22:59:05.000,3.74,31.52,7.9,44.68728,-124.156658
2021-05-28T23:14:05.000,3.73,31.41,7.9,44.68728,-124.156658
2021-05-28T23:29:05.000,3.71,31.28,7.9,44.68728,-124.156658
2021-05-28T23:44:05.000,3.71,31.22,7.9,44.68728,-124.156658
2021-05-28T23:59:05.000,3.68,31.02,7.9,44.68728,-124.156658
2021-05-29T00:14:05.000,3.69,31.07,7.9,44.68728,-124.156658
2021-05-29T00:29:05.000,3.67,30.88,7.9,44.68728,-124.156658
2021-05-29T00:44:05.000,3.67,30.93,7.9,44.68728,-124.156658
2021-05-29T00:59:05.000,3.64,30.7,7.91,44.68728,-124.156658
2021-05-29T01:14:05.000,3.62,30.52,7.91,44.68728,-124.156658
2021-05-29T01:29:05.000,3.6,30.36,7.92,44.68728,-124.156658
2021-05-29T01:44:05.000,3.59,30.26,7.92,44.68728,-124.156658
2021-05-29T01:59:05.000,3.55,29.95,7.92,44.68728,-124.156658
2021-05-29T02:14:05.000,3.53,29.78,7.92,44.68728,-124.156658
2021-05-29T02:29:05.000,3.5,29.49,7.92,44.68728,-124.156658
2021-05-29T02:44:05.000,3.5,29.51,7.92,44.68728,-124.156658
2021-05-29T02:59:05.000,3.49,29.41,7.92,44.68728,-124.156658
2021-05-29T03:14:05.000,3.48,29.36,7.92,44.68728,-124.156658
2021-05-29T03:29:05.000,3.47,29.23,7.92,44.68728,-124.156658
2021-05-29T03:44:05.000,3.46,29.12,7.92,44.68728,-124.156658
2021-05-29T03:59:05.000,3.41,28.75,7.92,44.68728,-124.156658
2021-05-29T04:14:05.000,3.44,29.03,7.92,44.68728,-124.156658
2021-05-29T04:29:05.000,3.38,28.5,7.92,44.68728,-124.156658
2021-05-29T04:44:05.000,3.36,28.29,7.92,44.68728,-124.156658
2021-05-29T04:59:05.000,3.34,28.12,7.92,44.68728,-124.156658
2021-05-29T05:14:05.000,3.29,27.77,7.92,44.68728,-124.156658
2021-05-29T05:29:05.000,3.31,27.91,7.92,44.68728,-124.156658
2021-05-29T05:44:05.000,3.26,27.44,7.92,44.68728,-124.156658
2021-05-29T05:59:05.000,3.27,27.55,7.92,44.68728,-124.156658
2021-05-29T06:14:05.000,3.22,27.13,7.92,44.68728,-124.156658
2021-05-29T06:29:05.000,3.19,26.91,7.92,44.68728,-124.156658
2021-05-29T06:44:05.000,3.19,26.9,7.92,44.68728,-124.156658
2021-05-29T06:59:05.000,3.16,26.66,7.91,44.68728,-124.156658
2021-05-29T07:14:05.000,3.13,26.39,7.9,44.68728,-124.156658
2021-05-29T07:29:05.000,3.13,26.33,7.9,44.68728,-124.156658
2021-05-29T07:44:05.000,3.12,26.32,7.9,44.68728,-124.156658
2021-05-29T07:59:05.000,3.13,26.37,7.9,44.68728,-124.156658
2021-05-29T08:14:05.000,3.13,26.32,7.9,44.68728,-124.156658
2021-05-29T08:29:05.000,3.14,26.44,7.9,44.68728,-124.156658
2021-05-29T08:44:05.000,3.09,26.03,7.9,44.68728,-124.156658
2021-05-29T08:59:05.000,3.13,26.33,7.9,44.68728,-124.156658
2021-05-29T09:14:05.000,3.11,26.21,7.9,44.68728,-124.156658
2021-05-29T09:29:05.000,3.1,26.12,7.9,44.68728,-124.156658
2021-05-29T09:44:05.000,3.15,26.5,7.89,44.68728,-124.156658
2021-05-29T09:59:05.000,3.05,25.73,7.9,44.68728,-124.156658
2021-05-29T10:14:05.000,3.1,26.11,7.89,44.68728,-124.156658
2021-05-29T10:29:05.000,3.11,26.22,7.89,44.68728,-124.156658
2021-05-29T10:44:05.000,3.23,27.19,7.89,44.68728,-124.156658
2021-05-29T10:59:05.000,3.3,27.8,7.88,44.68728,-124.156658
2021-05-29T11:14:05.000,3.31,27.86,7.88,44.68728,-124.156658
2021-05-29T11:29:05.000,3.4,28.63,7.88,44.68728,-124.156658
2021-05-29T11:44:05.000,3.39,28.5,7.88,44.68728,-124.156658
2021-05-29T11:59:05.000,3.43,28.88,7.88,44.68728,-124.156658
2021-05-29T12:14:05.000,3.47,29.19,7.88,44.68728,-124.156658
2021-05-29T12:29:05.000,3.54,29.76,7.87,44.68728,-124.156658
2021-05-29T12:44:05.000,3.55,29.92,7.87,44.68728,-124.156658
2021-05-29T12:59:05.000,3.56,29.97,7.88,44.68728,-124.156658
2021-05-29T13:14:05.000,3.59,30.23,7.88,44.68728,-124.156658
2021-05-29T13:29:05.000,3.62,30.51,7.88,44.68728,-124.156658
2021-05-29T13:44:05.000,3.64,30.64,7.89,44.68728,-124.156658
2021-05-29T13:59:05.000,3.66,30.82,7.89,44.68728,-124.156658
2021-05-29T14:14:05.000,3.68,31.02,7.9,44.68728,-124.156658
2021-05-29T14:29:05.000,3.71,31.22,7.9,44.68728,-124.156658
2021-05-29T14:44:05.000,3.73,31.42,7.9,44.68728,-124.156658
2021-05-29T14:59:05.000,3.74,31.5,7.9,44.68728,-124.156658
2021-05-29T15:14:05.000,3.76,31.7,7.9,44.68728,-124.156658
2021-05-29T15:29:05.000,3.77,31.77,7.9,44.68728,-124.156658
2021-05-29T15:44:05.000,3.79,31.9,7.9,44.68728,-124.156658
2021-05-29T15:59:05.000,3.79,31.92,7.9,44.68728,-124.156658
2021-05-29T16:14:05.000,3.79,31.93,7.9,44.68728,-124.156658
2021-05-29T16:29:05.000,3.78,31.87,7.9,44.68728,-124.156658
2021-05-29T16:44:05.000,3.79,31.89,7.9,44.68728,-124.156658
2021-05-29T16:59:05.000,3.79,31.89,7.9,44.68728,-124.156658
2021-05-29T17:14:05.000,3.77,31.79,7.9,44.68728,-124.156658
2021-05-29T17:29:05.000,3.76,31.71,7.9,44.68728,-124.156658
2021-05-29T17:44:05.000,3.76,31.67,7.9,44.68728,-124.156658
2021-05-29T17:59:05.000,3.74,31.47,7.9,44.68728,-124.156658
2021-05-29T18:14:05.000,3.72,31.34,7.9,44.68728,-124.156658
2021-05-29T18:29:05.000,3.73,31.38,7.9,44.68728,-124.156658
2021-05-29T18:44:05.000,3.7,31.2,7.89,44.68728,-124.156658
2021-05-29T18:59:05.000,3.69,31.1,7.89,44.68728,-124.156658
2021-05-29T19:14:05.000,3.69,31.06,7.88,44.68728,-124.156658
2021-05-29T19:29:05.000,3.7,31.11,7.87,44.68728,-124.156658
2021-05-29T19:44:05.000,3.67,30.93,7.87,44.68728,-124.156658
2021-05-29T19:59:05.000,3.66,30.85,7.87,44.68728,-124.156658
2021-05-29T20:14:05.000,3.64,30.66,7.87,44.68728,-124.156658
2021-05-29T20:29:05.000,3.64,30.68,7.87,44.68728,-124.156658
2021-05-29T20:44:05.000,3.64,30.63,7.87,44.68728,-124.156658
2021-05-29T20:59:05.000,3.66,30.8,7.87,44.68728,-124.156658
2021-05-29T21:14:05.000,3.65,30.68,7.85,44.68728,-124.156658
2021-05-29T21:29:05.000,3.64,30.59,7.85,44.68728,-124.156658
2021-05-29T21:44:05.000,3.62,30.47,7.85,44.68728,-124.156658
2021-05-29T21:59:05.000,3.6,30.3,7.85,44.68728,-124.156658
2021-05-29T22:14:05.000,3.57,30.06,7.85,44.68728,-124.156658
2021-05-29T22:29:05.000,3.56,29.96,7.85,44.68728,-124.156658
2021-05-29T22:44:05.000,3.58,30.09,7.85,44.68728,-124.156658
2021-05-29T22:59:05.000,3.54,29.77,7.85,44.68728,-124.156658
2021-05-29T23:14:05.000,3.57,30.07,7.85,44.68728,-124.156658
2021-05-29T23:29:05.000,3.48,29.32,7.85,44.68728,-124.156658
2021-05-29T23:44:05.000,3.51,29.51,7.86,44.68728,-124.156658
2021-05-29T23:59:05.000,3.53,29.74,7.87,44.68728,-124.156658
2021-05-30T00:14:05.000,3.51,29.59,7.87,44.68728,-124.156658
2021-05-30T00:29:05.000,3.53,29.75,7.87,44.68728,-124.156658
2021-05-30T00:44:05.000,3.52,29.65,7.87,44.68728,-124.156658
2021-05-30T00:59:05.000,3.51,29.55,7.87,44.68728,-124.156658
2021-05-30T01:14:05.000,3.55,29.87,7.88,44.68728,-124.156658
2021-05-30T01:29:05.000,3.52,29.61,7.88,44.68728,-124.156658
2021-05-30T01:44:05.000,3.5,29.51,7.89,44.68728,-124.156658
2021-05-30T01:59:05.000,3.46,29.12,7.89,44.68728,-124.156658
2021-05-30T02:14:05.000,3.45,29.06,7.89,44.68728,-124.156658
2021-05-30T02:29:05.000,3.44,28.94,7.89,44.68728,-124.156658
2021-05-30T02:44:05.000,3.43,28.85,7.89,44.68728,-124.156658
2021-05-30T02:59:05.000,3.42,28.76,7.89,44.68728,-124.156658
2021-05-30T03:14:05.000,3.39,28.55,7.89,44.68728,-124.156658
2021-05-30T03:29:05.000,3.38,28.47,7.89,44.68728,-124.156658
2021-05-30T03:44:05.000,3.34,28.11,7.89,44.68728,-124.156658
2021-05-30T03:59:05.000,3.32,27.92,7.89,44.68728,-124.156658
2021-05-30T04:14:05.000,3.31,27.84,7.89,44.68728,-124.156658
2021-05-30T04:29:05.000,3.32,27.96,7.89,44.68728,-124.156658
2021-05-30T04:44:05.000,3.3,27.76,7.89,44.68728,-124.156658
2021-05-30T04:59:05.000,3.29,27.69,7.89,44.68728,-124.156658
2021-05-30T05:14:05.000,3.26,27.48,7.89,44.68728,-124.156658
2021-05-30T05:29:05.000,3.22,27.15,7.89,44.68728,-124.156658
2021-05-30T05:44:05.000,3.17,26.7,7.89,44.68728,-124.156658
2021-05-30T05:59:05.000,3.12,26.29,7.9,44.68728,-124.156658
2021-05-30T06:14:05.000,3.04,25.62,7.89,44.68728,-124.156658
2021-05-30T06:29:05.000,2.96,24.96,7.9,44.68728,-124.156658
2021-05-30T06:44:05.000,2.82,23.75,7.9,44.68728,-124.156658
2021-05-30T06:59:05.000,2.7,22.78,7.9,44.68728,-124.156658
2021-05-30T07:14:05.000,2.66,22.41,7.9,44.68728,-124.156658
2021-05-30T07:29:05.000,2.58,21.73,7.9,44.68728,-124.156658
2021-05-30T07:44:05.000,2.52,21.21,7.9,44.68728,-124.156658
2021-05-30T07:59:05.000,2.49,20.96,7.89,44.68728,-124.156658
2021-05-30T08:14:05.000,2.48,20.87,7.88,44.68728,-124.156658
2021-05-30T08:29:05.000,2.46,20.7,7.88,44.68728,-124.156658
2021-05-30T08:44:05.000,2.4,20.19,7.88,44.68728,-124.156658
2021-05-30T08:59:05.000,2.45,20.64,7.87,44.68728,-124.156658
2021-05-30T09:14:05.000,2.46,20.72,7.87,44.68728,-124.156658
2021-05-30T09:29:05.000,2.46,20.67,7.87,44.68728,-124.156658
2021-05-30T09:44:05.000,2.45,20.64,7.87,44.68728,-124.156658
2021-05-30T09:59:05.000,2.45,20.6,7.87,44.68728,-124.156658
2021-05-30T10:14:05.000,2.43,20.47,7.87,44.68728,-124.156658
2021-05-30T10:29:05.000,2.41,20.28,7.87,44.68728,-124.156658
2021-05-30T10:44:05.000,2.39,20.16,7.87,44.68728,-124.156658
2021-05-30T10:59:05.000,2.37,19.99,7.87,44.68728,-124.156658
2021-05-30T11:14:05.000,2.36,19.83,7.87,44.68728,-124.156658
2021-05-30T11:29:05.000,2.37,19.98,7.87,44.68728,-124.156658
2021-05-30T11:44:05.000,2.34,19.72,7.87,44.68728,-124.156658
2021-05-30T11:59:05.000,2.33,19.57,7.87,44.68728,-124.156658
2021-05-30T12:14:05.000,2.28,19.17,7.87,44.68728,-124.156658
2021-05-30T12:29:05.000,2.33,19.62,7.87,44.68728,-124.156658
2021-05-30T12:44:05.000,2.33,19.62,7.87,44.68728,-124.156658
2021-05-30T12:59:05.000,2.4,20.19,7.87,44.68728,-124.156658
2021-05-30T13:14:05.000,2.4,20.21,7.87,44.68728,-124.156658
2021-05-30T13:29:05.000,2.47,20.79,7.86,44.68728,-124.156658
2021-05-30T13:44:05.000,2.41,20.26,7.86,44.68728,-124.156658
2021-05-30T13:59:05.000,2.48,20.85,7.85,44.68728,-124.156658
2021-05-30T14:14:05.000,2.47,20.78,7.85,44.68728,-124.156658
2021-05-30T14:29:05.000,2.55,21.43,7.85,44.68728,-124.156658
2021-05-30T14:44:05.000,2.59,21.81,7.85,44.68728,-124.156658
2021-05-30T14:59:05.000,2.59,21.79,7.85,44.68728,-124.156658
2021-05-30T15:14:05.000,2.58,21.67,7.85,44.68728,-124.156658
2021-05-30T15:29:05.000,2.6,21.83,7.85,44.68728,-124.156658
2021-05-30T15:44:05.000,2.53,21.27,7.85,44.68728,-124.156658
2021-05-30T15:59:05.000,2.65,22.28,7.85,44.68728,-124.156658
2021-05-30T16:14:05.000,2.69,22.66,7.85,44.68728,-124.156658
2021-05-30T16:29:05.000,2.63,22.16,7.85,44.68728,-124.156658
2021-05-30T16:44:05.000,2.69,22.63,7.85,44.68728,-124.156658
2021-05-30T16:59:05.000,2.7,22.71,7.85,44.68728,-124.156658
2021-05-30T17:14:05.000,2.68,22.55,7.85,44.68728,-124.156658
2021-05-30T17:29:05.000,2.69,22.65,7.85,44.68728,-124.156658
2021-05-30T17:44:05.000,2.75,23.17,7.85,44.68728,-124.156658
2021-05-30T17:59:05.000,2.83,23.77,7.85,44.68728,-124.156658
2021-05-30T18:14:05.000,2.89,24.34,7.85,44.68728,-124.156658
2021-05-30T18:29:05.000,2.91,24.49,7.85,44.68728,-124.156658
2021-05-30T18:44:05.000,2.99,25.17,7.85,44.68728,-124.156658
2021-05-30T18:59:05.000,3.09,25.98,7.85,44.68728,-124.156658
2021-05-30T19:14:05.000,3.11,26.2,7.85,44.68728,-124.156658
2021-05-30T19:29:05.000,3.14,26.39,7.85,44.68728,-124.156658
2021-05-30T19:44:05.000,3.19,26.8,7.84,44.68728,-124.156658
2021-05-30T19:59:05.000,3.22,27.05,7.83,44.68728,-124.156658
2021-05-30T20:14:05.000,3.17,26.63,7.83,44.68728,-124.156658
2021-05-30T20:29:05.000,3.23,27.14,7.83,44.68728,-124.156658
2021-05-30T20:44:05.000,3.16,26.61,7.83,44.68728,-124.156658
2021-05-30T20:59:05.000,3.19,26.79,7.83,44.68728,-124.156658
2021-05-30T21:14:05.000,3.19,26.82,7.83,44.68728,-124.156658
2021-05-30T21:29:05.000,3.18,26.71,7.82,44.68728,-124.156658
2021-05-30T21:44:05.000,3.14,26.38,7.82,44.68728,-124.156658
2021-05-30T21:59:05.000,3.13,26.31,7.82,44.68728,-124.156658
2021-05-30T22:14:05.000,3.14,26.39,7.81,44.68728,-124.156658
2021-05-30T22:29:05.000,3.16,26.56,7.81,44.68728,-124.156658
2021-05-30T22:44:05.000,3.17,26.61,7.81,44.68728,-124.156658
2021-05-30T22:59:05.000,3.17,26.61,7.8,44.68728,-124.156658
2021-05-30T23:14:05.000,3.15,26.46,7.8,44.68728,-124.156658
2021-05-30T23:29:05.000,3.15,26.5,7.8,44.68728,-124.156658
2021-05-30T23:44:05.000,3.16,26.56,7.8,44.68728,-124.156658
2021-05-30T23:59:05.000,3.13,26.27,7.8,44.68728,-124.156658
2021-05-31T00:14:05.000,3.16,26.59,7.8,44.68728,-124.156658
2021-05-31T00:29:05.000,3.15,26.46,7.8,44.68728,-124.156658
2021-05-31T00:44:05.000,3.12,26.2,7.8,44.68728,-124.156658
2021-05-31T00:59:05.000,3.15,26.43,7.8,44.68728,-124.156658
2021-05-31T01:14:05.000,3.13,26.3,7.79,44.68728,-124.156658
2021-05-31T01:29:05.000,3.1,26.03,7.79,44.68728,-124.156658
2021-05-31T01:44:05.000,3.13,26.27,7.78,44.68728,-124.156658
2021-05-31T01:59:05.000,3.11,26.13,7.79,44.68728,-124.156658
2021-05-31T02:14:05.000,3.09,25.98,7.79,44.68728,-124.156658
2021-05-31T02:29:05.000,3.13,26.27,7.78,44.68728,-124.156658
2021-05-31T02:44:05.000,3.07,25.77,7.79,44.68728,-124.156658
2021-05-31T02:59:05.000,3.07,25.82,7.79,44.68728,-124.156658
2021-05-31T03:14:05.000,3.06,25.69,7.79,44.68728,-124.156658
2021-05-31T03:29:05.000,3.06,25.68,7.79,44.68728,-124.156658
2021-05-31T03:44:05.000,3.06,25.73,7.79,44.68728,-124.156658
2021-05-31T03:59:05.000,3.02,25.4,7.79,44.68728,-124.156658
2021-05-31T04:14:05.000,2.94,24.69,7.79,44.68728,-124.156658
2021-05-31T04:29:05.000,2.99,25.16,7.79,44.68728,-124.156658
2021-05-31T04:44:05.000,2.99,25.15,7.79,44.68728,-124.156658
2021-05-31T04:59:05.000,2.97,24.98,7.8,44.68728,-124.156658
2021-05-31T05:14:05.000,3,25.21,7.8,44.68728,-124.156658
2021-05-31T05:29:05.000,3.08,25.85,7.79,44.68728,-124.156658
2021-05-31T05:44:05.000,3.06,25.71,7.78,44.68728,-124.156658
2021-05-31T05:59:05.000,3.07,25.75,7.78,44.68728,-124.156658
2021-05-31T06:14:05.000,3.09,25.93,7.78,44.68728,-124.156658
2021-05-31T06:29:05.000,3.03,25.47,7.78,44.68728,-124.156658
2021-05-31T06:44:05.000,3.03,25.41,7.79,44.68728,-124.156658
2021-05-31T06:59:05.000,3.01,25.27,7.79,44.68728,-124.156658
2021-05-31T07:14:05.000,3.03,25.49,7.78,44.68728,-124.156658
2021-05-31T07:29:05.000,3.03,25.48,7.78,44.68728,-124.156658
2021-05-31T07:44:05.000,3.03,25.45,7.78,44.68728,-124.156658
2021-05-31T07:59:05.000,3.03,25.49,7.78,44.68728,-124.156658
2021-05-31T08:14:05.000,3.04,25.49,7.78,44.68728,-124.156658
2021-05-31T08:29:05.000,3.02,25.4,7.78,44.68728,-124.156658
2021-05-31T08:44:05.000,3.04,25.54,7.78,44.68728,-124.156658
2021-05-31T08:59:05.000,3.01,25.31,7.78,44.68728,-124.156658
2021-05-31T09:14:05.000,3.02,25.39,7.78,44.68728,-124.156658
2021-05-31T09:29:05.000,2.95,24.74,7.78,44.68728,-124.156658
2021-05-31T09:44:05.000,2.99,25.08,7.78,44.68728,-124.156658
2021-05-31T09:59:05.000,3.02,25.37,7.77,44.68728,-124.156658
2021-05-31T10:14:05.000,3.02,25.38,7.77,44.68728,-124.156658
2021-05-31T10:29:05.000,3.01,25.28,7.76,44.68728,-124.156658
2021-05-31T10:44:05.000,2.98,25.03,7.76,44.68728,-124.156658
2021-05-31T10:59:05.000,2.99,25.07,7.75,44.68728,-124.156658
2021-05-31T11:14:05.000,3.01,25.3,7.75,44.68728,-124.156658
2021-05-31T11:29:05.000,2.95,24.76,7.75,44.68728,-124.156658
2021-05-31T11:44:05.000,2.98,24.99,7.75,44.68728,-124.156658
2021-05-31T11:59:05.000,2.95,24.79,7.75,44.68728,-124.156658
2021-05-31T12:14:05.000,2.94,24.68,7.74,44.68728,-124.156658
2021-05-31T12:29:05.000,2.92,24.52,7.73,44.68728,-124.156658
2021-05-31T12:44:05.000,2.92,24.47,7.73,44.68728,-124.156658
2021-05-31T12:59:05.000,2.89,24.23,7.72,44.68728,-124.156658
2021-05-31T13:14:05.000,2.88,24.15,7.72,44.68728,-124.156658
2021-05-31T13:29:05.000,2.86,23.98,7.71,44.68728,-124.156658
2021-05-31T13:44:05.000,2.84,23.85,7.71,44.68728,-124.156658
2021-05-31T13:59:05.000,2.83,23.73,7.71,44.68728,-124.156658
2021-05-31T14:14:05.000,2.82,23.62,7.7,44.68728,-124.156658
2021-05-31T14:29:05.000,2.85,23.87,7.7,44.68728,-124.156658
2021-05-31T14:44:05.000,2.85,23.86,7.7,44.68728,-124.156658
2021-05-31T14:59:05.000,2.87,24.04,7.71,44.68728,-124.156658
2021-05-31T15:14:05.000,2.9,24.28,7.71,44.68728,-124.156658
2021-05-31T15:29:05.000,2.93,24.56,7.72,44.68728,-124.156658
2021-05-31T15:44:05.000,2.99,25.08,7.73,44.68728,-124.156658
2021-05-31T15:59:05.000,3.04,25.54,7.73,44.68728,-124.156658
2021-05-31T16:14:05.000,3.05,25.6,7.74,44.68728,-124.156658
2021-05-31T16:29:05.000,3.05,25.59,7.74,44.68728,-124.156658
2021-05-31T16:44:05.000,3.03,25.43,7.75,44.68728,-124.156658
2021-05-31T16:59:05.000,3.03,25.44,7.74,44.68728,-124.156658
2021-05-31T17:14:05.000,2.99,25.09,7.73,44.68728,-124.156658
2021-05-31T17:29:05.000,2.99,25.07,7.73,44.68728,-124.156658
2021-05-31T17:44:05.000,2.96,24.82,7.73,44.68728,-124.156658
2021-05-31T17:59:05.000,2.95,24.73,7.73,44.68728,-124.156658
2021-05-31T18:14:05.000,2.94,24.67,7.72,44.68728,-124.156658
2021-05-31T18:29:05.000,2.95,24.72,7.72,44.68728,-124.156658
2021-05-31T18:44:05.000,2.89,24.21,7.71,44.68728,-124.156658
2021-05-31T18:59:05.000,2.86,23.99,7.7,44.68728,-124.156658
2021-05-31T19:14:05.000,2.85,23.87,7.68,44.68728,-124.156658
2021-05-31T19:29:05.000,2.79,23.41,7.68,44.68728,-124.156658
2021-05-31T19:44:05.000,2.77,23.18,7.67,44.68728,-124.156658
2021-05-31T19:59:05.000,2.8,23.42,7.66,44.68728,-124.156658
2021-05-31T20:14:05.000,2.79,23.36,7.66,44.68728,-124.156658
2021-05-31T20:29:05.000,2.78,23.3,7.66,44.68728,-124.156658
2021-05-31T20:44:05.000,2.78,23.25,7.66,44.68728,-124.156658
2021-05-31T20:59:05.000,2.74,22.92,7.66,44.68728,-124.156658
2021-05-31T21:14:05.000,2.79,23.35,7.66,44.68728,-124.156658
2021-05-31T21:29:05.000,2.76,23.08,7.66,44.68728,-124.156658
2021-05-31T21:44:05.000,2.78,23.27,7.66,44.68728,-124.156658
2021-05-31T21:59:05.000,2.76,23.12,7.66,44.68728,-124.156658
2021-05-31T22:14:05.000,2.78,23.24,7.66,44.68728,-124.156658
2021-05-31T22:29:05.000,2.78,23.26,7.66,44.68728,-124.156658
2021-05-31T22:44:05.000,2.75,23.02,7.66,44.68728,-124.156658
2021-05-31T22:59:05.000,2.75,23.04,7.66,44.68728,-124.156658
2021-05-31T23:14:05.000,2.79,23.4,7.66,44.68728,-124.156658
2021-05-31T23:29:05.000,2.76,23.09,7.66,44.68728,-124.156658
2021-05-31T23:44:05.000,2.78,23.25,7.66,44.68728,-124.156658
2021-05-31T23:59:05.000,2.77,23.16,7.66,44.68728,-124.156658
2021-06-01T00:14:05.000,2.75,23.06,7.67,44.68728,-124.156658
2021-06-01T00:29:05.000,2.76,23.08,7.66,44.68728,-124.156658
2021-06-01T00:44:05.000,2.76,23.15,7.66,44.68728,-124.156658
2021-06-01T00:59:05.000,2.78,23.25,7.67,44.68728,-124.156658
2021-06-01T01:14:05.000,2.78,23.3,7.67,44.68728,-124.156658
2021-06-01T01:29:05.000,2.66,22.27,7.68,44.68728,-124.156658
2021-06-01T01:44:05.000,2.75,23.07,7.68,44.68728,-124.156658
2021-06-01T01:59:05.000,2.75,23.02,7.68,44.68728,-124.156658
2021-06-01T02:14:05.000,2.77,23.17,7.67,44.68728,-124.156658
2021-06-01T02:29:05.000,2.77,23.17,7.68,44.68728,-124.156658
2021-06-01T02:44:05.000,2.76,23.1,7.68,44.68728,-124.156658
2021-06-01T02:59:05.000,2.75,23.03,7.68,44.68728,-124.156658
2021-06-01T03:14:05.000,2.73,22.86,7.67,44.68728,-124.156658
2021-06-01T03:29:05.000,2.71,22.7,7.68,44.68728,-124.156658
2021-06-01T03:44:05.000,2.72,22.8,7.68,44.68728,-124.156658
2021-06-01T03:59:05.000,2.73,22.9,7.68,44.68728,-124.156658
2021-06-01T04:14:05.000,2.75,23.08,7.68,44.68728,-124.156658
2021-06-01T04:29:05.000,2.74,22.99,7.68,44.68728,-124.156658
2021-06-01T04:44:05.000,2.74,22.99,7.68,44.68728,-124.156658
2021-06-01T04:59:05.000,2.78,23.27,7.68,44.68728,-124.156658
2021-06-01T05:14:05.000,2.77,23.2,7.68,44.68728,-124.156658
2021-06-01T05:29:05.000,2.74,22.93,7.68,44.68728,-124.156658
2021-06-01T05:44:05.000,2.71,22.67,7.68,44.68728,-124.156658
2021-06-01T05:59:05.000,2.68,22.45,7.67,44.68728,-124.156658
2021-06-01T06:14:05.000,2.66,22.28,7.66,44.68728,-124.156658
2021-06-01T06:29:05.000,2.63,21.98,7.66,44.68728,-124.156658
2021-06-01T06:44:05.000,2.59,21.68,7.66,44.68728,-124.156658
2021-06-01T06:59:05.000,2.58,21.6,7.65,44.68728,-124.156658
2021-06-01T07:14:05.000,2.54,21.3,7.64,44.68728,-124.156658
2021-06-01T07:29:05.000,2.54,21.25,7.64,44.68728,-124.156658
2021-06-01T07:44:05.000,2.53,21.17,7.64,44.68728,-124.156658
2021-06-01T07:59:05.000,2.52,21.13,7.63,44.68728,-124.156658
2021-06-01T08:14:05.000,2.52,21.08,7.63,44.68728,-124.156658
2021-06-01T08:29:05.000,2.5,20.9,7.63,44.68728,-124.156658
2021-06-01T08:44:05.000,2.51,21,7.63,44.68728,-124.156658
2021-06-01T08:59:05.000,2.49,20.85,7.63,44.68728,-124.156658
2021-06-01T09:14:05.000,2.5,20.88,7.63,44.68728,-124.156658
2021-06-01T09:29:05.000,2.48,20.75,7.63,44.68728,-124.156658
2021-06-01T09:44:05.000,2.48,20.74,7.63,44.68728,-124.156658
2021-06-01T09:59:05.000,2.48,20.76,7.63,44.68728,-124.156658
2021-06-01T10:14:05.000,2.49,20.8,7.63,44.68728,-124.156658
2021-06-01T10:29:05.000,2.49,20.86,7.63,44.68728,-124.156658
2021-06-01T10:44:05.000,2.51,20.97,7.63,44.68728,-124.156658
2021-06-01T10:59:05.000,2.5,20.9,7.63,44.68728,-124.156658
2021-06-01T11:14:05.000,2.46,20.62,7.63,44.68728,-124.156658
2021-06-01T11:29:05.000,2.52,21.05,7.63,44.68728,-124.156658
2021-06-01T11:44:05.000,2.48,20.79,7.63,44.68728,-124.156658
2021-06-01T11:59:05.000,2.49,20.86,7.63,44.68728,-124.156658
2021-06-01T12:14:05.000,2.54,21.22,7.64,44.68728,-124.156658
2021-06-01T12:29:05.000,2.52,21.06,7.64,44.68728,-124.156658
2021-06-01T12:44:05.000,2.57,21.54,7.64,44.68728,-124.156658
2021-06-01T12:59:05.000,2.59,21.71,7.66,44.68728,-124.156658
2021-06-01T13:14:05.000,2.63,22.03,7.66,44.68728,-124.156658
2021-06-01T13:29:05.000,2.64,22.08,7.66,44.68728,-124.156658
2021-06-01T13:44:05.000,2.61,21.87,7.66,44.68728,-124.156658
2021-06-01T13:59:05.000,2.67,22.37,7.67,44.68728,-124.156658
2021-06-01T14:14:05.000,2.63,22.03,7.66,44.68728,-124.156658
2021-06-01T14:29:05.000,2.64,22.1,7.67,44.68728,-124.156658
2021-06-01T14:44:05.000,2.65,22.16,7.67,44.68728,-124.156658
2021-06-01T14:59:05.000,2.62,21.98,7.67,44.68728,-124.156658
2021-06-01T15:14:05.000,2.65,22.2,7.67,44.68728,-124.156658
2021-06-01T15:29:05.000,2.64,22.09,7.66,44.68728,-124.156658
2021-06-01T15:44:05.000,2.62,21.95,7.66,44.68728,-124.156658
2021-06-01T15:59:05.000,2.61,21.84,7.66,44.68728,-124.156658
2021-06-01T16:14:05.000,2.59,21.69,7.66,44.68728,-124.156658
2021-06-01T16:29:05.000,2.62,21.9,7.66,44.68728,-124.156658
2021-06-01T16:44:05.000,2.58,21.6,7.66,44.68728,-124.156658
2021-06-01T16:59:05.000,2.58,21.6,7.66,44.68728,-124.156658
2021-06-01T17:14:05.000,2.58,21.58,7.66,44.68728,-124.156658
2021-06-01T17:29:05.000,2.57,21.51,7.64,44.68728,-124.156658
2021-06-01T17:44:05.000,2.54,21.24,7.65,44.68728,-124.156658
2021-06-01T17:59:05.000,2.57,21.52,7.63,44.68728,-124.156658
2021-06-01T18:14:05.000,2.55,21.35,7.63,44.68728,-124.156658
2021-06-01T18:29:05.000,2.54,21.22,7.63,44.68728,-124.156658
2021-06-01T18:44:05.000,2.54,21.22,7.63,44.68728,-124.156658
2021-06-01T18:59:05.000,2.53,21.15,7.62,44.68728,-124.156658
2021-06-01T19:14:05.000,2.52,21.06,7.62,44.68728,-124.156658
2021-06-01T19:29:05.000,2.52,21.11,7.61,44.68728,-124.156658
2021-06-01T19:44:05.000,2.47,20.7,7.61,44.68728,-124.156658
2021-06-01T19:59:05.000,2.49,20.83,7.61,44.68728,-124.156658
2021-06-01T20:14:05.000,2.48,20.73,7.59,44.68728,-124.156658
2021-06-01T20:29:05.000,2.48,20.73,7.59,44.68728,-124.156658
2021-06-01T20:44:05.000,2.47,20.62,7.59,44.68728,-124.156658
2021-06-01T20:59:05.000,2.45,20.46,7.58,44.68728,-124.156658
2021-06-01T21:14:05.000,2.44,20.41,7.58,44.68728,-124.156658
2021-06-01T21:29:05.000,2.43,20.27,7.58,44.68728,-124.156658
2021-06-01T21:44:05.000,2.41,20.17,7.58,44.68728,-124.156658
2021-06-01T21:59:05.000,2.4,20.09,7.58,44.68728,-124.156658
2021-06-01T22:14:05.000,2.39,19.98,7.58,44.68728,-124.156658
2021-06-01T22:29:05.000,2.41,20.15,7.58,44.68728,-124.156658
2021-06-01T22:44:05.000,2.38,19.91,7.58,44.68728,-124.156658
2021-06-01T22:59:05.000,2.4,20.09,7.58,44.68728,-124.156658
2021-06-01T23:14:05.000,2.38,19.88,7.58,44.68728,-124.156658
2021-06-01T23:29:05.000,2.4,20.1,7.58,44.68728,-124.156658
2021-06-01T23:44:05.000,2.4,20.05,7.58,44.68728,-124.156658
2021-06-01T23:59:05.000,2.43,20.35,7.59,44.68728,-124.156658
2021-06-02T00:14:05.000,2.45,20.5,7.59,44.68728,-124.156658
2021-06-02T00:29:05.000,2.46,20.6,7.59,44.68728,-124.156658
2021-06-02T00:44:05.000,2.47,20.69,7.6,44.68728,-124.156658
2021-06-02T00:59:05.000,2.48,20.78,7.61,44.68728,-124.156658
2021-06-02T01:14:05.000,2.52,21.04,7.61,44.68728,-124.156658
2021-06-02T01:29:05.000,2.51,20.97,7.61,44.68728,-124.156658
2021-06-02T01:44:05.000,2.53,21.14,7.61,44.68728,-124.156658
2021-06-02T01:59:05.000,2.53,21.17,7.62,44.68728,-124.156658
2021-06-02T02:14:05.000,2.54,21.21,7.62,44.68728,-124.156658
2021-06-02T02:29:05.000,2.53,21.15,7.63,44.68728,-124.156658
2021-06-02T02:44:05.000,2.51,20.99,7.63,44.68728,-124.156658
2021-06-02T02:59:05.000,2.48,20.75,7.63,44.68728,-124.156658
2021-06-02T03:14:05.000,2.48,20.77,7.63,44.68728,-124.156658
2021-06-02T03:29:05.000,2.47,20.71,7.63,44.68728,-124.156658
2021-06-02T03:44:05.000,2.48,20.73,7.63,44.68728,-124.156658
2021-06-02T03:59:05.000,2.39,20.01,7.64,44.68728,-124.156658
2021-06-02T04:14:05.000,2.49,20.84,7.65,44.68728,-124.156658
2021-06-02T04:29:05.000,2.47,20.7,7.65,44.68728,-124.156658
2021-06-02T04:44:05.000,2.46,20.62,7.65,44.68728,-124.156658
2021-06-02T04:59:05.000,2.46,20.6,7.65,44.68728,-124.156658
2021-06-02T05:14:05.000,2.45,20.52,7.64,44.68728,-124.156658
2021-06-02T05:29:05.000,2.44,20.4,7.64,44.68728,-124.156658
2021-06-02T05:44:05.000,2.42,20.26,7.63,44.68728,-124.156658
2021-06-02T05:59:05.000,2.43,20.33,7.64,44.68728,-124.156658
2021-06-02T06:14:05.000,2.42,20.24,7.63,44.68728,-124.156658
2021-06-02T06:29:05.000,2.39,20.04,7.64,44.68728,-124.156658
2021-06-02T06:44:05.000,2.41,20.17,7.64,44.68728,-124.156658
2021-06-02T06:59:05.000,2.42,20.28,7.65,44.68728,-124.156658
2021-06-02T07:14:05.000,2.41,20.16,7.65,44.68728,-124.156658
2021-06-02T07:29:05.000,2.43,20.36,7.65,44.68728,-124.156658
2021-06-02T07:44:05.000,2.41,20.2,7.65,44.68728,-124.156658
2021-06-02T07:59:05.000,2.42,20.28,7.65,44.68728,-124.156658
2021-06-02T08:14:05.000,2.44,20.39,7.65,44.68728,-124.156658
2021-06-02T08:29:05.000,2.45,20.54,7.65,44.68728,-124.156658
2021-06-02T08:44:05.000,2.47,20.69,7.65,44.68728,-124.156658
2021-06-02T08:59:05.000,2.45,20.5,7.65,44.68728,-124.156658
2021-06-02T09:14:05.000,2.43,20.36,7.65,44.68728,-124.156658
2021-06-02T09:29:05.000,2.46,20.62,7.64,44.68728,-124.156658
2021-06-02T09:44:05.000,2.45,20.51,7.64,44.68728,-124.156658
2021-06-02T09:59:05.000,2.43,20.33,7.64,44.68728,-124.156658
2021-06-02T10:14:05.000,2.41,20.14,7.63,44.68728,-124.156658
2021-06-02T10:29:05.000,2.42,20.27,7.63,44.68728,-124.156658
2021-06-02T10:44:05.000,2.43,20.37,7.63,44.68728,-124.156658
2021-06-02T10:59:05.000,2.41,20.17,7.63,44.68728,-124.156658
2021-06-02T11:14:05.000,2.39,20.02,7.63,44.68728,-124.156658
2021-06-02T11:29:05.000,2.4,20.07,7.61,44.68728,-124.156658
2021-06-02T11:44:05.000,2.39,19.98,7.61,44.68728,-124.156658
2021-06-02T11:59:05.000,2.36,19.71,7.61,44.68728,-124.156658
2021-06-02T12:14:05.000,2.37,19.79,7.61,44.68728,-124.156658
2021-06-02T12:29:05.000,2.35,19.69,7.61,44.68728,-124.156658
2021-06-02T12:44:05.000,2.36,19.76,7.61,44.68728,-124.156658
2021-06-02T12:59:05.000,2.33,19.48,7.61,44.68728,-124.156658
2021-06-02T13:14:05.000,2.33,19.46,7.61,44.68728,-124.156658
2021-06-02T13:29:05.000,2.37,19.85,7.61,44.68728,-124.156658
2021-06-02T13:44:05.000,2.36,19.72,7.61,44.68728,-124.156658
2021-06-02T13:59:05.000,2.34,19.59,7.61,44.68728,-124.156658
2021-06-02T14:14:05.000,2.33,19.52,7.61,44.68728,-124.156658
2021-06-02T14:29:05.000,2.35,19.65,7.62,44.68728,-124.156658
2021-06-02T14:44:05.000,2.32,19.42,7.63,44.68728,-124.156658
2021-06-02T14:59:05.000,2.36,19.79,7.63,44.68728,-124.156658
2021-06-02T15:14:05.000,2.4,20.05,7.63,44.68728,-124.156658
2021-06-02T15:29:05.000,2.43,20.31,7.63,44.68728,-124.156658
2021-06-02T15:44:05.000,2.4,20.07,7.63,44.68728,-124.156658
2021-06-02T15:59:05.000,2.39,20.03,7.63,44.68728,-124.156658
2021-06-02T16:14:05.000,2.42,20.28,7.63,44.68728,-124.156658
2021-06-02T16:29:05.000,2.43,20.31,7.63,44.68728,-124.156658
2021-06-02T16:44:05.000,2.42,20.25,7.64,44.68728,-124.156658
2021-06-02T16:59:05.000,2.43,20.36,7.64,44.68728,-124.156658
2021-06-02T17:14:05.000,2.42,20.22,7.64,44.68728,-124.156658
2021-06-02T17:29:05.000,2.4,20.06,7.64,44.68728,-124.156658
2021-06-02T17:44:05.000,2.42,20.26,7.64,44.68728,-124.156658
2021-06-02T17:59:05.000,2.41,20.21,7.64,44.68728,-124.156658
2021-06-02T18:14:05.000,2.4,20.07,7.64,44.68728,-124.156658
2021-06-02T18:29:05.000,2.38,19.93,7.64,44.68728,-124.156658
2021-06-02T18:44:05.000,2.4,20.1,7.64,44.68728,-124.156658
2021-06-02T18:59:05.000,2.4,20.08,7.64,44.68728,-124.156658
2021-06-02T19:14:05.000,2.37,19.84,7.64,44.68728,-124.156658
2021-06-02T19:29:05.000,2.36,19.75,7.63,44.68728,-124.156658
2021-06-02T19:44:05.000,2.39,19.96,7.63,44.68728,-124.156658
2021-06-02T19:59:05.000,2.37,19.85,7.63,44.68728,-124.156658
2021-06-02T20:14:05.000,2.38,19.9,7.63,44.68728,-124.156658
2021-06-02T20:29:05.000,2.37,19.81,7.63,44.68728,-124.156658
2021-06-02T20:44:05.000,2.35,19.69,7.63,44.68728,-124.156658
2021-06-02T20:59:05.000,2.35,19.69,7.62,44.68728,-124.156658
2021-06-02T21:14:05.000,2.32,19.43,7.62,44.68728,-124.156658
2021-06-02T21:29:05.000,2.33,19.45,7.61,44.68728,-124.156658
2021-06-02T21:44:05.000,2.32,19.37,7.61,44.68728,-124.156658
2021-06-02T21:59:05.000,2.29,19.13,7.61,44.68728,-124.156658
2021-06-02T22:14:05.000,2.25,18.81,7.6,44.68728,-124.156658
2021-06-02T22:29:05.000,2.25,18.77,7.59,44.68728,-124.156658
2021-06-02T22:44:05.000,2.25,18.78,7.59,44.68728,-124.156658
2021-06-02T22:59:05.000,2.23,18.64,7.58,44.68728,-124.156658
2021-06-02T23:14:05.000,2.22,18.52,7.58,44.68728,-124.156658
2021-06-02T23:29:05.000,2.22,18.55,7.58,44.68728,-124.156658
2021-06-02T23:44:05.000,2.21,18.47,7.58,44.68728,-124.156658
2021-06-02T23:59:05.000,2.23,18.66,7.58,44.68728,-124.156658
2021-06-03T00:14:05.000,2.23,18.6,7.57,44.68728,-124.156658
2021-06-03T00:29:05.000,2.23,18.61,7.57,44.68728,-124.156658
2021-06-03T00:44:05.000,2.22,18.56,7.57,44.68728,-124.156658
2021-06-03T00:59:05.000,2.23,18.61,7.57,44.68728,-124.156658
2021-06-03T01:14:05.000,2.23,18.64,7.57,44.68728,-124.156658
2021-06-03T01:29:05.000,2.22,18.56,7.58,44.68728,-124.156658
2021-06-03T01:44:05.000,2.24,18.7,7.58,44.68728,-124.156658
2021-06-03T01:59:05.000,2.24,18.75,7.57,44.68728,-124.156658
2021-06-03T02:14:05.000,2.25,18.79,7.57,44.68728,-124.156658
2021-06-03T02:29:05.000,2.25,18.77,7.58,44.68728,-124.156658
2021-06-03T02:44:05.000,2.26,18.85,7.58,44.68728,-124.156658
2021-06-03T02:59:05.000,2.27,18.95,7.58,44.68728,-124.156658
2021-06-03T03:14:05.000,2.25,18.79,7.58,44.68728,-124.156658
2021-06-03T03:29:05.000,2.28,19.05,7.58,44.68728,-124.156658
2021-06-03T03:44:05.000,2.29,19.17,7.58,44.68728,-124.156658
2021-06-03T03:59:05.000,2.29,19.15,7.58,44.68728,-124.156658
2021-06-03T04:14:05.000,2.31,19.29,7.59,44.68728,-124.156658
2021-06-03T04:29:05.000,2.33,19.45,7.59,44.68728,-124.156658
2021-06-03T04:44:05.000,2.33,19.5,7.6,44.68728,-124.156658
2021-06-03T04:59:05.000,2.33,19.48,7.61,44.68728,-124.156658
2021-06-03T05:14:05.000,2.35,19.62,7.61,44.68728,-124.156658
2021-06-03T05:29:05.000,2.36,19.72,7.61,44.68728,-124.156658
2021-06-03T05:44:05.000,2.35,19.67,7.61,44.68728,-124.156658
2021-06-03T05:59:05.000,2.35,19.64,7.61,44.68728,-124.156658
2021-06-03T06:14:05.000,2.37,19.81,7.61,44.68728,-124.156658
2021-06-03T06:29:05.000,2.37,19.85,7.63,44.68728,-124.156658
2021-06-03T06:44:05.000,2.35,19.67,7.63,44.68728,-124.156658
2021-06-03T06:59:05.000,2.34,19.58,7.63,44.68728,-124.156658
2021-06-03T07:14:05.000,2.34,19.56,7.63,44.68728,-124.156658
2021-06-03T07:29:05.000,2.3,19.28,7.64,44.68728,-124.156658
2021-06-03T07:44:05.000,2.32,19.41,7.64,44.68728,-124.156658
2021-06-03T07:59:05.000,2.34,19.55,7.64,44.68728,-124.156658
2021-06-03T08:14:05.000,2.33,19.51,7.64,44.68728,-124.156658
2021-06-03T08:29:05.000,2.32,19.39,7.64,44.68728,-124.156658
2021-06-03T08:44:05.000,2.31,19.33,7.63,44.68728,-124.156658
2021-06-03T08:59:05.000,2.31,19.36,7.63,44.68728,-124.156658
2021-06-03T09:14:05.000,2.32,19.42,7.63,44.68728,-124.156658
2021-06-03T09:29:05.000,2.33,19.48,7.63,44.68728,-124.156658
2021-06-03T09:44:05.000,2.33,19.51,7.63,44.68728,-124.156658
2021-06-03T09:59:05.000,2.33,19.5,7.63,44.68728,-124.156658
2021-06-03T10:14:05.000,2.32,19.37,7.63,44.68728,-124.156658
2021-06-03T10:29:05.000,2.34,19.62,7.63,44.68728,-124.156658
2021-06-03T10:44:05.000,2.32,19.43,7.62,44.68728,-124.156658
2021-06-03T10:59:05.000,2.32,19.41,7.62,44.68728,-124.156658
2021-06-03T11:14:05.000,2.32,19.39,7.61,44.68728,-124.156658
2021-06-03T11:29:05.000,2.32,19.39,7.61,44.68728,-124.156658
2021-06-03T11:44:05.000,2.31,19.32,7.61,44.68728,-124.156658
2021-06-03T11:59:05.000,2.3,19.26,7.61,44.68728,-124.156658
2021-06-03T12:14:05.000,2.29,19.12,7.61,44.68728,-124.156658
2021-06-03T12:29:05.000,2.27,19.02,7.61,44.68728,-124.156658
2021-06-03T12:44:05.000,2.26,18.93,7.61,44.68728,-124.156658
2021-06-03T12:59:05.000,2.26,18.91,7.61,44.68728,-124.156658
2021-06-03T13:14:05.000,2.22,18.53,7.61,44.68728,-124.156658
2021-06-03T13:29:05.000,2.27,18.97,7.61,44.68728,-124.156658
2021-06-03T13:44:05.000,2.26,18.87,7.61,44.68728,-124.156658
2021-06-03T13:59:05.000,2.25,18.85,7.61,44.68728,-124.156658
2021-06-03T14:14:05.000,2.26,18.93,7.61,44.68728,-124.156658
2021-06-03T14:29:05.000,2.26,18.88,7.61,44.68728,-124.156658
2021-06-03T14:44:05.000,2.28,19.07,7.61,44.68728,-124.156658
2021-06-03T14:59:05.000,2.29,19.18,7.61,44.68728,-124.156658
2021-06-03T15:14:05.000,2.28,19.08,7.61,44.68728,-124.156658
2021-06-03T15:29:05.000,2.27,18.96,7.61,44.68728,-124.156658
2021-06-03T15:44:05.000,2.31,19.31,7.61,44.68728,-124.156658
2021-06-03T15:59:05.000,2.28,19.08,7.61,44.68728,-124.156658
2021-06-03T16:14:05.000,2.3,19.26,7.61,44.68728,-124.156658
2021-06-03T16:29:05.000,2.32,19.4,7.62,44.68728,-124.156658
2021-06-03T16:44:05.000,2.31,19.35,7.62,44.68728,-124.156658
2021-06-03T16:59:05.000,2.3,19.27,7.63,44.68728,-124.156658
2021-06-03T17:14:05.000,2.33,19.46,7.63,44.68728,-124.156658
2021-06-03T17:29:05.000,2.31,19.3,7.63,44.68728,-124.156658
2021-06-03T17:44:05.000,2.29,19.18,7.63,44.68728,-124.156658
2021-06-03T17:59:05.000,2.3,19.25,7.63,44.68728,-124.156658
2021-06-03T18:14:05.000,2.3,19.27,7.63,44.68728,-124.156658
2021-06-03T18:29:05.000,2.28,19.05,7.63,44.68728,-124.156658
2021-06-03T18:44:05.000,2.29,19.17,7.63,44.68728,-124.156658
2021-06-03T18:59:05.000,2.29,19.17,7.63,44.68728,-124.156658
2021-06-03T19:14:05.000,2.29,19.14,7.63,44.68728,-124.156658
2021-06-03T19:29:05.000,2.28,19.1,7.63,44.68728,-124.156658
2021-06-03T19:44:05.000,2.28,19.06,7.63,44.68728,-124.156658
2021-06-03T19:59:05.000,2.29,19.19,7.62,44.68728,-124.156658
2021-06-03T20:14:05.000,2.27,19.01,7.63,44.68728,-124.156658
2021-06-03T20:29:05.000,2.29,19.16,7.62,44.68728,-124.156658
2021-06-03T20:44:05.000,2.29,19.16,7.61,44.68728,-124.156658
2021-06-03T20:59:05.000,2.29,19.15,7.61,44.68728,-124.156658
2021-06-03T21:14:05.000,2.28,19.08,7.61,44.68728,-124.156658
2021-06-03T21:29:05.000,2.28,19.08,7.61,44.68728,-124.156658
2021-06-03T21:44:05.000,2.28,19.05,7.61,44.68728,-124.156658
2021-06-03T21:59:05.000,2.28,19.06,7.61,44.68728,-124.156658
2021-06-03T22:14:05.000,2.26,18.91,7.61,44.68728,-124.156658
2021-06-03T22:29:05.000,2.27,18.98,7.61,44.68728,-124.156658
2021-06-03T22:44:05.000,2.25,18.84,7.61,44.68728,-124.156658
2021-06-03T22:59:05.000,2.25,18.86,7.6,44.68728,-124.156658
2021-06-03T23:14:05.000,2.22,18.54,7.61,44.68728,-124.156658
2021-06-03T23:29:05.000,2.21,18.52,7.6,44.68728,-124.156658
2021-06-03T23:44:05.000,2.22,18.56,7.6,44.68728,-124.156658
2021-06-03T23:59:05.000,2.22,18.59,7.6,44.68728,-124.156658
2021-06-04T00:14:05.000,2.22,18.58,7.6,44.68728,-124.156658
2021-06-04T00:29:05.000,2.23,18.63,7.6,44.68728,-124.156658
2021-06-04T00:44:05.000,2.23,18.62,7.6,44.68728,-124.156658
2021-06-04T00:59:05.000,2.23,18.66,7.6,44.68728,-124.156658
2021-06-04T01:14:05.000,2.23,18.69,7.6,44.68728,-124.156658
2021-06-04T01:29:05.000,2.23,18.61,7.6,44.68728,-124.156658
2021-06-04T01:44:05.000,2.24,18.72,7.61,44.68728,-124.156658
2021-06-04T01:59:05.000,2.25,18.81,7.61,44.68728,-124.156658
2021-06-04T02:14:05.000,2.24,18.77,7.61,44.68728,-124.156658
2021-06-04T02:29:05.000,2.24,18.76,7.61,44.68728,-124.156658
2021-06-04T02:44:05.000,2.25,18.79,7.61,44.68728,-124.156658
2021-06-04T02:59:05.000,2.25,18.83,7.61,44.68728,-124.156658
2021-06-04T03:14:05.000,2.24,18.74,7.61,44.68728,-124.156658
2021-06-04T03:29:05.000,2.27,18.95,7.61,44.68728,-124.156658
2021-06-04T03:44:05.000,2.26,18.87,7.61,44.68728,-124.156658
2021-06-04T03:59:05.000,2.27,19,7.62,44.68728,-124.156658
2021-06-04T04:14:05.000,2.27,18.97,7.63,44.68728,-124.156658
2021-06-04T04:29:05.000,2.27,18.97,7.63,44.68728,-124.156658
2021-06-04T04:44:05.000,2.28,19.12,7.63,44.68728,-124.156658
2021-06-04T04:59:05.000,2.27,18.96,7.63,44.68728,-124.156658
2021-06-04T05:14:05.000,2.29,19.19,7.63,44.68728,-124.156658
2021-06-04T05:29:05.000,2.28,19.08,7.63,44.68728,-124.156658
2021-06-04T05:44:05.000,2.28,19.1,7.63,44.68728,-124.156658
2021-06-04T05:59:05.000,2.29,19.19,7.64,44.68728,-124.156658
2021-06-04T06:14:05.000,2.3,19.22,7.64,44.68728,-124.156658
2021-06-04T06:29:05.000,2.29,19.16,7.65,44.68728,-124.156658
2021-06-04T06:44:05.000,2.29,19.13,7.65,44.68728,-124.156658
2021-06-04T06:59:05.000,2.28,19.12,7.66,44.68728,-124.156658
2021-06-04T07:14:05.000,2.29,19.18,7.65,44.68728,-124.156658
2021-06-04T07:29:05.000,2.28,19.13,7.66,44.68728,-124.156658
2021-06-04T07:44:05.000,2.29,19.15,7.66,44.68728,-124.156658
2021-06-04T07:59:05.000,2.25,18.86,7.66,44.68728,-124.156658
2021-06-04T08:14:05.000,2.28,19.09,7.66,44.68728,-124.156658
2021-06-04T08:29:05.000,2.24,18.79,7.66,44.68728,-124.156658
2021-06-04T08:44:05.000,2.28,19.08,7.66,44.68728,-124.156658
2021-06-04T08:59:05.000,2.25,18.87,7.66,44.68728,-124.156658
2021-06-04T09:14:05.000,2.25,18.87,7.66,44.68728,-124.156658
2021-06-04T09:29:05.000,2.24,18.76,7.66,44.68728,-124.156658
2021-06-04T09:44:05.000,2.25,18.84,7.66,44.68728,-124.156658
2021-06-04T09:59:05.000,2.24,18.75,7.66,44.68728,-124.156658
2021-06-04T10:14:05.000,2.24,18.8,7.66,44.68728,-124.156658
2021-06-04T10:29:05.000,2.26,18.93,7.65,44.68728,-124.156658
2021-06-04T10:44:05.000,2.25,18.86,7.65,44.68728,-124.156658
2021-06-04T10:59:05.000,2.24,18.78,7.64,44.68728,-124.156658
2021-06-04T11:14:05.000,2.25,18.83,7.64,44.68728,-124.156658
2021-06-04T11:29:05.000,2.25,18.82,7.64,44.68728,-124.156658
2021-06-04T11:44:05.000,2.23,18.67,7.63,44.68728,-124.156658
2021-06-04T11:59:05.000,2.22,18.54,7.63,44.68728,-124.156658
2021-06-04T12:14:05.000,2.22,18.56,7.63,44.68728,-124.156658
2021-06-04T12:29:05.000,2.22,18.57,7.63,44.68728,-124.156658
2021-06-04T12:44:05.000,2.18,18.26,7.63,44.68728,-124.156658
2021-06-04T12:59:05.000,2.19,18.32,7.63,44.68728,-124.156658
2021-06-04T13:14:05.000,2.19,18.36,7.63,44.68728,-124.156658
2021-06-04T13:29:05.000,2.18,18.25,7.62,44.68728,-124.156658
2021-06-04T13:44:05.000,2.18,18.28,7.62,44.68728,-124.156658
2021-06-04T13:59:05.000,2.18,18.26,7.61,44.68728,-124.156658
2021-06-04T14:14:05.000,2.18,18.27,7.61,44.68728,-124.156658
2021-06-04T14:29:05.000,2.15,17.99,7.61,44.68728,-124.156658
2021-06-04T14:44:05.000,2.15,18,7.61,44.68728,-124.156658
2021-06-04T14:59:05.000,2.16,18.02,7.61,44.68728,-124.156658
2021-06-04T15:14:05.000,2.13,17.79,7.61,44.68728,-124.156658
2021-06-04T15:29:05.000,2.16,18.08,7.61,44.68728,-124.156658
2021-06-04T15:44:05.000,2.17,18.15,7.61,44.68728,-124.156658
2021-06-04T15:59:05.000,2.16,18.1,7.61,44.68728,-124.156658
2021-06-04T16:14:05.000,2.16,18.03,7.61,44.68728,-124.156658
2021-06-04T16:29:05.000,2.16,18.08,7.61,44.68728,-124.156658
2021-06-04T16:44:05.000,2.17,18.16,7.61,44.68728,-124.156658
2021-06-04T16:59:05.000,2.19,18.28,7.61,44.68728,-124.156658
2021-06-04T17:14:05.000,2.19,18.3,7.61,44.68728,-124.156658
2021-06-04T17:29:05.000,2.21,18.5,7.61,44.68728,-124.156658
2021-06-04T17:44:05.000,2.2,18.4,7.61,44.68728,-124.156658
2021-06-04T17:59:05.000,2.23,18.66,7.61,44.68728,-124.156658
2021-06-04T18:14:05.000,2.23,18.62,7.61,44.68728,-124.156658
2021-06-04T18:29:05.000,2.23,18.68,7.62,44.68728,-124.156658
2021-06-04T18:44:05.000,2.21,18.46,7.62,44.68728,-124.156658
2021-06-04T18:59:05.000,2.21,18.51,7.63,44.68728,-124.156658
2021-06-04T19:14:05.000,2.22,18.55,7.63,44.68728,-124.156658
2021-06-04T19:29:05.000,2.21,18.53,7.63,44.68728,-124.156658
2021-06-04T19:44:05.000,2.19,18.34,7.63,44.68728,-124.156658
2021-06-04T19:59:05.000,2.21,18.5,7.63,44.68728,-124.156658
2021-06-04T20:14:05.000,2.21,18.49,7.63,44.68728,-124.156658
2021-06-04T20:29:05.000,2.21,18.48,7.63,44.68728,-124.156658
2021-06-04T20:44:05.000,2.2,18.39,7.62,44.68728,-124.156658
2021-06-04T20:59:05.000,2.19,18.32,7.62,44.68728,-124.156658
2021-06-04T21:14:05.000,2.19,18.33,7.62,44.68728,-124.156658
2021-06-04T21:29:05.000,2.2,18.37,7.62,44.68728,-124.156658
2021-06-04T21:44:05.000,2.2,18.38,7.61,44.68728,-124.156658
2021-06-04T21:59:05.000,2.2,18.37,7.61,44.68728,-124.156658
2021-06-04T22:14:05.000,2.2,18.38,7.61,44.68728,-124.156658
2021-06-04T22:29:05.000,2.18,18.24,7.61,44.68728,-124.156658
2021-06-04T22:44:05.000,2.19,18.31,7.61,44.68728,-124.156658
2021-06-04T22:59:05.000,2.19,18.35,7.61,44.68728,-124.156658
2021-06-04T23:14:05.000,2.18,18.21,7.61,44.68728,-124.156658
2021-06-04T23:29:05.000,2.18,18.23,7.61,44.68728,-124.156658
2021-06-04T23:44:05.000,2.15,17.99,7.61,44.68728,-124.156658
2021-06-04T23:59:05.000,2.16,18.05,7.61,44.68728,-124.156658
2021-06-05T00:14:05.000,2.16,18.07,7.61,44.68728,-124.156658
2021-06-05T00:29:05.000,2.14,17.89,7.6,44.68728,-124.156658
2021-06-05T00:44:05.000,2.14,17.88,7.6,44.68728,-124.156658
2021-06-05T00:59:05.000,2.15,17.94,7.6,44.68728,-124.156658
2021-06-05T01:14:05.000,2.12,17.72,7.6,44.68728,-124.156658
2021-06-05T01:29:05.000,2.13,17.8,7.6,44.68728,-124.156658
2021-06-05T01:44:05.000,2.11,17.68,7.6,44.68728,-124.156658
2021-06-05T01:59:05.000,2.12,17.76,7.6,44.68728,-124.156658
2021-06-05T02:14:05.000,2.11,17.65,7.6,44.68728,-124.156658
2021-06-05T02:29:05.000,2.11,17.62,7.6,44.68728,-124.156658
2021-06-05T02:44:05.000,2.11,17.68,7.6,44.68728,-124.156658
2021-06-05T02:59:05.000,2.12,17.69,7.6,44.68728,-124.156658
2021-06-05T03:14:05.000,2.12,17.73,7.61,44.68728,-124.156658
2021-06-05T03:29:05.000,2.11,17.68,7.61,44.68728,-124.156658
2021-06-05T03:44:05.000,2.13,17.83,7.61,44.68728,-124.156658
2021-06-05T03:59:05.000,2.12,17.76,7.61,44.68728,-124.156658
2021-06-05T04:14:05.000,2.15,17.96,7.61,44.68728,-124.156658
