Time (UTC),DO (ml/L),Dissolved Oxygen (%),Temperature (C),Latitude,Longitude
2021-07-15T16:05:37.000,1.7,14.08,7.34,44.68728,-124.156658
2021-07-15T16:20:37.000,1.7,14.08,7.33,44.68728,-124.156658
2021-07-15T16:35:37.000,1.69,14.02,7.33,44.68728,-124.156658
2021-07-15T16:50:37.000,1.69,14.04,7.33,44.68728,-124.156658
2021-07-15T17:05:37.000,1.71,14.19,7.32,44.68728,-124.156658
2021-07-15T17:20:37.000,1.7,14.13,7.33,44.68728,-124.156658
2021-07-15T17:35:37.000,1.69,14.08,7.32,44.68728,-124.156658
2021-07-15T17:50:37.000,1.71,14.21,7.32,44.68728,-124.156658
2021-07-15T18:05:37.000,1.72,14.3,7.32,44.68728,-124.156658
2021-07-15T18:20:37.000,1.69,14.02,7.33,44.68728,-124.156658
2021-07-15T18:35:37.000,1.69,14.06,7.33,44.68728,-124.156658
2021-07-15T18:50:37.000,1.73,14.35,7.34,44.68728,-124.156658
2021-07-15T19:05:37.000,1.7,14.13,7.34,44.68728,-124.156658
2021-07-15T19:20:37.000,1.69,14.02,7.33,44.68728,-124.156658
2021-07-15T19:35:37.000,1.68,13.91,7.33,44.68728,-124.156658
2021-07-15T19:50:37.000,1.66,13.81,7.32,44.68728,-124.156658
2021-07-15T20:05:37.000,1.67,13.85,7.32,44.68728,-124.156658
2021-07-15T20:20:37.000,1.65,13.67,7.32,44.68728,-124.156658
2021-07-15T20:35:37.000,1.65,13.74,7.32,44.68728,-124.156658
2021-07-15T20:50:37.000,1.67,13.85,7.32,44.68728,-124.156658
2021-07-15T21:05:37.000,1.68,13.96,7.32,44.68728,-124.156658
2021-07-15T21:20:37.000,1.66,13.77,7.32,44.68728,-124.156658
2021-07-15T21:35:37.000,1.64,13.65,7.32,44.68728,-124.156658
2021-07-15T21:50:37.000,1.67,13.86,7.32,44.68728,-124.156658
2021-07-15T22:05:37.000,1.64,13.61,7.32,44.68728,-124.156658
2021-07-15T22:20:37.000,1.66,13.75,7.32,44.68728,-124.156658
2021-07-15T22:35:37.000,1.66,13.79,7.32,44.68728,-124.156658
2021-07-15T22:50:37.000,1.64,13.59,7.32,44.68728,-124.156658
2021-07-15T23:05:37.000,1.66,13.81,7.33,44.68728,-124.156658
2021-07-15T23:20:37.000,1.71,14.22,7.34,44.68728,-124.156658
2021-07-15T23:35:37.000,1.7,14.11,7.34,44.68728,-124.156658
2021-07-15T23:50:37.000,1.7,14.11,7.33,44.68728,-124.156658
2021-07-16T00:05:37.000,1.67,13.87,7.33,44.68728,-124.156658
2021-07-16T00:20:37.000,1.65,13.74,7.33,44.68728,-124.156658
2021-07-16T00:35:37.000,1.67,13.86,7.33,44.68728,-124.156658
2021-07-16T00:50:37.000,1.68,13.99,7.33,44.68728,-124.156658
2021-07-16T01:05:37.000,1.69,14.04,7.33,44.68728,-124.156658
2021-07-16T01:20:37.000,1.7,14.13,7.33,44.68728,-124.156658
2021-07-16T01:35:37.000,1.69,14.04,7.33,44.68728,-124.156658
2021-07-16T01:50:37.000,1.74,14.46,7.33,44.68728,-124.156658
2021-07-16T02:05:37.000,1.67,13.89,7.33,44.68728,-124.156658
2021-07-16T02:20:37.000,1.71,14.21,7.33,44.68728,-124.156658
2021-07-16T02:35:37.000,1.74,14.46,7.33,44.68728,-124.156658
2021-07-16T02:50:37.000,1.71,14.24,7.33,44.68728,-124.156658
2021-07-16T03:05:37.000,1.72,14.25,7.32,44.68728,-124.156658
2021-07-16T03:20:37.000,1.69,14.05,7.32,44.68728,-124.156658
2021-07-16T03:35:37.000,1.72,14.32,7.33,44.68728,-124.156658
2021-07-16T03:50:37.000,1.7,14.09,7.32,44.68728,-124.156658
2021-07-16T04:05:37.000,1.73,14.34,7.32,44.68728,-124.156658
2021-07-16T04:20:37.000,1.73,14.36,7.32,44.68728,-124.156658
2021-07-16T04:35:37.000,1.74,14.45,7.32,44.68728,-124.156658
2021-07-16T04:50:37.000,1.68,13.94,7.32,44.68728,-124.156658
2021-07-16T05:05:37.000,1.7,14.16,7.32,44.68728,-124.156658
2021-07-16T05:20:37.000,1.65,13.68,7.32,44.68728,-124.156658
2021-07-16T05:35:37.000,1.62,13.42,7.32,44.68728,-124.156658
2021-07-16T05:50:37.000,1.64,13.64,7.32,44.68728,-124.156658
2021-07-16T06:05:37.000,1.52,12.65,7.32,44.68728,-124.156658
2021-07-16T06:20:37.000,1.57,13.07,7.32,44.68728,-124.156658
2021-07-16T06:35:37.000,1.6,13.28,7.32,44.68728,-124.156658
2021-07-16T06:50:37.000,1.71,14.2,7.32,44.68728,-124.156658
2021-07-16T07:05:37.000,1.69,14.04,7.32,44.68728,-124.156658
2021-07-16T07:20:37.000,1.59,13.24,7.32,44.68728,-124.156658
2021-07-16T07:35:37.000,1.71,14.21,7.32,44.68728,-124.156658
2021-07-16T07:50:37.000,1.6,13.32,7.32,44.68728,-124.156658
2021-07-16T08:05:37.000,1.58,13.09,7.32,44.68728,-124.156658
2021-07-16T08:20:37.000,1.55,12.91,7.32,44.68728,-124.156658
2021-07-16T08:35:37.000,1.46,12.1,7.32,44.68728,-124.156658
2021-07-16T08:50:37.000,1.42,11.82,7.32,44.68728,-124.156658
2021-07-16T09:05:37.000,1.46,12.09,7.32,44.68728,-124.156658
2021-07-16T09:20:37.000,1.44,11.94,7.32,44.68728,-124.156658
2021-07-16T09:35:37.000,1.51,12.54,7.32,44.68728,-124.156658
2021-07-16T09:50:37.000,1.53,12.69,7.32,44.68728,-124.156658
2021-07-16T10:05:37.000,1.48,12.3,7.32,44.68728,-124.156658
2021-07-16T10:20:37.000,1.48,12.26,7.32,44.68728,-124.156658
2021-07-16T10:35:37.000,1.48,12.25,7.32,44.68728,-124.156658
2021-07-16T10:50:37.000,1.52,12.62,7.32,44.68728,-124.156658
2021-07-16T11:05:37.000,1.56,12.93,7.32,44.68728,-124.156658
2021-07-16T11:20:37.000,1.58,13.13,7.32,44.68728,-124.156658
2021-07-16T11:35:37.000,1.48,12.31,7.32,44.68728,-124.156658
2021-07-16T11:50:37.000,1.59,13.2,7.32,44.68728,-124.156658
2021-07-16T12:05:37.000,1.48,12.28,7.32,44.68728,-124.156658
2021-07-16T12:20:37.000,1.63,13.54,7.32,44.68728,-124.156658
2021-07-16T12:35:37.000,1.47,12.24,7.32,44.68728,-124.156658
2021-07-16T12:50:37.000,1.5,12.44,7.32,44.68728,-124.156658
2021-07-16T13:05:37.000,1.51,12.56,7.32,44.68728,-124.156658
2021-07-16T13:20:37.000,1.48,12.26,7.32,44.68728,-124.156658
2021-07-16T13:35:37.000,1.45,12.08,7.32,44.68728,-124.156658
2021-07-16T13:50:37.000,1.57,13.04,7.32,44.68728,-124.156658
2021-07-16T14:05:37.000,1.61,13.37,7.32,44.68728,-124.156658
2021-07-16T14:20:37.000,1.27,10.58,7.32,44.68728,-124.156658
2021-07-16T14:35:37.000,1.5,12.47,7.32,44.68728,-124.156658
2021-07-16T14:50:37.000,1.44,11.99,7.32,44.68728,-124.156658
2021-07-16T15:05:37.000,1.52,12.64,7.32,44.68728,-124.156658
2021-07-16T15:20:37.000,1.54,12.78,7.32,44.68728,-124.156658
2021-07-16T15:35:37.000,1.56,12.92,7.32,44.68728,-124.156658
2021-07-16T15:50:37.000,1.52,12.58,7.32,44.68728,-124.156658
2021-07-16T16:05:37.000,1.53,12.74,7.32,44.68728,-124.156658
2021-07-16T16:20:37.000,1.56,12.96,7.32,44.68728,-124.156658
2021-07-16T16:35:37.000,1.67,13.87,7.32,44.68728,-124.156658
2021-07-16T16:50:37.000,1.64,13.64,7.32,44.68728,-124.156658
2021-07-16T17:05:37.000,1.58,13.11,7.32,44.68728,-124.156658
2021-07-16T17:20:37.000,1.57,13.01,7.32,44.68728,-124.156658
2021-07-16T17:35:37.000,1.58,13.15,7.32,44.68728,-124.156658
2021-07-16T17:50:37.000,1.58,13.1,7.32,44.68728,-124.156658
2021-07-16T18:05:37.000,1.6,13.26,7.32,44.68728,-124.156658
2021-07-16T18:20:37.000,1.59,13.22,7.32,44.68728,-124.156658
2021-07-16T18:35:37.000,1.6,13.3,7.32,44.68728,-124.156658
2021-07-16T18:50:37.000,1.6,13.25,7.32,44.68728,-124.156658
2021-07-16T19:05:37.000,1.62,13.42,7.32,44.68728,-124.156658
2021-07-16T19:20:37.000,1.6,13.25,7.32,44.68728,-124.156658
2021-07-16T19:35:37.000,1.53,12.67,7.32,44.68728,-124.156658
2021-07-16T19:50:37.000,1.59,13.19,7.32,44.68728,-124.156658
2021-07-16T20:05:37.000,1.63,13.54,7.32,44.68728,-124.156658
2021-07-16T20:20:37.000,1.68,13.91,7.32,44.68728,-124.156658
2021-07-16T20:35:37.000,1.62,13.42,7.32,44.68728,-124.156658
2021-07-16T20:50:37.000,1.54,12.8,7.32,44.68728,-124.156658
2021-07-16T21:05:37.000,1.43,11.84,7.32,44.68728,-124.156658
2021-07-16T21:20:37.000,1.52,12.6,7.32,44.68728,-124.156658
2021-07-16T21:35:37.000,1.58,13.11,7.32,44.68728,-124.156658
2021-07-16T21:50:37.000,1.54,12.81,7.32,44.68728,-124.156658
2021-07-16T22:05:37.000,1.56,12.99,7.32,44.68728,-124.156658
2021-07-16T22:20:37.000,1.56,12.94,7.32,44.68728,-124.156658
2021-07-16T22:35:37.000,1.43,11.84,7.32,44.68728,-124.156658
2021-07-16T22:50:37.000,1.58,13.1,7.32,44.68728,-124.156658
2021-07-16T23:05:37.000,1.57,13.03,7.32,44.68728,-124.156658
2021-07-16T23:20:37.000,1.56,12.95,7.32,44.68728,-124.156658
2021-07-16T23:35:37.000,1.56,12.96,7.32,44.68728,-124.156658
2021-07-16T23:50:37.000,1.46,12.12,7.32,44.68728,-124.156658
2021-07-17T00:05:37.000,1.45,12.05,7.32,44.68728,-124.156658
2021-07-17T00:20:37.000,1.49,12.39,7.32,44.68728,-124.156658
2021-07-17T00:35:37.000,1.44,11.97,7.32,44.68728,-124.156658
2021-07-17T00:50:37.000,1.38,11.45,7.32,44.68728,-124.156658
2021-07-17T01:05:37.000,1.36,11.28,7.32,44.68728,-124.156658
2021-07-17T01:20:37.000,1.61,13.34,7.32,44.68728,-124.156658
2021-07-17T01:35:37.000,1.46,12.11,7.32,44.68728,-124.156658
2021-07-17T01:50:37.000,1.36,11.32,7.32,44.68728,-124.156658
2021-07-17T02:05:37.000,1.55,12.9,7.32,44.68728,-124.156658
2021-07-17T02:20:37.000,1.48,12.27,7.32,44.68728,-124.156658
2021-07-17T02:35:37.000,1.6,13.31,7.32,44.68728,-124.156658
2021-07-17T02:50:37.000,1.61,13.37,7.32,44.68728,-124.156658
2021-07-17T03:05:37.000,1.43,11.85,7.32,44.68728,-124.156658
2021-07-17T03:20:37.000,1.52,12.66,7.32,44.68728,-124.156658
2021-07-17T03:35:37.000,1.65,13.67,7.32,44.68728,-124.156658
2021-07-17T03:50:37.000,1.54,12.76,7.32,44.68728,-124.156658
2021-07-17T04:05:37.000,1.5,12.5,7.32,44.68728,-124.156658
2021-07-17T04:20:37.000,1.65,13.69,7.32,44.68728,-124.156658
2021-07-17T04:35:37.000,1.42,11.78,7.32,44.68728,-124.156658
2021-07-17T04:50:37.000,1.61,13.35,7.32,44.68728,-124.156658
2021-07-17T05:05:37.000,1.49,12.39,7.32,44.68728,-124.156658
2021-07-17T05:20:37.000,1.43,11.85,7.32,44.68728,-124.156658
2021-07-17T05:35:37.000,1.47,12.23,7.32,44.68728,-124.156658
2021-07-17T05:50:37.000,1.56,12.92,7.32,44.68728,-124.156658
2021-07-17T06:05:37.000,1.44,11.97,7.32,44.68728,-124.156658
2021-07-17T06:20:37.000,1.51,12.58,7.32,44.68728,-124.156658
2021-07-17T06:35:37.000,1.54,12.8,7.32,44.68728,-124.156658
2021-07-17T06:50:37.000,1.48,12.31,7.32,44.68728,-124.156658
2021-07-17T07:05:37.000,1.55,12.88,7.32,44.68728,-124.156658
2021-07-17T07:20:37.000,1.53,12.71,7.33,44.68728,-124.156658
2021-07-17T07:35:37.000,1.56,12.95,7.33,44.68728,-124.156658
2021-07-17T07:50:37.000,1.52,12.6,7.33,44.68728,-124.156658
2021-07-17T08:05:37.000,1.55,12.87,7.33,44.68728,-124.156658
2021-07-17T08:20:37.000,1.52,12.61,7.33,44.68728,-124.156658
2021-07-17T08:35:37.000,1.54,12.8,7.34,44.68728,-124.156658
2021-07-17T08:50:37.000,1.53,12.74,7.34,44.68728,-124.156658
2021-07-17T09:05:37.000,1.55,12.84,7.34,44.68728,-124.156658
2021-07-17T09:20:37.000,1.53,12.69,7.34,44.68728,-124.156658
2021-07-17T09:35:37.000,1.58,13.11,7.34,44.68728,-124.156658
2021-07-17T09:50:37.000,1.57,13.04,7.34,44.68728,-124.156658
2021-07-17T10:05:37.000,1.59,13.22,7.34,44.68728,-124.156658
2021-07-17T10:20:37.000,1.47,12.21,7.34,44.68728,-124.156658
2021-07-17T10:35:37.000,1.59,13.24,7.34,44.68728,-124.156658
2021-07-17T10:50:37.000,1.56,12.92,7.34,44.68728,-124.156658
2021-07-17T11:05:37.000,1.55,12.91,7.34,44.68728,-124.156658
2021-07-17T11:20:37.000,1.56,12.99,7.34,44.68728,-124.156658
2021-07-17T11:35:37.000,1.46,12.14,7.34,44.68728,-124.156658
2021-07-17T11:50:37.000,1.58,13.1,7.34,44.68728,-124.156658
2021-07-17T12:05:37.000,1.62,13.42,7.33,44.68728,-124.156658
2021-07-17T12:20:37.000,1.59,13.23,7.33,44.68728,-124.156658
2021-07-17T12:35:37.000,1.53,12.74,7.33,44.68728,-124.156658
2021-07-17T12:50:37.000,1.47,12.23,7.33,44.68728,-124.156658
2021-07-17T13:05:37.000,1.54,12.82,7.33,44.68728,-124.156658
2021-07-17T13:20:37.000,1.51,12.57,7.33,44.68728,-124.156658
2021-07-17T13:35:37.000,1.54,12.78,7.33,44.68728,-124.156658
2021-07-17T13:50:37.000,1.54,12.76,7.33,44.68728,-124.156658
2021-07-17T14:05:37.000,1.52,12.64,7.33,44.68728,-124.156658
2021-07-17T14:20:37.000,1.5,12.48,7.33,44.68728,-124.156658
2021-07-17T14:35:37.000,1.47,12.22,7.33,44.68728,-124.156658
2021-07-17T14:50:37.000,1.46,12.16,7.33,44.68728,-124.156658
2021-07-17T15:05:37.000,1.43,11.85,7.33,44.68728,-124.156658
2021-07-17T15:20:37.000,1.47,12.22,7.34,44.68728,-124.156658
2021-07-17T15:35:37.000,1.46,12.16,7.33,44.68728,-124.156658
2021-07-17T15:50:37.000,1.43,11.85,7.33,44.68728,-124.156658
2021-07-17T16:05:37.000,1.42,11.82,7.34,44.68728,-124.156658
2021-07-17T16:20:37.000,1.47,12.22,7.33,44.68728,-124.156658
2021-07-17T16:35:37.000,1.46,12.11,7.34,44.68728,-124.156658
2021-07-17T16:50:37.000,1.42,11.76,7.34,44.68728,-124.156658
2021-07-17T17:05:37.000,1.44,11.99,7.34,44.68728,-124.156658
2021-07-17T17:20:37.000,1.39,11.51,7.34,44.68728,-124.156658
2021-07-17T17:35:37.000,1.46,12.15,7.34,44.68728,-124.156658
2021-07-17T17:50:37.000,1.52,12.61,7.34,44.68728,-124.156658
2021-07-17T18:05:37.000,1.5,12.5,7.34,44.68728,-124.156658
2021-07-17T18:20:37.000,1.45,12.05,7.34,44.68728,-124.156658
2021-07-17T18:35:37.000,1.44,11.97,7.34,44.68728,-124.156658
2021-07-17T18:50:37.000,1.39,11.58,7.34,44.68728,-124.156658
2021-07-17T19:05:37.000,1.43,11.85,7.34,44.68728,-124.156658
2021-07-17T19:20:37.000,1.41,11.75,7.34,44.68728,-124.156658
2021-07-17T19:35:37.000,1.33,11.06,7.34,44.68728,-124.156658
2021-07-17T19:50:37.000,1.42,11.84,7.34,44.68728,-124.156658
2021-07-17T20:05:37.000,1.43,11.85,7.34,44.68728,-124.156658
2021-07-17T20:20:37.000,1.44,12,7.34,44.68728,-124.156658
2021-07-17T20:35:37.000,1.4,11.62,7.34,44.68728,-124.156658
2021-07-17T20:50:37.000,1.42,11.81,7.34,44.68728,-124.156658
2021-07-17T21:05:37.000,1.46,12.15,7.34,44.68728,-124.156658
2021-07-17T21:20:37.000,1.46,12.14,7.34,44.68728,-124.156658
2021-07-17T21:35:37.000,1.39,11.58,7.34,44.68728,-124.156658
2021-07-17T21:50:37.000,1.45,12.08,7.34,44.68728,-124.156658
2021-07-17T22:05:37.000,1.45,12.08,7.33,44.68728,-124.156658
2021-07-17T22:20:37.000,1.38,11.49,7.33,44.68728,-124.156658
2021-07-17T22:35:37.000,1.44,11.97,7.33,44.68728,-124.156658
2021-07-17T22:50:37.000,1.46,12.16,7.33,44.68728,-124.156658
2021-07-17T23:05:37.000,1.5,12.5,7.33,44.68728,-124.156658
2021-07-17T23:20:37.000,1.43,11.88,7.32,44.68728,-124.156658
2021-07-17T23:35:37.000,1.48,12.32,7.32,44.68728,-124.156658
2021-07-17T23:50:37.000,1.48,12.31,7.32,44.68728,-124.156658
2021-07-18T00:05:37.000,1.47,12.2,7.32,44.68728,-124.156658
2021-07-18T00:20:37.000,1.5,12.46,7.32,44.68728,-124.156658
2021-07-18T00:35:37.000,1.51,12.53,7.32,44.68728,-124.156658
2021-07-18T00:50:37.000,1.5,12.45,7.32,44.68728,-124.156658
2021-07-18T01:05:37.000,1.47,12.24,7.32,44.68728,-124.156658
2021-07-18T01:20:37.000,1.5,12.45,7.32,44.68728,-124.156658
2021-07-18T01:35:37.000,1.49,12.38,7.33,44.68728,-124.156658
2021-07-18T01:50:37.000,1.45,12,7.33,44.68728,-124.156658
2021-07-18T02:05:37.000,1.36,11.34,7.33,44.68728,-124.156658
2021-07-18T02:20:37.000,1.39,11.52,7.33,44.68728,-124.156658
2021-07-18T02:35:37.000,1.51,12.55,7.33,44.68728,-124.156658
2021-07-18T02:50:37.000,1.32,10.99,7.33,44.68728,-124.156658
2021-07-18T03:05:37.000,1.52,12.65,7.34,44.68728,-124.156658
2021-07-18T03:20:37.000,1.47,12.2,7.33,44.68728,-124.156658
2021-07-18T03:35:37.000,1.56,12.99,7.33,44.68728,-124.156658
2021-07-18T03:50:37.000,1.54,12.78,7.33,44.68728,-124.156658
2021-07-18T04:05:37.000,1.55,12.86,7.33,44.68728,-124.156658
2021-07-18T04:20:37.000,1.55,12.88,7.34,44.68728,-124.156658
2021-07-18T04:35:37.000,1.54,12.8,7.34,44.68728,-124.156658
2021-07-18T04:50:37.000,1.53,12.68,7.34,44.68728,-124.156658
2021-07-18T05:05:37.000,1.5,12.44,7.34,44.68728,-124.156658
2021-07-18T05:20:37.000,1.5,12.46,7.34,44.68728,-124.156658
2021-07-18T05:35:37.000,1.53,12.68,7.33,44.68728,-124.156658
2021-07-18T05:50:37.000,1.47,12.24,7.34,44.68728,-124.156658
2021-07-18T06:05:37.000,1.46,12.16,7.34,44.68728,-124.156658
2021-07-18T06:20:37.000,1.47,12.19,7.33,44.68728,-124.156658
2021-07-18T06:35:37.000,1.46,12.12,7.33,44.68728,-124.156658
2021-07-18T06:50:37.000,1.45,12.04,7.33,44.68728,-124.156658
2021-07-18T07:05:37.000,1.45,12.02,7.33,44.68728,-124.156658
2021-07-18T07:20:37.000,1.44,11.98,7.33,44.68728,-124.156658
2021-07-18T07:35:37.000,1.46,12.15,7.33,44.68728,-124.156658
2021-07-18T07:50:37.000,1.45,12.03,7.33,44.68728,-124.156658
2021-07-18T08:05:37.000,1.42,11.81,7.33,44.68728,-124.156658
2021-07-18T08:20:37.000,1.38,11.48,7.33,44.68728,-124.156658
2021-07-18T08:35:37.000,1.36,11.26,7.33,44.68728,-124.156658
2021-07-18T08:50:37.000,1.43,11.84,7.33,44.68728,-124.156658
2021-07-18T09:05:37.000,1.39,11.58,7.33,44.68728,-124.156658
2021-07-18T09:20:37.000,1.35,11.19,7.33,44.68728,-124.156658
2021-07-18T09:35:37.000,1.46,12.11,7.33,44.68728,-124.156658
2021-07-18T09:50:37.000,1.43,11.84,7.33,44.68728,-124.156658
2021-07-18T10:05:37.000,1.4,11.64,7.33,44.68728,-124.156658
2021-07-18T10:20:37.000,1.46,12.11,7.33,44.68728,-124.156658
2021-07-18T10:35:37.000,1.48,12.29,7.33,44.68728,-124.156658
2021-07-18T10:50:37.000,1.46,12.16,7.33,44.68728,-124.156658
2021-07-18T11:05:37.000,1.46,12.14,7.33,44.68728,-124.156658
2021-07-18T11:20:37.000,1.46,12.14,7.33,44.68728,-124.156658
2021-07-18T11:35:37.000,1.44,11.97,7.33,44.68728,-124.156658
2021-07-18T11:50:37.000,1.47,12.2,7.33,44.68728,-124.156658
2021-07-18T12:05:37.000,1.44,11.99,7.33,44.68728,-124.156658
2021-07-18T12:20:37.000,1.51,12.51,7.33,44.68728,-124.156658
2021-07-18T12:35:37.000,1.45,12.05,7.33,44.68728,-124.156658
2021-07-18T12:50:37.000,1.49,12.41,7.33,44.68728,-124.156658
2021-07-18T13:05:37.000,1.46,12.14,7.33,44.68728,-124.156658
2021-07-18T13:20:37.000,1.46,12.14,7.33,44.68728,-124.156658
2021-07-18T13:35:37.000,1.48,12.27,7.33,44.68728,-124.156658
2021-07-18T13:50:37.000,1.46,12.14,7.33,44.68728,-124.156658
2021-07-18T14:05:37.000,1.48,12.32,7.33,44.68728,-124.156658
2021-07-18T14:20:37.000,1.45,12.06,7.33,44.68728,-124.156658
2021-07-18T14:35:37.000,1.5,12.45,7.33,44.68728,-124.156658
2021-07-18T14:50:37.000,1.5,12.47,7.33,44.68728,-124.156658
2021-07-18T15:05:37.000,1.47,12.19,7.32,44.68728,-124.156658
2021-07-18T15:20:37.000,1.5,12.42,7.32,44.68728,-124.156658
2021-07-18T15:35:37.000,1.45,12.01,7.32,44.68728,-124.156658
2021-07-18T15:50:37.000,1.48,12.32,7.32,44.68728,-124.156658
2021-07-18T16:05:37.000,1.46,12.12,7.32,44.68728,-124.156658
2021-07-18T16:20:37.000,1.46,12.15,7.32,44.68728,-124.156658
2021-07-18T16:35:37.000,1.45,12,7.32,44.68728,-124.156658
2021-07-18T16:50:37.000,1.49,12.35,7.32,44.68728,-124.156658
2021-07-18T17:05:37.000,1.44,11.93,7.32,44.68728,-124.156658
2021-07-18T17:20:37.000,1.42,11.8,7.32,44.68728,-124.156658
2021-07-18T17:35:37.000,1.43,11.91,7.32,44.68728,-124.156658
2021-07-18T17:50:37.000,1.44,11.92,7.32,44.68728,-124.156658
2021-07-18T18:05:37.000,1.31,10.85,7.32,44.68728,-124.156658
2021-07-18T18:20:37.000,1.38,11.46,7.32,44.68728,-124.156658
2021-07-18T18:35:37.000,1.36,11.32,7.32,44.68728,-124.156658
2021-07-18T18:50:37.000,1.41,11.74,7.32,44.68728,-124.156658
2021-07-18T19:05:37.000,1.39,11.5,7.32,44.68728,-124.156658
2021-07-18T19:20:37.000,1.33,11.05,7.32,44.68728,-124.156658
2021-07-18T19:35:37.000,1.37,11.4,7.32,44.68728,-124.156658
2021-07-18T19:50:37.000,1.38,11.44,7.32,44.68728,-124.156658
2021-07-18T20:05:37.000,1.43,11.9,7.32,44.68728,-124.156658
2021-07-18T20:20:37.000,1.41,11.72,7.32,44.68728,-124.156658
2021-07-18T20:35:37.000,1.4,11.59,7.32,44.68728,-124.156658
2021-07-18T20:50:37.000,1.52,12.6,7.32,44.68728,-124.156658
2021-07-18T21:05:37.000,1.32,10.98,7.33,44.68728,-124.156658
2021-07-18T21:20:37.000,1.44,11.92,7.32,44.68728,-124.156658
2021-07-18T21:35:37.000,1.45,12.01,7.33,44.68728,-124.156658
2021-07-18T21:50:37.000,1.42,11.83,7.32,44.68728,-124.156658
2021-07-18T22:05:37.000,1.5,12.44,7.32,44.68728,-124.156658
2021-07-18T22:20:37.000,1.44,11.94,7.33,44.68728,-124.156658
2021-07-18T22:35:37.000,1.52,12.62,7.32,44.68728,-124.156658
2021-07-18T22:50:37.000,1.51,12.5,7.33,44.68728,-124.156658
2021-07-18T23:05:37.000,1.46,12.1,7.33,44.68728,-124.156658
2021-07-18T23:20:37.000,1.48,12.3,7.33,44.68728,-124.156658
2021-07-18T23:35:37.000,1.51,12.53,7.33,44.68728,-124.156658
2021-07-18T23:50:37.000,1.51,12.54,7.32,44.68728,-124.156658
2021-07-19T00:05:37.000,1.53,12.75,7.33,44.68728,-124.156658
2021-07-19T00:20:37.000,1.49,12.36,7.33,44.68728,-124.156658
2021-07-19T00:35:37.000,1.5,12.45,7.33,44.68728,-124.156658
2021-07-19T00:50:37.000,1.54,12.8,7.32,44.68728,-124.156658
2021-07-19T01:05:37.000,1.57,13.05,7.33,44.68728,-124.156658
2021-07-19T01:20:37.000,1.5,12.49,7.33,44.68728,-124.156658
2021-07-19T01:35:37.000,1.56,12.94,7.33,44.68728,-124.156658
2021-07-19T01:50:37.000,1.57,13.07,7.33,44.68728,-124.156658
2021-07-19T02:05:37.000,1.57,13.07,7.33,44.68728,-124.156658
2021-07-19T02:20:37.000,1.57,13.07,7.33,44.68728,-124.156658
2021-07-19T02:35:37.000,1.59,13.21,7.33,44.68728,-124.156658
2021-07-19T02:50:37.000,1.55,12.92,7.33,44.68728,-124.156658
2021-07-19T03:05:37.000,1.58,13.1,7.34,44.68728,-124.156658
2021-07-19T03:20:37.000,1.54,12.78,7.34,44.68728,-124.156658
2021-07-19T03:35:37.000,1.62,13.46,7.34,44.68728,-124.156658
2021-07-19T03:50:37.000,1.58,13.15,7.34,44.68728,-124.156658
2021-07-19T04:05:37.000,1.62,13.48,7.34,44.68728,-124.156658
2021-07-19T04:20:37.000,1.6,13.26,7.34,44.68728,-124.156658
2021-07-19T04:35:37.000,1.62,13.49,7.34,44.68728,-124.156658
2021-07-19T04:50:37.000,1.63,13.53,7.34,44.68728,-124.156658
2021-07-19T05:05:37.000,1.57,13.08,7.34,44.68728,-124.156658
2021-07-19T05:20:37.000,1.63,13.53,7.34,44.68728,-124.156658
2021-07-19T05:35:37.000,1.59,13.21,7.34,44.68728,-124.156658
2021-07-19T05:50:37.000,1.5,12.45,7.34,44.68728,-124.156658
2021-07-19T06:05:37.000,1.65,13.7,7.34,44.68728,-124.156658
2021-07-19T06:20:37.000,1.55,12.89,7.34,44.68728,-124.156658
2021-07-19T06:35:37.000,1.6,13.27,7.34,44.68728,-124.156658
2021-07-19T06:50:37.000,1.53,12.72,7.34,44.68728,-124.156658
2021-07-19T07:05:37.000,1.48,12.33,7.34,44.68728,-124.156658
2021-07-19T07:20:37.000,1.45,12.02,7.34,44.68728,-124.156658
2021-07-19T07:35:37.000,1.51,12.53,7.34,44.68728,-124.156658
2021-07-19T07:50:37.000,1.55,12.86,7.34,44.68728,-124.156658
2021-07-19T08:05:37.000,1.49,12.38,7.34,44.68728,-124.156658
2021-07-19T08:20:37.000,1.41,11.76,7.34,44.68728,-124.156658
2021-07-19T08:35:37.000,1.52,12.61,7.34,44.68728,-124.156658
2021-07-19T08:50:37.000,1.26,10.46,7.34,44.68728,-124.156658
2021-07-19T09:05:37.000,1.45,12.02,7.34,44.68728,-124.156658
2021-07-19T09:20:37.000,1.36,11.33,7.34,44.68728,-124.156658
2021-07-19T09:35:37.000,1.38,11.46,7.34,44.68728,-124.156658
2021-07-19T09:50:37.000,1.44,12,7.34,44.68728,-124.156658
2021-07-19T10:05:37.000,1.42,11.76,7.34,44.68728,-124.156658
2021-07-19T10:20:37.000,1.33,11.03,7.34,44.68728,-124.156658
2021-07-19T10:35:37.000,1.44,11.93,7.34,44.68728,-124.156658
2021-07-19T10:50:37.000,1.47,12.19,7.34,44.68728,-124.156658
2021-07-19T11:05:37.000,1.41,11.71,7.34,44.68728,-124.156658
2021-07-19T11:20:37.000,1.43,11.91,7.34,44.68728,-124.156658
2021-07-19T11:35:37.000,1.51,12.51,7.34,44.68728,-124.156658
2021-07-19T11:50:37.000,1.44,11.94,7.34,44.68728,-124.156658
2021-07-19T12:05:37.000,1.58,13.16,7.34,44.68728,-124.156658
2021-07-19T12:20:37.000,1.57,13.02,7.34,44.68728,-124.156658
2021-07-19T12:35:37.000,1.62,13.45,7.34,44.68728,-124.156658
2021-07-19T12:50:37.000,1.63,13.54,7.34,44.68728,-124.156658
2021-07-19T13:05:37.000,1.57,13.07,7.34,44.68728,-124.156658
2021-07-19T13:20:37.000,1.56,12.92,7.34,44.68728,-124.156658
2021-07-19T13:35:37.000,1.61,13.38,7.34,44.68728,-124.156658
2021-07-19T13:50:37.000,1.62,13.45,7.34,44.68728,-124.156658
2021-07-19T14:05:37.000,1.61,13.34,7.34,44.68728,-124.156658
2021-07-19T14:20:37.000,1.58,13.12,7.34,44.68728,-124.156658
2021-07-19T14:35:37.000,1.65,13.67,7.34,44.68728,-124.156658
2021-07-19T14:50:37.000,1.61,13.41,7.34,44.68728,-124.156658
2021-07-19T15:05:37.000,1.63,13.52,7.34,44.68728,-124.156658
2021-07-19T15:20:37.000,1.62,13.42,7.34,44.68728,-124.156658
2021-07-19T15:35:37.000,1.66,13.78,7.34,44.68728,-124.156658
2021-07-19T15:50:37.000,1.63,13.51,7.34,44.68728,-124.156658
2021-07-19T16:05:37.000,1.66,13.8,7.34,44.68728,-124.156658
2021-07-19T16:20:37.000,1.51,12.58,7.34,44.68728,-124.156658
2021-07-19T16:35:37.000,1.67,13.85,7.34,44.68728,-124.156658
2021-07-19T16:50:37.000,1.58,13.1,7.34,44.68728,-124.156658
2021-07-19T17:05:37.000,1.63,13.52,7.34,44.68728,-124.156658
2021-07-19T17:20:37.000,1.61,13.4,7.34,44.68728,-124.156658
2021-07-19T17:35:37.000,1.56,12.97,7.34,44.68728,-124.156658
2021-07-19T17:50:37.000,1.65,13.7,7.34,44.68728,-124.156658
2021-07-19T18:05:37.000,1.65,13.73,7.34,44.68728,-124.156658
2021-07-19T18:20:37.000,1.63,13.55,7.34,44.68728,-124.156658
2021-07-19T18:35:37.000,1.6,13.33,7.34,44.68728,-124.156658
2021-07-19T18:50:37.000,1.62,13.48,7.34,44.68728,-124.156658
2021-07-19T19:05:37.000,1.58,13.14,7.34,44.68728,-124.156658
2021-07-19T19:20:37.000,1.62,13.48,7.34,44.68728,-124.156658
2021-07-19T19:35:37.000,1.64,13.62,7.35,44.68728,-124.156658
2021-07-19T19:50:37.000,1.52,12.65,7.35,44.68728,-124.156658
2021-07-19T20:05:37.000,1.64,13.65,7.34,44.68728,-124.156658
2021-07-19T20:20:37.000,1.61,13.37,7.34,44.68728,-124.156658
2021-07-19T20:35:37.000,1.49,12.4,7.34,44.68728,-124.156658
2021-07-19T20:50:37.000,1.59,13.21,7.34,44.68728,-124.156658
2021-07-19T21:05:37.000,1.62,13.43,7.34,44.68728,-124.156658
2021-07-19T21:20:37.000,1.61,13.35,7.34,44.68728,-124.156658
2021-07-19T21:35:37.000,1.6,13.3,7.34,44.68728,-124.156658
2021-07-19T21:50:37.000,1.57,13.07,7.34,44.68728,-124.156658
2021-07-19T22:05:37.000,1.58,13.17,7.34,44.68728,-124.156658
2021-07-19T22:20:37.000,1.56,12.99,7.34,44.68728,-124.156658
2021-07-19T22:35:37.000,1.55,12.89,7.33,44.68728,-124.156658
2021-07-19T22:50:37.000,1.55,12.9,7.33,44.68728,-124.156658
2021-07-19T23:05:37.000,1.53,12.68,7.33,44.68728,-124.156658
2021-07-19T23:20:37.000,1.41,11.73,7.33,44.68728,-124.156658
2021-07-19T23:35:37.000,1.61,13.37,7.32,44.68728,-124.156658
2021-07-19T23:50:37.000,1.58,13.13,7.32,44.68728,-124.156658
2021-07-20T00:05:37.000,1.61,13.34,7.32,44.68728,-124.156658
2021-07-20T00:20:37.000,1.59,13.24,7.33,44.68728,-124.156658
2021-07-20T00:35:37.000,1.64,13.61,7.33,44.68728,-124.156658
2021-07-20T00:50:37.000,1.55,12.84,7.34,44.68728,-124.156658
2021-07-20T01:05:37.000,1.63,13.55,7.34,44.68728,-124.156658
2021-07-20T01:20:37.000,1.65,13.67,7.34,44.68728,-124.156658
2021-07-20T01:35:37.000,1.65,13.71,7.34,44.68728,-124.156658
2021-07-20T01:50:37.000,1.55,12.85,7.34,44.68728,-124.156658
2021-07-20T02:05:37.000,1.67,13.91,7.34,44.68728,-124.156658
2021-07-20T02:20:37.000,1.69,14.05,7.34,44.68728,-124.156658
2021-07-20T02:35:37.000,1.7,14.12,7.35,44.68728,-124.156658
2021-07-20T02:50:37.000,1.68,13.98,7.34,44.68728,-124.156658
2021-07-20T03:05:37.000,1.69,14.02,7.35,44.68728,-124.156658
2021-07-20T03:20:37.000,1.74,14.45,7.36,44.68728,-124.156658
2021-07-20T03:35:37.000,1.75,14.55,7.37,44.68728,-124.156658
2021-07-20T03:50:37.000,1.77,14.7,7.37,44.68728,-124.156658
2021-07-20T04:05:37.000,1.78,14.78,7.37,44.68728,-124.156658
2021-07-20T04:20:37.000,1.74,14.45,7.37,44.68728,-124.156658
2021-07-20T04:35:37.000,1.65,13.72,7.37,44.68728,-124.156658
2021-07-20T04:50:37.000,1.69,14.03,7.37,44.68728,-124.156658
2021-07-20T05:05:37.000,1.66,13.78,7.37,44.68728,-124.156658
2021-07-20T05:20:37.000,1.7,14.13,7.37,44.68728,-124.156658
2021-07-20T05:35:37.000,1.65,13.69,7.37,44.68728,-124.156658
2021-07-20T05:50:37.000,1.63,13.58,7.37,44.68728,-124.156658
2021-07-20T06:05:37.000,1.61,13.35,7.37,44.68728,-124.156658
2021-07-20T06:20:37.000,1.61,13.37,7.37,44.68728,-124.156658
2021-07-20T06:35:37.000,1.6,13.34,7.37,44.68728,-124.156658
2021-07-20T06:50:37.000,1.61,13.39,7.37,44.68728,-124.156658
2021-07-20T07:05:37.000,1.62,13.5,7.37,44.68728,-124.156658
2021-07-20T07:20:37.000,1.62,13.44,7.37,44.68728,-124.156658
2021-07-20T07:35:37.000,1.64,13.67,7.37,44.68728,-124.156658
2021-07-20T07:50:37.000,1.63,13.51,7.37,44.68728,-124.156658
2021-07-20T08:05:37.000,1.63,13.52,7.37,44.68728,-124.156658
2021-07-20T08:20:37.000,1.62,13.47,7.37,44.68728,-124.156658
2021-07-20T08:35:37.000,1.62,13.47,7.37,44.68728,-124.156658
2021-07-20T08:50:37.000,1.56,12.98,7.37,44.68728,-124.156658
2021-07-20T09:05:37.000,1.61,13.36,7.37,44.68728,-124.156658
2021-07-20T09:20:37.000,1.62,13.47,7.37,44.68728,-124.156658
2021-07-20T09:35:37.000,1.59,13.2,7.37,44.68728,-124.156658
2021-07-20T09:50:37.000,1.59,13.19,7.37,44.68728,-124.156658
2021-07-20T10:05:37.000,1.63,13.53,7.37,44.68728,-124.156658
2021-07-20T10:20:37.000,1.57,13.09,7.37,44.68728,-124.156658
2021-07-20T10:35:37.000,1.56,12.93,7.37,44.68728,-124.156658
2021-07-20T10:50:37.000,1.59,13.18,7.37,44.68728,-124.156658
2021-07-20T11:05:37.000,1.63,13.57,7.37,44.68728,-124.156658
2021-07-20T11:20:37.000,1.59,13.2,7.37,44.68728,-124.156658
2021-07-20T11:35:37.000,1.6,13.29,7.37,44.68728,-124.156658
2021-07-20T11:50:37.000,1.59,13.26,7.37,44.68728,-124.156658
2021-07-20T12:05:37.000,1.61,13.36,7.37,44.68728,-124.156658
2021-07-20T12:20:37.000,1.61,13.42,7.37,44.68728,-124.156658
2021-07-20T12:35:37.000,1.61,13.39,7.37,44.68728,-124.156658
2021-07-20T12:50:37.000,1.61,13.39,7.37,44.68728,-124.156658
2021-07-20T13:05:37.000,1.61,13.35,7.37,44.68728,-124.156658
2021-07-20T13:20:37.000,1.61,13.35,7.37,44.68728,-124.156658
2021-07-20T13:35:37.000,1.61,13.37,7.37,44.68728,-124.156658
2021-07-20T13:50:37.000,1.6,13.33,7.37,44.68728,-124.156658
2021-07-20T14:05:37.000,1.62,13.45,7.37,44.68728,-124.156658
2021-07-20T14:20:37.000,1.62,13.5,7.37,44.68728,-124.156658
2021-07-20T14:35:37.000,1.62,13.46,7.37,44.68728,-124.156658
2021-07-20T14:50:37.000,1.64,13.59,7.37,44.68728,-124.156658
2021-07-20T15:05:37.000,1.62,13.45,7.37,44.68728,-124.156658
2021-07-20T15:20:37.000,1.62,13.48,7.37,44.68728,-124.156658
2021-07-20T15:35:37.000,1.63,13.52,7.37,44.68728,-124.156658
2021-07-20T15:50:37.000,1.63,13.57,7.37,44.68728,-124.156658
2021-07-20T16:05:37.000,1.66,13.83,7.37,44.68728,-124.156658
2021-07-20T16:20:37.000,1.67,13.88,7.37,44.68728,-124.156658
2021-07-20T16:35:37.000,1.64,13.64,7.37,44.68728,-124.156658
2021-07-20T16:50:37.000,1.66,13.84,7.37,44.68728,-124.156658
2021-07-20T17:05:37.000,1.62,13.47,7.37,44.68728,-124.156658
2021-07-20T17:20:37.000,1.64,13.62,7.37,44.68728,-124.156658
2021-07-20T17:35:37.000,1.67,13.86,7.37,44.68728,-124.156658
2021-07-20T17:50:37.000,1.66,13.82,7.37,44.68728,-124.156658
2021-07-20T18:05:37.000,1.68,13.94,7.36,44.68728,-124.156658
2021-07-20T18:20:37.000,1.66,13.83,7.36,44.68728,-124.156658
2021-07-20T18:35:37.000,1.66,13.78,7.35,44.68728,-124.156658
2021-07-20T18:50:37.000,1.66,13.8,7.35,44.68728,-124.156658
2021-07-20T19:05:37.000,1.6,13.25,7.34,44.68728,-124.156658
2021-07-20T19:20:37.000,1.58,13.16,7.34,44.68728,-124.156658
2021-07-20T19:35:37.000,1.51,12.51,7.33,44.68728,-124.156658
2021-07-20T19:50:37.000,1.53,12.74,7.32,44.68728,-124.156658
2021-07-20T20:05:37.000,1.5,12.43,7.32,44.68728,-124.156658
2021-07-20T20:20:37.000,1.53,12.7,7.32,44.68728,-124.156658
2021-07-20T20:35:37.000,1.52,12.59,7.32,44.68728,-124.156658
2021-07-20T20:50:37.000,1.59,13.19,7.33,44.68728,-124.156658
2021-07-20T21:05:37.000,1.61,13.34,7.34,44.68728,-124.156658
2021-07-20T21:20:37.000,1.61,13.38,7.34,44.68728,-124.156658
2021-07-20T21:35:37.000,1.61,13.4,7.34,44.68728,-124.156658
2021-07-20T21:50:37.000,1.6,13.31,7.34,44.68728,-124.156658
2021-07-20T22:05:37.000,1.63,13.53,7.34,44.68728,-124.156658
2021-07-20T22:20:37.000,1.64,13.62,7.34,44.68728,-124.156658
2021-07-20T22:35:37.000,1.66,13.77,7.35,44.68728,-124.156658
2021-07-20T22:50:37.000,1.66,13.82,7.35,44.68728,-124.156658
2021-07-20T23:05:37.000,1.66,13.77,7.35,44.68728,-124.156658
2021-07-20T23:20:37.000,1.69,14.02,7.35,44.68728,-124.156658
2021-07-20T23:35:37.000,1.65,13.74,7.35,44.68728,-124.156658
2021-07-20T23:50:37.000,1.65,13.75,7.35,44.68728,-124.156658
2021-07-21T00:05:37.000,1.66,13.81,7.35,44.68728,-124.156658
2021-07-21T00:20:37.000,1.63,13.58,7.34,44.68728,-124.156658
2021-07-21T00:35:37.000,1.61,13.41,7.34,44.68728,-124.156658
2021-07-21T00:50:37.000,1.6,13.33,7.34,44.68728,-124.156658
2021-07-21T01:05:37.000,1.6,13.27,7.34,44.68728,-124.156658
2021-07-21T01:20:37.000,1.57,13.06,7.34,44.68728,-124.156658
2021-07-21T01:35:37.000,1.57,13.06,7.34,44.68728,-124.156658
2021-07-21T01:50:37.000,1.56,12.98,7.34,44.68728,-124.156658
2021-07-21T02:05:37.000,1.57,13.02,7.34,44.68728,-124.156658
2021-07-21T02:20:37.000,1.56,12.95,7.33,44.68728,-124.156658
2021-07-21T02:35:37.000,1.52,12.63,7.33,44.68728,-124.156658
2021-07-21T02:50:37.000,1.54,12.77,7.33,44.68728,-124.156658
2021-07-21T03:05:37.000,1.54,12.77,7.33,44.68728,-124.156658
2021-07-21T03:20:37.000,1.53,12.75,7.33,44.68728,-124.156658
2021-07-21T03:35:37.000,1.54,12.79,7.34,44.68728,-124.156658
2021-07-21T03:50:37.000,1.56,12.97,7.34,44.68728,-124.156658
2021-07-21T04:05:37.000,1.54,12.83,7.34,44.68728,-124.156658
2021-07-21T04:20:37.000,1.54,12.76,7.34,44.68728,-124.156658
2021-07-21T04:35:37.000,1.57,13.06,7.34,44.68728,-124.156658
2021-07-21T04:50:37.000,1.58,13.13,7.34,44.68728,-124.156658
2021-07-21T05:05:37.000,1.6,13.3,7.34,44.68728,-124.156658
2021-07-21T05:20:37.000,1.61,13.36,7.35,44.68728,-124.156658
2021-07-21T05:35:37.000,1.62,13.48,7.35,44.68728,-124.156658
2021-07-21T05:50:37.000,1.63,13.58,7.35,44.68728,-124.156658
2021-07-21T06:05:37.000,1.63,13.51,7.36,44.68728,-124.156658
2021-07-21T06:20:37.000,1.64,13.6,7.36,44.68728,-124.156658
2021-07-21T06:35:37.000,1.66,13.77,7.36,44.68728,-124.156658
2021-07-21T06:50:37.000,1.66,13.81,7.37,44.68728,-124.156658
2021-07-21T07:05:37.000,1.66,13.79,7.37,44.68728,-124.156658
2021-07-21T07:20:37.000,1.67,13.86,7.37,44.68728,-124.156658
2021-07-21T07:35:37.000,1.65,13.72,7.37,44.68728,-124.156658
2021-07-21T07:50:37.000,1.67,13.87,7.37,44.68728,-124.156658
2021-07-21T08:05:37.000,1.64,13.65,7.37,44.68728,-124.156658
2021-07-21T08:20:37.000,1.65,13.76,7.37,44.68728,-124.156658
2021-07-21T08:35:37.000,1.64,13.64,7.37,44.68728,-124.156658
2021-07-21T08:50:37.000,1.63,13.53,7.37,44.68728,-124.156658
2021-07-21T09:05:37.000,1.62,13.44,7.37,44.68728,-124.156658
2021-07-21T09:20:37.000,1.59,13.23,7.36,44.68728,-124.156658
2021-07-21T09:35:37.000,1.58,13.09,7.36,44.68728,-124.156658
2021-07-21T09:50:37.000,1.58,13.1,7.36,44.68728,-124.156658
2021-07-21T10:05:37.000,1.59,13.25,7.36,44.68728,-124.156658
2021-07-21T10:20:37.000,1.57,13.07,7.36,44.68728,-124.156658
2021-07-21T10:35:37.000,1.55,12.91,7.35,44.68728,-124.156658
2021-07-21T10:50:37.000,1.57,13.05,7.35,44.68728,-124.156658
2021-07-21T11:05:37.000,1.57,13.03,7.35,44.68728,-124.156658
2021-07-21T11:20:37.000,1.58,13.09,7.34,44.68728,-124.156658
2021-07-21T11:35:37.000,1.58,13.14,7.34,44.68728,-124.156658
2021-07-21T11:50:37.000,1.59,13.18,7.34,44.68728,-124.156658
2021-07-21T12:05:37.000,1.58,13.11,7.34,44.68728,-124.156658
2021-07-21T12:20:37.000,1.62,13.43,7.34,44.68728,-124.156658
2021-07-21T12:35:37.000,1.57,13.01,7.33,44.68728,-124.156658
2021-07-21T12:50:37.000,1.6,13.31,7.33,44.68728,-124.156658
2021-07-21T13:05:37.000,1.59,13.17,7.32,44.68728,-124.156658
2021-07-21T13:20:37.000,1.58,13.15,7.32,44.68728,-124.156658
2021-07-21T13:35:37.000,1.58,13.1,7.32,44.68728,-124.156658
2021-07-21T13:50:37.000,1.58,13.16,7.32,44.68728,-124.156658
2021-07-21T14:05:37.000,1.6,13.27,7.32,44.68728,-124.156658
2021-07-21T14:20:37.000,1.59,13.19,7.32,44.68728,-124.156658
2021-07-21T14:35:37.000,1.6,13.31,7.32,44.68728,-124.156658
2021-07-21T14:50:37.000,1.57,13.03,7.32,44.68728,-124.156658
2021-07-21T15:05:37.000,1.58,13.12,7.32,44.68728,-124.156658
2021-07-21T15:20:37.000,1.57,13.03,7.32,44.68728,-124.156658
2021-07-21T15:35:37.000,1.59,13.19,7.32,44.68728,-124.156658
2021-07-21T15:50:37.000,1.58,13.1,7.32,44.68728,-124.156658
2021-07-21T16:05:37.000,1.59,13.19,7.32,44.68728,-124.156658
2021-07-21T16:20:37.000,1.56,12.97,7.32,44.68728,-124.156658
2021-07-21T16:35:37.000,1.53,12.75,7.32,44.68728,-124.156658
2021-07-21T16:50:37.000,1.57,13.06,7.32,44.68728,-124.156658
2021-07-21T17:05:37.000,1.59,13.23,7.32,44.68728,-124.156658
2021-07-21T17:20:37.000,1.55,12.86,7.32,44.68728,-124.156658
2021-07-21T17:35:37.000,1.57,13.01,7.32,44.68728,-124.156658
2021-07-21T17:50:37.000,1.58,13.1,7.32,44.68728,-124.156658
2021-07-21T18:05:37.000,1.58,13.08,7.32,44.68728,-124.156658
2021-07-21T18:20:37.000,1.57,13.03,7.32,44.68728,-124.156658
2021-07-21T18:35:37.000,1.59,13.16,7.32,44.68728,-124.156658
2021-07-21T18:50:37.000,1.59,13.24,7.32,44.68728,-124.156658
2021-07-21T19:05:37.000,1.59,13.2,7.32,44.68728,-124.156658
2021-07-21T19:20:37.000,1.58,13.11,7.32,44.68728,-124.156658
2021-07-21T19:35:37.000,1.62,13.44,7.32,44.68728,-124.156658
2021-07-21T19:50:37.000,1.59,13.23,7.32,44.68728,-124.156658
2021-07-21T20:05:37.000,1.62,13.42,7.33,44.68728,-124.156658
2021-07-21T20:20:37.000,1.61,13.4,7.33,44.68728,-124.156658
2021-07-21T20:35:37.000,1.63,13.54,7.33,44.68728,-124.156658
2021-07-21T20:50:37.000,1.65,13.71,7.33,44.68728,-124.156658
2021-07-21T21:05:37.000,1.64,13.59,7.33,44.68728,-124.156658
2021-07-21T21:20:37.000,1.65,13.73,7.34,44.68728,-124.156658
2021-07-21T21:35:37.000,1.65,13.72,7.34,44.68728,-124.156658
2021-07-21T21:50:37.000,1.66,13.82,7.34,44.68728,-124.156658
2021-07-21T22:05:37.000,1.64,13.62,7.34,44.68728,-124.156658
2021-07-21T22:20:37.000,1.65,13.67,7.34,44.68728,-124.156658
2021-07-21T22:35:37.000,1.65,13.71,7.34,44.68728,-124.156658
2021-07-21T22:50:37.000,1.63,13.5,7.34,44.68728,-124.156658
2021-07-21T23:05:37.000,1.66,13.75,7.34,44.68728,-124.156658
2021-07-21T23:20:37.000,1.64,13.66,7.34,44.68728,-124.156658
2021-07-21T23:35:37.000,1.65,13.71,7.34,44.68728,-124.156658
2021-07-21T23:50:37.000,1.65,13.71,7.34,44.68728,-124.156658
2021-07-22T00:05:37.000,1.65,13.72,7.34,44.68728,-124.156658
2021-07-22T00:20:37.000,1.66,13.8,7.34,44.68728,-124.156658
2021-07-22T00:35:37.000,1.66,13.81,7.34,44.68728,-124.156658
2021-07-22T00:50:37.000,1.63,13.57,7.34,44.68728,-124.156658
2021-07-22T01:05:37.000,1.64,13.65,7.34,44.68728,-124.156658
2021-07-22T01:20:37.000,1.67,13.89,7.34,44.68728,-124.156658
2021-07-22T01:35:37.000,1.66,13.83,7.34,44.68728,-124.156658
2021-07-22T01:50:37.000,1.68,13.96,7.34,44.68728,-124.156658
2021-07-22T02:05:37.000,1.65,13.73,7.34,44.68728,-124.156658
2021-07-22T02:20:37.000,1.64,13.6,7.34,44.68728,-124.156658
2021-07-22T02:35:37.000,1.69,14.01,7.34,44.68728,-124.156658
2021-07-22T02:50:37.000,1.68,13.99,7.34,44.68728,-124.156658
2021-07-22T03:05:37.000,1.69,14.05,7.34,44.68728,-124.156658
2021-07-22T03:20:37.000,1.71,14.18,7.34,44.68728,-124.156658
2021-07-22T03:35:37.000,1.72,14.28,7.34,44.68728,-124.156658
2021-07-22T03:50:37.000,1.72,14.33,7.34,44.68728,-124.156658
2021-07-22T04:05:37.000,1.73,14.38,7.35,44.68728,-124.156658
2021-07-22T04:20:37.000,1.75,14.52,7.35,44.68728,-124.156658
2021-07-22T04:35:37.000,1.75,14.53,7.35,44.68728,-124.156658
2021-07-22T04:50:37.000,1.75,14.56,7.35,44.68728,-124.156658
2021-07-22T05:05:37.000,1.75,14.55,7.35,44.68728,-124.156658
2021-07-22T05:20:37.000,1.75,14.58,7.36,44.68728,-124.156658
2021-07-22T05:35:37.000,1.77,14.69,7.36,44.68728,-124.156658
2021-07-22T05:50:37.000,1.78,14.78,7.36,44.68728,-124.156658
2021-07-22T06:05:37.000,1.8,14.94,7.36,44.68728,-124.156658
2021-07-22T06:20:37.000,1.8,14.96,7.37,44.68728,-124.156658
2021-07-22T06:35:37.000,1.82,15.16,7.37,44.68728,-124.156658
2021-07-22T06:50:37.000,1.8,14.98,7.37,44.68728,-124.156658
2021-07-22T07:05:37.000,1.81,15.07,7.38,44.68728,-124.156658
2021-07-22T07:20:37.000,1.83,15.21,7.38,44.68728,-124.156658
2021-07-22T07:35:37.000,1.79,14.89,7.39,44.68728,-124.156658
2021-07-22T07:50:37.000,1.8,14.98,7.39,44.68728,-124.156658
2021-07-22T08:05:37.000,1.81,15.07,7.39,44.68728,-124.156658
2021-07-22T08:20:37.000,1.75,14.56,7.39,44.68728,-124.156658
2021-07-22T08:35:37.000,1.79,14.86,7.39,44.68728,-124.156658
2021-07-22T08:50:37.000,1.78,14.8,7.39,44.68728,-124.156658
2021-07-22T09:05:37.000,1.66,13.85,7.39,44.68728,-124.156658
2021-07-22T09:20:37.000,1.68,14,7.39,44.68728,-124.156658
2021-07-22T09:35:37.000,1.66,13.82,7.39,44.68728,-124.156658
2021-07-22T09:50:37.000,1.71,14.18,7.39,44.68728,-124.156658
2021-07-22T10:05:37.000,1.71,14.19,7.39,44.68728,-124.156658
2021-07-22T10:20:37.000,1.67,13.92,7.39,44.68728,-124.156658
2021-07-22T10:35:37.000,1.73,14.4,7.39,44.68728,-124.156658
2021-07-22T10:50:37.000,1.71,14.21,7.39,44.68728,-124.156658
2021-07-22T11:05:37.000,1.72,14.29,7.39,44.68728,-124.156658
2021-07-22T11:20:37.000,1.74,14.45,7.39,44.68728,-124.156658
2021-07-22T11:35:37.000,1.73,14.37,7.39,44.68728,-124.156658
2021-07-22T11:50:37.000,1.75,14.57,7.38,44.68728,-124.156658
2021-07-22T12:05:37.000,1.72,14.33,7.38,44.68728,-124.156658
2021-07-22T12:20:37.000,1.71,14.21,7.37,44.68728,-124.156658
2021-07-22T12:35:37.000,1.67,13.87,7.37,44.68728,-124.156658
2021-07-22T12:50:37.000,1.73,14.38,7.37,44.68728,-124.156658
2021-07-22T13:05:37.000,1.69,14.09,7.37,44.68728,-124.156658
2021-07-22T13:20:37.000,1.66,13.82,7.36,44.68728,-124.156658
2021-07-22T13:35:37.000,1.67,13.86,7.36,44.68728,-124.156658
2021-07-22T13:50:37.000,1.65,13.71,7.36,44.68728,-124.156658
2021-07-22T14:05:37.000,1.67,13.88,7.36,44.68728,-124.156658
2021-07-22T14:20:37.000,1.67,13.87,7.36,44.68728,-124.156658
2021-07-22T14:35:37.000,1.66,13.78,7.37,44.68728,-124.156658
2021-07-22T14:50:37.000,1.7,14.11,7.37,44.68728,-124.156658
2021-07-22T15:05:37.000,1.68,13.96,7.37,44.68728,-124.156658
2021-07-22T15:20:37.000,1.73,14.38,7.37,44.68728,-124.156658
2021-07-22T15:35:37.000,1.76,14.63,7.38,44.68728,-124.156658
