Time (UTC),DO (ml/L),Dissolved Oxygen (%),Temperature (C),Latitude,Longitude
2021-07-16T18:11:23.000,4.13,35.05,8.21,44.68728,-124.156658
2021-07-16T18:26:23.000,4.27,36.26,8.21,44.68728,-124.156658
2021-07-16T18:41:23.000,4.58,38.9,8.21,44.68728,-124.156658
2021-07-16T18:56:23.000,4.54,38.49,8.2,44.68728,-124.156658
2021-07-16T19:11:23.000,4.49,38.09,8.18,44.68728,-124.156658
2021-07-16T19:26:23.000,4.49,38.12,8.18,44.68728,-124.156658
2021-07-16T19:41:23.000,4.53,38.47,8.19,44.68728,-124.156658
2021-07-16T19:56:23.000,4.51,38.29,8.18,44.68728,-124.156658
2021-07-16T20:11:23.000,4.5,38.16,8.18,44.68728,-124.156658
2021-07-16T20:26:23.000,4.51,38.23,8.19,44.68728,-124.156658
2021-07-16T20:41:23.000,4.51,38.29,8.2,44.68728,-124.156658
2021-07-16T20:56:23.000,4.54,38.51,8.21,44.68728,-124.156658
2021-07-16T21:11:23.000,4.57,38.77,8.21,44.68728,-124.156658
2021-07-16T21:26:23.000,4.62,39.22,8.23,44.68728,-124.156658
2021-07-16T21:41:23.000,4.65,39.52,8.24,44.68728,-124.156658
2021-07-16T21:56:23.000,4.68,39.75,8.26,44.68728,-124.156658
2021-07-16T22:11:23.000,4.67,39.72,8.26,44.68728,-124.156658
2021-07-16T22:26:23.000,4.69,39.88,8.28,44.68728,-124.156658
2021-07-16T22:41:23.000,4.77,40.62,8.3,44.68728,-124.156658
2021-07-16T22:56:23.000,4.68,39.78,8.3,44.68728,-124.156658
2021-07-16T23:11:23.000,4.57,38.89,8.28,44.68728,-124.156658
2021-07-16T23:26:23.000,4.56,38.75,8.28,44.68728,-124.156658
2021-07-16T23:41:23.000,4.58,38.9,8.28,44.68728,-124.156658
2021-07-16T23:56:23.000,4.59,39,8.29,44.68728,-124.156658
2021-07-17T00:11:23.000,4.57,38.91,8.3,44.68728,-124.156658
2021-07-17T00:26:23.000,4.55,38.72,8.3,44.68728,-124.156658
2021-07-17T00:41:23.000,4.52,38.41,8.28,44.68728,-124.156658
2021-07-17T00:56:23.000,4.47,38,8.28,44.68728,-124.156658
2021-07-17T01:11:23.000,4.45,37.83,8.26,44.68728,-124.156658
2021-07-17T01:26:23.000,4.43,37.65,8.26,44.68728,-124.156658
2021-07-17T01:41:23.000,4.43,37.62,8.26,44.68728,-124.156658
2021-07-17T01:56:23.000,4.42,37.57,8.26,44.68728,-124.156658
2021-07-17T02:11:23.000,4.37,37.14,8.25,44.68728,-124.156658
2021-07-17T02:26:23.000,4.34,36.9,8.24,44.68728,-124.156658
2021-07-17T02:41:23.000,4.34,36.82,8.23,44.68728,-124.156658
2021-07-17T02:56:23.000,4.35,36.92,8.24,44.68728,-124.156658
2021-07-17T03:11:23.000,4.34,36.83,8.25,44.68728,-124.156658
2021-07-17T03:26:23.000,4.33,36.83,8.25,44.68728,-124.156658
2021-07-17T03:41:23.000,4.32,36.74,8.25,44.68728,-124.156658
2021-07-17T03:56:23.000,4.32,36.75,8.26,44.68728,-124.156658
2021-07-17T04:11:23.000,4.3,36.56,8.26,44.68728,-124.156658
2021-07-17T04:26:23.000,4.29,36.46,8.26,44.68728,-124.156658
2021-07-17T04:41:23.000,4.27,36.28,8.26,44.68728,-124.156658
2021-07-17T04:56:23.000,4.26,36.2,8.26,44.68728,-124.156658
2021-07-17T05:11:23.000,4.24,36.07,8.27,44.68728,-124.156658
2021-07-17T05:26:23.000,4.24,36.07,8.28,44.68728,-124.156658
2021-07-17T05:41:23.000,4.23,35.94,8.28,44.68728,-124.156658
2021-07-17T05:56:23.000,4.22,35.89,8.28,44.68728,-124.156658
2021-07-17T06:11:23.000,4.23,36,8.28,44.68728,-124.156658
2021-07-17T06:26:23.000,4.23,35.99,8.28,44.68728,-124.156658
2021-07-17T06:41:23.000,4.25,36.14,8.28,44.68728,-124.156658
2021-07-17T06:56:23.000,4.26,36.21,8.29,44.68728,-124.156658
2021-07-17T07:11:23.000,4.22,35.93,8.3,44.68728,-124.156658
2021-07-17T07:26:23.000,4.22,35.91,8.3,44.68728,-124.156658
2021-07-17T07:41:23.000,4.24,36.03,8.31,44.68728,-124.156658
2021-07-17T07:56:23.000,4.21,35.83,8.31,44.68728,-124.156658
2021-07-17T08:11:23.000,4.21,35.83,8.31,44.68728,-124.156658
2021-07-17T08:26:23.000,4.21,35.82,8.32,44.68728,-124.156658
2021-07-17T08:41:23.000,4.19,35.64,8.33,44.68728,-124.156658
2021-07-17T08:56:23.000,4.2,35.76,8.33,44.68728,-124.156658
2021-07-17T09:11:23.000,4.19,35.71,8.33,44.68728,-124.156658
2021-07-17T09:26:23.000,4.22,35.91,8.34,44.68728,-124.156658
2021-07-17T09:41:23.000,4.19,35.71,8.35,44.68728,-124.156658
2021-07-17T09:56:23.000,4.19,35.71,8.35,44.68728,-124.156658
2021-07-17T10:11:23.000,4.18,35.56,8.35,44.68728,-124.156658
2021-07-17T10:26:23.000,4.18,35.61,8.35,44.68728,-124.156658
2021-07-17T10:41:23.000,4.26,36.29,8.36,44.68728,-124.156658
2021-07-17T10:56:23.000,4.2,35.81,8.36,44.68728,-124.156658
2021-07-17T11:11:23.000,4.22,35.98,8.37,44.68728,-124.156658
2021-07-17T11:26:23.000,4.21,35.91,8.37,44.68728,-124.156658
2021-07-17T11:41:23.000,4.14,35.24,8.36,44.68728,-124.156658
2021-07-17T11:56:23.000,4.14,35.3,8.36,44.68728,-124.156658
2021-07-17T12:11:23.000,4.11,35,8.37,44.68728,-124.156658
2021-07-17T12:26:23.000,4.11,35,8.36,44.68728,-124.156658
2021-07-17T12:41:23.000,4.1,34.95,8.36,44.68728,-124.156658
2021-07-17T12:56:23.000,4.09,34.81,8.35,44.68728,-124.156658
2021-07-17T13:11:23.000,4.08,34.75,8.35,44.68728,-124.156658
2021-07-17T13:26:23.000,4.03,34.28,8.35,44.68728,-124.156658
2021-07-17T13:41:23.000,3.96,33.75,8.33,44.68728,-124.156658
2021-07-17T13:56:23.000,3.96,33.68,8.33,44.68728,-124.156658
2021-07-17T14:11:23.000,3.96,33.72,8.32,44.68728,-124.156658
2021-07-17T14:26:23.000,3.93,33.41,8.3,44.68728,-124.156658
2021-07-17T14:41:23.000,3.89,33.08,8.29,44.68728,-124.156658
2021-07-17T14:56:23.000,3.82,32.5,8.28,44.68728,-124.156658
2021-07-17T15:11:23.000,3.77,32.03,8.28,44.68728,-124.156658
2021-07-17T15:26:23.000,3.77,32.08,8.27,44.68728,-124.156658
2021-07-17T15:41:23.000,3.67,31.14,8.26,44.68728,-124.156658
2021-07-17T15:56:23.000,3.56,30.26,8.23,44.68728,-124.156658
2021-07-17T16:11:23.000,3.81,32.33,8.25,44.68728,-124.156658
2021-07-17T16:26:23.000,3.84,32.59,8.26,44.68728,-124.156658
2021-07-17T16:41:23.000,3.98,33.86,8.26,44.68728,-124.156658
2021-07-17T16:56:23.000,4.02,34.13,8.26,44.68728,-124.156658
2021-07-17T17:11:23.000,3.88,32.97,8.26,44.68728,-124.156658
2021-07-17T17:26:23.000,3.68,31.29,8.24,44.68728,-124.156658
2021-07-17T17:41:23.000,3.56,30.25,8.23,44.68728,-124.156658
2021-07-17T17:56:23.000,3.49,29.62,8.23,44.68728,-124.156658
2021-07-17T18:11:23.000,3.38,28.7,8.23,44.68728,-124.156658
2021-07-17T18:26:23.000,3.31,28.14,8.23,44.68728,-124.156658
2021-07-17T18:41:23.000,3.27,27.76,8.23,44.68728,-124.156658
2021-07-17T18:56:23.000,3.27,27.77,8.23,44.68728,-124.156658
2021-07-17T19:11:23.000,3.48,29.56,8.27,44.68728,-124.156658
2021-07-17T19:26:23.000,3.57,30.37,8.28,44.68728,-124.156658
2021-07-17T19:41:23.000,3.8,32.32,8.31,44.68728,-124.156658
2021-07-17T19:56:23.000,3.81,32.43,8.32,44.68728,-124.156658
2021-07-17T20:11:23.000,4.12,35.08,8.35,44.68728,-124.156658
2021-07-17T20:26:23.000,4.16,35.42,8.37,44.68728,-124.156658
2021-07-17T20:41:23.000,4.23,36.08,8.38,44.68728,-124.156658
2021-07-17T20:56:23.000,4.29,36.6,8.4,44.68728,-124.156658
2021-07-17T21:11:23.000,4.53,38.62,8.42,44.68728,-124.156658
2021-07-17T21:26:23.000,4.56,38.94,8.43,44.68728,-124.156658
2021-07-17T21:41:23.000,4.64,39.63,8.45,44.68728,-124.156658
2021-07-17T21:56:23.000,4.61,39.36,8.44,44.68728,-124.156658
2021-07-17T22:11:23.000,4.65,39.69,8.45,44.68728,-124.156658
2021-07-17T22:26:23.000,4.95,42.32,8.5,44.68728,-124.156658
2021-07-17T22:41:23.000,5.11,43.67,8.52,44.68728,-124.156658
2021-07-17T22:56:23.000,5.21,44.56,8.54,44.68728,-124.156658
2021-07-17T23:11:23.000,5.33,45.64,8.57,44.68728,-124.156658
2021-07-17T23:26:23.000,5.27,45.12,8.57,44.68728,-124.156658
2021-07-17T23:41:23.000,5.19,44.43,8.54,44.68728,-124.156658
2021-07-17T23:56:23.000,5.09,43.54,8.52,44.68728,-124.156658
2021-07-18T00:11:23.000,5,42.76,8.51,44.68728,-124.156658
2021-07-18T00:26:23.000,4.97,42.48,8.5,44.68728,-124.156658
2021-07-18T00:41:23.000,4.96,42.37,8.5,44.68728,-124.156658
2021-07-18T00:56:23.000,4.88,41.7,8.47,44.68728,-124.156658
2021-07-18T01:11:23.000,4.85,41.35,8.42,44.68728,-124.156658
2021-07-18T01:26:23.000,4.83,41.19,8.43,44.68728,-124.156658
2021-07-18T01:41:23.000,4.88,41.66,8.45,44.68728,-124.156658
2021-07-18T01:56:23.000,4.86,41.54,8.47,44.68728,-124.156658
2021-07-18T02:11:23.000,4.94,42.2,8.49,44.68728,-124.156658
2021-07-18T02:26:23.000,4.99,42.64,8.52,44.68728,-124.156658
2021-07-18T02:41:23.000,5.02,42.9,8.52,44.68728,-124.156658
2021-07-18T02:56:23.000,5.04,43.11,8.53,44.68728,-124.156658
2021-07-18T03:11:23.000,5.06,43.32,8.54,44.68728,-124.156658
2021-07-18T03:26:23.000,5.06,43.29,8.55,44.68728,-124.156658
2021-07-18T03:41:23.000,5.05,43.21,8.55,44.68728,-124.156658
2021-07-18T03:56:23.000,5.05,43.21,8.55,44.68728,-124.156658
2021-07-18T04:11:23.000,5.04,43.14,8.54,44.68728,-124.156658
2021-07-18T04:26:23.000,5.04,43.08,8.54,44.68728,-124.156658
2021-07-18T04:41:23.000,5,42.78,8.54,44.68728,-124.156658
2021-07-18T04:56:23.000,4.97,42.49,8.54,44.68728,-124.156658
2021-07-18T05:11:23.000,4.92,42.04,8.53,44.68728,-124.156658
2021-07-18T05:26:23.000,4.92,42.06,8.52,44.68728,-124.156658
2021-07-18T05:41:23.000,3.66,31.05,8.22,44.68728,-124.156658
2021-07-18T05:56:23.000,3.52,29.84,8.19,44.68728,-124.156658
2021-07-18T06:11:23.000,3.46,29.31,8.17,44.68728,-124.156658
2021-07-18T06:26:23.000,3.34,28.27,8.14,44.68728,-124.156658
2021-07-18T06:41:23.000,3.23,27.36,8.09,44.68728,-124.156658
2021-07-18T06:56:23.000,3.17,26.81,8.04,44.68728,-124.156658
2021-07-18T07:11:23.000,3.13,26.47,8.02,44.68728,-124.156658
2021-07-18T07:26:23.000,3.12,26.33,8.03,44.68728,-124.156658
2021-07-18T07:41:23.000,3.13,26.42,8.02,44.68728,-124.156658
2021-07-18T07:56:23.000,3.12,26.36,8.01,44.68728,-124.156658
2021-07-18T08:11:23.000,3.02,25.56,8.03,44.68728,-124.156658
2021-07-18T08:26:23.000,3.04,25.65,8.03,44.68728,-124.156658
2021-07-18T08:41:23.000,3.03,25.6,8.02,44.68728,-124.156658
2021-07-18T08:56:23.000,3.01,25.41,8.04,44.68728,-124.156658
2021-07-18T09:11:23.000,2.95,24.91,8.04,44.68728,-124.156658
2021-07-18T09:26:23.000,2.87,24.25,8.02,44.68728,-124.156658
2021-07-18T09:41:23.000,2.82,23.83,7.97,44.68728,-124.156658
2021-07-18T09:56:23.000,2.79,23.56,7.98,44.68728,-124.156658
2021-07-18T10:11:23.000,2.73,23.06,7.98,44.68728,-124.156658
2021-07-18T10:26:23.000,2.66,22.48,7.97,44.68728,-124.156658
2021-07-18T10:41:23.000,2.68,22.56,7.95,44.68728,-124.156658
2021-07-18T10:56:23.000,2.69,22.7,7.92,44.68728,-124.156658
2021-07-18T11:11:23.000,2.68,22.56,7.92,44.68728,-124.156658
2021-07-18T11:26:23.000,2.64,22.22,7.92,44.68728,-124.156658
2021-07-18T11:41:23.000,2.66,22.38,7.92,44.68728,-124.156658
2021-07-18T11:56:23.000,2.65,22.29,7.91,44.68728,-124.156658
2021-07-18T12:11:23.000,2.6,21.89,7.92,44.68728,-124.156658
2021-07-18T12:26:23.000,2.6,21.92,7.91,44.68728,-124.156658
2021-07-18T12:41:23.000,2.61,22.01,7.9,44.68728,-124.156658
2021-07-18T12:56:23.000,2.62,22.04,7.9,44.68728,-124.156658
2021-07-18T13:11:23.000,2.58,21.71,7.9,44.68728,-124.156658
2021-07-18T13:26:23.000,2.53,21.32,7.9,44.68728,-124.156658
2021-07-18T13:41:23.000,2.58,21.71,7.9,44.68728,-124.156658
2021-07-18T13:56:23.000,2.57,21.66,7.9,44.68728,-124.156658
2021-07-18T14:11:23.000,2.55,21.46,7.9,44.68728,-124.156658
2021-07-18T14:26:23.000,2.47,20.8,7.92,44.68728,-124.156658
2021-07-18T14:41:23.000,2.48,20.87,7.93,44.68728,-124.156658
2021-07-18T14:56:23.000,2.58,21.73,7.94,44.68728,-124.156658
2021-07-18T15:11:23.000,2.58,21.76,7.95,44.68728,-124.156658
2021-07-18T15:26:23.000,2.63,22.23,7.97,44.68728,-124.156658
2021-07-18T15:41:23.000,2.66,22.46,7.99,44.68728,-124.156658
2021-07-18T15:56:23.000,2.72,22.94,8.02,44.68728,-124.156658
2021-07-18T16:11:23.000,2.79,23.58,8.02,44.68728,-124.156658
2021-07-18T16:26:23.000,2.85,24.08,8.04,44.68728,-124.156658
2021-07-18T16:41:23.000,2.94,24.83,8.04,44.68728,-124.156658
2021-07-18T16:56:23.000,3.2,27.11,8.08,44.68728,-124.156658
2021-07-18T17:11:23.000,3.11,26.33,8.08,44.68728,-124.156658
2021-07-18T17:26:23.000,3.2,27.07,8.1,44.68728,-124.156658
2021-07-18T17:41:23.000,3.58,30.32,8.14,44.68728,-124.156658
2021-07-18T17:56:23.000,3.78,32.02,8.17,44.68728,-124.156658
2021-07-18T18:11:23.000,4.11,34.9,8.21,44.68728,-124.156658
2021-07-18T18:26:23.000,4.26,36.21,8.23,44.68728,-124.156658
2021-07-18T18:41:23.000,4.43,37.66,8.23,44.68728,-124.156658
2021-07-18T18:56:23.000,4.71,40,8.27,44.68728,-124.156658
2021-07-18T19:11:23.000,5.02,42.72,8.3,44.68728,-124.156658
2021-07-18T19:26:23.000,5.24,44.58,8.33,44.68728,-124.156658
2021-07-18T19:41:23.000,5.47,46.59,8.37,44.68728,-124.156658
2021-07-18T19:56:23.000,5.73,48.86,8.42,44.68728,-124.156658
2021-07-18T20:11:23.000,6.01,51.29,8.46,44.68728,-124.156658
2021-07-18T20:26:23.000,6.11,52.16,8.48,44.68728,-124.156658
2021-07-18T20:41:23.000,6.2,52.97,8.51,44.68728,-124.156658
2021-07-18T20:56:23.000,6.52,55.8,8.57,44.68728,-124.156658
2021-07-18T21:11:23.000,6.5,55.63,8.57,44.68728,-124.156658
2021-07-18T21:26:23.000,6.43,55.09,8.57,44.68728,-124.156658
2021-07-18T21:41:23.000,6.37,54.57,8.57,44.68728,-124.156658
2021-07-18T21:56:23.000,6.48,55.51,8.59,44.68728,-124.156658
2021-07-18T22:11:23.000,6.8,58.3,8.64,44.68728,-124.156658
2021-07-18T22:26:23.000,6.88,58.98,8.65,44.68728,-124.156658
2021-07-18T22:41:23.000,6.85,58.77,8.64,44.68728,-124.156658
2021-07-18T22:56:23.000,6.94,59.59,8.67,44.68728,-124.156658
2021-07-18T23:11:23.000,7.18,61.65,8.71,44.68728,-124.156658
2021-07-18T23:26:23.000,7.26,62.38,8.73,44.68728,-124.156658
2021-07-18T23:41:23.000,7.25,62.32,8.73,44.68728,-124.156658
2021-07-18T23:56:23.000,7.37,63.37,8.76,44.68728,-124.156658
2021-07-19T00:11:23.000,7.34,63.09,8.76,44.68728,-124.156658
2021-07-19T00:26:23.000,7.34,63.17,8.76,44.68728,-124.156658
2021-07-19T00:41:23.000,7.35,63.24,8.76,44.68728,-124.156658
2021-07-19T00:56:23.000,7.39,63.56,8.77,44.68728,-124.156658
2021-07-19T01:11:23.000,7.36,63.37,8.77,44.68728,-124.156658
2021-07-19T01:26:23.000,7.43,63.97,8.78,44.68728,-124.156658
2021-07-19T01:41:23.000,7.55,65.04,8.81,44.68728,-124.156658
2021-07-19T01:56:23.000,7.62,65.69,8.83,44.68728,-124.156658
2021-07-19T02:11:23.000,7.64,65.83,8.85,44.68728,-124.156658
2021-07-19T02:26:23.000,7.68,66.21,8.86,44.68728,-124.156658
2021-07-19T02:41:23.000,7.73,66.64,8.88,44.68728,-124.156658
2021-07-19T02:56:23.000,7.74,66.72,8.88,44.68728,-124.156658
2021-07-19T03:11:23.000,7.77,67.04,8.88,44.68728,-124.156658
2021-07-19T03:26:23.000,7.85,67.77,8.9,44.68728,-124.156658
2021-07-19T03:41:23.000,7.88,68.03,8.9,44.68728,-124.156658
2021-07-19T03:56:23.000,7.91,68.3,8.92,44.68728,-124.156658
2021-07-19T04:11:23.000,8.02,69.23,8.92,44.68728,-124.156658
2021-07-19T04:26:23.000,7.97,68.86,8.93,44.68728,-124.156658
2021-07-19T04:41:23.000,8.02,69.3,8.94,44.68728,-124.156658
2021-07-19T04:56:23.000,8.1,70,8.95,44.68728,-124.156658
2021-07-19T05:11:23.000,8.08,69.78,8.95,44.68728,-124.156658
2021-07-19T05:26:23.000,8.14,70.33,8.97,44.68728,-124.156658
2021-07-19T05:41:23.000,8.1,70.07,8.97,44.68728,-124.156658
2021-07-19T05:56:23.000,8,69.16,8.95,44.68728,-124.156658
2021-07-19T06:11:23.000,7.68,66.31,8.92,44.68728,-124.156658
2021-07-19T06:26:23.000,7.48,64.57,8.9,44.68728,-124.156658
2021-07-19T06:41:23.000,7.26,62.61,8.87,44.68728,-124.156658
2021-07-19T06:56:23.000,7.03,60.58,8.81,44.68728,-124.156658
2021-07-19T07:11:23.000,6.89,59.26,8.78,44.68728,-124.156658
2021-07-19T07:26:23.000,6.81,58.54,8.76,44.68728,-124.156658
2021-07-19T07:41:23.000,6.74,57.96,8.76,44.68728,-124.156658
2021-07-19T07:56:23.000,6.69,57.57,8.75,44.68728,-124.156658
2021-07-19T08:11:23.000,6.66,57.28,8.75,44.68728,-124.156658
2021-07-19T08:26:23.000,6.67,57.37,8.74,44.68728,-124.156658
2021-07-19T08:41:23.000,6.53,56.06,8.69,44.68728,-124.156658
2021-07-19T08:56:23.000,6.32,54.2,8.62,44.68728,-124.156658
2021-07-19T09:11:23.000,6.19,53.06,8.59,44.68728,-124.156658
2021-07-19T09:26:23.000,6.13,52.45,8.58,44.68728,-124.156658
2021-07-19T09:41:23.000,6.13,52.5,8.57,44.68728,-124.156658
2021-07-19T09:56:23.000,6.08,52.08,8.57,44.68728,-124.156658
2021-07-19T10:11:23.000,6.04,51.68,8.57,44.68728,-124.156658
2021-07-19T10:26:23.000,6.04,51.69,8.57,44.68728,-124.156658
2021-07-19T10:41:23.000,5.97,51.1,8.57,44.68728,-124.156658
2021-07-19T10:56:23.000,5.94,50.84,8.57,44.68728,-124.156658
2021-07-19T11:11:23.000,5.9,50.52,8.57,44.68728,-124.156658
2021-07-19T11:26:23.000,5.48,46.88,8.52,44.68728,-124.156658
2021-07-19T11:41:23.000,5.32,45.48,8.47,44.68728,-124.156658
2021-07-19T11:56:23.000,5.16,44.07,8.45,44.68728,-124.156658
2021-07-19T12:11:23.000,5.1,43.52,8.43,44.68728,-124.156658
2021-07-19T12:26:23.000,5.07,43.26,8.42,44.68728,-124.156658
2021-07-19T12:41:23.000,5.04,42.96,8.42,44.68728,-124.156658
2021-07-19T12:56:23.000,5.08,43.33,8.42,44.68728,-124.156658
2021-07-19T13:11:23.000,5.07,43.23,8.42,44.68728,-124.156658
2021-07-19T13:26:23.000,5.02,42.86,8.42,44.68728,-124.156658
2021-07-19T13:41:23.000,5.03,42.9,8.42,44.68728,-124.156658
2021-07-19T13:56:23.000,5.03,42.92,8.42,44.68728,-124.156658
2021-07-19T14:11:23.000,5.07,43.25,8.42,44.68728,-124.156658
2021-07-19T14:26:23.000,5.08,43.36,8.42,44.68728,-124.156658
2021-07-19T14:41:23.000,5.1,43.48,8.42,44.68728,-124.156658
2021-07-19T14:56:23.000,5.1,43.5,8.42,44.68728,-124.156658
2021-07-19T15:11:23.000,5.1,43.47,8.42,44.68728,-124.156658
2021-07-19T15:26:23.000,5.12,43.66,8.42,44.68728,-124.156658
2021-07-19T15:41:23.000,5.12,43.66,8.42,44.68728,-124.156658
2021-07-19T15:56:23.000,5.03,42.92,8.4,44.68728,-124.156658
2021-07-19T16:11:23.000,4.68,39.83,8.33,44.68728,-124.156658
2021-07-19T16:26:23.000,4.53,38.5,8.29,44.68728,-124.156658
2021-07-19T16:41:23.000,4.38,37.25,8.26,44.68728,-124.156658
2021-07-19T16:56:23.000,4.36,37.04,8.25,44.68728,-124.156658
2021-07-19T17:11:23.000,4.35,36.95,8.25,44.68728,-124.156658
2021-07-19T17:26:23.000,4.34,36.87,8.24,44.68728,-124.156658
2021-07-19T17:41:23.000,4.24,36.04,8.23,44.68728,-124.156658
2021-07-19T17:56:23.000,4.21,35.77,8.21,44.68728,-124.156658
2021-07-19T18:11:23.000,4.22,35.84,8.21,44.68728,-124.156658
2021-07-19T18:26:23.000,4.26,36.19,8.21,44.68728,-124.156658
2021-07-19T18:41:23.000,4.29,36.42,8.21,44.68728,-124.156658
2021-07-19T18:56:23.000,4.37,37.08,8.23,44.68728,-124.156658
2021-07-19T19:11:23.000,4.45,37.75,8.23,44.68728,-124.156658
2021-07-19T19:26:23.000,4.43,37.66,8.25,44.68728,-124.156658
2021-07-19T19:41:23.000,4.41,37.42,8.23,44.68728,-124.156658
2021-07-19T19:56:23.000,4.43,37.58,8.23,44.68728,-124.156658
2021-07-19T20:11:23.000,4.44,37.7,8.23,44.68728,-124.156658
2021-07-19T20:26:23.000,4.48,38.05,8.24,44.68728,-124.156658
2021-07-19T20:41:23.000,4.53,38.47,8.25,44.68728,-124.156658
2021-07-19T20:56:23.000,4.58,38.88,8.26,44.68728,-124.156658
2021-07-19T21:11:23.000,4.59,39.04,8.26,44.68728,-124.156658
2021-07-19T21:26:23.000,4.67,39.7,8.28,44.68728,-124.156658
2021-07-19T21:41:23.000,4.58,38.94,8.25,44.68728,-124.156658
2021-07-19T21:56:23.000,4.4,37.39,8.22,44.68728,-124.156658
2021-07-19T22:11:23.000,4.34,36.86,8.2,44.68728,-124.156658
2021-07-19T22:26:23.000,4.3,36.44,8.19,44.68728,-124.156658
2021-07-19T22:41:23.000,4.29,36.43,8.19,44.68728,-124.156658
2021-07-19T22:56:23.000,2.83,23.82,7.92,44.68728,-124.156658
2021-07-19T23:11:23.000,2.61,21.99,7.83,44.68728,-124.156658
2021-07-19T23:26:23.000,2.63,22.1,7.8,44.68728,-124.156658
2021-07-19T23:41:23.000,2.63,22.1,7.78,44.68728,-124.156658
2021-07-19T23:56:23.000,2.71,22.79,7.78,44.68728,-124.156658
2021-07-20T00:11:23.000,2.7,22.65,7.77,44.68728,-124.156658
2021-07-20T00:26:23.000,2.77,23.28,7.78,44.68728,-124.156658
2021-07-20T00:41:23.000,2.84,23.82,7.78,44.68728,-124.156658
2021-07-20T00:56:23.000,2.85,23.9,7.79,44.68728,-124.156658
2021-07-20T01:11:23.000,2.9,24.39,7.8,44.68728,-124.156658
2021-07-20T01:26:23.000,2.82,23.7,7.78,44.68728,-124.156658
2021-07-20T01:41:23.000,2.78,23.37,7.77,44.68728,-124.156658
2021-07-20T01:56:23.000,2.77,23.24,7.77,44.68728,-124.156658
2021-07-20T02:11:23.000,2.69,22.55,7.75,44.68728,-124.156658
2021-07-20T02:26:23.000,2.63,22.06,7.73,44.68728,-124.156658
2021-07-20T02:41:23.000,2.59,21.75,7.73,44.68728,-124.156658
2021-07-20T02:56:23.000,2.61,21.85,7.72,44.68728,-124.156658
2021-07-20T03:11:23.000,2.58,21.65,7.72,44.68728,-124.156658
2021-07-20T03:26:23.000,2.66,22.32,7.73,44.68728,-124.156658
2021-07-20T03:41:23.000,2.64,22.18,7.74,44.68728,-124.156658
2021-07-20T03:56:23.000,2.68,22.51,7.75,44.68728,-124.156658
2021-07-20T04:11:23.000,2.72,22.87,7.75,44.68728,-124.156658
2021-07-20T04:26:23.000,2.73,22.89,7.76,44.68728,-124.156658
2021-07-20T04:41:23.000,2.76,23.14,7.77,44.68728,-124.156658
2021-07-20T04:56:23.000,2.77,23.24,7.78,44.68728,-124.156658
2021-07-20T05:11:23.000,2.73,22.9,7.78,44.68728,-124.156658
2021-07-20T05:26:23.000,2.69,22.57,7.78,44.68728,-124.156658
2021-07-20T05:41:23.000,2.71,22.76,7.78,44.68728,-124.156658
2021-07-20T05:56:23.000,2.65,22.29,7.8,44.68728,-124.156658
2021-07-20T06:11:23.000,2.66,22.38,7.8,44.68728,-124.156658
2021-07-20T06:26:23.000,2.65,22.24,7.8,44.68728,-124.156658
2021-07-20T06:41:23.000,2.67,22.4,7.8,44.68728,-124.156658
2021-07-20T06:56:23.000,2.63,22.13,7.81,44.68728,-124.156658
2021-07-20T07:11:23.000,2.61,21.93,7.81,44.68728,-124.156658
2021-07-20T07:26:23.000,2.58,21.7,7.82,44.68728,-124.156658
2021-07-20T07:41:23.000,2.59,21.75,7.83,44.68728,-124.156658
2021-07-20T07:56:23.000,2.62,22.06,7.85,44.68728,-124.156658
2021-07-20T08:11:23.000,2.62,22.05,7.87,44.68728,-124.156658
2021-07-20T08:26:23.000,2.86,24.06,7.9,44.68728,-124.156658
2021-07-20T08:41:23.000,3.03,25.59,7.95,44.68728,-124.156658
2021-07-20T08:56:23.000,3.4,28.74,8.02,44.68728,-124.156658
2021-07-20T09:11:23.000,3.78,31.97,8.11,44.68728,-124.156658
2021-07-20T09:26:23.000,4.2,35.62,8.21,44.68728,-124.156658
2021-07-20T09:41:23.000,4.59,39.03,8.3,44.68728,-124.156658
2021-07-20T09:56:23.000,4.87,41.48,8.38,44.68728,-124.156658
2021-07-20T10:11:23.000,4.91,41.84,8.4,44.68728,-124.156658
2021-07-20T10:26:23.000,4.97,42.43,8.42,44.68728,-124.156658
2021-07-20T10:41:23.000,5.07,43.26,8.45,44.68728,-124.156658
2021-07-20T10:56:23.000,5.09,43.46,8.45,44.68728,-124.156658
2021-07-20T11:11:23.000,5.14,43.89,8.47,44.68728,-124.156658
2021-07-20T11:26:23.000,5.18,44.22,8.48,44.68728,-124.156658
2021-07-20T11:41:23.000,5.21,44.56,8.5,44.68728,-124.156658
2021-07-20T11:56:23.000,5.38,45.97,8.52,44.68728,-124.156658
2021-07-20T12:11:23.000,5.4,46.18,8.54,44.68728,-124.156658
2021-07-20T12:26:23.000,5.41,46.29,8.54,44.68728,-124.156658
2021-07-20T12:41:23.000,5.41,46.28,8.56,44.68728,-124.156658
2021-07-20T12:56:23.000,5.4,46.2,8.57,44.68728,-124.156658
2021-07-20T13:11:23.000,5.52,47.28,8.59,44.68728,-124.156658
2021-07-20T13:26:23.000,5.52,47.3,8.59,44.68728,-124.156658
2021-07-20T13:41:23.000,5.53,47.43,8.61,44.68728,-124.156658
2021-07-20T13:56:23.000,5.55,47.57,8.62,44.68728,-124.156658
2021-07-20T14:11:23.000,5.63,48.22,8.61,44.68728,-124.156658
2021-07-20T14:26:23.000,5.63,48.26,8.64,44.68728,-124.156658
2021-07-20T14:41:23.000,5.67,48.6,8.64,44.68728,-124.156658
2021-07-20T14:56:23.000,5.68,48.7,8.64,44.68728,-124.156658
2021-07-20T15:11:23.000,5.58,47.82,8.62,44.68728,-124.156658
2021-07-20T15:26:23.000,5.65,48.5,8.64,44.68728,-124.156658
2021-07-20T15:41:23.000,5.54,47.5,8.62,44.68728,-124.156658
2021-07-20T15:56:23.000,5.53,47.38,8.63,44.68728,-124.156658
2021-07-20T16:11:23.000,5.47,46.87,8.62,44.68728,-124.156658
2021-07-20T16:26:23.000,5.49,47.04,8.62,44.68728,-124.156658
2021-07-20T16:41:23.000,5.47,46.84,8.59,44.68728,-124.156658
2021-07-20T16:56:23.000,5.41,46.32,8.57,44.68728,-124.156658
2021-07-20T17:11:23.000,5.39,46.11,8.57,44.68728,-124.156658
2021-07-20T17:26:23.000,5.28,45.24,8.56,44.68728,-124.156658
2021-07-20T17:41:23.000,5.29,45.29,8.56,44.68728,-124.156658
2021-07-20T17:56:23.000,5.2,44.52,8.54,44.68728,-124.156658
2021-07-20T18:11:23.000,5.07,43.37,8.52,44.68728,-124.156658
2021-07-20T18:26:23.000,5.01,42.8,8.5,44.68728,-124.156658
2021-07-20T18:41:23.000,5.01,42.84,8.5,44.68728,-124.156658
2021-07-20T18:56:23.000,4.98,42.56,8.5,44.68728,-124.156658
2021-07-20T19:11:23.000,4.75,40.55,8.45,44.68728,-124.156658
2021-07-20T19:26:23.000,4.49,38.25,8.39,44.68728,-124.156658
2021-07-20T19:41:23.000,4.38,37.31,8.36,44.68728,-124.156658
2021-07-20T19:56:23.000,4.38,37.34,8.35,44.68728,-124.156658
2021-07-20T20:11:23.000,4.44,37.79,8.35,44.68728,-124.156658
2021-07-20T20:26:23.000,4.42,37.65,8.33,44.68728,-124.156658
2021-07-20T20:41:23.000,4.39,37.35,8.33,44.68728,-124.156658
2021-07-20T20:56:23.000,4.19,35.6,8.3,44.68728,-124.156658
2021-07-20T21:11:23.000,3.97,33.74,8.24,44.68728,-124.156658
2021-07-20T21:26:23.000,3.87,32.83,8.23,44.68728,-124.156658
2021-07-20T21:41:23.000,3.91,33.22,8.23,44.68728,-124.156658
2021-07-20T21:56:23.000,3.99,33.89,8.23,44.68728,-124.156658
2021-07-20T22:11:23.000,4.11,34.92,8.24,44.68728,-124.156658
2021-07-20T22:26:23.000,4.07,34.6,8.23,44.68728,-124.156658
2021-07-20T22:41:23.000,4.05,34.37,8.23,44.68728,-124.156658
2021-07-20T22:56:23.000,4.06,34.44,8.23,44.68728,-124.156658
2021-07-20T23:11:23.000,4.07,34.56,8.21,44.68728,-124.156658
2021-07-20T23:26:23.000,4.11,34.92,8.23,44.68728,-124.156658
2021-07-20T23:41:23.000,4.15,35.26,8.23,44.68728,-124.156658
2021-07-20T23:56:23.000,4.12,35.02,8.23,44.68728,-124.156658
2021-07-21T00:11:23.000,4.24,35.99,8.23,44.68728,-124.156658
2021-07-21T00:26:23.000,4.31,36.58,8.25,44.68728,-124.156658
2021-07-21T00:41:23.000,4.39,37.29,8.26,44.68728,-124.156658
2021-07-21T00:56:23.000,4.37,37.1,8.26,44.68728,-124.156658
2021-07-21T01:11:23.000,4.38,37.19,8.26,44.68728,-124.156658
2021-07-21T01:26:23.000,4.37,37.1,8.26,44.68728,-124.156658
2021-07-21T01:41:23.000,4.04,34.28,8.18,44.68728,-124.156658
2021-07-21T01:56:23.000,3.58,30.28,8.06,44.68728,-124.156658
2021-07-21T02:11:23.000,3.41,28.75,8,44.68728,-124.156658
2021-07-21T02:26:23.000,3.22,27.12,7.95,44.68728,-124.156658
2021-07-21T02:41:23.000,3.06,25.75,7.89,44.68728,-124.156658
2021-07-21T02:56:23.000,3,25.23,7.87,44.68728,-124.156658
2021-07-21T03:11:23.000,2.99,25.19,7.87,44.68728,-124.156658
2021-07-21T03:26:23.000,2.98,25.12,7.87,44.68728,-124.156658
2021-07-21T03:41:23.000,2.98,25.1,7.87,44.68728,-124.156658
2021-07-21T03:56:23.000,2.96,24.89,7.86,44.68728,-124.156658
2021-07-21T04:11:23.000,2.91,24.46,7.85,44.68728,-124.156658
2021-07-21T04:26:23.000,2.87,24.17,7.85,44.68728,-124.156658
2021-07-21T04:41:23.000,2.83,23.8,7.85,44.68728,-124.156658
2021-07-21T04:56:23.000,2.81,23.67,7.85,44.68728,-124.156658
2021-07-21T05:11:23.000,2.82,23.7,7.85,44.68728,-124.156658
2021-07-21T05:26:23.000,2.81,23.62,7.85,44.68728,-124.156658
2021-07-21T05:41:23.000,2.78,23.38,7.85,44.68728,-124.156658
2021-07-21T05:56:23.000,2.77,23.29,7.85,44.68728,-124.156658
2021-07-21T06:11:23.000,2.72,22.9,7.85,44.68728,-124.156658
2021-07-21T06:26:23.000,2.74,23.04,7.85,44.68728,-124.156658
2021-07-21T06:41:23.000,2.72,22.9,7.85,44.68728,-124.156658
2021-07-21T06:56:23.000,2.72,22.9,7.85,44.68728,-124.156658
2021-07-21T07:11:23.000,2.73,22.99,7.85,44.68728,-124.156658
2021-07-21T07:26:23.000,2.71,22.76,7.85,44.68728,-124.156658
2021-07-21T07:41:23.000,2.73,22.97,7.86,44.68728,-124.156658
2021-07-21T07:56:23.000,2.77,23.32,7.86,44.68728,-124.156658
2021-07-21T08:11:23.000,2.87,24.14,7.87,44.68728,-124.156658
2021-07-21T08:26:23.000,2.95,24.81,7.9,44.68728,-124.156658
2021-07-21T08:41:23.000,3.04,25.59,7.94,44.68728,-124.156658
2021-07-21T08:56:23.000,3.23,27.26,7.98,44.68728,-124.156658
2021-07-21T09:11:23.000,3.3,27.86,8.02,44.68728,-124.156658
2021-07-21T09:26:23.000,3.51,29.7,8.07,44.68728,-124.156658
2021-07-21T09:41:23.000,3.63,30.75,8.11,44.68728,-124.156658
2021-07-21T09:56:23.000,3.98,33.81,8.21,44.68728,-124.156658
2021-07-21T10:11:23.000,4.24,36.09,8.28,44.68728,-124.156658
2021-07-21T10:26:23.000,4.57,38.95,8.38,44.68728,-124.156658
2021-07-21T10:41:23.000,4.67,39.87,8.42,44.68728,-124.156658
2021-07-21T10:56:23.000,4.82,41.14,8.47,44.68728,-124.156658
2021-07-21T11:11:23.000,5.07,43.38,8.54,44.68728,-124.156658
2021-07-21T11:26:23.000,5.22,44.68,8.59,44.68728,-124.156658
2021-07-21T11:41:23.000,5.4,46.37,8.66,44.68728,-124.156658
2021-07-21T11:56:23.000,5.71,49.05,8.71,44.68728,-124.156658
2021-07-21T12:11:23.000,5.97,51.31,8.76,44.68728,-124.156658
2021-07-21T12:26:23.000,6.25,53.85,8.81,44.68728,-124.156658
2021-07-21T12:41:23.000,6.38,54.94,8.83,44.68728,-124.156658
2021-07-21T12:56:23.000,6.43,55.41,8.85,44.68728,-124.156658
2021-07-21T13:11:23.000,6.55,56.51,8.86,44.68728,-124.156658
2021-07-21T13:26:23.000,6.59,56.82,8.87,44.68728,-124.156658
2021-07-21T13:41:23.000,6.65,57.34,8.88,44.68728,-124.156658
2021-07-21T13:56:23.000,6.61,57.05,8.88,44.68728,-124.156658
2021-07-21T14:11:23.000,2.01,17.32,8.88,44.68728,-124.156658
2021-07-21T14:26:23.000,4.97,42.85,8.87,44.68728,-124.156658
2021-07-21T14:41:23.000,5.41,46.66,8.88,44.68728,-124.156658
2021-07-21T14:56:23.000,5.16,44.48,8.88,44.68728,-124.156658
2021-07-21T15:11:23.000,5.7,49.13,8.88,44.68728,-124.156658
2021-07-21T15:26:23.000,6.51,56.14,8.9,44.68728,-124.156658
2021-07-21T15:41:23.000,5.29,45.62,8.9,44.68728,-124.156658
2021-07-21T15:56:23.000,4.34,37.49,8.9,44.68728,-124.156658
2021-07-21T16:11:23.000,4.88,42.11,8.89,44.68728,-124.156658
2021-07-21T16:26:23.000,5.17,44.65,8.9,44.68728,-124.156658
2021-07-21T16:41:23.000,4.68,40.42,8.92,44.68728,-124.156658
2021-07-21T16:56:23.000,3.13,27.06,8.94,44.68728,-124.156658
2021-07-21T17:11:23.000,2.8,24.22,8.93,44.68728,-124.156658
2021-07-21T17:26:23.000,2.77,23.97,8.95,44.68728,-124.156658
2021-07-21T17:41:23.000,3.57,30.8,8.95,44.68728,-124.156658
2021-07-21T17:56:23.000,4.89,42.2,8.93,44.68728,-124.156658
2021-07-21T18:11:23.000,4.39,37.91,8.92,44.68728,-124.156658
2021-07-21T18:26:23.000,5.43,46.93,8.92,44.68728,-124.156658
2021-07-21T18:41:23.000,5.59,48.3,8.92,44.68728,-124.156658
2021-07-21T18:56:23.000,3.96,34.17,8.92,44.68728,-124.156658
2021-07-21T19:11:23.000,4.23,36.5,8.9,44.68728,-124.156658
2021-07-21T19:26:23.000,3.86,33.21,8.79,44.68728,-124.156658
2021-07-21T19:41:23.000,4.29,36.85,8.73,44.68728,-124.156658
2021-07-21T19:56:23.000,3.37,28.92,8.66,44.68728,-124.156658
2021-07-21T20:11:23.000,3.66,31.34,8.62,44.68728,-124.156658
2021-07-21T20:26:23.000,3.78,32.37,8.59,44.68728,-124.156658
2021-07-21T20:41:23.000,3.89,33.27,8.57,44.68728,-124.156658
2021-07-21T20:56:23.000,3.44,29.44,8.53,44.68728,-124.156658
2021-07-21T21:11:23.000,3.19,27.31,8.51,44.68728,-124.156658
2021-07-21T21:26:23.000,3.39,28.93,8.47,44.68728,-124.156658
2021-07-21T21:41:23.000,3.15,26.89,8.45,44.68728,-124.156658
2021-07-21T21:56:23.000,3.46,29.54,8.42,44.68728,-124.156658
2021-07-21T22:11:23.000,4.41,37.58,8.41,44.68728,-124.156658
2021-07-21T22:26:23.000,4.43,37.79,8.4,44.68728,-124.156658
2021-07-21T22:41:23.000,4.09,34.83,8.35,44.68728,-124.156658
2021-07-21T22:56:23.000,4.06,34.54,8.33,44.68728,-124.156658
2021-07-21T23:11:23.000,3.93,33.46,8.29,44.68728,-124.156658
2021-07-21T23:26:23.000,2.43,20.65,8.26,44.68728,-124.156658
2021-07-21T23:41:23.000,2.66,22.61,8.23,44.68728,-124.156658
2021-07-21T23:56:23.000,3.18,26.97,8.21,44.68728,-124.156658
2021-07-22T00:11:23.000,3.58,30.34,8.21,44.68728,-124.156658
2021-07-22T00:26:23.000,3.43,29.08,8.19,44.68728,-124.156658
2021-07-22T00:41:23.000,3.38,28.71,8.19,44.68728,-124.156658
2021-07-22T00:56:23.000,3.39,28.7,8.16,44.68728,-124.156658
2021-07-22T01:11:23.000,2.93,24.84,8.14,44.68728,-124.156658
2021-07-22T01:26:23.000,3.16,26.77,8.12,44.68728,-124.156658
2021-07-22T01:41:23.000,2.93,24.82,8.09,44.68728,-124.156658
2021-07-22T01:56:23.000,2.95,24.95,8.07,44.68728,-124.156658
2021-07-22T02:11:23.000,3.05,25.83,8.07,44.68728,-124.156658
2021-07-22T02:26:23.000,2.93,24.77,8.07,44.68728,-124.156658
2021-07-22T02:41:23.000,3.03,25.56,8.02,44.68728,-124.156658
2021-07-22T02:56:23.000,2.81,23.7,7.97,44.68728,-124.156658
2021-07-22T03:11:23.000,2.23,18.83,7.95,44.68728,-124.156658
2021-07-22T03:26:23.000,2.7,22.79,7.95,44.68728,-124.156658
2021-07-22T03:41:23.000,2.82,23.73,7.93,44.68728,-124.156658
2021-07-22T03:56:23.000,2.86,24.08,7.92,44.68728,-124.156658
2021-07-22T04:11:23.000,2.01,16.96,7.92,44.68728,-124.156658
2021-07-22T04:26:23.000,2.37,19.99,7.91,44.68728,-124.156658
2021-07-22T04:41:23.000,2.49,20.99,7.92,44.68728,-124.156658
2021-07-22T04:56:23.000,2.74,23.13,7.92,44.68728,-124.156658
2021-07-22T05:11:23.000,2.71,22.81,7.9,44.68728,-124.156658
2021-07-22T05:26:23.000,2.76,23.22,7.9,44.68728,-124.156658
2021-07-22T05:41:23.000,2.82,23.77,7.9,44.68728,-124.156658
2021-07-22T05:56:23.000,2.8,23.58,7.91,44.68728,-124.156658
2021-07-22T06:11:23.000,2.79,23.48,7.9,44.68728,-124.156658
2021-07-22T06:26:23.000,2.75,23.14,7.9,44.68728,-124.156658
2021-07-22T06:41:23.000,2.7,22.71,7.9,44.68728,-124.156658
2021-07-22T06:56:23.000,2.71,22.82,7.9,44.68728,-124.156658
2021-07-22T07:11:23.000,2.75,23.2,7.92,44.68728,-124.156658
2021-07-22T07:26:23.000,2.81,23.66,7.92,44.68728,-124.156658
2021-07-22T07:41:23.000,2.84,23.92,7.94,44.68728,-124.156658
2021-07-22T07:56:23.000,2.85,24.07,7.95,44.68728,-124.156658
2021-07-22T08:11:23.000,2.89,24.37,7.95,44.68728,-124.156658
2021-07-22T08:26:23.000,2.99,25.27,7.98,44.68728,-124.156658
2021-07-22T08:41:23.000,3.25,27.48,8.04,44.68728,-124.156658
2021-07-22T08:56:23.000,3.6,30.52,8.14,44.68728,-124.156658
2021-07-22T09:11:23.000,3.82,32.43,8.19,44.68728,-124.156658
2021-07-22T09:26:23.000,4.26,36.26,8.33,44.68728,-124.156658
2021-07-22T09:41:23.000,4.61,39.35,8.42,44.68728,-124.156658
2021-07-22T09:56:23.000,4.58,39.07,8.43,44.68728,-124.156658
2021-07-22T10:11:23.000,4.84,41.42,8.52,44.68728,-124.156658
2021-07-22T10:26:23.000,5.04,43.15,8.57,44.68728,-124.156658
2021-07-22T10:41:23.000,5.53,47.45,8.69,44.68728,-124.156658
2021-07-22T10:56:23.000,5.9,50.79,8.79,44.68728,-124.156658
2021-07-22T11:11:23.000,6.47,55.82,8.88,44.68728,-124.156658
2021-07-22T11:26:23.000,6.59,56.9,8.93,44.68728,-124.156658
2021-07-22T11:41:23.000,6.69,57.81,8.95,44.68728,-124.156658
2021-07-22T11:56:23.000,6.82,58.94,8.97,44.68728,-124.156658
2021-07-22T12:11:23.000,6.99,60.43,9,44.68728,-124.156658
2021-07-22T12:26:23.000,7.13,61.75,9.02,44.68728,-124.156658
2021-07-22T12:41:23.000,7.2,62.37,9.05,44.68728,-124.156658
2021-07-22T12:56:23.000,7.26,62.91,9.07,44.68728,-124.156658
2021-07-22T13:11:23.000,7.28,63.06,9.07,44.68728,-124.156658
2021-07-22T13:26:23.000,7.32,63.43,9.09,44.68728,-124.156658
2021-07-22T13:41:23.000,7.34,63.64,9.09,44.68728,-124.156658
2021-07-22T13:56:23.000,0.74,6.44,9.09,44.68728,-124.156658
2021-07-22T14:11:23.000,7.3,63.26,9.09,44.68728,-124.156658
2021-07-22T14:26:23.000,7.19,62.33,9.08,44.68728,-124.156658
2021-07-22T14:41:23.000,7.04,61.03,9.06,44.68728,-124.156658
2021-07-22T14:56:23.000,6.91,59.87,9.04,44.68728,-124.156658
2021-07-22T15:11:23.000,6.96,60.23,9.04,44.68728,-124.156658
2021-07-22T15:26:23.000,6.91,59.84,9.04,44.68728,-124.156658
2021-07-22T15:41:23.000,6.89,59.7,9.04,44.68728,-124.156658
2021-07-22T15:56:23.000,7.1,61.5,9.07,44.68728,-124.156658
2021-07-22T16:11:23.000,7.12,61.7,9.07,44.68728,-124.156658
2021-07-22T16:26:23.000,7.16,62.04,9.07,44.68728,-124.156658
2021-07-22T16:41:23.000,7.15,62,9.08,44.68728,-124.156658
2021-07-22T16:56:23.000,7.5,65.08,9.12,44.68728,-124.156658
2021-07-22T17:11:23.000,7.65,66.47,9.16,44.68728,-124.156658
2021-07-22T17:26:23.000,8.01,69.6,9.19,44.68728,-124.156658
2021-07-22T17:41:23.000,7.52,65.22,9.09,44.68728,-124.156658
2021-07-22T17:56:23.000,7.27,62.97,9.03,44.68728,-124.156658
2021-07-22T18:11:23.000,7.25,62.76,9.03,44.68728,-124.156658
2021-07-22T18:26:23.000,7.25,62.77,9.04,44.68728,-124.156658
2021-07-22T18:41:23.000,7.23,62.61,9.04,44.68728,-124.156658
2021-07-22T18:56:23.000,6.2,53.39,8.83,44.68728,-124.156658
2021-07-22T19:11:23.000,6,51.58,8.76,44.68728,-124.156658
2021-07-22T19:26:23.000,5.89,50.61,8.73,44.68728,-124.156658
2021-07-22T19:41:23.000,5.93,50.96,8.73,44.68728,-124.156658
2021-07-22T19:56:23.000,5.91,50.76,8.71,44.68728,-124.156658
2021-07-22T20:11:23.000,5.83,50.1,8.71,44.68728,-124.156658
2021-07-22T20:26:23.000,5.8,49.84,8.71,44.68728,-124.156658
2021-07-22T20:41:23.000,5.81,49.9,8.71,44.68728,-124.156658
2021-07-22T20:56:23.000,5.84,50.19,8.71,44.68728,-124.156658
2021-07-22T21:11:23.000,5.87,50.45,8.71,44.68728,-124.156658
2021-07-22T21:26:23.000,5.89,50.59,8.71,44.68728,-124.156658
2021-07-22T21:41:23.000,5.85,50.25,8.71,44.68728,-124.156658
2021-07-22T21:56:23.000,5.81,49.87,8.7,44.68728,-124.156658
2021-07-22T22:11:23.000,5.78,49.66,8.69,44.68728,-124.156658
2021-07-22T22:26:23.000,5.88,50.54,8.71,44.68728,-124.156658
2021-07-22T22:41:23.000,5.87,50.47,8.71,44.68728,-124.156658
2021-07-22T22:56:23.000,6.06,52.12,8.73,44.68728,-124.156658
2021-07-22T23:11:23.000,6.23,53.57,8.77,44.68728,-124.156658
2021-07-22T23:26:23.000,6.33,54.52,8.81,44.68728,-124.156658
2021-07-22T23:41:23.000,6.44,55.44,8.83,44.68728,-124.156658
2021-07-22T23:56:23.000,6.7,57.81,8.9,44.68728,-124.156658
2021-07-23T00:11:23.000,6.61,57,8.88,44.68728,-124.156658
2021-07-23T00:26:23.000,6.61,56.98,8.88,44.68728,-124.156658
2021-07-23T00:41:23.000,6.68,57.63,8.88,44.68728,-124.156658
2021-07-23T00:56:23.000,6.78,58.51,8.92,44.68728,-124.156658
2021-07-23T01:11:23.000,7.09,61.26,8.97,44.68728,-124.156658
2021-07-23T01:26:23.000,7.2,62.3,9.02,44.68728,-124.156658
2021-07-23T01:41:23.000,7.52,65.14,9.07,44.68728,-124.156658
2021-07-23T01:56:23.000,7.6,65.95,9.11,44.68728,-124.156658
2021-07-23T02:11:23.000,7.38,63.89,9.04,44.68728,-124.156658
2021-07-23T02:26:23.000,6.69,57.81,8.94,44.68728,-124.156658
2021-07-23T02:41:23.000,6.47,55.85,8.89,44.68728,-124.156658
2021-07-23T02:56:23.000,6.68,57.68,8.92,44.68728,-124.156658
2021-07-23T03:11:23.000,6.68,57.64,8.92,44.68728,-124.156658
2021-07-23T03:26:23.000,6.61,57.04,8.9,44.68728,-124.156658
2021-07-23T03:41:23.000,6.59,56.88,8.9,44.68728,-124.156658
2021-07-23T03:56:23.000,6.34,54.58,8.83,44.68728,-124.156658
2021-07-23T04:11:23.000,5.36,45.9,8.61,44.68728,-124.156658
2021-07-23T04:26:23.000,3.59,30.44,8.16,44.68728,-124.156658
2021-07-23T04:41:23.000,3.04,25.71,8.01,44.68728,-124.156658
2021-07-23T04:56:23.000,2.95,24.88,7.97,44.68728,-124.156658
2021-07-23T05:11:23.000,2.82,23.74,7.93,44.68728,-124.156658
2021-07-23T05:26:23.000,2.74,23.12,7.92,44.68728,-124.156658
2021-07-23T05:41:23.000,2.73,23.03,7.9,44.68728,-124.156658
2021-07-23T05:56:23.000,2.67,22.51,7.9,44.68728,-124.156658
2021-07-23T06:11:23.000,2.66,22.39,7.88,44.68728,-124.156658
2021-07-23T06:26:23.000,2.61,21.99,7.87,44.68728,-124.156658
2021-07-23T06:41:23.000,2.59,21.82,7.87,44.68728,-124.156658
2021-07-23T06:56:23.000,2.58,21.68,7.87,44.68728,-124.156658
2021-07-23T07:11:23.000,2.59,21.79,7.87,44.68728,-124.156658
2021-07-23T07:26:23.000,2.57,21.63,7.87,44.68728,-124.156658
2021-07-23T07:41:23.000,2.55,21.48,7.88,44.68728,-124.156658
2021-07-23T07:56:23.000,2.56,21.52,7.88,44.68728,-124.156658
2021-07-23T08:11:23.000,2.54,21.43,7.9,44.68728,-124.156658
2021-07-23T08:26:23.000,2.63,22.12,7.91,44.68728,-124.156658
2021-07-23T08:41:23.000,2.65,22.31,7.92,44.68728,-124.156658
2021-07-23T08:56:23.000,2.63,22.15,7.94,44.68728,-124.156658
2021-07-23T09:11:23.000,2.71,22.82,7.97,44.68728,-124.156658
2021-07-23T09:26:23.000,2.72,22.97,7.97,44.68728,-124.156658
2021-07-23T09:41:23.000,2.82,23.8,8,44.68728,-124.156658
2021-07-23T09:56:23.000,2.96,25.03,8.04,44.68728,-124.156658
2021-07-23T10:11:23.000,3.2,27.05,8.11,44.68728,-124.156658
2021-07-23T10:26:23.000,3.46,29.33,8.17,44.68728,-124.156658
2021-07-23T10:41:23.000,4.02,34.22,8.3,44.68728,-124.156658
2021-07-23T10:56:23.000,4.46,38.06,8.42,44.68728,-124.156658
2021-07-23T11:11:23.000,5.13,43.96,8.62,44.68728,-124.156658
2021-07-23T11:26:23.000,5.04,43.2,8.62,44.68728,-124.156658
2021-07-23T11:41:23.000,5.56,47.81,8.75,44.68728,-124.156658
2021-07-23T11:56:23.000,5.76,49.6,8.8,44.68728,-124.156658
2021-07-23T12:11:23.000,5.86,50.44,8.81,44.68728,-124.156658
2021-07-23T12:26:23.000,5.76,49.61,8.81,44.68728,-124.156658
2021-07-23T12:41:23.000,5.72,49.22,8.78,44.68728,-124.156658
2021-07-23T12:56:23.000,5.7,49.03,8.78,44.68728,-124.156658
2021-07-23T13:11:23.000,5.72,49.28,8.8,44.68728,-124.156658
2021-07-23T13:26:23.000,5.94,51.15,8.83,44.68728,-124.156658
2021-07-23T13:41:23.000,6.52,56.3,8.92,44.68728,-124.156658
2021-07-23T13:56:23.000,6.92,59.85,8.99,44.68728,-124.156658
2021-07-23T14:11:23.000,7.51,65.15,9.09,44.68728,-124.156658
2021-07-23T14:26:23.000,7.52,65.24,9.11,44.68728,-124.156658
2021-07-23T14:41:23.000,7.63,66.21,9.13,44.68728,-124.156658
2021-07-23T14:56:23.000,7.52,65.26,9.11,44.68728,-124.156658
2021-07-23T15:11:23.000,7.35,63.74,9.08,44.68728,-124.156658
2021-07-23T15:26:23.000,7.36,63.72,9.03,44.68728,-124.156658
2021-07-23T15:41:23.000,7.25,62.69,9,44.68728,-124.156658
2021-07-23T15:56:23.000,6.97,60.23,8.97,44.68728,-124.156658
2021-07-23T16:11:23.000,6.83,59.04,8.95,44.68728,-124.156658
2021-07-23T16:26:23.000,6.84,59.12,8.94,44.68728,-124.156658
2021-07-23T16:41:23.000,6.8,58.69,8.92,44.68728,-124.156658
2021-07-23T16:56:23.000,6.68,57.66,8.9,44.68728,-124.156658
2021-07-23T17:11:23.000,6.71,57.87,8.9,44.68728,-124.156658
2021-07-23T17:26:23.000,6.67,57.6,8.9,44.68728,-124.156658
2021-07-23T17:41:23.000,6.64,57.29,8.9,44.68728,-124.156658
2021-07-23T17:56:23.000,6.69,57.74,8.9,44.68728,-124.156658
2021-07-23T18:11:23.000,6.67,57.55,8.92,44.68728,-124.156658
2021-07-23T18:26:23.000,6.75,58.27,8.92,44.68728,-124.156658
2021-07-23T18:41:23.000,6.59,56.87,8.9,44.68728,-124.156658
2021-07-23T18:56:23.000,6.65,57.41,8.9,44.68728,-124.156658
2021-07-23T19:11:23.000,6.66,57.52,8.9,44.68728,-124.156658
2021-07-23T19:26:23.000,6.79,58.58,8.9,44.68728,-124.156658
2021-07-23T19:41:23.000,6.65,57.37,8.9,44.68728,-124.156658
2021-07-23T19:56:23.000,6.45,55.68,8.89,44.68728,-124.156658
2021-07-23T20:11:23.000,6.52,56.26,8.9,44.68728,-124.156658
2021-07-23T20:26:23.000,6.61,57.05,8.91,44.68728,-124.156658
2021-07-23T20:41:23.000,6.56,56.59,8.92,44.68728,-124.156658
2021-07-23T20:56:23.000,6.52,56.24,8.9,44.68728,-124.156658
2021-07-23T21:11:23.000,6.54,56.41,8.9,44.68728,-124.156658
2021-07-23T21:26:23.000,6.37,54.9,8.88,44.68728,-124.156658
2021-07-23T21:41:23.000,6.36,54.83,8.88,44.68728,-124.156658
2021-07-23T21:56:23.000,6.43,55.5,8.88,44.68728,-124.156658
2021-07-23T22:11:23.000,6.54,56.46,8.92,44.68728,-124.156658
2021-07-23T22:26:23.000,6.79,58.61,8.93,44.68728,-124.156658
2021-07-23T22:41:23.000,6.89,59.59,9,44.68728,-124.156658
2021-07-23T22:56:23.000,6.54,56.47,8.92,44.68728,-124.156658
2021-07-23T23:11:23.000,6.43,55.42,8.88,44.68728,-124.156658
2021-07-23T23:26:23.000,6.44,55.51,8.88,44.68728,-124.156658
2021-07-23T23:41:23.000,6.42,55.36,8.88,44.68728,-124.156658
2021-07-23T23:56:23.000,6.57,56.74,8.9,44.68728,-124.156658
2021-07-24T00:11:23.000,6.61,57.05,8.91,44.68728,-124.156658
2021-07-24T00:26:23.000,6.64,57.35,8.9,44.68728,-124.156658
2021-07-24T00:41:23.000,6.66,57.47,8.92,44.68728,-124.156658
2021-07-24T00:56:23.000,6.74,58.18,8.93,44.68728,-124.156658
2021-07-24T01:11:23.000,6.88,59.42,8.95,44.68728,-124.156658
2021-07-24T01:26:23.000,6.81,58.81,8.95,44.68728,-124.156658
2021-07-24T01:41:23.000,6.9,59.62,8.97,44.68728,-124.156658
2021-07-24T01:56:23.000,6.96,60.16,8.99,44.68728,-124.156658
2021-07-24T02:11:23.000,6.89,59.62,8.99,44.68728,-124.156658
2021-07-24T02:26:23.000,6.86,59.33,8.98,44.68728,-124.156658
2021-07-24T02:41:23.000,6.92,59.84,8.99,44.68728,-124.156658
2021-07-24T02:56:23.000,7.1,61.42,9,44.68728,-124.156658
2021-07-24T03:11:23.000,7.09,61.37,9.02,44.68728,-124.156658
2021-07-24T03:26:23.000,7.05,61.03,9.02,44.68728,-124.156658
2021-07-24T03:41:23.000,7.41,64.21,9.04,44.68728,-124.156658
2021-07-24T03:56:23.000,7.26,62.88,9.05,44.68728,-124.156658
2021-07-24T04:11:23.000,7.36,63.76,9.06,44.68728,-124.156658
2021-07-24T04:26:23.000,7.33,63.55,9.09,44.68728,-124.156658
2021-07-24T04:41:23.000,7.47,64.76,9.07,44.68728,-124.156658
2021-07-24T04:56:23.000,7.36,63.79,9.06,44.68728,-124.156658
2021-07-24T05:11:23.000,5.93,51,8.73,44.68728,-124.156658
2021-07-24T05:26:23.000,4.62,39.42,8.43,44.68728,-124.156658
2021-07-24T05:41:23.000,4.1,34.84,8.28,44.68728,-124.156658
2021-07-24T05:56:23.000,3.91,33.18,8.21,44.68728,-124.156658
2021-07-24T06:11:23.000,3.48,29.43,8.09,44.68728,-124.156658
2021-07-24T06:26:23.000,3.23,27.28,8.04,44.68728,-124.156658
2021-07-24T06:41:23.000,3.18,26.83,8.02,44.68728,-124.156658
2021-07-24T06:56:23.000,3.08,25.97,7.99,44.68728,-124.156658
2021-07-24T07:11:23.000,3.01,25.38,7.97,44.68728,-124.156658
2021-07-24T07:26:23.000,2.9,24.47,7.94,44.68728,-124.156658
2021-07-24T07:41:23.000,2.8,23.61,7.92,44.68728,-124.156658
2021-07-24T07:56:23.000,2.77,23.35,7.9,44.68728,-124.156658
2021-07-24T08:11:23.000,2.75,23.15,7.9,44.68728,-124.156658
2021-07-24T08:26:23.000,2.73,23,7.9,44.68728,-124.156658
2021-07-24T08:41:23.000,2.72,22.87,7.9,44.68728,-124.156658
2021-07-24T08:56:23.000,2.71,22.85,7.89,44.68728,-124.156658
2021-07-24T09:11:23.000,2.66,22.44,7.9,44.68728,-124.156658
2021-07-24T09:26:23.000,2.66,22.37,7.9,44.68728,-124.156658
2021-07-24T09:41:23.000,2.66,22.37,7.89,44.68728,-124.156658
2021-07-24T09:56:23.000,2.67,22.45,7.9,44.68728,-124.156658
2021-07-24T10:11:23.000,2.67,22.45,7.89,44.68728,-124.156658
2021-07-24T10:26:23.000,2.65,22.35,7.88,44.68728,-124.156658
2021-07-24T10:41:23.000,2.66,22.43,7.89,44.68728,-124.156658
2021-07-24T10:56:23.000,2.64,22.25,7.89,44.68728,-124.156658
2021-07-24T11:11:23.000,2.64,22.21,7.9,44.68728,-124.156658
2021-07-24T11:26:23.000,2.63,22.13,7.9,44.68728,-124.156658
2021-07-24T11:41:23.000,2.64,22.25,7.9,44.68728,-124.156658
2021-07-24T11:56:23.000,2.64,22.23,7.9,44.68728,-124.156658
2021-07-24T12:11:23.000,2.67,22.5,7.92,44.68728,-124.156658
2021-07-24T12:26:23.000,2.8,23.59,7.95,44.68728,-124.156658
2021-07-24T12:41:23.000,3.14,26.59,8.07,44.68728,-124.156658
2021-07-24T12:56:23.000,3.34,28.29,8.14,44.68728,-124.156658
2021-07-24T13:11:23.000,3.51,29.81,8.19,44.68728,-124.156658
2021-07-24T13:26:23.000,3.79,32.16,8.26,44.68728,-124.156658
2021-07-24T13:41:23.000,4.54,38.75,8.45,44.68728,-124.156658
2021-07-24T13:56:23.000,4.56,38.94,8.48,44.68728,-124.156658
2021-07-24T14:11:23.000,4.77,40.78,8.54,44.68728,-124.156658
2021-07-24T14:26:23.000,4.75,40.61,8.55,44.68728,-124.156658
2021-07-24T14:41:23.000,4.77,40.82,8.56,44.68728,-124.156658
2021-07-24T14:56:23.000,4.69,40.16,8.54,44.68728,-124.156658
2021-07-24T15:11:23.000,4.86,41.61,8.57,44.68728,-124.156658
2021-07-24T15:26:23.000,4.64,39.66,8.52,44.68728,-124.156658
2021-07-24T15:41:23.000,4.63,39.56,8.52,44.68728,-124.156658
2021-07-24T15:56:23.000,4.64,39.69,8.52,44.68728,-124.156658
2021-07-24T16:11:23.000,4.62,39.55,8.52,44.68728,-124.156658
2021-07-24T16:26:23.000,4.63,39.56,8.52,44.68728,-124.156658
2021-07-24T16:41:23.000,4.5,38.46,8.5,44.68728,-124.156658
2021-07-24T16:56:23.000,4.4,37.58,8.47,44.68728,-124.156658
2021-07-24T17:11:23.000,4.48,38.27,8.47,44.68728,-124.156658
2021-07-24T17:26:23.000,4.5,38.47,8.48,44.68728,-124.156658
2021-07-24T17:41:23.000,4.51,38.58,8.49,44.68728,-124.156658
2021-07-24T17:56:23.000,4.65,39.8,8.52,44.68728,-124.156658
2021-07-24T18:11:23.000,4.69,40.14,8.52,44.68728,-124.156658
2021-07-24T18:26:23.000,4.77,40.77,8.52,44.68728,-124.156658
2021-07-24T18:41:23.000,4.89,41.88,8.55,44.68728,-124.156658
2021-07-24T18:56:23.000,4.93,42.22,8.55,44.68728,-124.156658
2021-07-24T19:11:23.000,4.89,41.81,8.54,44.68728,-124.156658
2021-07-24T19:26:23.000,4.61,39.41,8.47,44.68728,-124.156658
2021-07-24T19:41:23.000,4.72,40.35,8.5,44.68728,-124.156658
2021-07-24T19:56:23.000,4.94,42.23,8.54,44.68728,-124.156658
2021-07-24T20:11:23.000,5.1,43.64,8.57,44.68728,-124.156658
2021-07-24T20:26:23.000,5.08,43.47,8.59,44.68728,-124.156658
2021-07-24T20:41:23.000,4.98,42.6,8.57,44.68728,-124.156658
2021-07-24T20:56:23.000,5.16,44.21,8.59,44.68728,-124.156658
2021-07-24T21:11:23.000,5.14,44.06,8.59,44.68728,-124.156658
2021-07-24T21:26:23.000,5.03,43.1,8.57,44.68728,-124.156658
2021-07-24T21:41:23.000,5.03,43.1,8.59,44.68728,-124.156658
2021-07-24T21:56:23.000,5.17,44.33,8.62,44.68728,-124.156658
2021-07-24T22:11:23.000,5.79,49.89,8.82,44.68728,-124.156658
2021-07-24T22:26:23.000,5.84,50.27,8.8,44.68728,-124.156658
2021-07-24T22:41:23.000,6.1,52.6,8.85,44.68728,-124.156658
2021-07-24T22:56:23.000,6.1,52.63,8.85,44.68728,-124.156658
2021-07-24T23:11:23.000,6.13,52.83,8.87,44.68728,-124.156658
2021-07-24T23:26:23.000,6.45,55.7,8.93,44.68728,-124.156658
2021-07-24T23:41:23.000,6.46,55.81,8.96,44.68728,-124.156658
2021-07-24T23:56:23.000,6.64,57.42,8.99,44.68728,-124.156658
2021-07-25T00:11:23.000,6.59,56.94,8.97,44.68728,-124.156658
2021-07-25T00:26:23.000,6.49,56.05,8.93,44.68728,-124.156658
2021-07-25T00:41:23.000,6.32,54.51,8.9,44.68728,-124.156658
2021-07-25T00:56:23.000,6.32,54.57,8.9,44.68728,-124.156658
2021-07-25T01:11:23.000,6.31,54.4,8.88,44.68728,-124.156658
2021-07-25T01:26:23.000,6.35,54.79,8.9,44.68728,-124.156658
2021-07-25T01:41:23.000,6.28,54.17,8.9,44.68728,-124.156658
2021-07-25T01:56:23.000,6.22,53.69,8.89,44.68728,-124.156658
2021-07-25T02:11:23.000,6.2,53.49,8.88,44.68728,-124.156658
2021-07-25T02:26:23.000,6.08,52.4,8.83,44.68728,-124.156658
2021-07-25T02:41:23.000,6.1,52.58,8.82,44.68728,-124.156658
2021-07-25T02:56:23.000,6.05,52.06,8.81,44.68728,-124.156658
2021-07-25T03:11:23.000,5.98,51.53,8.81,44.68728,-124.156658
2021-07-25T03:26:23.000,5.91,50.87,8.77,44.68728,-124.156658
2021-07-25T03:41:23.000,5.76,49.5,8.72,44.68728,-124.156658
2021-07-25T03:56:23.000,5.61,48.18,8.69,44.68728,-124.156658
2021-07-25T04:11:23.000,5.57,47.79,8.66,44.68728,-124.156658
2021-07-25T04:26:23.000,5.55,47.64,8.66,44.68728,-124.156658
2021-07-25T04:41:23.000,5.51,47.23,8.64,44.68728,-124.156658
2021-07-25T04:56:23.000,5.52,47.32,8.64,44.68728,-124.156658
2021-07-25T05:11:23.000,5.52,47.32,8.65,44.68728,-124.156658
2021-07-25T05:26:23.000,5.3,45.46,8.62,44.68728,-124.156658
2021-07-25T05:41:23.000,5.19,44.5,8.62,44.68728,-124.156658
2021-07-25T05:56:23.000,5.24,44.93,8.61,44.68728,-124.156658
2021-07-25T06:11:23.000,4.91,41.96,8.52,44.68728,-124.156658
2021-07-25T06:26:23.000,4.61,39.31,8.42,44.68728,-124.156658
2021-07-25T06:41:23.000,3.83,32.48,8.17,44.68728,-124.156658
2021-07-25T06:56:23.000,3.52,29.81,8.09,44.68728,-124.156658
2021-07-25T07:11:23.000,3.11,26.2,7.9,44.68728,-124.156658
2021-07-25T07:26:23.000,3.11,26.15,7.87,44.68728,-124.156658
2021-07-25T07:41:23.000,3.11,26.16,7.87,44.68728,-124.156658
2021-07-25T07:56:23.000,3.12,26.23,7.87,44.68728,-124.156658
2021-07-25T08:11:23.000,3.11,26.16,7.87,44.68728,-124.156658
2021-07-25T08:26:23.000,3.1,26.08,7.87,44.68728,-124.156658
2021-07-25T08:41:23.000,3.1,26.12,7.86,44.68728,-124.156658
2021-07-25T08:56:23.000,3.09,26.02,7.86,44.68728,-124.156658
2021-07-25T09:11:23.000,3.06,25.73,7.87,44.68728,-124.156658
2021-07-25T09:26:23.000,3.09,26.02,7.87,44.68728,-124.156658
2021-07-25T09:41:23.000,3.08,25.89,7.87,44.68728,-124.156658
2021-07-25T09:56:23.000,3.04,25.6,7.87,44.68728,-124.156658
2021-07-25T10:11:23.000,3.07,25.8,7.87,44.68728,-124.156658
2021-07-25T10:26:23.000,3.02,25.45,7.87,44.68728,-124.156658
2021-07-25T10:41:23.000,3,25.27,7.87,44.68728,-124.156658
2021-07-25T10:56:23.000,2.99,25.18,7.87,44.68728,-124.156658
2021-07-25T11:11:23.000,3,25.25,7.87,44.68728,-124.156658
2021-07-25T11:26:23.000,2.99,25.19,7.88,44.68728,-124.156658
2021-07-25T11:41:23.000,2.99,25.16,7.88,44.68728,-124.156658
2021-07-25T11:56:23.000,2.97,24.99,7.88,44.68728,-124.156658
2021-07-25T12:11:23.000,2.96,24.94,7.88,44.68728,-124.156658
2021-07-25T12:26:23.000,2.9,24.43,7.88,44.68728,-124.156658
2021-07-25T12:41:23.000,2.91,24.5,7.88,44.68728,-124.156658
2021-07-25T12:56:23.000,3.14,26.48,7.95,44.68728,-124.156658
2021-07-25T13:11:23.000,3.12,26.34,7.94,44.68728,-124.156658
2021-07-25T13:26:23.000,3.12,26.31,7.96,44.68728,-124.156658
2021-07-25T13:41:23.000,3.15,26.61,7.97,44.68728,-124.156658
2021-07-25T13:56:23.000,3.2,26.98,7.99,44.68728,-124.156658
2021-07-25T14:11:23.000,3.27,27.62,8.02,44.68728,-124.156658
2021-07-25T14:26:23.000,3.31,27.96,8.04,44.68728,-124.156658
2021-07-25T14:41:23.000,3.41,28.86,8.09,44.68728,-124.156658
2021-07-25T14:56:23.000,3.55,30.08,8.14,44.68728,-124.156658
2021-07-25T15:11:23.000,3.52,29.85,8.15,44.68728,-124.156658
2021-07-25T15:26:23.000,3.49,29.57,8.16,44.68728,-124.156658
2021-07-25T15:41:23.000,3.55,30.08,8.16,44.68728,-124.156658
2021-07-25T15:56:23.000,3.09,26.17,8.08,44.68728,-124.156658
2021-07-25T16:11:23.000,3.17,26.86,8.1,44.68728,-124.156658
2021-07-25T16:26:23.000,3.21,27.19,8.13,44.68728,-124.156658
2021-07-25T16:41:23.000,3.39,28.76,8.16,44.68728,-124.156658
2021-07-25T16:56:23.000,3.54,30.06,8.21,44.68728,-124.156658
2021-07-25T17:11:23.000,3.93,33.43,8.31,44.68728,-124.156658
2021-07-25T17:26:23.000,4.52,38.58,8.47,44.68728,-124.156658
2021-07-25T17:41:23.000,4.79,41.02,8.54,44.68728,-124.156658
2021-07-25T17:56:23.000,4.75,40.66,8.54,44.68728,-124.156658
2021-07-25T18:11:23.000,4.62,39.53,8.54,44.68728,-124.156658
2021-07-25T18:26:23.000,4.9,41.94,8.57,44.68728,-124.156658
2021-07-25T18:41:23.000,5.31,45.51,8.64,44.68728,-124.156658
2021-07-25T18:56:23.000,5.31,45.48,8.62,44.68728,-124.156658
2021-07-25T19:11:23.000,5.23,44.76,8.59,44.68728,-124.156658
2021-07-25T19:26:23.000,5.09,43.54,8.55,44.68728,-124.156658
2021-07-25T19:41:23.000,5.07,43.38,8.54,44.68728,-124.156658
2021-07-25T19:56:23.000,5.11,43.78,8.56,44.68728,-124.156658
2021-07-25T20:11:23.000,5.11,43.72,8.57,44.68728,-124.156658
2021-07-25T20:26:23.000,4.93,42.22,8.54,44.68728,-124.156658
2021-07-25T20:41:23.000,4.86,41.59,8.52,44.68728,-124.156658
2021-07-25T20:56:23.000,4.81,41.15,8.52,44.68728,-124.156658
2021-07-25T21:11:23.000,4.79,40.98,8.5,44.68728,-124.156658
2021-07-25T21:26:23.000,4.77,40.73,8.49,44.68728,-124.156658
2021-07-25T21:41:23.000,4.87,41.6,8.52,44.68728,-124.156658
2021-07-25T21:56:23.000,4.89,41.8,8.52,44.68728,-124.156658
2021-07-25T22:11:23.000,4.98,42.61,8.57,44.68728,-124.156658
2021-07-25T22:26:23.000,4.96,42.45,8.57,44.68728,-124.156658
2021-07-25T22:41:23.000,5.06,43.33,8.6,44.68728,-124.156658
2021-07-25T22:56:23.000,5.28,45.34,8.68,44.68728,-124.156658
2021-07-25T23:11:23.000,5.52,47.49,8.76,44.68728,-124.156658
2021-07-25T23:26:23.000,5.6,48.26,8.81,44.68728,-124.156658
2021-07-25T23:41:23.000,5.73,49.38,8.85,44.68728,-124.156658
2021-07-25T23:56:23.000,5.76,49.65,8.87,44.68728,-124.156658
2021-07-26T00:11:23.000,5.55,47.79,8.8,44.68728,-124.156658
2021-07-26T00:26:23.000,5.63,48.48,8.83,44.68728,-124.156658
2021-07-26T00:41:23.000,5.79,49.93,8.83,44.68728,-124.156658
2021-07-26T00:56:23.000,5.61,48.33,8.81,44.68728,-124.156658
2021-07-26T01:11:23.000,5.64,48.55,8.82,44.68728,-124.156658
2021-07-26T01:26:23.000,5.57,47.93,8.81,44.68728,-124.156658
2021-07-26T01:41:23.000,5.6,48.16,8.78,44.68728,-124.156658
2021-07-26T01:56:23.000,5.45,46.89,8.76,44.68728,-124.156658
2021-07-26T02:11:23.000,5.43,46.72,8.76,44.68728,-124.156658
2021-07-26T02:26:23.000,5.53,47.61,8.78,44.68728,-124.156658
2021-07-26T02:41:23.000,5.52,47.49,8.78,44.68728,-124.156658
2021-07-26T02:56:23.000,5.44,46.75,8.76,44.68728,-124.156658
2021-07-26T03:11:23.000,5.36,46.08,8.73,44.68728,-124.156658
2021-07-26T03:26:23.000,5.38,46.2,8.73,44.68728,-124.156658
2021-07-26T03:41:23.000,5.32,45.73,8.71,44.68728,-124.156658
2021-07-26T03:56:23.000,5.27,45.27,8.69,44.68728,-124.156658
2021-07-26T04:11:23.000,5.3,45.53,8.69,44.68728,-124.156658
2021-07-26T04:26:23.000,5.32,45.65,8.69,44.68728,-124.156658
2021-07-26T04:41:23.000,5.29,45.45,8.69,44.68728,-124.156658
2021-07-26T04:56:23.000,5.35,46,8.71,44.68728,-124.156658
2021-07-26T05:11:23.000,5.52,47.5,8.76,44.68728,-124.156658
2021-07-26T05:26:23.000,5.58,47.96,8.75,44.68728,-124.156658
2021-07-26T05:41:23.000,5.41,46.44,8.71,44.68728,-124.156658
2021-07-26T05:56:23.000,5.08,43.55,8.61,44.68728,-124.156658
2021-07-26T06:11:23.000,4.66,39.78,8.47,44.68728,-124.156658
2021-07-26T06:26:23.000,4.06,34.48,8.27,44.68728,-124.156658
2021-07-26T06:41:23.000,4.01,34.07,8.23,44.68728,-124.156658
2021-07-26T06:56:23.000,3.64,30.79,8.09,44.68728,-124.156658
2021-07-26T07:11:23.000,3.48,29.39,8.04,44.68728,-124.156658
2021-07-26T07:26:23.000,3.33,28.09,7.95,44.68728,-124.156658
2021-07-26T07:41:23.000,3.23,27.21,7.92,44.68728,-124.156658
2021-07-26T07:56:23.000,3.13,26.32,7.87,44.68728,-124.156658
2021-07-26T08:11:23.000,3.05,25.67,7.85,44.68728,-124.156658
2021-07-26T08:26:23.000,3.06,25.78,7.85,44.68728,-124.156658
2021-07-26T08:41:23.000,3.06,25.72,7.85,44.68728,-124.156658
2021-07-26T08:56:23.000,3.07,25.8,7.85,44.68728,-124.156658
2021-07-26T09:11:23.000,3.05,25.66,7.85,44.68728,-124.156658
2021-07-26T09:26:23.000,3.05,25.62,7.85,44.68728,-124.156658
2021-07-26T09:41:23.000,3.03,25.53,7.86,44.68728,-124.156658
2021-07-26T09:56:23.000,3.07,25.81,7.86,44.68728,-124.156658
2021-07-26T10:11:23.000,3.05,25.67,7.87,44.68728,-124.156658
2021-07-26T10:26:23.000,3.11,26.16,7.88,44.68728,-124.156658
2021-07-26T10:41:23.000,3.08,25.93,7.88,44.68728,-124.156658
2021-07-26T10:56:23.000,3.08,25.96,7.87,44.68728,-124.156658
2021-07-26T11:11:23.000,3.05,25.65,7.87,44.68728,-124.156658
2021-07-26T11:26:23.000,3.03,25.46,7.87,44.68728,-124.156658
2021-07-26T11:41:23.000,3.07,25.86,7.87,44.68728,-124.156658
2021-07-26T11:56:23.000,3.02,25.38,7.86,44.68728,-124.156658
2021-07-26T12:11:23.000,2.98,25.1,7.85,44.68728,-124.156658
2021-07-26T12:26:23.000,2.95,24.82,7.82,44.68728,-124.156658
2021-07-26T12:41:23.000,2.9,24.34,7.81,44.68728,-124.156658
2021-07-26T12:56:23.000,2.88,24.23,7.8,44.68728,-124.156658
2021-07-26T13:11:23.000,2.83,23.78,7.81,44.68728,-124.156658
2021-07-26T13:26:23.000,2.9,24.43,7.85,44.68728,-124.156658
2021-07-26T13:41:23.000,2.99,25.2,7.87,44.68728,-124.156658
2021-07-26T13:56:23.000,2.96,24.95,7.87,44.68728,-124.156658
2021-07-26T14:11:23.000,2.97,25.04,7.89,44.68728,-124.156658
2021-07-26T14:26:23.000,2.99,25.19,7.91,44.68728,-124.156658
2021-07-26T14:41:23.000,3.08,25.95,7.95,44.68728,-124.156658
2021-07-26T14:56:23.000,3.12,26.35,7.97,44.68728,-124.156658
2021-07-26T15:11:23.000,3.11,26.25,7.97,44.68728,-124.156658
2021-07-26T15:26:23.000,3.13,26.41,7.99,44.68728,-124.156658
2021-07-26T15:41:23.000,3.14,26.52,8,44.68728,-124.156658
2021-07-26T15:56:23.000,3.17,26.83,8.06,44.68728,-124.156658
2021-07-26T16:11:23.000,3.15,26.59,8.03,44.68728,-124.156658
2021-07-26T16:26:23.000,3.34,28.27,8.1,44.68728,-124.156658
2021-07-26T16:41:23.000,3.4,28.76,8.11,44.68728,-124.156658
2021-07-26T16:56:23.000,3.6,30.51,8.16,44.68728,-124.156658
2021-07-26T17:11:23.000,3.69,31.3,8.2,44.68728,-124.156658
2021-07-26T17:26:23.000,3.89,33.05,8.25,44.68728,-124.156658
2021-07-26T17:41:23.000,4.1,34.9,8.33,44.68728,-124.156658
2021-07-26T17:56:23.000,4.31,36.76,8.38,44.68728,-124.156658
2021-07-26T18:11:23.000,4.62,39.52,8.5,44.68728,-124.156658
2021-07-26T18:26:23.000,4.87,41.7,8.57,44.68728,-124.156658
2021-07-26T18:41:23.000,5.03,43.2,8.66,44.68728,-124.156658
2021-07-26T18:56:23.000,5.2,44.69,8.71,44.68728,-124.156658
2021-07-26T19:11:23.000,5.23,44.93,8.72,44.68728,-124.156658
2021-07-26T19:26:23.000,5.19,44.61,8.71,44.68728,-124.156658
2021-07-26T19:41:23.000,4.77,40.9,8.59,44.68728,-124.156658
2021-07-26T19:56:23.000,4.44,37.9,8.47,44.68728,-124.156658
2021-07-26T20:11:23.000,4.35,37.12,8.43,44.68728,-124.156658
2021-07-26T20:26:23.000,4.32,36.85,8.42,44.68728,-124.156658
2021-07-26T20:41:23.000,4.42,37.7,8.44,44.68728,-124.156658
2021-07-26T20:56:23.000,4.48,38.27,8.47,44.68728,-124.156658
2021-07-26T21:11:23.000,4.62,39.48,8.51,44.68728,-124.156658
2021-07-26T21:26:23.000,4.63,39.61,8.52,44.68728,-124.156658
2021-07-26T21:41:23.000,4.68,40.04,8.52,44.68728,-124.156658
2021-07-26T21:56:23.000,4.91,42.1,8.61,44.68728,-124.156658
2021-07-26T22:11:23.000,4.82,41.32,8.59,44.68728,-124.156658
2021-07-26T22:26:23.000,4.94,42.39,8.64,44.68728,-124.156658
2021-07-26T22:41:23.000,5.05,43.38,8.69,44.68728,-124.156658
2021-07-26T22:56:23.000,5.04,43.3,8.69,44.68728,-124.156658
2021-07-26T23:11:23.000,5.15,44.24,8.73,44.68728,-124.156658
2021-07-26T23:26:23.000,5.23,44.96,8.76,44.68728,-124.156658
2021-07-26T23:41:23.000,5.39,46.4,8.81,44.68728,-124.156658
2021-07-26T23:56:23.000,5.38,46.32,8.81,44.68728,-124.156658
2021-07-27T00:11:23.000,5.26,45.23,8.78,44.68728,-124.156658
2021-07-27T00:26:23.000,5.3,45.63,8.81,44.68728,-124.156658
2021-07-27T00:41:23.000,5.24,45.11,8.78,44.68728,-124.156658
2021-07-27T00:56:23.000,5.28,45.44,8.8,44.68728,-124.156658
2021-07-27T01:11:23.000,5.13,44.12,8.75,44.68728,-124.156658
2021-07-27T01:26:23.000,5.22,44.95,8.8,44.68728,-124.156658
2021-07-27T01:41:23.000,5.01,43.04,8.71,44.68728,-124.156658
2021-07-27T01:56:23.000,4.6,39.34,8.55,44.68728,-124.156658
2021-07-27T02:11:23.000,4.37,37.3,8.45,44.68728,-124.156658
2021-07-27T02:26:23.000,4.25,36.25,8.4,44.68728,-124.156658
2021-07-27T02:41:23.000,4.18,35.63,8.36,44.68728,-124.156658
2021-07-27T02:56:23.000,4.22,36,8.38,44.68728,-124.156658
2021-07-27T03:11:23.000,4.28,36.46,8.4,44.68728,-124.156658
2021-07-27T03:26:23.000,4.22,36.01,8.39,44.68728,-124.156658
2021-07-27T03:41:23.000,4.25,36.25,8.38,44.68728,-124.156658
2021-07-27T03:56:23.000,4.34,37.02,8.4,44.68728,-124.156658
2021-07-27T04:11:23.000,4.5,38.38,8.45,44.68728,-124.156658
2021-07-27T04:26:23.000,4.58,39.11,8.49,44.68728,-124.156658
2021-07-27T04:41:23.000,4.63,39.61,8.52,44.68728,-124.156658
2021-07-27T04:56:23.000,4.72,40.43,8.55,44.68728,-124.156658
2021-07-27T05:11:23.000,4.82,41.26,8.57,44.68728,-124.156658
2021-07-27T05:26:23.000,4.86,41.6,8.57,44.68728,-124.156658
2021-07-27T05:41:23.000,4.71,40.34,8.54,44.68728,-124.156658
2021-07-27T05:56:23.000,4.69,40.14,8.52,44.68728,-124.156658
2021-07-27T06:11:23.000,4.58,39.09,8.48,44.68728,-124.156658
2021-07-27T06:26:23.000,4.53,38.71,8.47,44.68728,-124.156658
2021-07-27T06:41:23.000,4.4,37.55,8.42,44.68728,-124.156658
2021-07-27T06:56:23.000,4.27,36.42,8.38,44.68728,-124.156658
2021-07-27T07:11:23.000,3.82,32.42,8.21,44.68728,-124.156658
2021-07-27T07:26:23.000,3.69,31.23,8.14,44.68728,-124.156658
2021-07-27T07:41:23.000,3.52,29.81,8.09,44.68728,-124.156658
2021-07-27T07:56:23.000,3.3,27.88,8.02,44.68728,-124.156658
2021-07-27T08:11:23.000,3.07,25.92,7.95,44.68728,-124.156658
2021-07-27T08:26:23.000,3.03,25.52,7.92,44.68728,-124.156658
2021-07-27T08:41:23.000,2.97,25.01,7.9,44.68728,-124.156658
2021-07-27T08:56:23.000,2.97,25.05,7.88,44.68728,-124.156658
2021-07-27T09:11:23.000,2.99,25.19,7.87,44.68728,-124.156658
2021-07-27T09:26:23.000,2.88,24.27,7.85,44.68728,-124.156658
2021-07-27T09:41:23.000,2.94,24.72,7.85,44.68728,-124.156658
2021-07-27T09:56:23.000,2.91,24.44,7.85,44.68728,-124.156658
2021-07-27T10:11:23.000,2.83,23.77,7.83,44.68728,-124.156658
2021-07-27T10:26:23.000,2.81,23.62,7.82,44.68728,-124.156658
2021-07-27T10:41:23.000,2.79,23.46,7.81,44.68728,-124.156658
2021-07-27T10:56:23.000,2.77,23.32,7.81,44.68728,-124.156658
2021-07-27T11:11:23.000,2.75,23.11,7.8,44.68728,-124.156658
2021-07-27T11:26:23.000,2.71,22.77,7.78,44.68728,-124.156658
2021-07-27T11:41:23.000,2.7,22.69,7.78,44.68728,-124.156658
2021-07-27T11:56:23.000,2.68,22.52,7.78,44.68728,-124.156658
2021-07-27T12:11:23.000,2.67,22.44,7.78,44.68728,-124.156658
2021-07-27T12:26:23.000,2.69,22.56,7.78,44.68728,-124.156658
2021-07-27T12:41:23.000,2.65,22.25,7.78,44.68728,-124.156658
2021-07-27T12:56:23.000,2.69,22.57,7.79,44.68728,-124.156658
2021-07-27T13:11:23.000,2.71,22.77,7.81,44.68728,-124.156658
2021-07-27T13:26:23.000,2.7,22.67,7.82,44.68728,-124.156658
2021-07-27T13:41:23.000,2.71,22.8,7.83,44.68728,-124.156658
2021-07-27T13:56:23.000,2.7,22.69,7.85,44.68728,-124.156658
2021-07-27T14:11:23.000,2.75,23.18,7.87,44.68728,-124.156658
2021-07-27T14:26:23.000,2.83,23.8,7.89,44.68728,-124.156658
2021-07-27T14:41:23.000,2.82,23.73,7.91,44.68728,-124.156658
2021-07-27T14:56:23.000,2.9,24.45,7.94,44.68728,-124.156658
2021-07-27T15:11:23.000,2.93,24.71,7.95,44.68728,-124.156658
2021-07-27T15:26:23.000,2.97,25.03,7.97,44.68728,-124.156658
2021-07-27T15:41:23.000,3.12,26.38,8.04,44.68728,-124.156658
2021-07-27T15:56:23.000,3.11,26.3,8.06,44.68728,-124.156658
2021-07-27T16:11:23.000,3.2,27.1,8.11,44.68728,-124.156658
2021-07-27T16:26:23.000,3.21,27.19,8.13,44.68728,-124.156658
2021-07-27T16:41:23.000,3.29,27.86,8.16,44.68728,-124.156658
2021-07-27T16:56:23.000,3.38,28.67,8.21,44.68728,-124.156658
2021-07-27T17:11:23.000,3.3,28.03,8.2,44.68728,-124.156658
2021-07-27T17:26:23.000,3.48,29.55,8.26,44.68728,-124.156658
2021-07-27T17:41:23.000,3.37,28.61,8.25,44.68728,-124.156658
2021-07-27T17:56:23.000,3.39,28.83,8.26,44.68728,-124.156658
2021-07-27T18:11:23.000,3.43,29.16,8.26,44.68728,-124.156658
2021-07-27T18:26:23.000,3.4,28.89,8.26,44.68728,-124.156658
2021-07-27T18:41:23.000,3.44,29.24,8.28,44.68728,-124.156658
2021-07-27T18:56:23.000,3.68,31.37,8.36,44.68728,-124.156658
2021-07-27T19:11:23.000,3.77,32.17,8.41,44.68728,-124.156658
2021-07-27T19:26:23.000,3.65,31.09,8.35,44.68728,-124.156658
2021-07-27T19:41:23.000,3.49,29.66,8.28,44.68728,-124.156658
2021-07-27T19:56:23.000,3.32,28.15,8.21,44.68728,-124.156658
2021-07-27T20:11:23.000,3.2,27.08,8.16,44.68728,-124.156658
2021-07-27T20:26:23.000,3.12,26.39,8.11,44.68728,-124.156658
2021-07-27T20:41:23.000,3.15,26.65,8.11,44.68728,-124.156658
2021-07-27T20:56:23.000,3.22,27.31,8.14,44.68728,-124.156658
2021-07-27T21:11:23.000,3.24,27.46,8.14,44.68728,-124.156658
2021-07-27T21:26:23.000,3.18,26.93,8.11,44.68728,-124.156658
2021-07-27T21:41:23.000,3.11,26.31,8.09,44.68728,-124.156658
2021-07-27T21:56:23.000,3.07,25.98,8.07,44.68728,-124.156658
2021-07-27T22:11:23.000,3.05,25.75,8.05,44.68728,-124.156658
2021-07-27T22:26:23.000,3.12,26.37,8.07,44.68728,-124.156658
2021-07-27T22:41:23.000,3.1,26.22,8.08,44.68728,-124.156658
2021-07-27T22:56:23.000,3.17,26.79,8.09,44.68728,-124.156658
2021-07-27T23:11:23.000,3.18,26.89,8.1,44.68728,-124.156658
2021-07-27T23:26:23.000,3.24,27.44,8.12,44.68728,-124.156658
2021-07-27T23:41:23.000,3.26,27.59,8.14,44.68728,-124.156658
2021-07-27T23:56:23.000,3.33,28.21,8.16,44.68728,-124.156658
2021-07-28T00:11:23.000,3.27,27.7,8.14,44.68728,-124.156658
2021-07-28T00:26:23.000,3.29,27.88,8.16,44.68728,-124.156658
2021-07-28T00:41:23.000,3.28,27.84,8.16,44.68728,-124.156658
2021-07-28T00:56:23.000,3.24,27.47,8.14,44.68728,-124.156658
2021-07-28T01:11:23.000,3.18,26.97,8.12,44.68728,-124.156658
2021-07-28T01:26:23.000,3.05,25.78,8.09,44.68728,-124.156658
2021-07-28T01:41:23.000,2.92,24.66,8.02,44.68728,-124.156658
2021-07-28T01:56:23.000,2.92,24.61,7.99,44.68728,-124.156658
2021-07-28T02:11:23.000,2.81,23.68,7.97,44.68728,-124.156658
2021-07-28T02:26:23.000,2.93,24.77,7.99,44.68728,-124.156658
2021-07-28T02:41:23.000,2.79,23.57,7.95,44.68728,-124.156658
2021-07-28T02:56:23.000,2.69,22.66,7.9,44.68728,-124.156658
2021-07-28T03:11:23.000,2.7,22.76,7.87,44.68728,-124.156658
2021-07-28T03:26:23.000,2.61,21.92,7.85,44.68728,-124.156658
2021-07-28T03:41:23.000,2.56,21.47,7.8,44.68728,-124.156658
2021-07-28T03:56:23.000,2.5,20.98,7.78,44.68728,-124.156658
2021-07-28T04:11:23.000,2.61,21.92,7.8,44.68728,-124.156658
2021-07-28T04:26:23.000,2.66,22.32,7.82,44.68728,-124.156658
2021-07-28T04:41:23.000,2.57,21.6,7.78,44.68728,-124.156658
2021-07-28T04:56:23.000,2.44,20.46,7.75,44.68728,-124.156658
2021-07-28T05:11:23.000,2.39,20.03,7.73,44.68728,-124.156658
2021-07-28T05:26:23.000,2.41,20.25,7.73,44.68728,-124.156658
2021-07-28T05:41:23.000,2.37,19.89,7.72,44.68728,-124.156658
2021-07-28T05:56:23.000,2.32,19.43,7.68,44.68728,-124.156658
2021-07-28T06:11:23.000,2.26,18.96,7.66,44.68728,-124.156658
2021-07-28T06:26:23.000,2.26,18.91,7.64,44.68728,-124.156658
2021-07-28T06:41:23.000,2.27,19.03,7.63,44.68728,-124.156658
2021-07-28T06:56:23.000,2.25,18.83,7.63,44.68728,-124.156658
2021-07-28T07:11:23.000,2.23,18.68,7.62,44.68728,-124.156658
2021-07-28T07:26:23.000,2.2,18.36,7.61,44.68728,-124.156658
2021-07-28T07:41:23.000,2.24,18.71,7.62,44.68728,-124.156658
2021-07-28T07:56:23.000,2.23,18.65,7.62,44.68728,-124.156658
2021-07-28T08:11:23.000,2.24,18.74,7.63,44.68728,-124.156658
2021-07-28T08:26:23.000,2.26,18.91,7.63,44.68728,-124.156658
2021-07-28T08:41:23.000,2.26,18.94,7.63,44.68728,-124.156658
2021-07-28T08:56:23.000,2.25,18.85,7.64,44.68728,-124.156658
2021-07-28T09:11:23.000,2.29,19.14,7.65,44.68728,-124.156658
2021-07-28T09:26:23.000,2.26,18.94,7.65,44.68728,-124.156658
2021-07-28T09:41:23.000,2.24,18.76,7.66,44.68728,-124.156658
2021-07-28T09:56:23.000,2.26,18.94,7.66,44.68728,-124.156658
2021-07-28T10:11:23.000,2.22,18.55,7.63,44.68728,-124.156658
2021-07-28T10:26:23.000,2.1,17.56,7.59,44.68728,-124.156658
2021-07-28T10:41:23.000,2.04,17.03,7.57,44.68728,-124.156658
2021-07-28T10:56:23.000,2.01,16.76,7.56,44.68728,-124.156658
2021-07-28T11:11:23.000,1.96,16.35,7.56,44.68728,-124.156658
2021-07-28T11:26:23.000,1.95,16.31,7.56,44.68728,-124.156658
2021-07-28T11:41:23.000,1.94,16.21,7.56,44.68728,-124.156658
2021-07-28T11:56:23.000,1.96,16.38,7.56,44.68728,-124.156658
2021-07-28T12:11:23.000,1.96,16.34,7.56,44.68728,-124.156658
2021-07-28T12:26:23.000,1.93,16.13,7.56,44.68728,-124.156658
2021-07-28T12:41:23.000,1.94,16.18,7.56,44.68728,-124.156658
2021-07-28T12:56:23.000,1.94,16.23,7.56,44.68728,-124.156658
2021-07-28T13:11:23.000,1.98,16.54,7.56,44.68728,-124.156658
2021-07-28T13:26:23.000,1.96,16.41,7.57,44.68728,-124.156658
2021-07-28T13:41:23.000,1.97,16.43,7.58,44.68728,-124.156658
2021-07-28T13:56:23.000,1.94,16.18,7.58,44.68728,-124.156658
2021-07-28T14:11:23.000,1.94,16.22,7.58,44.68728,-124.156658
2021-07-28T14:26:23.000,1.92,16.06,7.59,44.68728,-124.156658
2021-07-28T14:41:23.000,1.91,15.99,7.61,44.68728,-124.156658
2021-07-28T14:56:23.000,2.07,17.35,7.66,44.68728,-124.156658
2021-07-28T15:11:23.000,2.17,18.22,7.7,44.68728,-124.156658
2021-07-28T15:26:23.000,3.14,26.49,7.94,44.68728,-124.156658
2021-07-28T15:41:23.000,2.94,24.82,7.94,44.68728,-124.156658
2021-07-28T15:56:23.000,2.9,24.47,7.94,44.68728,-124.156658
2021-07-28T16:11:23.000,2.87,24.18,7.94,44.68728,-124.156658
2021-07-28T16:26:23.000,2.86,24.15,7.95,44.68728,-124.156658
2021-07-28T16:41:23.000,2.82,23.74,7.93,44.68728,-124.156658
