Time (UTC),DO (ml/L),Dissolved Oxygen (%),Temperature (C),Latitude,Longitude
2021-07-21T19:15:56.000,1.76,14.58,7.29,44.68728,-124.156658
2021-07-21T19:30:56.000,1.75,14.52,7.27,44.68728,-124.156658
2021-07-21T19:45:56.000,1.76,14.57,7.25,44.68728,-124.156658
2021-07-21T20:00:56.000,1.76,14.56,7.25,44.68728,-124.156658
2021-07-21T20:15:56.000,1.76,14.57,7.25,44.68728,-124.156658
2021-07-21T20:30:56.000,1.76,14.56,7.25,44.68728,-124.156658
2021-07-21T20:45:56.000,1.75,14.49,7.25,44.68728,-124.156658
2021-07-21T21:00:56.000,1.75,14.51,7.25,44.68728,-124.156658
2021-07-21T21:15:56.000,1.74,14.46,7.25,44.68728,-124.156658
2021-07-21T21:30:56.000,1.75,14.53,7.25,44.68728,-124.156658
2021-07-21T21:45:56.000,1.75,14.51,7.25,44.68728,-124.156658
2021-07-21T22:00:56.000,1.75,14.54,7.25,44.68728,-124.156658
2021-07-21T22:15:56.000,1.75,14.54,7.25,44.68728,-124.156658
2021-07-21T22:30:56.000,1.76,14.56,7.25,44.68728,-124.156658
2021-07-21T22:45:56.000,1.76,14.61,7.25,44.68728,-124.156658
2021-07-21T23:00:56.000,1.73,14.34,7.26,44.68728,-124.156658
2021-07-21T23:15:56.000,1.75,14.54,7.26,44.68728,-124.156658
2021-07-21T23:30:56.000,1.75,14.54,7.26,44.68728,-124.156658
2021-07-21T23:45:56.000,1.76,14.63,7.26,44.68728,-124.156658
2021-07-22T00:00:56.000,1.61,13.36,7.26,44.68728,-124.156658
2021-07-22T00:15:56.000,1.76,14.58,7.25,44.68728,-124.156658
2021-07-22T00:30:56.000,1.75,14.52,7.26,44.68728,-124.156658
2021-07-22T00:45:56.000,1.74,14.44,7.25,44.68728,-124.156658
2021-07-22T01:00:56.000,1.74,14.39,7.25,44.68728,-124.156658
2021-07-22T01:15:56.000,1.71,14.19,7.25,44.68728,-124.156658
2021-07-22T01:30:56.000,1.72,14.29,7.25,44.68728,-124.156658
2021-07-22T01:45:56.000,1.73,14.37,7.25,44.68728,-124.156658
2021-07-22T02:00:56.000,1.72,14.29,7.25,44.68728,-124.156658
2021-07-22T02:15:56.000,1.71,14.2,7.25,44.68728,-124.156658
2021-07-22T02:30:56.000,1.73,14.31,7.25,44.68728,-124.156658
2021-07-22T02:45:56.000,1.71,14.14,7.25,44.68728,-124.156658
2021-07-22T03:00:56.000,1.7,14.13,7.25,44.68728,-124.156658
2021-07-22T03:15:56.000,1.7,14.12,7.25,44.68728,-124.156658
2021-07-22T03:30:56.000,1.71,14.14,7.25,44.68728,-124.156658
2021-07-22T03:45:56.000,1.7,14.09,7.25,44.68728,-124.156658
2021-07-22T04:00:56.000,1.71,14.18,7.24,44.68728,-124.156658
2021-07-22T04:15:56.000,1.72,14.21,7.22,44.68728,-124.156658
2021-07-22T04:30:56.000,1.71,14.15,7.22,44.68728,-124.156658
2021-07-22T04:45:56.000,1.71,14.14,7.22,44.68728,-124.156658
2021-07-22T05:00:56.000,1.68,13.92,7.22,44.68728,-124.156658
2021-07-22T05:15:56.000,1.68,13.94,7.23,44.68728,-124.156658
2021-07-22T05:30:56.000,1.71,14.13,7.23,44.68728,-124.156658
2021-07-22T05:45:56.000,1.7,14.05,7.23,44.68728,-124.156658
2021-07-22T06:00:56.000,1.7,14.08,7.23,44.68728,-124.156658
2021-07-22T06:15:56.000,1.67,13.87,7.22,44.68728,-124.156658
2021-07-22T06:30:56.000,1.69,14.01,7.22,44.68728,-124.156658
2021-07-22T06:45:56.000,1.67,13.79,7.22,44.68728,-124.156658
2021-07-22T07:00:56.000,1.69,13.97,7.22,44.68728,-124.156658
2021-07-22T07:15:56.000,1.68,13.88,7.21,44.68728,-124.156658
2021-07-22T07:30:56.000,1.66,13.74,7.21,44.68728,-124.156658
2021-07-22T07:45:56.000,1.67,13.86,7.2,44.68728,-124.156658
2021-07-22T08:00:56.000,1.67,13.82,7.2,44.68728,-124.156658
2021-07-22T08:15:56.000,1.67,13.85,7.2,44.68728,-124.156658
2021-07-22T08:30:56.000,1.67,13.81,7.2,44.68728,-124.156658
2021-07-22T08:45:56.000,1.66,13.73,7.2,44.68728,-124.156658
2021-07-22T09:00:56.000,1.67,13.8,7.2,44.68728,-124.156658
2021-07-22T09:15:56.000,1.67,13.85,7.2,44.68728,-124.156658
2021-07-22T09:30:56.000,1.65,13.69,7.2,44.68728,-124.156658
2021-07-22T09:45:56.000,1.68,13.89,7.2,44.68728,-124.156658
2021-07-22T10:00:56.000,1.62,13.44,7.2,44.68728,-124.156658
2021-07-22T10:15:56.000,1.67,13.84,7.2,44.68728,-124.156658
2021-07-22T10:30:56.000,1.68,13.91,7.2,44.68728,-124.156658
2021-07-22T10:45:56.000,1.67,13.83,7.2,44.68728,-124.156658
2021-07-22T11:00:56.000,1.63,13.5,7.2,44.68728,-124.156658
2021-07-22T11:15:56.000,1.66,13.75,7.2,44.68728,-124.156658
2021-07-22T11:30:56.000,1.61,13.36,7.2,44.68728,-124.156658
2021-07-22T11:45:56.000,1.67,13.83,7.2,44.68728,-124.156658
2021-07-22T12:00:56.000,1.63,13.5,7.2,44.68728,-124.156658
2021-07-22T12:15:56.000,1.56,12.87,7.2,44.68728,-124.156658
2021-07-22T12:30:56.000,1.65,13.65,7.2,44.68728,-124.156658
2021-07-22T12:45:56.000,1.67,13.85,7.2,44.68728,-124.156658
2021-07-22T13:00:56.000,1.63,13.51,7.2,44.68728,-124.156658
2021-07-22T13:15:56.000,1.62,13.41,7.2,44.68728,-124.156658
2021-07-22T13:30:56.000,1.63,13.5,7.2,44.68728,-124.156658
2021-07-22T13:45:56.000,1.67,13.8,7.2,44.68728,-124.156658
2021-07-22T14:00:56.000,1.66,13.71,7.21,44.68728,-124.156658
2021-07-22T14:15:56.000,1.67,13.81,7.21,44.68728,-124.156658
2021-07-22T14:30:56.000,1.69,13.99,7.21,44.68728,-124.156658
2021-07-22T14:45:56.000,1.69,13.98,7.21,44.68728,-124.156658
2021-07-22T15:00:56.000,1.68,13.9,7.21,44.68728,-124.156658
2021-07-22T15:15:56.000,1.71,14.13,7.22,44.68728,-124.156658
2021-07-22T15:30:56.000,1.71,14.13,7.22,44.68728,-124.156658
2021-07-22T15:45:56.000,1.7,14.06,7.22,44.68728,-124.156658
2021-07-22T16:00:56.000,1.69,14.03,7.22,44.68728,-124.156658
2021-07-22T16:15:56.000,1.69,13.99,7.22,44.68728,-124.156658
2021-07-22T16:30:56.000,1.7,14.12,7.22,44.68728,-124.156658
2021-07-22T16:45:56.000,1.67,13.82,7.22,44.68728,-124.156658
2021-07-22T17:00:56.000,1.67,13.84,7.22,44.68728,-124.156658
2021-07-22T17:15:56.000,1.68,13.88,7.23,44.68728,-124.156658
2021-07-22T17:30:56.000,1.67,13.84,7.23,44.68728,-124.156658
2021-07-22T17:45:56.000,1.68,13.92,7.23,44.68728,-124.156658
2021-07-22T18:00:56.000,1.66,13.74,7.24,44.68728,-124.156658
2021-07-22T18:15:56.000,1.73,14.3,7.24,44.68728,-124.156658
2021-07-22T18:30:56.000,1.72,14.24,7.25,44.68728,-124.156658
2021-07-22T18:45:56.000,1.73,14.31,7.25,44.68728,-124.156658
2021-07-22T19:00:56.000,1.71,14.18,7.25,44.68728,-124.156658
2021-07-22T19:15:56.000,1.7,14.09,7.25,44.68728,-124.156658
2021-07-22T19:30:56.000,1.69,13.97,7.25,44.68728,-124.156658
2021-07-22T19:45:56.000,1.66,13.73,7.25,44.68728,-124.156658
2021-07-22T20:00:56.000,1.73,14.34,7.25,44.68728,-124.156658
2021-07-22T20:15:56.000,1.74,14.44,7.25,44.68728,-124.156658
2021-07-22T20:30:56.000,1.72,14.25,7.26,44.68728,-124.156658
2021-07-22T20:45:56.000,1.74,14.4,7.26,44.68728,-124.156658
2021-07-22T21:00:56.000,1.73,14.38,7.26,44.68728,-124.156658
2021-07-22T21:15:56.000,1.69,14.03,7.26,44.68728,-124.156658
2021-07-22T21:30:56.000,1.75,14.52,7.26,44.68728,-124.156658
2021-07-22T21:45:56.000,1.74,14.42,7.27,44.68728,-124.156658
2021-07-22T22:00:56.000,1.75,14.5,7.27,44.68728,-124.156658
2021-07-22T22:15:56.000,1.76,14.63,7.27,44.68728,-124.156658
2021-07-22T22:30:56.000,1.77,14.67,7.27,44.68728,-124.156658
2021-07-22T22:45:56.000,1.77,14.7,7.27,44.68728,-124.156658
2021-07-22T23:00:56.000,1.77,14.65,7.27,44.68728,-124.156658
2021-07-22T23:15:56.000,1.76,14.63,7.27,44.68728,-124.156658
2021-07-22T23:30:56.000,1.75,14.53,7.27,44.68728,-124.156658
2021-07-22T23:45:56.000,1.78,14.8,7.27,44.68728,-124.156658
2021-07-23T00:00:56.000,1.78,14.74,7.27,44.68728,-124.156658
2021-07-23T00:15:56.000,1.77,14.71,7.27,44.68728,-124.156658
2021-07-23T00:30:56.000,1.74,14.4,7.28,44.68728,-124.156658
2021-07-23T00:45:56.000,1.77,14.65,7.28,44.68728,-124.156658
2021-07-23T01:00:56.000,1.8,14.95,7.29,44.68728,-124.156658
2021-07-23T01:15:56.000,1.72,14.29,7.29,44.68728,-124.156658
2021-07-23T01:30:56.000,1.76,14.61,7.29,44.68728,-124.156658
2021-07-23T01:45:56.000,1.76,14.6,7.29,44.68728,-124.156658
2021-07-23T02:00:56.000,1.8,14.92,7.29,44.68728,-124.156658
2021-07-23T02:15:56.000,1.81,15.02,7.29,44.68728,-124.156658
2021-07-23T02:30:56.000,1.83,15.19,7.3,44.68728,-124.156658
2021-07-23T02:45:56.000,1.8,14.93,7.3,44.68728,-124.156658
2021-07-23T03:00:56.000,1.82,15.08,7.3,44.68728,-124.156658
2021-07-23T03:15:56.000,1.83,15.17,7.3,44.68728,-124.156658
2021-07-23T03:30:56.000,1.83,15.21,7.3,44.68728,-124.156658
2021-07-23T03:45:56.000,1.78,14.74,7.3,44.68728,-124.156658
2021-07-23T04:00:56.000,1.81,15.04,7.3,44.68728,-124.156658
2021-07-23T04:15:56.000,1.86,15.41,7.3,44.68728,-124.156658
2021-07-23T04:30:56.000,1.85,15.34,7.3,44.68728,-124.156658
2021-07-23T04:45:56.000,1.64,13.65,7.3,44.68728,-124.156658
2021-07-23T05:00:56.000,1.82,15.14,7.3,44.68728,-124.156658
2021-07-23T05:15:56.000,1.86,15.44,7.3,44.68728,-124.156658
2021-07-23T05:30:56.000,1.8,14.9,7.3,44.68728,-124.156658
2021-07-23T05:45:56.000,1.84,15.3,7.3,44.68728,-124.156658
2021-07-23T06:00:56.000,1.75,14.54,7.3,44.68728,-124.156658
2021-07-23T06:15:56.000,1.85,15.32,7.3,44.68728,-124.156658
2021-07-23T06:30:56.000,1.8,14.94,7.3,44.68728,-124.156658
2021-07-23T06:45:56.000,1.85,15.4,7.3,44.68728,-124.156658
2021-07-23T07:00:56.000,1.77,14.68,7.3,44.68728,-124.156658
2021-07-23T07:15:56.000,1.81,14.98,7.3,44.68728,-124.156658
2021-07-23T07:30:56.000,1.84,15.26,7.3,44.68728,-124.156658
2021-07-23T07:45:56.000,1.82,15.09,7.3,44.68728,-124.156658
2021-07-23T08:00:56.000,1.83,15.18,7.29,44.68728,-124.156658
2021-07-23T08:15:56.000,1.8,14.95,7.3,44.68728,-124.156658
2021-07-23T08:30:56.000,1.79,14.89,7.29,44.68728,-124.156658
2021-07-23T08:45:56.000,1.81,15.03,7.29,44.68728,-124.156658
2021-07-23T09:00:56.000,1.8,14.98,7.29,44.68728,-124.156658
2021-07-23T09:15:56.000,1.8,14.97,7.3,44.68728,-124.156658
2021-07-23T09:30:56.000,1.78,14.81,7.3,44.68728,-124.156658
2021-07-23T09:45:56.000,1.79,14.84,7.3,44.68728,-124.156658
2021-07-23T10:00:56.000,1.81,15.03,7.3,44.68728,-124.156658
2021-07-23T10:15:56.000,1.8,14.95,7.3,44.68728,-124.156658
2021-07-23T10:30:56.000,1.79,14.84,7.3,44.68728,-124.156658
2021-07-23T10:45:56.000,1.71,14.2,7.3,44.68728,-124.156658
2021-07-23T11:00:56.000,1.79,14.88,7.3,44.68728,-124.156658
2021-07-23T11:15:56.000,1.8,14.97,7.3,44.68728,-124.156658
2021-07-23T11:30:56.000,1.79,14.86,7.31,44.68728,-124.156658
2021-07-23T11:45:56.000,1.82,15.1,7.32,44.68728,-124.156658
2021-07-23T12:00:56.000,1.84,15.24,7.32,44.68728,-124.156658
2021-07-23T12:15:56.000,1.84,15.29,7.33,44.68728,-124.156658
2021-07-23T12:30:56.000,1.87,15.51,7.34,44.68728,-124.156658
2021-07-23T12:45:56.000,1.88,15.64,7.34,44.68728,-124.156658
2021-07-23T13:00:56.000,1.88,15.59,7.34,44.68728,-124.156658
2021-07-23T13:15:56.000,1.89,15.73,7.34,44.68728,-124.156658
2021-07-23T13:30:56.000,1.88,15.59,7.34,44.68728,-124.156658
2021-07-23T13:45:56.000,1.89,15.66,7.34,44.68728,-124.156658
2021-07-23T14:00:56.000,1.9,15.78,7.34,44.68728,-124.156658
2021-07-23T14:15:56.000,1.89,15.73,7.32,44.68728,-124.156658
2021-07-23T14:30:56.000,1.86,15.47,7.32,44.68728,-124.156658
2021-07-23T14:45:56.000,1.87,15.5,7.32,44.68728,-124.156658
2021-07-23T15:00:56.000,1.86,15.49,7.32,44.68728,-124.156658
2021-07-23T15:15:56.000,1.86,15.44,7.32,44.68728,-124.156658
2021-07-23T15:30:56.000,1.85,15.34,7.31,44.68728,-124.156658
2021-07-23T15:45:56.000,1.84,15.25,7.31,44.68728,-124.156658
2021-07-23T16:00:56.000,1.83,15.18,7.3,44.68728,-124.156658
2021-07-23T16:15:56.000,1.83,15.19,7.3,44.68728,-124.156658
2021-07-23T16:30:56.000,1.82,15.07,7.3,44.68728,-124.156658
2021-07-23T16:45:56.000,1.78,14.78,7.29,44.68728,-124.156658
2021-07-23T17:00:56.000,1.79,14.89,7.29,44.68728,-124.156658
2021-07-23T17:15:56.000,1.78,14.75,7.28,44.68728,-124.156658
2021-07-23T17:30:56.000,1.78,14.76,7.28,44.68728,-124.156658
2021-07-23T17:45:56.000,1.77,14.66,7.27,44.68728,-124.156658
2021-07-23T18:00:56.000,1.76,14.57,7.27,44.68728,-124.156658
2021-07-23T18:15:56.000,1.74,14.41,7.27,44.68728,-124.156658
2021-07-23T18:30:56.000,1.73,14.31,7.27,44.68728,-124.156658
2021-07-23T18:45:56.000,1.72,14.25,7.27,44.68728,-124.156658
2021-07-23T19:00:56.000,1.7,14.09,7.27,44.68728,-124.156658
2021-07-23T19:15:56.000,1.69,14.05,7.27,44.68728,-124.156658
2021-07-23T19:30:56.000,1.69,14.01,7.27,44.68728,-124.156658
2021-07-23T19:45:56.000,1.67,13.82,7.27,44.68728,-124.156658
2021-07-23T20:00:56.000,1.65,13.68,7.27,44.68728,-124.156658
2021-07-23T20:15:56.000,1.67,13.84,7.27,44.68728,-124.156658
2021-07-23T20:30:56.000,1.66,13.76,7.27,44.68728,-124.156658
2021-07-23T20:45:56.000,1.66,13.78,7.27,44.68728,-124.156658
2021-07-23T21:00:56.000,1.66,13.78,7.27,44.68728,-124.156658
2021-07-23T21:15:56.000,1.66,13.78,7.27,44.68728,-124.156658
2021-07-23T21:30:56.000,1.67,13.86,7.27,44.68728,-124.156658
2021-07-23T21:45:56.000,1.66,13.75,7.27,44.68728,-124.156658
2021-07-23T22:00:56.000,1.66,13.75,7.27,44.68728,-124.156658
2021-07-23T22:15:56.000,1.66,13.79,7.27,44.68728,-124.156658
2021-07-23T22:30:56.000,1.65,13.68,7.27,44.68728,-124.156658
2021-07-23T22:45:56.000,1.66,13.75,7.27,44.68728,-124.156658
2021-07-23T23:00:56.000,1.56,12.98,7.27,44.68728,-124.156658
2021-07-23T23:15:56.000,1.65,13.7,7.27,44.68728,-124.156658
2021-07-23T23:30:56.000,1.63,13.54,7.27,44.68728,-124.156658
2021-07-23T23:45:56.000,1.62,13.43,7.27,44.68728,-124.156658
2021-07-24T00:00:56.000,1.6,13.27,7.27,44.68728,-124.156658
2021-07-24T00:15:56.000,1.63,13.55,7.26,44.68728,-124.156658
2021-07-24T00:30:56.000,1.63,13.54,7.26,44.68728,-124.156658
2021-07-24T00:45:56.000,1.63,13.49,7.26,44.68728,-124.156658
2021-07-24T01:00:56.000,1.59,13.19,7.26,44.68728,-124.156658
2021-07-24T01:15:56.000,1.6,13.24,7.26,44.68728,-124.156658
2021-07-24T01:30:56.000,1.63,13.48,7.26,44.68728,-124.156658
2021-07-24T01:45:56.000,1.61,13.33,7.25,44.68728,-124.156658
2021-07-24T02:00:56.000,1.59,13.16,7.25,44.68728,-124.156658
2021-07-24T02:15:56.000,1.63,13.48,7.25,44.68728,-124.156658
2021-07-24T02:30:56.000,1.62,13.42,7.25,44.68728,-124.156658
2021-07-24T02:45:56.000,1.61,13.37,7.25,44.68728,-124.156658
2021-07-24T03:00:56.000,1.61,13.36,7.25,44.68728,-124.156658
2021-07-24T03:15:56.000,1.58,13.06,7.25,44.68728,-124.156658
2021-07-24T03:30:56.000,1.59,13.15,7.25,44.68728,-124.156658
2021-07-24T03:45:56.000,1.55,12.89,7.25,44.68728,-124.156658
2021-07-24T04:00:56.000,1.56,12.91,7.25,44.68728,-124.156658
2021-07-24T04:15:56.000,1.56,12.97,7.25,44.68728,-124.156658
2021-07-24T04:30:56.000,1.53,12.68,7.25,44.68728,-124.156658
2021-07-24T04:45:56.000,1.56,12.92,7.25,44.68728,-124.156658
2021-07-24T05:00:56.000,1.47,12.19,7.25,44.68728,-124.156658
2021-07-24T05:15:56.000,1.42,11.81,7.25,44.68728,-124.156658
2021-07-24T05:30:56.000,1.49,12.36,7.25,44.68728,-124.156658
2021-07-24T05:45:56.000,1.53,12.68,7.25,44.68728,-124.156658
2021-07-24T06:00:56.000,1.55,12.87,7.25,44.68728,-124.156658
2021-07-24T06:15:56.000,1.56,12.97,7.25,44.68728,-124.156658
2021-07-24T06:30:56.000,1.47,12.21,7.25,44.68728,-124.156658
2021-07-24T06:45:56.000,1.55,12.88,7.25,44.68728,-124.156658
2021-07-24T07:00:56.000,1.56,12.91,7.25,44.68728,-124.156658
2021-07-24T07:15:56.000,1.55,12.82,7.25,44.68728,-124.156658
2021-07-24T07:30:56.000,1.56,12.91,7.25,44.68728,-124.156658
2021-07-24T07:45:56.000,1.56,12.91,7.25,44.68728,-124.156658
2021-07-24T08:00:56.000,1.56,12.93,7.25,44.68728,-124.156658
2021-07-24T08:15:56.000,1.55,12.86,7.25,44.68728,-124.156658
2021-07-24T08:30:56.000,1.56,12.89,7.25,44.68728,-124.156658
2021-07-24T08:45:56.000,1.58,13.13,7.25,44.68728,-124.156658
2021-07-24T09:00:56.000,1.57,13.02,7.25,44.68728,-124.156658
2021-07-24T09:15:56.000,1.57,13.05,7.25,44.68728,-124.156658
2021-07-24T09:30:56.000,1.54,12.8,7.25,44.68728,-124.156658
2021-07-24T09:45:56.000,1.59,13.15,7.25,44.68728,-124.156658
2021-07-24T10:00:56.000,1.59,13.15,7.25,44.68728,-124.156658
2021-07-24T10:15:56.000,1.59,13.17,7.25,44.68728,-124.156658
2021-07-24T10:30:56.000,1.59,13.21,7.25,44.68728,-124.156658
2021-07-24T10:45:56.000,1.59,13.16,7.25,44.68728,-124.156658
2021-07-24T11:00:56.000,1.59,13.15,7.25,44.68728,-124.156658
2021-07-24T11:15:56.000,1.58,13.07,7.25,44.68728,-124.156658
2021-07-24T11:30:56.000,1.57,13.04,7.25,44.68728,-124.156658
2021-07-24T11:45:56.000,1.58,13.07,7.24,44.68728,-124.156658
2021-07-24T12:00:56.000,1.59,13.21,7.25,44.68728,-124.156658
2021-07-24T12:15:56.000,1.6,13.28,7.25,44.68728,-124.156658
2021-07-24T12:30:56.000,1.64,13.58,7.25,44.68728,-124.156658
2021-07-24T12:45:56.000,1.67,13.86,7.25,44.68728,-124.156658
2021-07-24T13:00:56.000,1.69,14.04,7.25,44.68728,-124.156658
2021-07-24T13:15:56.000,1.72,14.22,7.25,44.68728,-124.156658
2021-07-24T13:30:56.000,1.76,14.59,7.25,44.68728,-124.156658
2021-07-24T13:45:56.000,1.76,14.62,7.25,44.68728,-124.156658
2021-07-24T14:00:56.000,1.79,14.8,7.25,44.68728,-124.156658
2021-07-24T14:15:56.000,1.77,14.67,7.25,44.68728,-124.156658
2021-07-24T14:30:56.000,1.74,14.41,7.25,44.68728,-124.156658
2021-07-24T14:45:56.000,1.71,14.19,7.25,44.68728,-124.156658
2021-07-24T15:00:56.000,1.72,14.24,7.25,44.68728,-124.156658
2021-07-24T15:15:56.000,1.72,14.27,7.24,44.68728,-124.156658
2021-07-24T15:30:56.000,1.73,14.32,7.24,44.68728,-124.156658
2021-07-24T15:45:56.000,1.71,14.16,7.24,44.68728,-124.156658
2021-07-24T16:00:56.000,1.69,14.02,7.23,44.68728,-124.156658
2021-07-24T16:15:56.000,1.64,13.57,7.22,44.68728,-124.156658
2021-07-24T16:30:56.000,1.59,13.17,7.22,44.68728,-124.156658
2021-07-24T16:45:56.000,1.57,13.01,7.22,44.68728,-124.156658
2021-07-24T17:00:56.000,1.52,12.61,7.22,44.68728,-124.156658
2021-07-24T17:15:56.000,1.45,12.04,7.22,44.68728,-124.156658
2021-07-24T17:30:56.000,1.42,11.8,7.22,44.68728,-124.156658
2021-07-24T17:45:56.000,1.42,11.76,7.22,44.68728,-124.156658
2021-07-24T18:00:56.000,1.41,11.69,7.22,44.68728,-124.156658
2021-07-24T18:15:56.000,1.41,11.65,7.22,44.68728,-124.156658
2021-07-24T18:30:56.000,1.39,11.51,7.22,44.68728,-124.156658
2021-07-24T18:45:56.000,1.37,11.32,7.22,44.68728,-124.156658
2021-07-24T19:00:56.000,1.34,11.1,7.23,44.68728,-124.156658
2021-07-24T19:15:56.000,1.35,11.2,7.23,44.68728,-124.156658
2021-07-24T19:30:56.000,1.36,11.25,7.24,44.68728,-124.156658
2021-07-24T19:45:56.000,1.35,11.16,7.25,44.68728,-124.156658
2021-07-24T20:00:56.000,1.34,11.12,7.25,44.68728,-124.156658
2021-07-24T20:15:56.000,1.32,10.92,7.25,44.68728,-124.156658
2021-07-24T20:30:56.000,1.32,10.96,7.25,44.68728,-124.156658
2021-07-24T20:45:56.000,1.28,10.62,7.25,44.68728,-124.156658
2021-07-24T21:00:56.000,1.26,10.47,7.25,44.68728,-124.156658
2021-07-24T21:15:56.000,1.21,9.99,7.25,44.68728,-124.156658
2021-07-24T21:30:56.000,1.19,9.86,7.24,44.68728,-124.156658
2021-07-24T21:45:56.000,1.15,9.56,7.24,44.68728,-124.156658
2021-07-24T22:00:56.000,1.16,9.61,7.24,44.68728,-124.156658
2021-07-24T22:15:56.000,1.18,9.74,7.24,44.68728,-124.156658
2021-07-24T22:30:56.000,1.22,10.15,7.24,44.68728,-124.156658
2021-07-24T22:45:56.000,1.27,10.51,7.24,44.68728,-124.156658
2021-07-24T23:00:56.000,1.29,10.66,7.24,44.68728,-124.156658
2021-07-24T23:15:56.000,1.3,10.78,7.24,44.68728,-124.156658
2021-07-24T23:30:56.000,1.29,10.67,7.23,44.68728,-124.156658
2021-07-24T23:45:56.000,1.28,10.6,7.23,44.68728,-124.156658
2021-07-25T00:00:56.000,1.28,10.58,7.22,44.68728,-124.156658
2021-07-25T00:15:56.000,1.29,10.66,7.23,44.68728,-124.156658
2021-07-25T00:30:56.000,1.31,10.87,7.22,44.68728,-124.156658
2021-07-25T00:45:56.000,1.33,11.02,7.22,44.68728,-124.156658
2021-07-25T01:00:56.000,1.41,11.65,7.22,44.68728,-124.156658
2021-07-25T01:15:56.000,1.51,12.49,7.22,44.68728,-124.156658
2021-07-25T01:30:56.000,1.61,13.31,7.21,44.68728,-124.156658
2021-07-25T01:45:56.000,1.66,13.72,7.2,44.68728,-124.156658
2021-07-25T02:00:56.000,1.6,13.28,7.2,44.68728,-124.156658
2021-07-25T02:15:56.000,1.61,13.3,7.19,44.68728,-124.156658
2021-07-25T02:30:56.000,1.58,13.09,7.19,44.68728,-124.156658
2021-07-25T02:45:56.000,1.56,12.89,7.19,44.68728,-124.156658
2021-07-25T03:00:56.000,1.53,12.65,7.18,44.68728,-124.156658
2021-07-25T03:15:56.000,1.51,12.53,7.18,44.68728,-124.156658
2021-07-25T03:30:56.000,1.51,12.46,7.18,44.68728,-124.156658
2021-07-25T03:45:56.000,1.5,12.4,7.18,44.68728,-124.156658
2021-07-25T04:00:56.000,1.48,12.27,7.18,44.68728,-124.156658
2021-07-25T04:15:56.000,1.5,12.45,7.18,44.68728,-124.156658
2021-07-25T04:30:56.000,1.5,12.42,7.18,44.68728,-124.156658
2021-07-25T04:45:56.000,1.51,12.5,7.19,44.68728,-124.156658
2021-07-25T05:00:56.000,1.52,12.57,7.19,44.68728,-124.156658
2021-07-25T05:15:56.000,1.51,12.47,7.19,44.68728,-124.156658
2021-07-25T05:30:56.000,1.51,12.5,7.2,44.68728,-124.156658
2021-07-25T05:45:56.000,1.43,11.85,7.2,44.68728,-124.156658
2021-07-25T06:00:56.000,1.51,12.53,7.2,44.68728,-124.156658
2021-07-25T06:15:56.000,1.53,12.66,7.2,44.68728,-124.156658
2021-07-25T06:30:56.000,1.52,12.58,7.2,44.68728,-124.156658
2021-07-25T06:45:56.000,1.51,12.46,7.19,44.68728,-124.156658
2021-07-25T07:00:56.000,1.51,12.52,7.19,44.68728,-124.156658
2021-07-25T07:15:56.000,1.52,12.56,7.19,44.68728,-124.156658
2021-07-25T07:30:56.000,1.51,12.52,7.19,44.68728,-124.156658
2021-07-25T07:45:56.000,1.5,12.44,7.19,44.68728,-124.156658
2021-07-25T08:00:56.000,1.49,12.36,7.19,44.68728,-124.156658
2021-07-25T08:15:56.000,1.5,12.39,7.19,44.68728,-124.156658
2021-07-25T08:30:56.000,1.49,12.32,7.19,44.68728,-124.156658
2021-07-25T08:45:56.000,1.49,12.33,7.19,44.68728,-124.156658
2021-07-25T09:00:56.000,1.5,12.44,7.19,44.68728,-124.156658
2021-07-25T09:15:56.000,1.53,12.64,7.19,44.68728,-124.156658
2021-07-25T09:30:56.000,1.52,12.59,7.18,44.68728,-124.156658
2021-07-25T09:45:56.000,1.52,12.54,7.18,44.68728,-124.156658
2021-07-25T10:00:56.000,1.52,12.61,7.18,44.68728,-124.156658
2021-07-25T10:15:56.000,1.52,12.61,7.18,44.68728,-124.156658
2021-07-25T10:30:56.000,1.52,12.6,7.18,44.68728,-124.156658
2021-07-25T10:45:56.000,1.53,12.67,7.18,44.68728,-124.156658
2021-07-25T11:00:56.000,1.54,12.74,7.18,44.68728,-124.156658
2021-07-25T11:15:56.000,1.55,12.82,7.18,44.68728,-124.156658
2021-07-25T11:30:56.000,1.54,12.75,7.18,44.68728,-124.156658
2021-07-25T11:45:56.000,1.55,12.8,7.17,44.68728,-124.156658
2021-07-25T12:00:56.000,1.56,12.88,7.17,44.68728,-124.156658
2021-07-25T12:15:56.000,1.56,12.94,7.17,44.68728,-124.156658
2021-07-25T12:30:56.000,1.58,13.08,7.17,44.68728,-124.156658
2021-07-25T12:45:56.000,1.6,13.25,7.17,44.68728,-124.156658
2021-07-25T13:00:56.000,1.61,13.3,7.17,44.68728,-124.156658
2021-07-25T13:15:56.000,1.63,13.51,7.17,44.68728,-124.156658
2021-07-25T13:30:56.000,1.66,13.71,7.17,44.68728,-124.156658
2021-07-25T13:45:56.000,1.67,13.79,7.17,44.68728,-124.156658
2021-07-25T14:00:56.000,1.67,13.8,7.17,44.68728,-124.156658
2021-07-25T14:15:56.000,1.68,13.86,7.17,44.68728,-124.156658
2021-07-25T14:30:56.000,1.7,14.07,7.17,44.68728,-124.156658
2021-07-25T14:45:56.000,1.7,14.06,7.18,44.68728,-124.156658
2021-07-25T15:00:56.000,1.69,14.03,7.19,44.68728,-124.156658
2021-07-25T15:15:56.000,1.71,14.12,7.2,44.68728,-124.156658
2021-07-25T15:30:56.000,1.71,14.12,7.2,44.68728,-124.156658
2021-07-25T15:45:56.000,1.72,14.26,7.2,44.68728,-124.156658
2021-07-25T16:00:56.000,1.7,14.07,7.2,44.68728,-124.156658
2021-07-25T16:15:56.000,1.75,14.48,7.21,44.68728,-124.156658
2021-07-25T16:30:56.000,1.78,14.72,7.22,44.68728,-124.156658
2021-07-25T16:45:56.000,1.79,14.82,7.22,44.68728,-124.156658
2021-07-25T17:00:56.000,1.77,14.68,7.22,44.68728,-124.156658
2021-07-25T17:15:56.000,1.79,14.8,7.23,44.68728,-124.156658
2021-07-25T17:30:56.000,1.79,14.85,7.24,44.68728,-124.156658
2021-07-25T17:45:56.000,1.79,14.87,7.25,44.68728,-124.156658
2021-07-25T18:00:56.000,1.72,14.28,7.25,44.68728,-124.156658
2021-07-25T18:15:56.000,1.73,14.37,7.25,44.68728,-124.156658
2021-07-25T18:30:56.000,1.73,14.35,7.25,44.68728,-124.156658
2021-07-25T18:45:56.000,1.68,13.89,7.25,44.68728,-124.156658
2021-07-25T19:00:56.000,1.66,13.77,7.25,44.68728,-124.156658
2021-07-25T19:15:56.000,1.65,13.67,7.25,44.68728,-124.156658
2021-07-25T19:30:56.000,1.63,13.51,7.25,44.68728,-124.156658
2021-07-25T19:45:56.000,1.64,13.6,7.25,44.68728,-124.156658
2021-07-25T20:00:56.000,1.63,13.51,7.25,44.68728,-124.156658
2021-07-25T20:15:56.000,1.58,13.08,7.24,44.68728,-124.156658
2021-07-25T20:30:56.000,1.54,12.78,7.24,44.68728,-124.156658
2021-07-25T20:45:56.000,1.54,12.78,7.24,44.68728,-124.156658
2021-07-25T21:00:56.000,1.52,12.64,7.24,44.68728,-124.156658
2021-07-25T21:15:56.000,1.51,12.53,7.24,44.68728,-124.156658
2021-07-25T21:30:56.000,1.5,12.41,7.23,44.68728,-124.156658
2021-07-25T21:45:56.000,1.5,12.46,7.23,44.68728,-124.156658
2021-07-25T22:00:56.000,1.54,12.76,7.24,44.68728,-124.156658
2021-07-25T22:15:56.000,1.57,13.02,7.24,44.68728,-124.156658
2021-07-25T22:30:56.000,1.65,13.65,7.23,44.68728,-124.156658
2021-07-25T22:45:56.000,1.65,13.65,7.23,44.68728,-124.156658
2021-07-25T23:00:56.000,1.74,14.43,7.22,44.68728,-124.156658
2021-07-25T23:15:56.000,1.81,15.01,7.22,44.68728,-124.156658
2021-07-25T23:30:56.000,1.85,15.3,7.22,44.68728,-124.156658
2021-07-25T23:45:56.000,1.88,15.54,7.22,44.68728,-124.156658
2021-07-26T00:00:56.000,1.93,15.96,7.22,44.68728,-124.156658
2021-07-26T00:15:56.000,1.98,16.36,7.22,44.68728,-124.156658
2021-07-26T00:30:56.000,1.98,16.43,7.21,44.68728,-124.156658
2021-07-26T00:45:56.000,1.96,16.25,7.2,44.68728,-124.156658
2021-07-26T01:00:56.000,1.93,15.96,7.2,44.68728,-124.156658
2021-07-26T01:15:56.000,1.87,15.47,7.2,44.68728,-124.156658
2021-07-26T01:30:56.000,1.78,14.76,7.2,44.68728,-124.156658
2021-07-26T01:45:56.000,1.73,14.33,7.19,44.68728,-124.156658
2021-07-26T02:00:56.000,1.7,14.05,7.19,44.68728,-124.156658
2021-07-26T02:15:56.000,1.66,13.76,7.19,44.68728,-124.156658
2021-07-26T02:30:56.000,1.66,13.74,7.18,44.68728,-124.156658
2021-07-26T02:45:56.000,1.64,13.56,7.18,44.68728,-124.156658
2021-07-26T03:00:56.000,1.63,13.47,7.18,44.68728,-124.156658
2021-07-26T03:15:56.000,1.61,13.35,7.18,44.68728,-124.156658
2021-07-26T03:30:56.000,1.59,13.18,7.18,44.68728,-124.156658
2021-07-26T03:45:56.000,1.59,13.14,7.18,44.68728,-124.156658
2021-07-26T04:00:56.000,1.56,12.91,7.18,44.68728,-124.156658
2021-07-26T04:15:56.000,1.58,13.1,7.18,44.68728,-124.156658
2021-07-26T04:30:56.000,1.59,13.16,7.19,44.68728,-124.156658
2021-07-26T04:45:56.000,1.59,13.17,7.19,44.68728,-124.156658
2021-07-26T05:00:56.000,1.58,13.11,7.19,44.68728,-124.156658
2021-07-26T05:15:56.000,1.59,13.14,7.19,44.68728,-124.156658
2021-07-26T05:30:56.000,1.59,13.12,7.19,44.68728,-124.156658
2021-07-26T05:45:56.000,1.58,13.11,7.19,44.68728,-124.156658
2021-07-26T06:00:56.000,1.57,13.04,7.19,44.68728,-124.156658
2021-07-26T06:15:56.000,1.32,10.96,7.19,44.68728,-124.156658
2021-07-26T06:30:56.000,1.57,13,7.18,44.68728,-124.156658
2021-07-26T06:45:56.000,1.55,12.86,7.18,44.68728,-124.156658
2021-07-26T07:00:56.000,1.51,12.5,7.17,44.68728,-124.156658
2021-07-26T07:15:56.000,1.53,12.7,7.17,44.68728,-124.156658
2021-07-26T07:30:56.000,1.53,12.65,7.17,44.68728,-124.156658
2021-07-26T07:45:56.000,1.53,12.66,7.17,44.68728,-124.156658
2021-07-26T08:00:56.000,1.52,12.56,7.17,44.68728,-124.156658
2021-07-26T08:15:56.000,1.48,12.27,7.17,44.68728,-124.156658
2021-07-26T08:30:56.000,1.51,12.48,7.17,44.68728,-124.156658
2021-07-26T08:45:56.000,1.52,12.61,7.17,44.68728,-124.156658
2021-07-26T09:00:56.000,1.5,12.43,7.17,44.68728,-124.156658
2021-07-26T09:15:56.000,1.52,12.59,7.17,44.68728,-124.156658
2021-07-26T09:30:56.000,1.52,12.58,7.17,44.68728,-124.156658
2021-07-26T09:45:56.000,1.53,12.64,7.17,44.68728,-124.156658
2021-07-26T10:00:56.000,1.53,12.66,7.17,44.68728,-124.156658
2021-07-26T10:15:56.000,1.52,12.57,7.17,44.68728,-124.156658
2021-07-26T10:30:56.000,1.49,12.36,7.17,44.68728,-124.156658
2021-07-26T10:45:56.000,1.5,12.45,7.17,44.68728,-124.156658
2021-07-26T11:00:56.000,1.49,12.36,7.17,44.68728,-124.156658
2021-07-26T11:15:56.000,1.49,12.37,7.17,44.68728,-124.156658
2021-07-26T11:30:56.000,1.5,12.39,7.17,44.68728,-124.156658
2021-07-26T11:45:56.000,1.5,12.4,7.17,44.68728,-124.156658
2021-07-26T12:00:56.000,1.49,12.35,7.17,44.68728,-124.156658
2021-07-26T12:15:56.000,1.49,12.31,7.17,44.68728,-124.156658
2021-07-26T12:30:56.000,1.48,12.27,7.17,44.68728,-124.156658
2021-07-26T12:45:56.000,1.47,12.18,7.17,44.68728,-124.156658
2021-07-26T13:00:56.000,1.44,11.9,7.17,44.68728,-124.156658
2021-07-26T13:15:56.000,1.47,12.13,7.17,44.68728,-124.156658
2021-07-26T13:30:56.000,1.47,12.19,7.17,44.68728,-124.156658
2021-07-26T13:45:56.000,1.47,12.13,7.17,44.68728,-124.156658
2021-07-26T14:00:56.000,1.45,12.04,7.17,44.68728,-124.156658
2021-07-26T14:15:56.000,1.46,12.07,7.17,44.68728,-124.156658
2021-07-26T14:30:56.000,1.45,12.03,7.17,44.68728,-124.156658
2021-07-26T14:45:56.000,1.44,11.94,7.18,44.68728,-124.156658
2021-07-26T15:00:56.000,1.47,12.19,7.18,44.68728,-124.156658
2021-07-26T15:15:56.000,1.49,12.37,7.19,44.68728,-124.156658
2021-07-26T15:30:56.000,1.51,12.51,7.2,44.68728,-124.156658
2021-07-26T15:45:56.000,1.51,12.51,7.2,44.68728,-124.156658
2021-07-26T16:00:56.000,1.52,12.61,7.22,44.68728,-124.156658
2021-07-26T16:15:56.000,1.53,12.65,7.21,44.68728,-124.156658
2021-07-26T16:30:56.000,1.62,13.43,7.22,44.68728,-124.156658
2021-07-26T16:45:56.000,1.68,13.9,7.22,44.68728,-124.156658
2021-07-26T17:00:56.000,1.63,13.5,7.22,44.68728,-124.156658
2021-07-26T17:15:56.000,1.68,13.95,7.22,44.68728,-124.156658
2021-07-26T17:30:56.000,1.74,14.38,7.22,44.68728,-124.156658
2021-07-26T17:45:56.000,1.75,14.5,7.22,44.68728,-124.156658
2021-07-26T18:00:56.000,1.7,14.11,7.21,44.68728,-124.156658
2021-07-26T18:15:56.000,1.81,15,7.22,44.68728,-124.156658
2021-07-26T18:30:56.000,1.8,14.9,7.22,44.68728,-124.156658
2021-07-26T18:45:56.000,1.84,15.27,7.22,44.68728,-124.156658
2021-07-26T19:00:56.000,1.88,15.54,7.22,44.68728,-124.156658
2021-07-26T19:15:56.000,1.86,15.44,7.22,44.68728,-124.156658
2021-07-26T19:30:56.000,1.85,15.32,7.22,44.68728,-124.156658
2021-07-26T19:45:56.000,1.82,15.11,7.22,44.68728,-124.156658
2021-07-26T20:00:56.000,1.84,15.22,7.22,44.68728,-124.156658
2021-07-26T20:15:56.000,1.86,15.37,7.22,44.68728,-124.156658
2021-07-26T20:30:56.000,1.85,15.34,7.22,44.68728,-124.156658
2021-07-26T20:45:56.000,1.84,15.24,7.22,44.68728,-124.156658
2021-07-26T21:00:56.000,1.85,15.34,7.22,44.68728,-124.156658
2021-07-26T21:15:56.000,1.88,15.61,7.22,44.68728,-124.156658
2021-07-26T21:30:56.000,1.85,15.34,7.22,44.68728,-124.156658
2021-07-26T21:45:56.000,1.84,15.27,7.22,44.68728,-124.156658
2021-07-26T22:00:56.000,1.8,14.9,7.22,44.68728,-124.156658
2021-07-26T22:15:56.000,1.77,14.66,7.22,44.68728,-124.156658
2021-07-26T22:30:56.000,1.75,14.49,7.22,44.68728,-124.156658
2021-07-26T22:45:56.000,1.71,14.2,7.22,44.68728,-124.156658
2021-07-26T23:00:56.000,1.71,14.2,7.22,44.68728,-124.156658
2021-07-26T23:15:56.000,1.69,14.03,7.22,44.68728,-124.156658
2021-07-26T23:30:56.000,1.25,10.37,7.22,44.68728,-124.156658
2021-07-26T23:45:56.000,1.72,14.29,7.22,44.68728,-124.156658
2021-07-27T00:00:56.000,1.73,14.31,7.22,44.68728,-124.156658
2021-07-27T00:15:56.000,1.73,14.37,7.22,44.68728,-124.156658
2021-07-27T00:30:56.000,1.75,14.46,7.22,44.68728,-124.156658
2021-07-27T00:45:56.000,1.74,14.45,7.22,44.68728,-124.156658
2021-07-27T01:00:56.000,1.73,14.34,7.22,44.68728,-124.156658
2021-07-27T01:15:56.000,1.75,14.5,7.22,44.68728,-124.156658
2021-07-27T01:30:56.000,1.75,14.52,7.23,44.68728,-124.156658
2021-07-27T01:45:56.000,1.76,14.56,7.22,44.68728,-124.156658
2021-07-27T02:00:56.000,1.75,14.52,7.22,44.68728,-124.156658
2021-07-27T02:15:56.000,1.77,14.69,7.22,44.68728,-124.156658
2021-07-27T02:30:56.000,1.77,14.63,7.22,44.68728,-124.156658
2021-07-27T02:45:56.000,1.73,14.35,7.22,44.68728,-124.156658
2021-07-27T03:00:56.000,1.78,14.76,7.22,44.68728,-124.156658
2021-07-27T03:15:56.000,1.22,10.08,7.22,44.68728,-124.156658
2021-07-27T03:30:56.000,1.13,9.38,7.22,44.68728,-124.156658
2021-07-27T03:45:56.000,1.23,10.18,7.22,44.68728,-124.156658
2021-07-27T04:00:56.000,1.73,14.3,7.22,44.68728,-124.156658
2021-07-27T04:15:56.000,1.65,13.68,7.22,44.68728,-124.156658
2021-07-27T04:30:56.000,1.34,11.09,7.22,44.68728,-124.156658
2021-07-27T04:45:56.000,1.54,12.77,7.22,44.68728,-124.156658
2021-07-27T05:00:56.000,1.57,12.96,7.22,44.68728,-124.156658
2021-07-27T05:15:56.000,1.87,15.47,7.22,44.68728,-124.156658
2021-07-27T05:30:56.000,1.9,15.75,7.22,44.68728,-124.156658
2021-07-27T05:45:56.000,1.94,16.06,7.23,44.68728,-124.156658
2021-07-27T06:00:56.000,1.93,15.97,7.23,44.68728,-124.156658
2021-07-27T06:15:56.000,1.93,16,7.23,44.68728,-124.156658
2021-07-27T06:30:56.000,1.94,16.04,7.23,44.68728,-124.156658
2021-07-27T06:45:56.000,1.89,15.68,7.23,44.68728,-124.156658
2021-07-27T07:00:56.000,1.94,16.04,7.22,44.68728,-124.156658
2021-07-27T07:15:56.000,1.95,16.19,7.22,44.68728,-124.156658
2021-07-27T07:30:56.000,1.94,16.1,7.22,44.68728,-124.156658
2021-07-27T07:45:56.000,1.95,16.16,7.22,44.68728,-124.156658
2021-07-27T08:00:56.000,1.97,16.31,7.22,44.68728,-124.156658
2021-07-27T08:15:56.000,1.96,16.22,7.22,44.68728,-124.156658
2021-07-27T08:30:56.000,2,16.54,7.22,44.68728,-124.156658
2021-07-27T08:45:56.000,2,16.56,7.22,44.68728,-124.156658
2021-07-27T09:00:56.000,2.03,16.86,7.23,44.68728,-124.156658
2021-07-27T09:15:56.000,2.02,16.77,7.23,44.68728,-124.156658
2021-07-27T09:30:56.000,2.02,16.77,7.23,44.68728,-124.156658
2021-07-27T09:45:56.000,2.02,16.72,7.23,44.68728,-124.156658
2021-07-27T10:00:56.000,2.03,16.81,7.22,44.68728,-124.156658
2021-07-27T10:15:56.000,2.05,17.01,7.22,44.68728,-124.156658
2021-07-27T10:30:56.000,2.06,17.06,7.22,44.68728,-124.156658
2021-07-27T10:45:56.000,2.06,17.06,7.22,44.68728,-124.156658
2021-07-27T11:00:56.000,2.06,17.08,7.22,44.68728,-124.156658
2021-07-27T11:15:56.000,2.07,17.11,7.22,44.68728,-124.156658
2021-07-27T11:30:56.000,2.07,17.19,7.22,44.68728,-124.156658
2021-07-27T11:45:56.000,2.08,17.26,7.23,44.68728,-124.156658
2021-07-27T12:00:56.000,2.1,17.4,7.22,44.68728,-124.156658
2021-07-27T12:15:56.000,2.01,16.69,7.22,44.68728,-124.156658
2021-07-27T12:30:56.000,2.09,17.34,7.23,44.68728,-124.156658
2021-07-27T12:45:56.000,2.12,17.53,7.23,44.68728,-124.156658
2021-07-27T13:00:56.000,2.1,17.42,7.23,44.68728,-124.156658
2021-07-27T13:15:56.000,2.1,17.41,7.23,44.68728,-124.156658
2021-07-27T13:30:56.000,2.12,17.53,7.23,44.68728,-124.156658
2021-07-27T13:45:56.000,2.11,17.49,7.23,44.68728,-124.156658
2021-07-27T14:00:56.000,2.11,17.52,7.23,44.68728,-124.156658
2021-07-27T14:15:56.000,2.12,17.58,7.23,44.68728,-124.156658
2021-07-27T14:30:56.000,2.11,17.49,7.23,44.68728,-124.156658
2021-07-27T14:45:56.000,2.07,17.16,7.23,44.68728,-124.156658
2021-07-27T15:00:56.000,2.12,17.6,7.23,44.68728,-124.156658
2021-07-27T15:15:56.000,2.14,17.72,7.24,44.68728,-124.156658
2021-07-27T15:30:56.000,2.15,17.78,7.23,44.68728,-124.156658
2021-07-27T15:45:56.000,2.13,17.63,7.24,44.68728,-124.156658
2021-07-27T16:00:56.000,2.17,18,7.24,44.68728,-124.156658
2021-07-27T16:15:56.000,2.15,17.84,7.24,44.68728,-124.156658
2021-07-27T16:30:56.000,2.19,18.14,7.24,44.68728,-124.156658
2021-07-27T16:45:56.000,2.21,18.28,7.25,44.68728,-124.156658
2021-07-27T17:00:56.000,2.2,18.26,7.25,44.68728,-124.156658
2021-07-27T17:15:56.000,2.19,18.19,7.25,44.68728,-124.156658
2021-07-27T17:30:56.000,2.18,18.09,7.24,44.68728,-124.156658
2021-07-27T17:45:56.000,2.19,18.14,7.24,44.68728,-124.156658
2021-07-27T18:00:56.000,2.18,18.06,7.25,44.68728,-124.156658
2021-07-27T18:15:56.000,2.2,18.22,7.24,44.68728,-124.156658
2021-07-27T18:30:56.000,2.18,18.09,7.25,44.68728,-124.156658
2021-07-27T18:45:56.000,2.18,18.05,7.25,44.68728,-124.156658
2021-07-27T19:00:56.000,2.16,17.89,7.24,44.68728,-124.156658
2021-07-27T19:15:56.000,2.15,17.8,7.24,44.68728,-124.156658
2021-07-27T19:30:56.000,2.12,17.54,7.23,44.68728,-124.156658
2021-07-27T19:45:56.000,2.11,17.51,7.23,44.68728,-124.156658
2021-07-27T20:00:56.000,2.11,17.51,7.22,44.68728,-124.156658
2021-07-27T20:15:56.000,2.1,17.43,7.22,44.68728,-124.156658
2021-07-27T20:30:56.000,2.09,17.35,7.22,44.68728,-124.156658
2021-07-27T20:45:56.000,2.09,17.28,7.22,44.68728,-124.156658
2021-07-27T21:00:56.000,2.08,17.2,7.22,44.68728,-124.156658
2021-07-27T21:15:56.000,2.1,17.4,7.22,44.68728,-124.156658
2021-07-27T21:30:56.000,2.06,17.07,7.22,44.68728,-124.156658
2021-07-27T21:45:56.000,2.07,17.19,7.22,44.68728,-124.156658
2021-07-27T22:00:56.000,2.08,17.27,7.22,44.68728,-124.156658
2021-07-27T22:15:56.000,2.07,17.18,7.22,44.68728,-124.156658
2021-07-27T22:30:56.000,2.07,17.18,7.22,44.68728,-124.156658
2021-07-27T22:45:56.000,2.06,17.09,7.22,44.68728,-124.156658
2021-07-27T23:00:56.000,2.06,17.08,7.22,44.68728,-124.156658
2021-07-27T23:15:56.000,2.07,17.12,7.22,44.68728,-124.156658
2021-07-27T23:30:56.000,2.06,17.1,7.22,44.68728,-124.156658
2021-07-27T23:45:56.000,2.06,17.03,7.22,44.68728,-124.156658
2021-07-28T00:00:56.000,2.04,16.87,7.22,44.68728,-124.156658
2021-07-28T00:15:56.000,2.06,17.09,7.22,44.68728,-124.156658
2021-07-28T00:30:56.000,2.07,17.11,7.22,44.68728,-124.156658
2021-07-28T00:45:56.000,2.05,17.02,7.22,44.68728,-124.156658
2021-07-28T01:00:56.000,2.05,16.96,7.22,44.68728,-124.156658
2021-07-28T01:15:56.000,2.04,16.88,7.22,44.68728,-124.156658
2021-07-28T01:30:56.000,2.03,16.84,7.22,44.68728,-124.156658
2021-07-28T01:45:56.000,2.02,16.76,7.22,44.68728,-124.156658
2021-07-28T02:00:56.000,2.01,16.68,7.22,44.68728,-124.156658
2021-07-28T02:15:56.000,2.02,16.71,7.22,44.68728,-124.156658
2021-07-28T02:30:56.000,2.01,16.67,7.22,44.68728,-124.156658
2021-07-28T02:45:56.000,2.03,16.79,7.22,44.68728,-124.156658
2021-07-28T03:00:56.000,2.03,16.84,7.22,44.68728,-124.156658
2021-07-28T03:15:56.000,2.05,16.95,7.22,44.68728,-124.156658
2021-07-28T03:30:56.000,2.05,17,7.22,44.68728,-124.156658
2021-07-28T03:45:56.000,2.02,16.72,7.22,44.68728,-124.156658
2021-07-28T04:00:56.000,2.04,16.91,7.22,44.68728,-124.156658
2021-07-28T04:15:56.000,2.05,17.01,7.22,44.68728,-124.156658
2021-07-28T04:30:56.000,2.03,16.84,7.22,44.68728,-124.156658
2021-07-28T04:45:56.000,2.06,17.03,7.22,44.68728,-124.156658
2021-07-28T05:00:56.000,2.06,17.08,7.22,44.68728,-124.156658
2021-07-28T05:15:56.000,2.05,16.96,7.22,44.68728,-124.156658
2021-07-28T05:30:56.000,2.06,17.05,7.22,44.68728,-124.156658
2021-07-28T05:45:56.000,2.04,16.9,7.22,44.68728,-124.156658
2021-07-28T06:00:56.000,2.06,17.1,7.22,44.68728,-124.156658
2021-07-28T06:15:56.000,2.02,16.77,7.22,44.68728,-124.156658
2021-07-28T06:30:56.000,2.04,16.88,7.22,44.68728,-124.156658
2021-07-28T06:45:56.000,2.06,17.09,7.22,44.68728,-124.156658
2021-07-28T07:00:56.000,2.07,17.18,7.23,44.68728,-124.156658
2021-07-28T07:15:56.000,2.06,17.07,7.23,44.68728,-124.156658
2021-07-28T07:30:56.000,2.01,16.63,7.23,44.68728,-124.156658
2021-07-28T07:45:56.000,2.05,16.98,7.23,44.68728,-124.156658
2021-07-28T08:00:56.000,2.07,17.13,7.23,44.68728,-124.156658
2021-07-28T08:15:56.000,2.07,17.11,7.23,44.68728,-124.156658
2021-07-28T08:30:56.000,2.07,17.14,7.24,44.68728,-124.156658
2021-07-28T08:45:56.000,2.09,17.3,7.24,44.68728,-124.156658
2021-07-28T09:00:56.000,2.07,17.15,7.24,44.68728,-124.156658
2021-07-28T09:15:56.000,2.08,17.25,7.24,44.68728,-124.156658
2021-07-28T09:30:56.000,2.07,17.17,7.24,44.68728,-124.156658
2021-07-28T09:45:56.000,2.08,17.25,7.24,44.68728,-124.156658
2021-07-28T10:00:56.000,2.09,17.3,7.24,44.68728,-124.156658
2021-07-28T10:15:56.000,2.06,17.07,7.25,44.68728,-124.156658
2021-07-28T10:30:56.000,2.08,17.21,7.25,44.68728,-124.156658
2021-07-28T10:45:56.000,2.09,17.32,7.25,44.68728,-124.156658
2021-07-28T11:00:56.000,2.09,17.31,7.25,44.68728,-124.156658
2021-07-28T11:15:56.000,2.09,17.28,7.25,44.68728,-124.156658
2021-07-28T11:30:56.000,2.06,17.1,7.25,44.68728,-124.156658
2021-07-28T11:45:56.000,2.06,17.05,7.25,44.68728,-124.156658
2021-07-28T12:00:56.000,2.07,17.16,7.25,44.68728,-124.156658
2021-07-28T12:15:56.000,2.06,17.09,7.25,44.68728,-124.156658
2021-07-28T12:30:56.000,2.06,17.11,7.25,44.68728,-124.156658
2021-07-28T12:45:56.000,2.06,17.06,7.25,44.68728,-124.156658
2021-07-28T13:00:56.000,2.04,16.89,7.25,44.68728,-124.156658
2021-07-28T13:15:56.000,2.02,16.75,7.25,44.68728,-124.156658
2021-07-28T13:30:56.000,2.02,16.71,7.25,44.68728,-124.156658
2021-07-28T13:45:56.000,1.86,15.44,7.25,44.68728,-124.156658
2021-07-28T14:00:56.000,1.99,16.52,7.25,44.68728,-124.156658
2021-07-28T14:15:56.000,1.98,16.44,7.25,44.68728,-124.156658
2021-07-28T14:30:56.000,1.89,15.71,7.24,44.68728,-124.156658
2021-07-28T14:45:56.000,1.93,15.99,7.24,44.68728,-124.156658
2021-07-28T15:00:56.000,2.01,16.62,7.25,44.68728,-124.156658
2021-07-28T15:15:56.000,2.03,16.83,7.25,44.68728,-124.156658
2021-07-28T15:30:56.000,2.02,16.73,7.25,44.68728,-124.156658
2021-07-28T15:45:56.000,2.04,16.88,7.25,44.68728,-124.156658
2021-07-28T16:00:56.000,2.04,16.94,7.25,44.68728,-124.156658
2021-07-28T16:15:56.000,2.04,16.92,7.25,44.68728,-124.156658
2021-07-28T16:30:56.000,2.04,16.95,7.25,44.68728,-124.156658
2021-07-28T16:45:56.000,2.07,17.12,7.25,44.68728,-124.156658
2021-07-28T17:00:56.000,2.08,17.21,7.25,44.68728,-124.156658
2021-07-28T17:15:56.000,2.08,17.23,7.25,44.68728,-124.156658
2021-07-28T17:30:56.000,2.08,17.21,7.25,44.68728,-124.156658
2021-07-28T17:45:56.000,2.07,17.18,7.25,44.68728,-124.156658
2021-07-28T18:00:56.000,2.07,17.16,7.25,44.68728,-124.156658
2021-07-28T18:15:56.000,2.05,17,7.25,44.68728,-124.156658
2021-07-28T18:30:56.000,2.05,17.03,7.25,44.68728,-124.156658
2021-07-28T18:45:56.000,1.87,15.5,7.25,44.68728,-124.156658
2021-07-28T19:00:56.000,2.03,16.8,7.25,44.68728,-124.156658
2021-07-28T19:15:56.000,1.99,16.54,7.25,44.68728,-124.156658
2021-07-28T19:30:56.000,2.06,17.05,7.25,44.68728,-124.156658
2021-07-28T19:45:56.000,2.06,17.09,7.25,44.68728,-124.156658
2021-07-28T20:00:56.000,2.06,17.09,7.26,44.68728,-124.156658
2021-07-28T20:15:56.000,2.05,17.04,7.26,44.68728,-124.156658
2021-07-28T20:30:56.000,2.03,16.82,7.26,44.68728,-124.156658
2021-07-28T20:45:56.000,2.03,16.87,7.26,44.68728,-124.156658
2021-07-28T21:00:56.000,2.04,16.92,7.26,44.68728,-124.156658
2021-07-28T21:15:56.000,2.03,16.81,7.27,44.68728,-124.156658
2021-07-28T21:30:56.000,2.06,17.07,7.27,44.68728,-124.156658
2021-07-28T21:45:56.000,2.02,16.74,7.27,44.68728,-124.156658
2021-07-28T22:00:56.000,2.02,16.73,7.27,44.68728,-124.156658
2021-07-28T22:15:56.000,2.04,16.95,7.27,44.68728,-124.156658
2021-07-28T22:30:56.000,2,16.57,7.27,44.68728,-124.156658
2021-07-28T22:45:56.000,2.03,16.81,7.27,44.68728,-124.156658
2021-07-28T23:00:56.000,2.01,16.64,7.27,44.68728,-124.156658
2021-07-28T23:15:56.000,2.04,16.9,7.27,44.68728,-124.156658
2021-07-28T23:30:56.000,2.02,16.79,7.27,44.68728,-124.156658
2021-07-28T23:45:56.000,2.01,16.66,7.27,44.68728,-124.156658
2021-07-29T00:00:56.000,2.02,16.75,7.27,44.68728,-124.156658
2021-07-29T00:15:56.000,2,16.57,7.27,44.68728,-124.156658
2021-07-29T00:30:56.000,1.97,16.34,7.26,44.68728,-124.156658
2021-07-29T00:45:56.000,1.96,16.26,7.26,44.68728,-124.156658
2021-07-29T01:00:56.000,1.95,16.17,7.26,44.68728,-124.156658
2021-07-29T01:15:56.000,1.93,16.01,7.27,44.68728,-124.156658
2021-07-29T01:30:56.000,1.94,16.1,7.27,44.68728,-124.156658
2021-07-29T01:45:56.000,1.95,16.18,7.26,44.68728,-124.156658
2021-07-29T02:00:56.000,1.99,16.48,7.26,44.68728,-124.156658
2021-07-29T02:15:56.000,1.98,16.43,7.26,44.68728,-124.156658
2021-07-29T02:30:56.000,1.97,16.36,7.25,44.68728,-124.156658
2021-07-29T02:45:56.000,1.93,15.97,7.25,44.68728,-124.156658
2021-07-29T03:00:56.000,1.96,16.26,7.25,44.68728,-124.156658
2021-07-29T03:15:56.000,1.94,16.08,7.25,44.68728,-124.156658
2021-07-29T03:30:56.000,1.96,16.27,7.25,44.68728,-124.156658
2021-07-29T03:45:56.000,1.96,16.26,7.25,44.68728,-124.156658
2021-07-29T04:00:56.000,1.9,15.78,7.25,44.68728,-124.156658
2021-07-29T04:15:56.000,1.95,16.17,7.25,44.68728,-124.156658
2021-07-29T04:30:56.000,1.89,15.69,7.25,44.68728,-124.156658
2021-07-29T04:45:56.000,1.92,15.88,7.25,44.68728,-124.156658
2021-07-29T05:00:56.000,1.9,15.76,7.25,44.68728,-124.156658
2021-07-29T05:15:56.000,1.84,15.23,7.25,44.68728,-124.156658
2021-07-29T05:30:56.000,1.91,15.87,7.25,44.68728,-124.156658
2021-07-29T05:45:56.000,1.91,15.86,7.25,44.68728,-124.156658
2021-07-29T06:00:56.000,1.86,15.41,7.25,44.68728,-124.156658
2021-07-29T06:15:56.000,1.94,16.09,7.25,44.68728,-124.156658
2021-07-29T06:30:56.000,1.93,16.04,7.25,44.68728,-124.156658
2021-07-29T06:45:56.000,1.89,15.67,7.25,44.68728,-124.156658
2021-07-29T07:00:56.000,1.93,15.98,7.25,44.68728,-124.156658
2021-07-29T07:15:56.000,1.9,15.77,7.25,44.68728,-124.156658
2021-07-29T07:30:56.000,1.87,15.47,7.25,44.68728,-124.156658
2021-07-29T07:45:56.000,1.92,15.89,7.25,44.68728,-124.156658
2021-07-29T08:00:56.000,1.93,16.02,7.25,44.68728,-124.156658
2021-07-29T08:15:56.000,1.91,15.84,7.25,44.68728,-124.156658
2021-07-29T08:30:56.000,1.95,16.19,7.25,44.68728,-124.156658
2021-07-29T08:45:56.000,1.95,16.16,7.25,44.68728,-124.156658
2021-07-29T09:00:56.000,1.95,16.13,7.25,44.68728,-124.156658
2021-07-29T09:15:56.000,1.96,16.28,7.25,44.68728,-124.156658
2021-07-29T09:30:56.000,1.95,16.18,7.25,44.68728,-124.156658
2021-07-29T09:45:56.000,1.97,16.31,7.25,44.68728,-124.156658
2021-07-29T10:00:56.000,1.99,16.47,7.25,44.68728,-124.156658
2021-07-29T10:15:56.000,2,16.57,7.25,44.68728,-124.156658
2021-07-29T10:30:56.000,1.99,16.5,7.25,44.68728,-124.156658
2021-07-29T10:45:56.000,2,16.57,7.25,44.68728,-124.156658
2021-07-29T11:00:56.000,2,16.54,7.25,44.68728,-124.156658
2021-07-29T11:15:56.000,2.01,16.7,7.26,44.68728,-124.156658
2021-07-29T11:30:56.000,2.02,16.77,7.26,44.68728,-124.156658
2021-07-29T11:45:56.000,2.05,16.97,7.26,44.68728,-124.156658
2021-07-29T12:00:56.000,2.04,16.89,7.26,44.68728,-124.156658
2021-07-29T12:15:56.000,2.06,17.1,7.27,44.68728,-124.156658
2021-07-29T12:30:56.000,2.07,17.15,7.27,44.68728,-124.156658
2021-07-29T12:45:56.000,2.05,16.97,7.27,44.68728,-124.156658
2021-07-29T13:00:56.000,2.07,17.16,7.27,44.68728,-124.156658
2021-07-29T13:15:56.000,2.1,17.42,7.27,44.68728,-124.156658
2021-07-29T13:30:56.000,2.11,17.48,7.27,44.68728,-124.156658
2021-07-29T13:45:56.000,2.1,17.41,7.27,44.68728,-124.156658
2021-07-29T14:00:56.000,2.11,17.51,7.27,44.68728,-124.156658
2021-07-29T14:15:56.000,2.12,17.56,7.27,44.68728,-124.156658
2021-07-29T14:30:56.000,2.07,17.19,7.27,44.68728,-124.156658
2021-07-29T14:45:56.000,2.13,17.66,7.27,44.68728,-124.156658
2021-07-29T15:00:56.000,2.13,17.7,7.27,44.68728,-124.156658
2021-07-29T15:15:56.000,2.11,17.54,7.27,44.68728,-124.156658
2021-07-29T15:30:56.000,2.14,17.76,7.27,44.68728,-124.156658
2021-07-29T15:45:56.000,2.15,17.83,7.27,44.68728,-124.156658
2021-07-29T16:00:56.000,2.06,17.11,7.27,44.68728,-124.156658
2021-07-29T16:15:56.000,2.12,17.58,7.27,44.68728,-124.156658
2021-07-29T16:30:56.000,2.09,17.32,7.27,44.68728,-124.156658
2021-07-29T16:45:56.000,2.11,17.53,7.27,44.68728,-124.156658
2021-07-29T17:00:56.000,2.09,17.37,7.27,44.68728,-124.156658
2021-07-29T17:15:56.000,2.04,16.96,7.28,44.68728,-124.156658
2021-07-29T17:30:56.000,2.13,17.65,7.28,44.68728,-124.156658
2021-07-29T17:45:56.000,2.07,17.18,7.28,44.68728,-124.156658
2021-07-29T18:00:56.000,2.13,17.63,7.28,44.68728,-124.156658
2021-07-29T18:15:56.000,2.14,17.73,7.28,44.68728,-124.156658
2021-07-29T18:30:56.000,2.13,17.7,7.29,44.68728,-124.156658
2021-07-29T18:45:56.000,2.17,18.01,7.29,44.68728,-124.156658
2021-07-29T19:00:56.000,2.14,17.75,7.29,44.68728,-124.156658
2021-07-29T19:15:56.000,2.16,17.96,7.29,44.68728,-124.156658
2021-07-29T19:30:56.000,2.14,17.8,7.29,44.68728,-124.156658
2021-07-29T19:45:56.000,2.15,17.81,7.29,44.68728,-124.156658
2021-07-29T20:00:56.000,2.13,17.7,7.29,44.68728,-124.156658
2021-07-29T20:15:56.000,2.11,17.5,7.29,44.68728,-124.156658
2021-07-29T20:30:56.000,2.14,17.77,7.29,44.68728,-124.156658
2021-07-29T20:45:56.000,2.15,17.86,7.29,44.68728,-124.156658
2021-07-29T21:00:56.000,2.09,17.3,7.29,44.68728,-124.156658
2021-07-29T21:15:56.000,2.09,17.38,7.29,44.68728,-124.156658
2021-07-29T21:30:56.000,2.12,17.63,7.29,44.68728,-124.156658
2021-07-29T21:45:56.000,2.12,17.59,7.29,44.68728,-124.156658
2021-07-29T22:00:56.000,2.12,17.56,7.29,44.68728,-124.156658
2021-07-29T22:15:56.000,2.1,17.43,7.29,44.68728,-124.156658
2021-07-29T22:30:56.000,2.09,17.33,7.29,44.68728,-124.156658
2021-07-29T22:45:56.000,2.1,17.4,7.29,44.68728,-124.156658
2021-07-29T23:00:56.000,2.09,17.3,7.29,44.68728,-124.156658
2021-07-29T23:15:56.000,2.09,17.34,7.29,44.68728,-124.156658
2021-07-29T23:30:56.000,2.08,17.28,7.29,44.68728,-124.156658
2021-07-29T23:45:56.000,2.07,17.15,7.29,44.68728,-124.156658
2021-07-30T00:00:56.000,2.07,17.15,7.29,44.68728,-124.156658
2021-07-30T00:15:56.000,2.06,17.13,7.29,44.68728,-124.156658
2021-07-30T00:30:56.000,2.11,17.47,7.29,44.68728,-124.156658
2021-07-30T00:45:56.000,2.08,17.28,7.29,44.68728,-124.156658
2021-07-30T01:00:56.000,2.07,17.21,7.29,44.68728,-124.156658
2021-07-30T01:15:56.000,2.07,17.16,7.29,44.68728,-124.156658
2021-07-30T01:30:56.000,2.04,16.94,7.29,44.68728,-124.156658
2021-07-30T01:45:56.000,2.07,17.17,7.29,44.68728,-124.156658
2021-07-30T02:00:56.000,2.06,17.13,7.29,44.68728,-124.156658
2021-07-30T02:15:56.000,2.05,17.01,7.29,44.68728,-124.156658
2021-07-30T02:30:56.000,2.09,17.31,7.29,44.68728,-124.156658
2021-07-30T02:45:56.000,2.08,17.24,7.28,44.68728,-124.156658
2021-07-30T03:00:56.000,2.07,17.15,7.29,44.68728,-124.156658
2021-07-30T03:15:56.000,2.06,17.12,7.29,44.68728,-124.156658
2021-07-30T03:30:56.000,2.03,16.84,7.29,44.68728,-124.156658
2021-07-30T03:45:56.000,2.07,17.17,7.29,44.68728,-124.156658
2021-07-30T04:00:56.000,2.03,16.86,7.29,44.68728,-124.156658
2021-07-30T04:15:56.000,2.05,16.99,7.28,44.68728,-124.156658
2021-07-30T04:30:56.000,2.05,16.97,7.28,44.68728,-124.156658
2021-07-30T04:45:56.000,2.01,16.66,7.28,44.68728,-124.156658
2021-07-30T05:00:56.000,1.99,16.5,7.28,44.68728,-124.156658
2021-07-30T05:15:56.000,2,16.59,7.28,44.68728,-124.156658
2021-07-30T05:30:56.000,2.01,16.67,7.28,44.68728,-124.156658
2021-07-30T05:45:56.000,2,16.57,7.28,44.68728,-124.156658
2021-07-30T06:00:56.000,2.01,16.71,7.28,44.68728,-124.156658
2021-07-30T06:15:56.000,2.01,16.68,7.29,44.68728,-124.156658
2021-07-30T06:30:56.000,1.99,16.51,7.29,44.68728,-124.156658
2021-07-30T06:45:56.000,2.03,16.82,7.29,44.68728,-124.156658
2021-07-30T07:00:56.000,2.03,16.86,7.29,44.68728,-124.156658
2021-07-30T07:15:56.000,2.05,17.03,7.29,44.68728,-124.156658
2021-07-30T07:30:56.000,2.05,17,7.29,44.68728,-124.156658
2021-07-30T07:45:56.000,2.07,17.18,7.29,44.68728,-124.156658
2021-07-30T08:00:56.000,2.05,17.03,7.29,44.68728,-124.156658
2021-07-30T08:15:56.000,2.06,17.08,7.29,44.68728,-124.156658
2021-07-30T08:30:56.000,2.07,17.17,7.29,44.68728,-124.156658
2021-07-30T08:45:56.000,2.05,17,7.29,44.68728,-124.156658
2021-07-30T09:00:56.000,2.07,17.16,7.29,44.68728,-124.156658
2021-07-30T09:15:56.000,2.05,17.04,7.29,44.68728,-124.156658
2021-07-30T09:30:56.000,2.03,16.88,7.29,44.68728,-124.156658
2021-07-30T09:45:56.000,2.04,16.97,7.29,44.68728,-124.156658
2021-07-30T10:00:56.000,2.05,16.99,7.29,44.68728,-124.156658
2021-07-30T10:15:56.000,2,16.56,7.29,44.68728,-124.156658
2021-07-30T10:30:56.000,2.06,17.08,7.29,44.68728,-124.156658
2021-07-30T10:45:56.000,2.05,17.04,7.29,44.68728,-124.156658
2021-07-30T11:00:56.000,2.04,16.96,7.29,44.68728,-124.156658
2021-07-30T11:15:56.000,2.04,16.89,7.29,44.68728,-124.156658
2021-07-30T11:30:56.000,2.04,16.9,7.29,44.68728,-124.156658
2021-07-30T11:45:56.000,2.03,16.83,7.29,44.68728,-124.156658
2021-07-30T12:00:56.000,2.03,16.85,7.29,44.68728,-124.156658
2021-07-30T12:15:56.000,2.02,16.77,7.29,44.68728,-124.156658
2021-07-30T12:30:56.000,2.04,16.9,7.29,44.68728,-124.156658
2021-07-30T12:45:56.000,2.01,16.7,7.29,44.68728,-124.156658
2021-07-30T13:00:56.000,2.02,16.74,7.29,44.68728,-124.156658
2021-07-30T13:15:56.000,2.01,16.68,7.28,44.68728,-124.156658
2021-07-30T13:30:56.000,2.01,16.71,7.28,44.68728,-124.156658
2021-07-30T13:45:56.000,1.99,16.49,7.28,44.68728,-124.156658
2021-07-30T14:00:56.000,1.98,16.4,7.28,44.68728,-124.156658
2021-07-30T14:15:56.000,2.02,16.77,7.28,44.68728,-124.156658
2021-07-30T14:30:56.000,1.98,16.43,7.28,44.68728,-124.156658
2021-07-30T14:45:56.000,2,16.6,7.28,44.68728,-124.156658
2021-07-30T15:00:56.000,2.01,16.66,7.28,44.68728,-124.156658
2021-07-30T15:15:56.000,2.03,16.84,7.28,44.68728,-124.156658
2021-07-30T15:30:56.000,1.99,16.48,7.28,44.68728,-124.156658
2021-07-30T15:45:56.000,2,16.57,7.28,44.68728,-124.156658
2021-07-30T16:00:56.000,2,16.59,7.28,44.68728,-124.156658
2021-07-30T16:15:56.000,1.93,16.03,7.28,44.68728,-124.156658
2021-07-30T16:30:56.000,1.99,16.51,7.28,44.68728,-124.156658
2021-07-30T16:45:56.000,1.98,16.4,7.28,44.68728,-124.156658
2021-07-30T17:00:56.000,1.98,16.4,7.28,44.68728,-124.156658
2021-07-30T17:15:56.000,1.98,16.45,7.28,44.68728,-124.156658
2021-07-30T17:30:56.000,1.98,16.43,7.28,44.68728,-124.156658
2021-07-30T17:45:56.000,1.97,16.35,7.27,44.68728,-124.156658
2021-07-30T18:00:56.000,1.98,16.44,7.27,44.68728,-124.156658
2021-07-30T18:15:56.000,1.97,16.34,7.27,44.68728,-124.156658
2021-07-30T18:30:56.000,1.97,16.3,7.27,44.68728,-124.156658
2021-07-30T18:45:56.000,1.94,16.12,7.27,44.68728,-124.156658
2021-07-30T19:00:56.000,1.96,16.22,7.27,44.68728,-124.156658
2021-07-30T19:15:56.000,1.95,16.19,7.27,44.68728,-124.156658
2021-07-30T19:30:56.000,1.94,16.08,7.27,44.68728,-124.156658
2021-07-30T19:45:56.000,1.95,16.18,7.27,44.68728,-124.156658
2021-07-30T20:00:56.000,1.93,16,7.27,44.68728,-124.156658
2021-07-30T20:15:56.000,1.91,15.84,7.27,44.68728,-124.156658
2021-07-30T20:30:56.000,1.92,15.92,7.27,44.68728,-124.156658
2021-07-30T20:45:56.000,1.92,15.92,7.27,44.68728,-124.156658
2021-07-30T21:00:56.000,1.91,15.81,7.27,44.68728,-124.156658
2021-07-30T21:15:56.000,1.9,15.76,7.27,44.68728,-124.156658
2021-07-30T21:30:56.000,1.9,15.78,7.27,44.68728,-124.156658
2021-07-30T21:45:56.000,1.9,15.79,7.27,44.68728,-124.156658
2021-07-30T22:00:56.000,1.89,15.71,7.27,44.68728,-124.156658
2021-07-30T22:15:56.000,1.91,15.8,7.27,44.68728,-124.156658
2021-07-30T22:30:56.000,1.89,15.64,7.27,44.68728,-124.156658
2021-07-30T22:45:56.000,1.9,15.73,7.27,44.68728,-124.156658
2021-07-30T23:00:56.000,1.9,15.74,7.27,44.68728,-124.156658
2021-07-30T23:15:56.000,1.88,15.63,7.27,44.68728,-124.156658
2021-07-30T23:30:56.000,1.88,15.57,7.27,44.68728,-124.156658
2021-07-30T23:45:56.000,1.88,15.6,7.27,44.68728,-124.156658
2021-07-31T00:00:56.000,1.84,15.28,7.27,44.68728,-124.156658
2021-07-31T00:15:56.000,1.86,15.43,7.27,44.68728,-124.156658
2021-07-31T00:30:56.000,1.86,15.43,7.27,44.68728,-124.156658
2021-07-31T00:45:56.000,1.85,15.34,7.27,44.68728,-124.156658
2021-07-31T01:00:56.000,1.85,15.36,7.27,44.68728,-124.156658
2021-07-31T01:15:56.000,1.85,15.32,7.27,44.68728,-124.156658
2021-07-31T01:30:56.000,1.85,15.33,7.27,44.68728,-124.156658
2021-07-31T01:45:56.000,1.84,15.27,7.27,44.68728,-124.156658
2021-07-31T02:00:56.000,1.84,15.23,7.27,44.68728,-124.156658
2021-07-31T02:15:56.000,1.84,15.28,7.27,44.68728,-124.156658
2021-07-31T02:30:56.000,1.86,15.46,7.27,44.68728,-124.156658
2021-07-31T02:45:56.000,1.87,15.5,7.27,44.68728,-124.156658
2021-07-31T03:00:56.000,1.85,15.31,7.27,44.68728,-124.156658
2021-07-31T03:15:56.000,1.85,15.35,7.27,44.68728,-124.156658
2021-07-31T03:30:56.000,1.83,15.16,7.27,44.68728,-124.156658
2021-07-31T03:45:56.000,1.84,15.28,7.27,44.68728,-124.156658
2021-07-31T04:00:56.000,1.86,15.44,7.27,44.68728,-124.156658
2021-07-31T04:15:56.000,1.84,15.23,7.27,44.68728,-124.156658
2021-07-31T04:30:56.000,1.82,15.11,7.27,44.68728,-124.156658
2021-07-31T04:45:56.000,1.84,15.28,7.27,44.68728,-124.156658
2021-07-31T05:00:56.000,1.87,15.49,7.27,44.68728,-124.156658
2021-07-31T05:15:56.000,1.86,15.39,7.27,44.68728,-124.156658
2021-07-31T05:30:56.000,1.7,14.13,7.27,44.68728,-124.156658
2021-07-31T05:45:56.000,1.87,15.51,7.27,44.68728,-124.156658
2021-07-31T06:00:56.000,1.89,15.66,7.27,44.68728,-124.156658
2021-07-31T06:15:56.000,1.89,15.66,7.27,44.68728,-124.156658
2021-07-31T06:30:56.000,1.91,15.86,7.27,44.68728,-124.156658
2021-07-31T06:45:56.000,1.91,15.85,7.27,44.68728,-124.156658
2021-07-31T07:00:56.000,1.89,15.7,7.27,44.68728,-124.156658
2021-07-31T07:15:56.000,1.9,15.73,7.28,44.68728,-124.156658
2021-07-31T07:30:56.000,1.91,15.87,7.28,44.68728,-124.156658
2021-07-31T07:45:56.000,1.91,15.86,7.28,44.68728,-124.156658
2021-07-31T08:00:56.000,1.92,15.9,7.28,44.68728,-124.156658
2021-07-31T08:15:56.000,1.92,15.92,7.28,44.68728,-124.156658
2021-07-31T08:30:56.000,1.91,15.86,7.28,44.68728,-124.156658
2021-07-31T08:45:56.000,1.93,16.04,7.28,44.68728,-124.156658
2021-07-31T09:00:56.000,1.92,15.94,7.28,44.68728,-124.156658
2021-07-31T09:15:56.000,1.93,16.01,7.28,44.68728,-124.156658
2021-07-31T09:30:56.000,1.92,15.96,7.28,44.68728,-124.156658
2021-07-31T09:45:56.000,1.92,15.97,7.28,44.68728,-124.156658
2021-07-31T10:00:56.000,1.93,16.01,7.28,44.68728,-124.156658
2021-07-31T10:15:56.000,1.91,15.83,7.28,44.68728,-124.156658
2021-07-31T10:30:56.000,1.91,15.85,7.28,44.68728,-124.156658
2021-07-31T10:45:56.000,1.91,15.83,7.28,44.68728,-124.156658
2021-07-31T11:00:56.000,1.91,15.82,7.28,44.68728,-124.156658
2021-07-31T11:15:56.000,1.91,15.86,7.28,44.68728,-124.156658
2021-07-31T11:30:56.000,1.9,15.79,7.28,44.68728,-124.156658
2021-07-31T11:45:56.000,1.89,15.67,7.28,44.68728,-124.156658
2021-07-31T12:00:56.000,1.91,15.85,7.28,44.68728,-124.156658
2021-07-31T12:15:56.000,1.91,15.82,7.28,44.68728,-124.156658
2021-07-31T12:30:56.000,1.92,15.95,7.29,44.68728,-124.156658
2021-07-31T12:45:56.000,1.91,15.89,7.29,44.68728,-124.156658
2021-07-31T13:00:56.000,1.91,15.84,7.29,44.68728,-124.156658
2021-07-31T13:15:56.000,1.88,15.64,7.29,44.68728,-124.156658
2021-07-31T13:30:56.000,1.89,15.69,7.29,44.68728,-124.156658
2021-07-31T13:45:56.000,1.87,15.49,7.29,44.68728,-124.156658
2021-07-31T14:00:56.000,1.84,15.27,7.29,44.68728,-124.156658
2021-07-31T14:15:56.000,1.85,15.38,7.29,44.68728,-124.156658
2021-07-31T14:30:56.000,1.93,16.05,7.3,44.68728,-124.156658
2021-07-31T14:45:56.000,1.7,14.11,7.3,44.68728,-124.156658
2021-07-31T15:00:56.000,1.89,15.67,7.31,44.68728,-124.156658
2021-07-31T15:15:56.000,1.7,14.12,7.31,44.68728,-124.156658
2021-07-31T15:30:56.000,1.87,15.51,7.32,44.68728,-124.156658
2021-07-31T15:45:56.000,1.8,14.95,7.32,44.68728,-124.156658
2021-07-31T16:00:56.000,1.77,14.67,7.32,44.68728,-124.156658
2021-07-31T16:15:56.000,1.76,14.58,7.32,44.68728,-124.156658
2021-07-31T16:30:56.000,1.65,13.71,7.32,44.68728,-124.156658
2021-07-31T16:45:56.000,1.85,15.39,7.32,44.68728,-124.156658
2021-07-31T17:00:56.000,1.92,15.92,7.32,44.68728,-124.156658
2021-07-31T17:15:56.000,1.96,16.24,7.32,44.68728,-124.156658
2021-07-31T17:30:56.000,1.92,15.91,7.32,44.68728,-124.156658
2021-07-31T17:45:56.000,1.89,15.66,7.32,44.68728,-124.156658
2021-07-31T18:00:56.000,1.95,16.16,7.33,44.68728,-124.156658
2021-07-31T18:15:56.000,1.97,16.33,7.32,44.68728,-124.156658
2021-07-31T18:30:56.000,1.34,11.14,7.33,44.68728,-124.156658
2021-07-31T18:45:56.000,1.51,12.51,7.33,44.68728,-124.156658
