Time (UTC),DO (ml/L),Dissolved Oxygen (%),Temperature (C),Latitude,Longitude
2021-05-02T17:31:33.000,3.28,27.51,7.77,44.68728,-124.156658
2021-05-02T17:46:33.000,3.28,27.54,7.77,44.68728,-124.156658
2021-05-02T18:01:33.000,3.28,27.54,7.77,44.68728,-124.156658
2021-05-02T18:16:33.000,3.28,27.54,7.78,44.68728,-124.156658
2021-05-02T18:31:33.000,3.28,27.57,7.78,44.68728,-124.156658
2021-05-02T18:46:33.000,3.28,27.54,7.78,44.68728,-124.156658
2021-05-02T19:01:33.000,3.28,27.56,7.78,44.68728,-124.156658
2021-05-02T19:16:33.000,3.28,27.59,7.78,44.68728,-124.156658
2021-05-02T19:31:33.000,3.28,27.58,7.78,44.68728,-124.156658
2021-05-02T19:46:33.000,3.29,27.62,7.78,44.68728,-124.156658
2021-05-02T20:01:33.000,3.29,27.66,7.78,44.68728,-124.156658
2021-05-02T20:16:33.000,3.3,27.75,7.78,44.68728,-124.156658
2021-05-02T20:31:33.000,3.31,27.84,7.79,44.68728,-124.156658
2021-05-02T20:46:33.000,3.33,28.02,7.79,44.68728,-124.156658
2021-05-02T21:01:33.000,3.35,28.12,7.79,44.68728,-124.156658
2021-05-02T21:16:33.000,3.36,28.19,7.79,44.68728,-124.156658
2021-05-02T21:31:33.000,3.36,28.24,7.79,44.68728,-124.156658
2021-05-02T21:46:33.000,3.37,28.3,7.78,44.68728,-124.156658
2021-05-02T22:01:33.000,3.37,28.3,7.78,44.68728,-124.156658
2021-05-02T22:16:33.000,3.36,28.24,7.78,44.68728,-124.156658
2021-05-02T22:31:33.000,3.36,28.22,7.78,44.68728,-124.156658
2021-05-02T22:46:33.000,3.36,28.2,7.78,44.68728,-124.156658
2021-05-02T23:01:33.000,3.35,28.16,7.78,44.68728,-124.156658
2021-05-02T23:16:33.000,3.34,28.05,7.78,44.68728,-124.156658
2021-05-02T23:31:33.000,3.35,28.13,7.77,44.68728,-124.156658
2021-05-02T23:46:33.000,3.35,28.15,7.77,44.68728,-124.156658
2021-05-03T00:01:33.000,3.34,28.04,7.77,44.68728,-124.156658
2021-05-03T00:16:33.000,3.35,28.09,7.77,44.68728,-124.156658
2021-05-03T00:31:33.000,3.35,28.12,7.76,44.68728,-124.156658
2021-05-03T00:46:33.000,3.35,28.09,7.76,44.68728,-124.156658
2021-05-03T01:01:33.000,3.35,28.1,7.76,44.68728,-124.156658
2021-05-03T01:16:33.000,3.35,28.09,7.76,44.68728,-124.156658
2021-05-03T01:31:33.000,3.34,28.06,7.76,44.68728,-124.156658
2021-05-03T01:46:33.000,3.35,28.08,7.76,44.68728,-124.156658
2021-05-03T02:01:33.000,3.34,28,7.75,44.68728,-124.156658
2021-05-03T02:16:33.000,3.34,28.01,7.76,44.68728,-124.156658
2021-05-03T02:31:33.000,3.34,28.06,7.75,44.68728,-124.156658
2021-05-03T02:46:33.000,3.35,28.08,7.76,44.68728,-124.156658
2021-05-03T03:01:33.000,3.34,28.05,7.75,44.68728,-124.156658
2021-05-03T03:16:33.000,3.34,28.03,7.75,44.68728,-124.156658
2021-05-03T03:31:33.000,3.34,28.04,7.76,44.68728,-124.156658
2021-05-03T03:46:33.000,3.34,28.06,7.75,44.68728,-124.156658
2021-05-03T04:01:33.000,3.33,27.97,7.75,44.68728,-124.156658
2021-05-03T04:16:33.000,3.33,27.98,7.75,44.68728,-124.156658
2021-05-03T04:31:33.000,3.34,28.01,7.75,44.68728,-124.156658
2021-05-03T04:46:33.000,3.33,27.92,7.75,44.68728,-124.156658
2021-05-03T05:01:33.000,3.32,27.9,7.75,44.68728,-124.156658
2021-05-03T05:16:33.000,3.32,27.86,7.75,44.68728,-124.156658
2021-05-03T05:31:33.000,3.32,27.89,7.75,44.68728,-124.156658
2021-05-03T05:46:33.000,3.31,27.78,7.75,44.68728,-124.156658
2021-05-03T06:01:33.000,3.31,27.82,7.75,44.68728,-124.156658
2021-05-03T06:16:33.000,3.31,27.76,7.75,44.68728,-124.156658
2021-05-03T06:31:33.000,3.31,27.74,7.75,44.68728,-124.156658
2021-05-03T06:46:33.000,3.32,27.86,7.75,44.68728,-124.156658
2021-05-03T07:01:33.000,3.31,27.74,7.75,44.68728,-124.156658
2021-05-03T07:16:33.000,3.3,27.73,7.75,44.68728,-124.156658
2021-05-03T07:31:33.000,3.31,27.76,7.75,44.68728,-124.156658
2021-05-03T07:46:33.000,3.31,27.79,7.75,44.68728,-124.156658
2021-05-03T08:01:33.000,3.31,27.8,7.75,44.68728,-124.156658
2021-05-03T08:16:33.000,3.3,27.72,7.75,44.68728,-124.156658
2021-05-03T08:31:33.000,3.32,27.87,7.75,44.68728,-124.156658
2021-05-03T08:46:33.000,3.32,27.82,7.75,44.68728,-124.156658
2021-05-03T09:01:33.000,3.31,27.81,7.75,44.68728,-124.156658
2021-05-03T09:16:33.000,3.32,27.89,7.75,44.68728,-124.156658
2021-05-03T09:31:33.000,3.32,27.9,7.75,44.68728,-124.156658
2021-05-03T09:46:33.000,3.31,27.8,7.75,44.68728,-124.156658
2021-05-03T10:01:33.000,3.31,27.76,7.75,44.68728,-124.156658
2021-05-03T10:16:33.000,3.29,27.6,7.75,44.68728,-124.156658
2021-05-03T10:31:33.000,3.31,27.81,7.75,44.68728,-124.156658
2021-05-03T10:46:33.000,3.29,27.59,7.75,44.68728,-124.156658
2021-05-03T11:01:33.000,3.29,27.64,7.75,44.68728,-124.156658
2021-05-03T11:16:33.000,3.3,27.7,7.75,44.68728,-124.156658
2021-05-03T11:31:33.000,3.29,27.64,7.75,44.68728,-124.156658
2021-05-03T11:46:33.000,3.32,27.84,7.75,44.68728,-124.156658
2021-05-03T12:01:33.000,3.31,27.78,7.75,44.68728,-124.156658
2021-05-03T12:16:33.000,3.28,27.52,7.75,44.68728,-124.156658
2021-05-03T12:31:33.000,3.31,27.78,7.75,44.68728,-124.156658
2021-05-03T12:46:33.000,3.29,27.64,7.75,44.68728,-124.156658
2021-05-03T13:01:33.000,3.3,27.74,7.75,44.68728,-124.156658
2021-05-03T13:16:33.000,3.29,27.6,7.75,44.68728,-124.156658
2021-05-03T13:31:33.000,3.31,27.75,7.75,44.68728,-124.156658
2021-05-03T13:46:33.000,3.31,27.78,7.75,44.68728,-124.156658
2021-05-03T14:01:33.000,3.3,27.73,7.75,44.68728,-124.156658
2021-05-03T14:16:33.000,3.31,27.74,7.75,44.68728,-124.156658
2021-05-03T14:31:33.000,3.31,27.77,7.75,44.68728,-124.156658
2021-05-03T14:46:33.000,3.3,27.73,7.75,44.68728,-124.156658
2021-05-03T15:01:33.000,3.3,27.7,7.75,44.68728,-124.156658
2021-05-03T15:16:33.000,3.32,27.82,7.75,44.68728,-124.156658
2021-05-03T15:31:33.000,3.31,27.77,7.75,44.68728,-124.156658
2021-05-03T15:46:33.000,3.32,27.83,7.75,44.68728,-124.156658
2021-05-03T16:01:33.000,3.31,27.8,7.75,44.68728,-124.156658
2021-05-03T16:16:33.000,3.31,27.75,7.75,44.68728,-124.156658
2021-05-03T16:31:33.000,3.3,27.7,7.75,44.68728,-124.156658
2021-05-03T16:46:33.000,3.31,27.77,7.75,44.68728,-124.156658
2021-05-03T17:01:33.000,3.31,27.77,7.75,44.68728,-124.156658
2021-05-03T17:16:33.000,3.31,27.78,7.75,44.68728,-124.156658
2021-05-03T17:31:33.000,3.32,27.83,7.75,44.68728,-124.156658
2021-05-03T17:46:33.000,3.32,27.88,7.75,44.68728,-124.156658
2021-05-03T18:01:33.000,3.33,27.95,7.75,44.68728,-124.156658
2021-05-03T18:16:33.000,3.34,28.05,7.75,44.68728,-124.156658
2021-05-03T18:31:33.000,3.36,28.17,7.77,44.68728,-124.156658
2021-05-03T18:46:33.000,3.37,28.27,7.78,44.68728,-124.156658
2021-05-03T19:01:33.000,3.37,28.32,7.78,44.68728,-124.156658
2021-05-03T19:16:33.000,3.36,28.25,7.78,44.68728,-124.156658
2021-05-03T19:31:33.000,3.36,28.22,7.77,44.68728,-124.156658
2021-05-03T19:46:33.000,3.36,28.24,7.77,44.68728,-124.156658
2021-05-03T20:01:33.000,3.36,28.25,7.77,44.68728,-124.156658
2021-05-03T20:16:33.000,3.37,28.27,7.77,44.68728,-124.156658
2021-05-03T20:31:33.000,3.36,28.23,7.77,44.68728,-124.156658
2021-05-03T20:46:33.000,3.36,28.23,7.77,44.68728,-124.156658
2021-05-03T21:01:33.000,3.36,28.23,7.77,44.68728,-124.156658
2021-05-03T21:16:33.000,3.36,28.18,7.76,44.68728,-124.156658
2021-05-03T21:31:33.000,3.36,28.19,7.76,44.68728,-124.156658
2021-05-03T21:46:33.000,3.36,28.17,7.75,44.68728,-124.156658
2021-05-03T22:01:33.000,3.35,28.13,7.75,44.68728,-124.156658
2021-05-03T22:16:33.000,3.35,28.12,7.75,44.68728,-124.156658
2021-05-03T22:31:33.000,3.36,28.18,7.76,44.68728,-124.156658
2021-05-03T22:46:33.000,3.37,28.31,7.77,44.68728,-124.156658
2021-05-03T23:01:33.000,3.36,28.25,7.78,44.68728,-124.156658
2021-05-03T23:16:33.000,3.4,28.52,7.78,44.68728,-124.156658
2021-05-03T23:31:33.000,3.38,28.38,7.78,44.68728,-124.156658
2021-05-03T23:46:33.000,3.39,28.45,7.78,44.68728,-124.156658
2021-05-04T00:01:33.000,3.38,28.37,7.78,44.68728,-124.156658
2021-05-04T00:16:33.000,3.4,28.53,7.78,44.68728,-124.156658
2021-05-04T00:31:33.000,3.39,28.44,7.78,44.68728,-124.156658
2021-05-04T00:46:33.000,3.39,28.49,7.78,44.68728,-124.156658
2021-05-04T01:01:33.000,3.41,28.62,7.78,44.68728,-124.156658
2021-05-04T01:16:33.000,3.42,28.68,7.78,44.68728,-124.156658
2021-05-04T01:31:33.000,3.41,28.66,7.78,44.68728,-124.156658
2021-05-04T01:46:33.000,3.41,28.61,7.78,44.68728,-124.156658
2021-05-04T02:01:33.000,3.39,28.48,7.78,44.68728,-124.156658
2021-05-04T02:16:33.000,3.38,28.4,7.78,44.68728,-124.156658
2021-05-04T02:31:33.000,3.4,28.57,7.78,44.68728,-124.156658
2021-05-04T02:46:33.000,3.4,28.52,7.78,44.68728,-124.156658
2021-05-04T03:01:33.000,3.39,28.49,7.78,44.68728,-124.156658
2021-05-04T03:16:33.000,3.39,28.47,7.78,44.68728,-124.156658
2021-05-04T03:31:33.000,3.38,28.37,7.78,44.68728,-124.156658
2021-05-04T03:46:33.000,3.38,28.42,7.78,44.68728,-124.156658
2021-05-04T04:01:33.000,3.38,28.39,7.78,44.68728,-124.156658
2021-05-04T04:16:33.000,3.39,28.43,7.78,44.68728,-124.156658
2021-05-04T04:31:33.000,3.37,28.33,7.78,44.68728,-124.156658
2021-05-04T04:46:33.000,3.37,28.31,7.78,44.68728,-124.156658
2021-05-04T05:01:33.000,3.35,28.13,7.78,44.68728,-124.156658
2021-05-04T05:16:33.000,3.35,28.16,7.78,44.68728,-124.156658
2021-05-04T05:31:33.000,3.37,28.31,7.78,44.68728,-124.156658
2021-05-04T05:46:33.000,3.37,28.29,7.78,44.68728,-124.156658
2021-05-04T06:01:33.000,3.36,28.24,7.77,44.68728,-124.156658
2021-05-04T06:16:33.000,3.36,28.19,7.77,44.68728,-124.156658
2021-05-04T06:31:33.000,3.36,28.18,7.76,44.68728,-124.156658
2021-05-04T06:46:33.000,3.35,28.14,7.76,44.68728,-124.156658
2021-05-04T07:01:33.000,3.34,28.06,7.75,44.68728,-124.156658
2021-05-04T07:16:33.000,3.34,28.03,7.75,44.68728,-124.156658
2021-05-04T07:31:33.000,3.34,28,7.75,44.68728,-124.156658
2021-05-04T07:46:33.000,3.34,28,7.75,44.68728,-124.156658
2021-05-04T08:01:33.000,3.33,27.96,7.75,44.68728,-124.156658
2021-05-04T08:16:33.000,3.33,27.96,7.75,44.68728,-124.156658
2021-05-04T08:31:33.000,3.32,27.86,7.75,44.68728,-124.156658
2021-05-04T08:46:33.000,3.3,27.7,7.73,44.68728,-124.156658
2021-05-04T09:01:33.000,3.28,27.52,7.73,44.68728,-124.156658
2021-05-04T09:16:33.000,3.27,27.45,7.72,44.68728,-124.156658
2021-05-04T09:31:33.000,3.27,27.46,7.73,44.68728,-124.156658
2021-05-04T09:46:33.000,3.27,27.46,7.72,44.68728,-124.156658
2021-05-04T10:01:33.000,3.27,27.46,7.72,44.68728,-124.156658
2021-05-04T10:16:33.000,3.28,27.49,7.73,44.68728,-124.156658
2021-05-04T10:31:33.000,3.27,27.45,7.73,44.68728,-124.156658
2021-05-04T10:46:33.000,3.27,27.42,7.73,44.68728,-124.156658
2021-05-04T11:01:33.000,3.26,27.36,7.72,44.68728,-124.156658
2021-05-04T11:16:33.000,3.26,27.34,7.71,44.68728,-124.156658
2021-05-04T11:31:33.000,3.26,27.31,7.71,44.68728,-124.156658
2021-05-04T11:46:33.000,3.25,27.28,7.71,44.68728,-124.156658
2021-05-04T12:01:33.000,3.25,27.25,7.71,44.68728,-124.156658
2021-05-04T12:16:33.000,3.24,27.15,7.7,44.68728,-124.156658
2021-05-04T12:31:33.000,3.24,27.14,7.71,44.68728,-124.156658
2021-05-04T12:46:33.000,3.23,27.11,7.7,44.68728,-124.156658
2021-05-04T13:01:33.000,3.23,27.1,7.7,44.68728,-124.156658
2021-05-04T13:16:33.000,3.22,27.02,7.7,44.68728,-124.156658
2021-05-04T13:31:33.000,3.23,27.09,7.7,44.68728,-124.156658
2021-05-04T13:46:33.000,3.23,27.08,7.7,44.68728,-124.156658
2021-05-04T14:01:33.000,3.22,26.98,7.7,44.68728,-124.156658
2021-05-04T14:16:33.000,3.23,27.06,7.7,44.68728,-124.156658
2021-05-04T14:31:33.000,3.21,26.87,7.7,44.68728,-124.156658
2021-05-04T14:46:33.000,3.22,27,7.7,44.68728,-124.156658
2021-05-04T15:01:33.000,3.23,27.07,7.7,44.68728,-124.156658
2021-05-04T15:16:33.000,3.25,27.23,7.71,44.68728,-124.156658
2021-05-04T15:31:33.000,3.26,27.3,7.71,44.68728,-124.156658
2021-05-04T15:46:33.000,3.21,26.93,7.71,44.68728,-124.156658
2021-05-04T16:01:33.000,3.25,27.22,7.71,44.68728,-124.156658
2021-05-04T16:16:33.000,3.25,27.27,7.71,44.68728,-124.156658
2021-05-04T16:31:33.000,3.25,27.26,7.71,44.68728,-124.156658
2021-05-04T16:46:33.000,3.26,27.29,7.71,44.68728,-124.156658
2021-05-04T17:01:33.000,3.25,27.26,7.71,44.68728,-124.156658
2021-05-04T17:16:33.000,3.25,27.23,7.71,44.68728,-124.156658
2021-05-04T17:31:33.000,3.24,27.19,7.71,44.68728,-124.156658
2021-05-04T17:46:33.000,3.24,27.2,7.7,44.68728,-124.156658
2021-05-04T18:01:33.000,3.24,27.17,7.7,44.68728,-124.156658
2021-05-04T18:16:33.000,3.26,27.31,7.71,44.68728,-124.156658
2021-05-04T18:31:33.000,3.26,27.32,7.7,44.68728,-124.156658
2021-05-04T18:46:33.000,3.26,27.35,7.71,44.68728,-124.156658
2021-05-04T19:01:33.000,3.27,27.38,7.71,44.68728,-124.156658
2021-05-04T19:16:33.000,3.26,27.34,7.7,44.68728,-124.156658
2021-05-04T19:31:33.000,3.26,27.33,7.7,44.68728,-124.156658
2021-05-04T19:46:33.000,3.26,27.36,7.71,44.68728,-124.156658
2021-05-04T20:01:33.000,3.26,27.37,7.71,44.68728,-124.156658
2021-05-04T20:16:33.000,3.27,27.44,7.71,44.68728,-124.156658
2021-05-04T20:31:33.000,3.28,27.48,7.71,44.68728,-124.156658
2021-05-04T20:46:33.000,3.28,27.46,7.7,44.68728,-124.156658
2021-05-04T21:01:33.000,3.29,27.6,7.71,44.68728,-124.156658
2021-05-04T21:16:33.000,3.29,27.59,7.71,44.68728,-124.156658
2021-05-04T21:31:33.000,3.29,27.58,7.7,44.68728,-124.156658
2021-05-04T21:46:33.000,3.26,27.33,7.69,44.68728,-124.156658
2021-05-04T22:01:33.000,3.25,27.22,7.68,44.68728,-124.156658
2021-05-04T22:16:33.000,3.25,27.25,7.68,44.68728,-124.156658
2021-05-04T22:31:33.000,3.24,27.11,7.68,44.68728,-124.156658
2021-05-04T22:46:33.000,3.25,27.23,7.68,44.68728,-124.156658
2021-05-04T23:01:33.000,3.31,27.72,7.71,44.68728,-124.156658
2021-05-04T23:16:33.000,3.32,27.86,7.71,44.68728,-124.156658
2021-05-04T23:31:33.000,3.36,28.19,7.73,44.68728,-124.156658
2021-05-04T23:46:33.000,3.37,28.25,7.73,44.68728,-124.156658
2021-05-05T00:01:33.000,3.36,28.14,7.72,44.68728,-124.156658
2021-05-05T00:16:33.000,3.32,27.84,7.71,44.68728,-124.156658
2021-05-05T00:31:33.000,3.31,27.75,7.7,44.68728,-124.156658
2021-05-05T00:46:33.000,3.31,27.75,7.7,44.68728,-124.156658
2021-05-05T01:01:33.000,3.33,27.95,7.7,44.68728,-124.156658
2021-05-05T01:16:33.000,3.32,27.83,7.7,44.68728,-124.156658
2021-05-05T01:31:33.000,3.33,27.89,7.7,44.68728,-124.156658
2021-05-05T01:46:33.000,3.33,27.89,7.7,44.68728,-124.156658
2021-05-05T02:01:33.000,3.35,28.09,7.71,44.68728,-124.156658
2021-05-05T02:16:33.000,3.37,28.22,7.71,44.68728,-124.156658
2021-05-05T02:31:33.000,3.38,28.33,7.71,44.68728,-124.156658
2021-05-05T02:46:33.000,3.37,28.29,7.72,44.68728,-124.156658
2021-05-05T03:01:33.000,3.37,28.3,7.72,44.68728,-124.156658
2021-05-05T03:16:33.000,3.38,28.36,7.72,44.68728,-124.156658
2021-05-05T03:31:33.000,3.39,28.43,7.73,44.68728,-124.156658
2021-05-05T03:46:33.000,3.4,28.49,7.73,44.68728,-124.156658
2021-05-05T04:01:33.000,3.4,28.54,7.73,44.68728,-124.156658
2021-05-05T04:16:33.000,3.41,28.6,7.73,44.68728,-124.156658
2021-05-05T04:31:33.000,3.39,28.44,7.72,44.68728,-124.156658
2021-05-05T04:46:33.000,3.35,28.05,7.71,44.68728,-124.156658
2021-05-05T05:01:33.000,3.34,28.02,7.7,44.68728,-124.156658
2021-05-05T05:16:33.000,3.3,27.65,7.68,44.68728,-124.156658
2021-05-05T05:31:33.000,3.3,27.66,7.68,44.68728,-124.156658
2021-05-05T05:46:33.000,3.28,27.5,7.68,44.68728,-124.156658
2021-05-05T06:01:33.000,3.26,27.34,7.68,44.68728,-124.156658
2021-05-05T06:16:33.000,3.26,27.26,7.66,44.68728,-124.156658
2021-05-05T06:31:33.000,3.25,27.23,7.66,44.68728,-124.156658
2021-05-05T06:46:33.000,3.25,27.18,7.66,44.68728,-124.156658
2021-05-05T07:01:33.000,3.23,27.08,7.66,44.68728,-124.156658
2021-05-05T07:16:33.000,3.23,27.01,7.66,44.68728,-124.156658
2021-05-05T07:31:33.000,3.22,26.94,7.66,44.68728,-124.156658
2021-05-05T07:46:33.000,3.2,26.77,7.66,44.68728,-124.156658
2021-05-05T08:01:33.000,3.18,26.61,7.65,44.68728,-124.156658
2021-05-05T08:16:33.000,3.16,26.45,7.63,44.68728,-124.156658
2021-05-05T08:31:33.000,3.16,26.47,7.64,44.68728,-124.156658
2021-05-05T08:46:33.000,3.17,26.57,7.64,44.68728,-124.156658
2021-05-05T09:01:33.000,3.2,26.8,7.65,44.68728,-124.156658
2021-05-05T09:16:33.000,3.2,26.77,7.65,44.68728,-124.156658
2021-05-05T09:31:33.000,3.21,26.88,7.65,44.68728,-124.156658
2021-05-05T09:46:33.000,3.24,27.1,7.66,44.68728,-124.156658
2021-05-05T10:01:33.000,3.26,27.31,7.66,44.68728,-124.156658
2021-05-05T10:16:33.000,3.29,27.54,7.66,44.68728,-124.156658
2021-05-05T10:31:33.000,3.3,27.65,7.66,44.68728,-124.156658
2021-05-05T10:46:33.000,3.29,27.56,7.66,44.68728,-124.156658
2021-05-05T11:01:33.000,3.29,27.57,7.66,44.68728,-124.156658
2021-05-05T11:16:33.000,3.27,27.42,7.66,44.68728,-124.156658
2021-05-05T11:31:33.000,3.27,27.4,7.66,44.68728,-124.156658
2021-05-05T11:46:33.000,3.28,27.44,7.66,44.68728,-124.156658
2021-05-05T12:01:33.000,3.28,27.46,7.66,44.68728,-124.156658
2021-05-05T12:16:33.000,3.27,27.37,7.66,44.68728,-124.156658
2021-05-05T12:31:33.000,3.26,27.33,7.66,44.68728,-124.156658
2021-05-05T12:46:33.000,3.26,27.29,7.65,44.68728,-124.156658
2021-05-05T13:01:33.000,3.25,27.18,7.64,44.68728,-124.156658
2021-05-05T13:16:33.000,3.25,27.21,7.65,44.68728,-124.156658
2021-05-05T13:31:33.000,3.26,27.26,7.64,44.68728,-124.156658
2021-05-05T13:46:33.000,3.28,27.5,7.66,44.68728,-124.156658
2021-05-05T14:01:33.000,3.3,27.59,7.66,44.68728,-124.156658
2021-05-05T14:16:33.000,3.3,27.59,7.66,44.68728,-124.156658
2021-05-05T14:31:33.000,3.3,27.62,7.66,44.68728,-124.156658
2021-05-05T14:46:33.000,3.32,27.79,7.66,44.68728,-124.156658
2021-05-05T15:01:33.000,3.32,27.77,7.66,44.68728,-124.156658
2021-05-05T15:16:33.000,3.33,27.86,7.66,44.68728,-124.156658
2021-05-05T15:31:33.000,3.34,27.98,7.67,44.68728,-124.156658
2021-05-05T15:46:33.000,3.33,27.91,7.67,44.68728,-124.156658
2021-05-05T16:01:33.000,3.32,27.8,7.66,44.68728,-124.156658
2021-05-05T16:16:33.000,3.32,27.78,7.66,44.68728,-124.156658
2021-05-05T16:31:33.000,3.3,27.63,7.66,44.68728,-124.156658
2021-05-05T16:46:33.000,3.28,27.47,7.66,44.68728,-124.156658
2021-05-05T17:01:33.000,3.27,27.4,7.65,44.68728,-124.156658
2021-05-05T17:16:33.000,3.26,27.27,7.64,44.68728,-124.156658
2021-05-05T17:31:33.000,3.26,27.27,7.64,44.68728,-124.156658
2021-05-05T17:46:33.000,3.25,27.21,7.63,44.68728,-124.156658
2021-05-05T18:01:33.000,3.24,27.11,7.63,44.68728,-124.156658
2021-05-05T18:16:33.000,3.22,26.98,7.63,44.68728,-124.156658
2021-05-05T18:31:33.000,3.22,26.97,7.63,44.68728,-124.156658
2021-05-05T18:46:33.000,3.21,26.9,7.63,44.68728,-124.156658
2021-05-05T19:01:33.000,3.21,26.9,7.63,44.68728,-124.156658
2021-05-05T19:16:33.000,3.22,26.95,7.63,44.68728,-124.156658
2021-05-05T19:31:33.000,3.19,26.69,7.61,44.68728,-124.156658
2021-05-05T19:46:33.000,3.19,26.71,7.61,44.68728,-124.156658
2021-05-05T20:01:33.000,3.19,26.69,7.61,44.68728,-124.156658
2021-05-05T20:16:33.000,3.19,26.65,7.61,44.68728,-124.156658
2021-05-05T20:31:33.000,3.17,26.51,7.61,44.68728,-124.156658
2021-05-05T20:46:33.000,3.16,26.38,7.6,44.68728,-124.156658
2021-05-05T21:01:33.000,3.13,26.19,7.59,44.68728,-124.156658
2021-05-05T21:16:33.000,3.12,26.07,7.58,44.68728,-124.156658
2021-05-05T21:31:33.000,3.11,25.98,7.58,44.68728,-124.156658
2021-05-05T21:46:33.000,3.11,25.96,7.58,44.68728,-124.156658
2021-05-05T22:01:33.000,3.13,26.2,7.58,44.68728,-124.156658
2021-05-05T22:16:33.000,3.2,26.72,7.6,44.68728,-124.156658
2021-05-05T22:31:33.000,3.2,26.8,7.6,44.68728,-124.156658
2021-05-05T22:46:33.000,3.2,26.8,7.6,44.68728,-124.156658
2021-05-05T23:01:33.000,3.2,26.75,7.6,44.68728,-124.156658
2021-05-05T23:16:33.000,3.22,26.89,7.6,44.68728,-124.156658
2021-05-05T23:31:33.000,3.21,26.82,7.6,44.68728,-124.156658
2021-05-05T23:46:33.000,3.25,27.18,7.61,44.68728,-124.156658
2021-05-06T00:01:33.000,3.21,26.86,7.6,44.68728,-124.156658
2021-05-06T00:16:33.000,3.2,26.72,7.58,44.68728,-124.156658
2021-05-06T00:31:33.000,3.2,26.73,7.59,44.68728,-124.156658
2021-05-06T00:46:33.000,3.18,26.6,7.58,44.68728,-124.156658
2021-05-06T01:01:33.000,3.18,26.55,7.58,44.68728,-124.156658
2021-05-06T01:16:33.000,3.17,26.48,7.58,44.68728,-124.156658
2021-05-06T01:31:33.000,3.16,26.41,7.58,44.68728,-124.156658
2021-05-06T01:46:33.000,3.15,26.36,7.58,44.68728,-124.156658
2021-05-06T02:01:33.000,3.15,26.34,7.58,44.68728,-124.156658
2021-05-06T02:16:33.000,3.16,26.41,7.58,44.68728,-124.156658
2021-05-06T02:31:33.000,3.17,26.48,7.58,44.68728,-124.156658
2021-05-06T02:46:33.000,3.16,26.42,7.58,44.68728,-124.156658
2021-05-06T03:01:33.000,3.14,26.2,7.56,44.68728,-124.156658
2021-05-06T03:16:33.000,3.1,25.88,7.56,44.68728,-124.156658
2021-05-06T03:31:33.000,3.08,25.69,7.56,44.68728,-124.156658
2021-05-06T03:46:33.000,3.06,25.53,7.56,44.68728,-124.156658
2021-05-06T04:01:33.000,3.05,25.43,7.55,44.68728,-124.156658
2021-05-06T04:16:33.000,3.05,25.48,7.55,44.68728,-124.156658
2021-05-06T04:31:33.000,3.08,25.74,7.56,44.68728,-124.156658
2021-05-06T04:46:33.000,3.07,25.62,7.55,44.68728,-124.156658
2021-05-06T05:01:33.000,3.04,25.38,7.55,44.68728,-124.156658
2021-05-06T05:16:33.000,3.05,25.46,7.55,44.68728,-124.156658
2021-05-06T05:31:33.000,3.04,25.42,7.55,44.68728,-124.156658
2021-05-06T05:46:33.000,3.03,25.28,7.55,44.68728,-124.156658
2021-05-06T06:01:33.000,3.01,25.16,7.54,44.68728,-124.156658
2021-05-06T06:16:33.000,3,25.05,7.54,44.68728,-124.156658
2021-05-06T06:31:33.000,2.99,24.98,7.54,44.68728,-124.156658
2021-05-06T06:46:33.000,3,25.04,7.54,44.68728,-124.156658
2021-05-06T07:01:33.000,3,25.03,7.54,44.68728,-124.156658
2021-05-06T07:16:33.000,3.05,25.43,7.55,44.68728,-124.156658
2021-05-06T07:31:33.000,3.03,25.26,7.55,44.68728,-124.156658
2021-05-06T07:46:33.000,3.04,25.41,7.55,44.68728,-124.156658
2021-05-06T08:01:33.000,3.02,25.22,7.55,44.68728,-124.156658
2021-05-06T08:16:33.000,3.04,25.35,7.55,44.68728,-124.156658
2021-05-06T08:31:33.000,3.04,25.36,7.54,44.68728,-124.156658
2021-05-06T08:46:33.000,3.04,25.37,7.54,44.68728,-124.156658
2021-05-06T09:01:33.000,3.04,25.35,7.54,44.68728,-124.156658
2021-05-06T09:16:33.000,3.03,25.29,7.54,44.68728,-124.156658
2021-05-06T09:31:33.000,3.02,25.21,7.54,44.68728,-124.156658
2021-05-06T09:46:33.000,3.01,25.14,7.54,44.68728,-124.156658
2021-05-06T10:01:33.000,3.01,25.16,7.54,44.68728,-124.156658
2021-05-06T10:16:33.000,3,25.02,7.54,44.68728,-124.156658
2021-05-06T10:31:33.000,2.99,24.94,7.54,44.68728,-124.156658
2021-05-06T10:46:33.000,2.99,24.95,7.54,44.68728,-124.156658
2021-05-06T11:01:33.000,2.99,24.97,7.54,44.68728,-124.156658
2021-05-06T11:16:33.000,3,25.01,7.54,44.68728,-124.156658
2021-05-06T11:31:33.000,3.01,25.12,7.54,44.68728,-124.156658
2021-05-06T11:46:33.000,3.02,25.17,7.54,44.68728,-124.156658
2021-05-06T12:01:33.000,3.03,25.31,7.54,44.68728,-124.156658
2021-05-06T12:16:33.000,3.05,25.43,7.54,44.68728,-124.156658
2021-05-06T12:31:33.000,3.05,25.47,7.54,44.68728,-124.156658
2021-05-06T12:46:33.000,3.06,25.52,7.54,44.68728,-124.156658
2021-05-06T13:01:33.000,3.06,25.55,7.54,44.68728,-124.156658
2021-05-06T13:16:33.000,3.06,25.53,7.54,44.68728,-124.156658
2021-05-06T13:31:33.000,3.05,25.46,7.54,44.68728,-124.156658
2021-05-06T13:46:33.000,3.03,25.26,7.54,44.68728,-124.156658
2021-05-06T14:01:33.000,3.01,25.14,7.54,44.68728,-124.156658
2021-05-06T14:16:33.000,3,25,7.54,44.68728,-124.156658
2021-05-06T14:31:33.000,2.98,24.87,7.53,44.68728,-124.156658
2021-05-06T14:46:33.000,2.97,24.8,7.53,44.68728,-124.156658
2021-05-06T15:01:33.000,2.95,24.66,7.53,44.68728,-124.156658
2021-05-06T15:16:33.000,2.94,24.58,7.53,44.68728,-124.156658
2021-05-06T15:31:33.000,2.94,24.51,7.52,44.68728,-124.156658
2021-05-06T15:46:33.000,2.93,24.43,7.52,44.68728,-124.156658
2021-05-06T16:01:33.000,2.94,24.53,7.52,44.68728,-124.156658
2021-05-06T16:16:33.000,2.96,24.7,7.53,44.68728,-124.156658
2021-05-06T16:31:33.000,2.99,24.94,7.54,44.68728,-124.156658
2021-05-06T16:46:33.000,3.01,25.16,7.54,44.68728,-124.156658
2021-05-06T17:01:33.000,3.09,25.8,7.55,44.68728,-124.156658
2021-05-06T17:16:33.000,3.1,25.92,7.55,44.68728,-124.156658
2021-05-06T17:31:33.000,3.08,25.7,7.55,44.68728,-124.156658
2021-05-06T17:46:33.000,3.05,25.45,7.54,44.68728,-124.156658
2021-05-06T18:01:33.000,3.03,25.3,7.54,44.68728,-124.156658
2021-05-06T18:16:33.000,3.02,25.23,7.54,44.68728,-124.156658
2021-05-06T18:31:33.000,3.02,25.25,7.54,44.68728,-124.156658
2021-05-06T18:46:33.000,3.03,25.29,7.54,44.68728,-124.156658
2021-05-06T19:01:33.000,3.03,25.32,7.54,44.68728,-124.156658
2021-05-06T19:16:33.000,3.04,25.37,7.54,44.68728,-124.156658
2021-05-06T19:31:33.000,3.05,25.46,7.54,44.68728,-124.156658
2021-05-06T19:46:33.000,3.05,25.45,7.54,44.68728,-124.156658
2021-05-06T20:01:33.000,3.05,25.45,7.54,44.68728,-124.156658
2021-05-06T20:16:33.000,3,25.07,7.54,44.68728,-124.156658
2021-05-06T20:31:33.000,3.04,25.37,7.54,44.68728,-124.156658
2021-05-06T20:46:33.000,3.05,25.46,7.54,44.68728,-124.156658
2021-05-06T21:01:33.000,3.03,25.28,7.54,44.68728,-124.156658
2021-05-06T21:16:33.000,3.05,25.47,7.54,44.68728,-124.156658
2021-05-06T21:31:33.000,3.05,25.46,7.55,44.68728,-124.156658
2021-05-06T21:46:33.000,3.05,25.47,7.55,44.68728,-124.156658
2021-05-06T22:01:33.000,3.05,25.5,7.55,44.68728,-124.156658
2021-05-06T22:16:33.000,3.05,25.5,7.55,44.68728,-124.156658
2021-05-06T22:31:33.000,3.05,25.45,7.55,44.68728,-124.156658
2021-05-06T22:46:33.000,3.05,25.5,7.55,44.68728,-124.156658
2021-05-06T23:01:33.000,3.05,25.45,7.55,44.68728,-124.156658
2021-05-06T23:16:33.000,3.03,25.34,7.55,44.68728,-124.156658
2021-05-06T23:31:33.000,3.04,25.42,7.55,44.68728,-124.156658
2021-05-06T23:46:33.000,3.03,25.26,7.55,44.68728,-124.156658
2021-05-07T00:01:33.000,3.03,25.31,7.55,44.68728,-124.156658
2021-05-07T00:16:33.000,3.02,25.26,7.55,44.68728,-124.156658
2021-05-07T00:31:33.000,3.02,25.23,7.55,44.68728,-124.156658
2021-05-07T00:46:33.000,3.02,25.21,7.55,44.68728,-124.156658
2021-05-07T01:01:33.000,3.02,25.2,7.55,44.68728,-124.156658
2021-05-07T01:16:33.000,3.01,25.15,7.55,44.68728,-124.156658
2021-05-07T01:31:33.000,3.02,25.24,7.55,44.68728,-124.156658
2021-05-07T01:46:33.000,3.02,25.26,7.55,44.68728,-124.156658
2021-05-07T02:01:33.000,3.02,25.2,7.55,44.68728,-124.156658
2021-05-07T02:16:33.000,3.03,25.33,7.55,44.68728,-124.156658
2021-05-07T02:31:33.000,3.03,25.31,7.55,44.68728,-124.156658
2021-05-07T02:46:33.000,3.03,25.28,7.55,44.68728,-124.156658
2021-05-07T03:01:33.000,3.03,25.32,7.55,44.68728,-124.156658
2021-05-07T03:16:33.000,3.04,25.38,7.55,44.68728,-124.156658
2021-05-07T03:31:33.000,3.04,25.39,7.55,44.68728,-124.156658
2021-05-07T03:46:33.000,3.04,25.43,7.55,44.68728,-124.156658
2021-05-07T04:01:33.000,3.04,25.42,7.55,44.68728,-124.156658
2021-05-07T04:16:33.000,3.04,25.42,7.55,44.68728,-124.156658
2021-05-07T04:31:33.000,3.05,25.44,7.55,44.68728,-124.156658
2021-05-07T04:46:33.000,3.05,25.45,7.55,44.68728,-124.156658
2021-05-07T05:01:33.000,3.05,25.45,7.56,44.68728,-124.156658
2021-05-07T05:16:33.000,3.05,25.5,7.56,44.68728,-124.156658
2021-05-07T05:31:33.000,3.05,25.51,7.56,44.68728,-124.156658
2021-05-07T05:46:33.000,3.06,25.53,7.56,44.68728,-124.156658
2021-05-07T06:01:33.000,3.06,25.54,7.56,44.68728,-124.156658
2021-05-07T06:16:33.000,3.06,25.56,7.56,44.68728,-124.156658
2021-05-07T06:31:33.000,3.07,25.61,7.56,44.68728,-124.156658
2021-05-07T06:46:33.000,3.07,25.63,7.56,44.68728,-124.156658
2021-05-07T07:01:33.000,3.07,25.67,7.56,44.68728,-124.156658
2021-05-07T07:16:33.000,3.08,25.7,7.56,44.68728,-124.156658
2021-05-07T07:31:33.000,3.08,25.73,7.56,44.68728,-124.156658
2021-05-07T07:46:33.000,3.08,25.77,7.56,44.68728,-124.156658
2021-05-07T08:01:33.000,3.08,25.76,7.56,44.68728,-124.156658
2021-05-07T08:16:33.000,3.09,25.85,7.56,44.68728,-124.156658
2021-05-07T08:31:33.000,3.09,25.85,7.56,44.68728,-124.156658
2021-05-07T08:46:33.000,3.1,25.87,7.56,44.68728,-124.156658
2021-05-07T09:01:33.000,3.1,25.88,7.56,44.68728,-124.156658
2021-05-07T09:16:33.000,3.1,25.86,7.56,44.68728,-124.156658
2021-05-07T09:31:33.000,3.1,25.91,7.56,44.68728,-124.156658
2021-05-07T09:46:33.000,3.1,25.89,7.57,44.68728,-124.156658
2021-05-07T10:01:33.000,3.1,25.93,7.57,44.68728,-124.156658
2021-05-07T10:16:33.000,3.08,25.71,7.57,44.68728,-124.156658
2021-05-07T10:31:33.000,3.1,25.89,7.57,44.68728,-124.156658
2021-05-07T10:46:33.000,3.1,25.91,7.57,44.68728,-124.156658
2021-05-07T11:01:33.000,3.1,25.9,7.57,44.68728,-124.156658
2021-05-07T11:16:33.000,3.09,25.85,7.57,44.68728,-124.156658
2021-05-07T11:31:33.000,3.1,25.87,7.57,44.68728,-124.156658
2021-05-07T11:46:33.000,3.1,25.93,7.57,44.68728,-124.156658
2021-05-07T12:01:33.000,3.1,25.93,7.57,44.68728,-124.156658
2021-05-07T12:16:33.000,3.09,25.85,7.58,44.68728,-124.156658
2021-05-07T12:31:33.000,3.1,25.92,7.58,44.68728,-124.156658
2021-05-07T12:46:33.000,3.1,25.92,7.58,44.68728,-124.156658
2021-05-07T13:01:33.000,3.09,25.86,7.58,44.68728,-124.156658
2021-05-07T13:16:33.000,3.11,25.98,7.58,44.68728,-124.156658
2021-05-07T13:31:33.000,3.1,25.9,7.58,44.68728,-124.156658
2021-05-07T13:46:33.000,3.09,25.84,7.58,44.68728,-124.156658
2021-05-07T14:01:33.000,3.1,25.9,7.58,44.68728,-124.156658
2021-05-07T14:16:33.000,3.12,26.1,7.58,44.68728,-124.156658
2021-05-07T14:31:33.000,3.13,26.18,7.58,44.68728,-124.156658
2021-05-07T14:46:33.000,3.13,26.16,7.58,44.68728,-124.156658
2021-05-07T15:01:33.000,3.12,26.11,7.58,44.68728,-124.156658
2021-05-07T15:16:33.000,3.13,26.14,7.58,44.68728,-124.156658
2021-05-07T15:31:33.000,3.12,26.06,7.58,44.68728,-124.156658
2021-05-07T15:46:33.000,3.13,26.17,7.58,44.68728,-124.156658
2021-05-07T16:01:33.000,3.13,26.14,7.58,44.68728,-124.156658
2021-05-07T16:16:33.000,3.13,26.14,7.58,44.68728,-124.156658
2021-05-07T16:31:33.000,3.13,26.16,7.58,44.68728,-124.156658
2021-05-07T16:46:33.000,3.13,26.16,7.58,44.68728,-124.156658
2021-05-07T17:01:33.000,3.13,26.17,7.58,44.68728,-124.156658
2021-05-07T17:16:33.000,3.14,26.21,7.59,44.68728,-124.156658
2021-05-07T17:31:33.000,3.13,26.17,7.59,44.68728,-124.156658
2021-05-07T17:46:33.000,3.14,26.24,7.59,44.68728,-124.156658
2021-05-07T18:01:33.000,3.14,26.25,7.59,44.68728,-124.156658
2021-05-07T18:16:33.000,3.14,26.21,7.59,44.68728,-124.156658
2021-05-07T18:31:33.000,3.14,26.23,7.59,44.68728,-124.156658
2021-05-07T18:46:33.000,3.14,26.24,7.59,44.68728,-124.156658
2021-05-07T19:01:33.000,3.14,26.25,7.59,44.68728,-124.156658
2021-05-07T19:16:33.000,3.14,26.29,7.59,44.68728,-124.156658
2021-05-07T19:31:33.000,3.14,26.26,7.59,44.68728,-124.156658
2021-05-07T19:46:33.000,3.13,26.18,7.59,44.68728,-124.156658
2021-05-07T20:01:33.000,3.14,26.29,7.59,44.68728,-124.156658
2021-05-07T20:16:33.000,3.14,26.27,7.59,44.68728,-124.156658
2021-05-07T20:31:33.000,3.15,26.31,7.6,44.68728,-124.156658
2021-05-07T20:46:33.000,3.14,26.28,7.6,44.68728,-124.156658
2021-05-07T21:01:33.000,3.14,26.29,7.6,44.68728,-124.156658
2021-05-07T21:16:33.000,3.14,26.29,7.6,44.68728,-124.156658
2021-05-07T21:31:33.000,3.13,26.2,7.6,44.68728,-124.156658
2021-05-07T21:46:33.000,3.14,26.22,7.6,44.68728,-124.156658
2021-05-07T22:01:33.000,3.14,26.29,7.6,44.68728,-124.156658
2021-05-07T22:16:33.000,3.15,26.3,7.6,44.68728,-124.156658
2021-05-07T22:31:33.000,3.13,26.21,7.61,44.68728,-124.156658
2021-05-07T22:46:33.000,3.12,26.12,7.61,44.68728,-124.156658
2021-05-07T23:01:33.000,3.13,26.14,7.61,44.68728,-124.156658
2021-05-07T23:16:33.000,3.12,26.06,7.61,44.68728,-124.156658
2021-05-07T23:31:33.000,3.1,25.96,7.61,44.68728,-124.156658
2021-05-07T23:46:33.000,3.13,26.15,7.61,44.68728,-124.156658
2021-05-08T00:01:33.000,3.14,26.24,7.61,44.68728,-124.156658
2021-05-08T00:16:33.000,3.13,26.16,7.61,44.68728,-124.156658
2021-05-08T00:31:33.000,3.15,26.36,7.61,44.68728,-124.156658
2021-05-08T00:46:33.000,3.15,26.38,7.61,44.68728,-124.156658
2021-05-08T01:01:33.000,3.15,26.38,7.61,44.68728,-124.156658
2021-05-08T01:16:33.000,3.17,26.47,7.61,44.68728,-124.156658
2021-05-08T01:31:33.000,3.16,26.46,7.61,44.68728,-124.156658
2021-05-08T01:46:33.000,3.19,26.67,7.61,44.68728,-124.156658
2021-05-08T02:01:33.000,3.19,26.72,7.62,44.68728,-124.156658
2021-05-08T02:16:33.000,3.22,26.93,7.63,44.68728,-124.156658
2021-05-08T02:31:33.000,3.23,27,7.63,44.68728,-124.156658
2021-05-08T02:46:33.000,3.24,27.14,7.63,44.68728,-124.156658
2021-05-08T03:01:33.000,3.25,27.25,7.65,44.68728,-124.156658
2021-05-08T03:16:33.000,3.27,27.35,7.66,44.68728,-124.156658
2021-05-08T03:31:33.000,3.27,27.35,7.66,44.68728,-124.156658
2021-05-08T03:46:33.000,3.3,27.62,7.66,44.68728,-124.156658
2021-05-08T04:01:33.000,3.31,27.71,7.67,44.68728,-124.156658
2021-05-08T04:16:33.000,3.29,27.56,7.67,44.68728,-124.156658
2021-05-08T04:31:33.000,3.31,27.69,7.68,44.68728,-124.156658
2021-05-08T04:46:33.000,3.33,27.87,7.68,44.68728,-124.156658
2021-05-08T05:01:33.000,3.32,27.85,7.68,44.68728,-124.156658
2021-05-08T05:16:33.000,3.31,27.72,7.68,44.68728,-124.156658
2021-05-08T05:31:33.000,3.32,27.83,7.68,44.68728,-124.156658
2021-05-08T05:46:33.000,3.32,27.84,7.69,44.68728,-124.156658
2021-05-08T06:01:33.000,3.32,27.86,7.7,44.68728,-124.156658
2021-05-08T06:16:33.000,3.31,27.75,7.69,44.68728,-124.156658
2021-05-08T06:31:33.000,3.31,27.76,7.7,44.68728,-124.156658
2021-05-08T06:46:33.000,3.32,27.82,7.69,44.68728,-124.156658
2021-05-08T07:01:33.000,3.32,27.84,7.7,44.68728,-124.156658
2021-05-08T07:16:33.000,3.29,27.56,7.7,44.68728,-124.156658
2021-05-08T07:31:33.000,3.33,27.9,7.69,44.68728,-124.156658
2021-05-08T07:46:33.000,3.33,27.89,7.69,44.68728,-124.156658
2021-05-08T08:01:33.000,3.28,27.5,7.69,44.68728,-124.156658
2021-05-08T08:16:33.000,3.31,27.71,7.68,44.68728,-124.156658
2021-05-08T08:31:33.000,3.31,27.69,7.68,44.68728,-124.156658
2021-05-08T08:46:33.000,3.29,27.55,7.68,44.68728,-124.156658
2021-05-08T09:01:33.000,3.3,27.67,7.68,44.68728,-124.156658
2021-05-08T09:16:33.000,3.29,27.57,7.68,44.68728,-124.156658
2021-05-08T09:31:33.000,3.31,27.7,7.68,44.68728,-124.156658
2021-05-08T09:46:33.000,3.28,27.44,7.68,44.68728,-124.156658
2021-05-08T10:01:33.000,3.3,27.67,7.68,44.68728,-124.156658
2021-05-08T10:16:33.000,3.3,27.66,7.68,44.68728,-124.156658
2021-05-08T10:31:33.000,3.3,27.65,7.68,44.68728,-124.156658
2021-05-08T10:46:33.000,3.31,27.71,7.68,44.68728,-124.156658
2021-05-08T11:01:33.000,3.3,27.61,7.68,44.68728,-124.156658
2021-05-08T11:16:33.000,3.3,27.69,7.68,44.68728,-124.156658
2021-05-08T11:31:33.000,3.31,27.77,7.68,44.68728,-124.156658
2021-05-08T11:46:33.000,3.31,27.7,7.68,44.68728,-124.156658
2021-05-08T12:01:33.000,3.31,27.75,7.68,44.68728,-124.156658
2021-05-08T12:16:33.000,3.31,27.7,7.68,44.68728,-124.156658
2021-05-08T12:31:33.000,3.3,27.66,7.68,44.68728,-124.156658
2021-05-08T12:46:33.000,3.32,27.84,7.68,44.68728,-124.156658
2021-05-08T13:01:33.000,3.33,27.87,7.69,44.68728,-124.156658
2021-05-08T13:16:33.000,3.34,28.04,7.7,44.68728,-124.156658
2021-05-08T13:31:33.000,3.36,28.16,7.7,44.68728,-124.156658
2021-05-08T13:46:33.000,3.36,28.2,7.71,44.68728,-124.156658
2021-05-08T14:01:33.000,3.37,28.29,7.71,44.68728,-124.156658
2021-05-08T14:16:33.000,3.37,28.25,7.71,44.68728,-124.156658
2021-05-08T14:31:33.000,3.39,28.41,7.73,44.68728,-124.156658
2021-05-08T14:46:33.000,3.39,28.44,7.73,44.68728,-124.156658
2021-05-08T15:01:33.000,3.39,28.46,7.73,44.68728,-124.156658
2021-05-08T15:16:33.000,3.41,28.57,7.73,44.68728,-124.156658
2021-05-08T15:31:33.000,3.41,28.59,7.73,44.68728,-124.156658
2021-05-08T15:46:33.000,3.41,28.65,7.75,44.68728,-124.156658
2021-05-08T16:01:33.000,3.42,28.68,7.75,44.68728,-124.156658
2021-05-08T16:16:33.000,3.42,28.74,7.75,44.68728,-124.156658
2021-05-08T16:31:33.000,3.43,28.79,7.75,44.68728,-124.156658
2021-05-08T16:46:33.000,3.43,28.79,7.75,44.68728,-124.156658
2021-05-09T01:16:33.000,3.01,25.15,7.56,44.68728,-124.156658
2021-05-09T01:31:33.000,3,25.09,7.55,44.68728,-124.156658
2021-05-09T01:46:33.000,3,25.03,7.55,44.68728,-124.156658
2021-05-09T02:01:33.000,2.98,24.91,7.55,44.68728,-124.156658
2021-05-09T02:16:33.000,2.98,24.89,7.55,44.68728,-124.156658
2021-05-09T02:31:33.000,2.97,24.82,7.55,44.68728,-124.156658
2021-05-09T02:46:33.000,2.97,24.79,7.55,44.68728,-124.156658
2021-05-09T03:01:33.000,2.96,24.72,7.55,44.68728,-124.156658
2021-05-09T03:16:33.000,2.96,24.68,7.55,44.68728,-124.156658
2021-05-09T03:31:33.000,2.95,24.66,7.55,44.68728,-124.156658
2021-05-09T03:46:33.000,2.95,24.66,7.55,44.68728,-124.156658
2021-05-09T04:01:33.000,2.95,24.67,7.55,44.68728,-124.156658
2021-05-09T04:16:33.000,2.95,24.61,7.55,44.68728,-124.156658
2021-05-09T04:31:33.000,2.95,24.6,7.54,44.68728,-124.156658
2021-05-09T04:46:33.000,2.94,24.53,7.55,44.68728,-124.156658
2021-05-09T05:01:33.000,2.94,24.57,7.54,44.68728,-124.156658
2021-05-09T05:16:33.000,2.93,24.44,7.54,44.68728,-124.156658
2021-05-09T05:31:33.000,2.92,24.37,7.54,44.68728,-124.156658
2021-05-09T05:46:33.000,2.91,24.3,7.54,44.68728,-124.156658
2021-05-09T06:01:33.000,2.9,24.21,7.54,44.68728,-124.156658
2021-05-09T06:16:33.000,2.89,24.16,7.54,44.68728,-124.156658
2021-05-09T06:31:33.000,2.9,24.19,7.54,44.68728,-124.156658
2021-05-09T06:46:33.000,2.92,24.36,7.54,44.68728,-124.156658
2021-05-09T07:01:33.000,2.93,24.47,7.54,44.68728,-124.156658
2021-05-09T07:16:33.000,2.93,24.45,7.54,44.68728,-124.156658
2021-05-09T07:31:33.000,2.94,24.58,7.54,44.68728,-124.156658
2021-05-09T07:46:33.000,2.95,24.59,7.54,44.68728,-124.156658
2021-05-09T08:01:33.000,2.97,24.78,7.54,44.68728,-124.156658
2021-05-09T08:16:33.000,2.97,24.81,7.54,44.68728,-124.156658
2021-05-09T08:31:33.000,2.95,24.6,7.54,44.68728,-124.156658
2021-05-09T08:46:33.000,2.97,24.83,7.54,44.68728,-124.156658
2021-05-09T09:01:33.000,2.96,24.7,7.54,44.68728,-124.156658
2021-05-09T09:16:33.000,2.96,24.72,7.54,44.68728,-124.156658
2021-05-09T09:31:33.000,2.98,24.84,7.54,44.68728,-124.156658
2021-05-09T09:46:33.000,2.96,24.68,7.54,44.68728,-124.156658
2021-05-09T10:01:33.000,2.96,24.69,7.54,44.68728,-124.156658
2021-05-09T10:16:33.000,2.95,24.64,7.54,44.68728,-124.156658
2021-05-09T10:31:33.000,2.92,24.4,7.54,44.68728,-124.156658
2021-05-09T10:46:33.000,2.95,24.64,7.54,44.68728,-124.156658
2021-05-09T11:01:33.000,2.96,24.7,7.54,44.68728,-124.156658
2021-05-09T11:16:33.000,2.93,24.49,7.54,44.68728,-124.156658
2021-05-09T11:31:33.000,2.95,24.63,7.53,44.68728,-124.156658
2021-05-09T11:46:33.000,2.93,24.5,7.53,44.68728,-124.156658
2021-05-09T12:01:33.000,2.92,24.4,7.53,44.68728,-124.156658
2021-05-09T12:16:33.000,2.93,24.44,7.53,44.68728,-124.156658
2021-05-09T12:31:33.000,2.91,24.32,7.53,44.68728,-124.156658
2021-05-09T12:46:33.000,2.89,24.16,7.52,44.68728,-124.156658
2021-05-09T13:01:33.000,2.9,24.17,7.51,44.68728,-124.156658
2021-05-09T13:16:33.000,2.88,24.05,7.51,44.68728,-124.156658
2021-05-09T13:31:33.000,2.88,24,7.51,44.68728,-124.156658
2021-05-09T13:46:33.000,2.86,23.85,7.51,44.68728,-124.156658
2021-05-09T14:01:33.000,2.86,23.82,7.5,44.68728,-124.156658
2021-05-09T14:16:33.000,2.86,23.84,7.5,44.68728,-124.156658
2021-05-09T14:31:33.000,2.83,23.58,7.49,44.68728,-124.156658
2021-05-09T14:46:33.000,2.86,23.83,7.49,44.68728,-124.156658
2021-05-09T15:01:33.000,2.82,23.54,7.49,44.68728,-124.156658
2021-05-09T15:16:33.000,2.8,23.36,7.49,44.68728,-124.156658
2021-05-09T15:31:33.000,2.82,23.54,7.49,44.68728,-124.156658
2021-05-09T15:46:33.000,2.82,23.51,7.48,44.68728,-124.156658
2021-05-09T16:01:33.000,2.79,23.3,7.48,44.68728,-124.156658
2021-05-09T16:16:33.000,2.79,23.21,7.47,44.68728,-124.156658
2021-05-09T16:31:33.000,2.77,23.1,7.47,44.68728,-124.156658
2021-05-09T16:46:33.000,2.74,22.82,7.46,44.68728,-124.156658
2021-05-09T17:01:33.000,2.77,23.11,7.46,44.68728,-124.156658
2021-05-09T17:16:33.000,2.76,23,7.46,44.68728,-124.156658
2021-05-09T17:31:33.000,2.75,22.89,7.46,44.68728,-124.156658
2021-05-09T17:46:33.000,2.75,22.9,7.46,44.68728,-124.156658
2021-05-09T18:01:33.000,2.75,22.93,7.46,44.68728,-124.156658
2021-05-09T18:16:33.000,2.74,22.79,7.46,44.68728,-124.156658
2021-05-09T18:31:33.000,2.73,22.73,7.46,44.68728,-124.156658
2021-05-09T18:46:33.000,2.72,22.65,7.46,44.68728,-124.156658
2021-05-09T19:01:33.000,2.7,22.48,7.46,44.68728,-124.156658
2021-05-09T19:16:33.000,2.74,22.79,7.46,44.68728,-124.156658
2021-05-09T19:31:33.000,2.73,22.78,7.46,44.68728,-124.156658
2021-05-09T19:46:33.000,2.73,22.73,7.45,44.68728,-124.156658
2021-05-09T20:01:33.000,2.75,22.88,7.45,44.68728,-124.156658
2021-05-09T20:16:33.000,2.74,22.84,7.45,44.68728,-124.156658
2021-05-09T20:31:33.000,2.75,22.91,7.45,44.68728,-124.156658
2021-05-09T20:46:33.000,2.75,22.91,7.45,44.68728,-124.156658
2021-05-09T21:01:33.000,2.73,22.75,7.45,44.68728,-124.156658
2021-05-09T21:16:33.000,2.74,22.79,7.45,44.68728,-124.156658
2021-05-09T21:31:33.000,2.71,22.59,7.45,44.68728,-124.156658
2021-05-09T21:46:33.000,2.72,22.67,7.44,44.68728,-124.156658
2021-05-09T22:01:33.000,2.72,22.65,7.44,44.68728,-124.156658
2021-05-09T22:16:33.000,2.73,22.73,7.44,44.68728,-124.156658
2021-05-09T22:31:33.000,2.73,22.7,7.44,44.68728,-124.156658
2021-05-09T22:46:33.000,2.73,22.72,7.44,44.68728,-124.156658
2021-05-09T23:01:33.000,2.71,22.55,7.44,44.68728,-124.156658
2021-05-09T23:16:33.000,2.72,22.61,7.44,44.68728,-124.156658
2021-05-09T23:31:33.000,2.73,22.7,7.44,44.68728,-124.156658
2021-05-09T23:46:33.000,2.73,22.74,7.44,44.68728,-124.156658
2021-05-10T00:01:33.000,2.72,22.64,7.44,44.68728,-124.156658
2021-05-10T00:16:33.000,2.72,22.65,7.44,44.68728,-124.156658
2021-05-10T00:31:33.000,2.72,22.66,7.44,44.68728,-124.156658
2021-05-10T00:46:33.000,2.72,22.66,7.44,44.68728,-124.156658
2021-05-10T01:01:33.000,2.7,22.51,7.44,44.68728,-124.156658
2021-05-10T01:16:33.000,2.71,22.54,7.44,44.68728,-124.156658
2021-05-10T01:31:33.000,2.73,22.73,7.44,44.68728,-124.156658
2021-05-10T01:46:33.000,2.73,22.72,7.44,44.68728,-124.156658
2021-05-10T02:01:33.000,2.72,22.66,7.44,44.68728,-124.156658
2021-05-10T02:16:33.000,2.72,22.63,7.44,44.68728,-124.156658
2021-05-10T02:31:33.000,2.68,22.3,7.44,44.68728,-124.156658
2021-05-10T02:46:33.000,2.71,22.6,7.44,44.68728,-124.156658
2021-05-10T03:01:33.000,2.72,22.66,7.44,44.68728,-124.156658
2021-05-10T03:16:33.000,2.68,22.34,7.44,44.68728,-124.156658
2021-05-10T03:31:33.000,2.72,22.62,7.44,44.68728,-124.156658
2021-05-10T03:46:33.000,2.7,22.5,7.44,44.68728,-124.156658
2021-05-10T04:01:33.000,2.72,22.64,7.44,44.68728,-124.156658
2021-05-10T04:16:33.000,2.73,22.7,7.44,44.68728,-124.156658
2021-05-10T04:31:33.000,2.7,22.5,7.44,44.68728,-124.156658
2021-05-10T04:46:33.000,2.7,22.51,7.44,44.68728,-124.156658
2021-05-10T05:01:33.000,2.7,22.47,7.44,44.68728,-124.156658
2021-05-10T05:16:33.000,2.69,22.44,7.44,44.68728,-124.156658
2021-05-10T05:31:33.000,2.7,22.5,7.44,44.68728,-124.156658
2021-05-10T05:46:33.000,2.68,22.31,7.44,44.68728,-124.156658
2021-05-10T06:01:33.000,2.68,22.32,7.44,44.68728,-124.156658
2021-05-10T06:16:33.000,2.68,22.29,7.44,44.68728,-124.156658
2021-05-10T06:31:33.000,2.69,22.39,7.44,44.68728,-124.156658
2021-05-10T06:46:33.000,2.68,22.3,7.44,44.68728,-124.156658
2021-05-10T07:01:33.000,2.67,22.23,7.44,44.68728,-124.156658
2021-05-10T07:16:33.000,2.68,22.36,7.44,44.68728,-124.156658
2021-05-10T07:31:33.000,2.69,22.41,7.44,44.68728,-124.156658
2021-05-10T07:46:33.000,2.69,22.4,7.44,44.68728,-124.156658
2021-05-10T08:01:33.000,2.7,22.47,7.44,44.68728,-124.156658
2021-05-10T08:16:33.000,2.69,22.42,7.44,44.68728,-124.156658
2021-05-10T08:31:33.000,2.69,22.42,7.44,44.68728,-124.156658
2021-05-10T08:46:33.000,2.69,22.44,7.44,44.68728,-124.156658
2021-05-10T09:01:33.000,2.68,22.35,7.44,44.68728,-124.156658
2021-05-10T09:16:33.000,2.69,22.38,7.44,44.68728,-124.156658
2021-05-10T09:31:33.000,2.69,22.38,7.44,44.68728,-124.156658
2021-05-10T09:46:33.000,2.69,22.43,7.44,44.68728,-124.156658
2021-05-10T10:01:33.000,2.71,22.59,7.44,44.68728,-124.156658
2021-05-10T10:16:33.000,2.71,22.56,7.44,44.68728,-124.156658
2021-05-10T10:31:33.000,2.7,22.53,7.44,44.68728,-124.156658
2021-05-10T10:46:33.000,2.71,22.58,7.45,44.68728,-124.156658
2021-05-10T11:01:33.000,2.72,22.66,7.45,44.68728,-124.156658
2021-05-10T11:16:33.000,2.71,22.54,7.45,44.68728,-124.156658
2021-05-10T11:31:33.000,2.71,22.55,7.45,44.68728,-124.156658
2021-05-10T11:46:33.000,2.72,22.64,7.46,44.68728,-124.156658
2021-05-10T12:01:33.000,2.73,22.75,7.46,44.68728,-124.156658
2021-05-10T12:16:33.000,2.72,22.68,7.46,44.68728,-124.156658
2021-05-10T12:31:33.000,2.73,22.72,7.46,44.68728,-124.156658
2021-05-10T12:46:33.000,2.69,22.39,7.46,44.68728,-124.156658
2021-05-10T13:01:33.000,2.72,22.69,7.46,44.68728,-124.156658
2021-05-10T13:16:33.000,2.7,22.51,7.44,44.68728,-124.156658
2021-05-10T13:31:33.000,2.69,22.41,7.44,44.68728,-124.156658
2021-05-10T13:46:33.000,2.68,22.28,7.44,44.68728,-124.156658
2021-05-10T14:01:33.000,2.68,22.31,7.44,44.68728,-124.156658
2021-05-10T14:16:33.000,2.68,22.28,7.44,44.68728,-124.156658
2021-05-10T14:31:33.000,2.67,22.24,7.44,44.68728,-124.156658
2021-05-10T14:46:33.000,2.68,22.33,7.44,44.68728,-124.156658
2021-05-10T15:01:33.000,2.67,22.24,7.44,44.68728,-124.156658
2021-05-10T15:16:33.000,2.67,22.2,7.44,44.68728,-124.156658
2021-05-10T15:31:33.000,2.68,22.28,7.44,44.68728,-124.156658
2021-05-10T15:46:33.000,2.65,22.1,7.44,44.68728,-124.156658
2021-05-10T16:01:33.000,2.64,22.02,7.44,44.68728,-124.156658
2021-05-10T16:16:33.000,2.65,22.07,7.44,44.68728,-124.156658
2021-05-10T16:31:33.000,2.65,22.05,7.44,44.68728,-124.156658
2021-05-10T16:46:33.000,2.65,22.07,7.44,44.68728,-124.156658
2021-05-10T17:01:33.000,2.64,22.01,7.44,44.68728,-124.156658
2021-05-10T17:16:33.000,2.66,22.12,7.44,44.68728,-124.156658
2021-05-10T17:31:33.000,2.65,22.1,7.45,44.68728,-124.156658
2021-05-10T17:46:33.000,2.65,22.08,7.46,44.68728,-124.156658
2021-05-10T18:01:33.000,2.64,22.01,7.46,44.68728,-124.156658
2021-05-10T18:16:33.000,2.64,21.97,7.46,44.68728,-124.156658
2021-05-10T18:31:33.000,2.63,21.92,7.46,44.68728,-124.156658
2021-05-10T18:46:33.000,2.62,21.87,7.45,44.68728,-124.156658
2021-05-10T19:01:33.000,2.61,21.74,7.44,44.68728,-124.156658
2021-05-10T19:16:33.000,2.6,21.62,7.44,44.68728,-124.156658
2021-05-10T19:31:33.000,2.58,21.5,7.44,44.68728,-124.156658
2021-05-10T19:46:33.000,2.5,20.85,7.44,44.68728,-124.156658
2021-05-10T20:01:33.000,2.55,21.22,7.43,44.68728,-124.156658
2021-05-10T20:16:33.000,2.54,21.11,7.42,44.68728,-124.156658
2021-05-10T20:31:33.000,2.52,21.02,7.42,44.68728,-124.156658
2021-05-10T20:46:33.000,2.52,20.93,7.41,44.68728,-124.156658
2021-05-10T21:01:33.000,2.49,20.75,7.41,44.68728,-124.156658
2021-05-10T21:16:33.000,2.45,20.43,7.41,44.68728,-124.156658
2021-05-10T21:31:33.000,2.43,20.2,7.4,44.68728,-124.156658
2021-05-10T21:46:33.000,2.4,19.93,7.39,44.68728,-124.156658
2021-05-10T22:01:33.000,2.38,19.79,7.39,44.68728,-124.156658
2021-05-10T22:16:33.000,2.36,19.64,7.39,44.68728,-124.156658
2021-05-10T22:31:33.000,2.34,19.5,7.39,44.68728,-124.156658
2021-05-10T22:46:33.000,2.33,19.4,7.39,44.68728,-124.156658
2021-05-10T23:01:33.000,2.32,19.32,7.39,44.68728,-124.156658
2021-05-10T23:16:33.000,2.31,19.18,7.39,44.68728,-124.156658
2021-05-10T23:31:33.000,2.29,19.05,7.39,44.68728,-124.156658
2021-05-10T23:46:33.000,2.25,18.75,7.39,44.68728,-124.156658
2021-05-11T00:01:33.000,2.23,18.56,7.38,44.68728,-124.156658
2021-05-11T00:16:33.000,2.19,18.24,7.37,44.68728,-124.156658
2021-05-11T00:31:33.000,2.18,18.14,7.37,44.68728,-124.156658
2021-05-11T00:46:33.000,2.17,18.08,7.37,44.68728,-124.156658
2021-05-11T01:01:33.000,2.18,18.14,7.37,44.68728,-124.156658
2021-05-11T01:16:33.000,2.2,18.3,7.37,44.68728,-124.156658
2021-05-11T01:31:33.000,2.25,18.69,7.37,44.68728,-124.156658
2021-05-11T01:46:33.000,2.31,19.21,7.39,44.68728,-124.156658
2021-05-11T02:01:33.000,2.39,19.87,7.39,44.68728,-124.156658
2021-05-11T02:16:33.000,2.42,20.14,7.39,44.68728,-124.156658
2021-05-11T02:31:33.000,2.47,20.52,7.41,44.68728,-124.156658
2021-05-11T02:46:33.000,2.49,20.74,7.41,44.68728,-124.156658
2021-05-11T03:01:33.000,2.5,20.79,7.41,44.68728,-124.156658
2021-05-11T03:16:33.000,2.52,20.99,7.41,44.68728,-124.156658
2021-05-11T03:31:33.000,2.54,21.17,7.41,44.68728,-124.156658
2021-05-11T03:46:33.000,2.55,21.23,7.41,44.68728,-124.156658
2021-05-11T04:01:33.000,2.57,21.36,7.42,44.68728,-124.156658
2021-05-11T04:16:33.000,2.57,21.38,7.41,44.68728,-124.156658
2021-05-11T04:31:33.000,2.59,21.55,7.41,44.68728,-124.156658
2021-05-11T04:46:33.000,2.58,21.43,7.41,44.68728,-124.156658
2021-05-11T05:01:33.000,2.57,21.39,7.41,44.68728,-124.156658
2021-05-11T05:16:33.000,2.57,21.42,7.41,44.68728,-124.156658
2021-05-11T05:31:33.000,2.59,21.57,7.41,44.68728,-124.156658
2021-05-11T05:46:33.000,2.57,21.35,7.41,44.68728,-124.156658
2021-05-11T06:01:33.000,2.55,21.2,7.39,44.68728,-124.156658
2021-05-11T06:16:33.000,2.53,21.06,7.39,44.68728,-124.156658
2021-05-11T06:31:33.000,2.52,20.94,7.39,44.68728,-124.156658
2021-05-11T06:46:33.000,2.53,21.02,7.39,44.68728,-124.156658
2021-05-11T07:01:33.000,2.53,21.08,7.39,44.68728,-124.156658
2021-05-11T07:16:33.000,2.51,20.88,7.39,44.68728,-124.156658
2021-05-11T07:31:33.000,2.52,20.97,7.39,44.68728,-124.156658
2021-05-11T07:46:33.000,2.54,21.13,7.39,44.68728,-124.156658
2021-05-11T08:01:33.000,2.53,21.06,7.39,44.68728,-124.156658
2021-05-11T08:16:33.000,2.57,21.35,7.39,44.68728,-124.156658
2021-05-11T08:31:33.000,2.56,21.3,7.39,44.68728,-124.156658
2021-05-11T08:46:33.000,2.57,21.4,7.39,44.68728,-124.156658
2021-05-11T09:01:33.000,2.53,21.04,7.37,44.68728,-124.156658
2021-05-11T09:16:33.000,2.51,20.87,7.36,44.68728,-124.156658
2021-05-11T09:31:33.000,2.51,20.83,7.36,44.68728,-124.156658
2021-05-11T09:46:33.000,2.48,20.64,7.34,44.68728,-124.156658
2021-05-11T10:01:33.000,2.47,20.51,7.34,44.68728,-124.156658
2021-05-11T10:16:33.000,2.45,20.38,7.32,44.68728,-124.156658
2021-05-11T10:31:33.000,2.45,20.32,7.31,44.68728,-124.156658
2021-05-11T10:46:33.000,2.45,20.29,7.3,44.68728,-124.156658
2021-05-11T11:01:33.000,2.46,20.39,7.29,44.68728,-124.156658
2021-05-11T11:16:33.000,2.45,20.36,7.29,44.68728,-124.156658
2021-05-11T11:31:33.000,2.48,20.54,7.29,44.68728,-124.156658
2021-05-11T11:46:33.000,2.48,20.58,7.29,44.68728,-124.156658
2021-05-11T12:01:33.000,2.48,20.6,7.29,44.68728,-124.156658
2021-05-11T12:16:33.000,2.49,20.62,7.28,44.68728,-124.156658
2021-05-11T12:31:33.000,2.49,20.64,7.27,44.68728,-124.156658
2021-05-11T12:46:33.000,2.49,20.66,7.27,44.68728,-124.156658
2021-05-11T13:01:33.000,2.47,20.52,7.27,44.68728,-124.156658
2021-05-11T13:16:33.000,2.46,20.38,7.26,44.68728,-124.156658
2021-05-11T13:31:33.000,2.46,20.4,7.25,44.68728,-124.156658
2021-05-11T13:46:33.000,2.45,20.34,7.25,44.68728,-124.156658
2021-05-11T14:01:33.000,2.41,19.97,7.23,44.68728,-124.156658
2021-05-11T14:16:33.000,2.34,19.41,7.22,44.68728,-124.156658
2021-05-11T14:31:33.000,2.3,19.08,7.19,44.68728,-124.156658
2021-05-11T14:46:33.000,2.29,18.93,7.17,44.68728,-124.156658
2021-05-11T15:01:33.000,2.29,18.95,7.15,44.68728,-124.156658
2021-05-11T15:16:33.000,2.31,19.11,7.15,44.68728,-124.156658
2021-05-11T15:31:33.000,2.33,19.29,7.15,44.68728,-124.156658
2021-05-11T15:46:33.000,2.35,19.46,7.14,44.68728,-124.156658
2021-05-11T16:01:33.000,2.37,19.55,7.14,44.68728,-124.156658
2021-05-11T16:16:33.000,2.38,19.67,7.12,44.68728,-124.156658
2021-05-11T16:31:33.000,2.4,19.83,7.12,44.68728,-124.156658
2021-05-11T16:46:33.000,2.41,19.94,7.12,44.68728,-124.156658
2021-05-11T17:01:33.000,2.45,20.25,7.12,44.68728,-124.156658
2021-05-11T17:16:33.000,2.49,20.58,7.12,44.68728,-124.156658
2021-05-11T17:31:33.000,2.45,20.21,7.1,44.68728,-124.156658
2021-05-11T17:46:33.000,2.44,20.18,7.09,44.68728,-124.156658
2021-05-11T18:01:33.000,2.43,20.05,7.08,44.68728,-124.156658
2021-05-11T18:16:33.000,2.44,20.14,7.08,44.68728,-124.156658
2021-05-11T18:31:33.000,2.42,19.98,7.08,44.68728,-124.156658
2021-05-11T18:46:33.000,2.4,19.8,7.05,44.68728,-124.156658
2021-05-11T19:01:33.000,2.39,19.75,7.05,44.68728,-124.156658
2021-05-11T19:16:33.000,2.39,19.66,7.03,44.68728,-124.156658
2021-05-11T19:31:33.000,2.39,19.68,7.03,44.68728,-124.156658
2021-05-11T19:46:33.000,2.38,19.61,7.03,44.68728,-124.156658
2021-05-11T20:01:33.000,2.38,19.6,7.01,44.68728,-124.156658
2021-05-11T20:16:33.000,2.37,19.56,7,44.68728,-124.156658
2021-05-11T20:31:33.000,2.36,19.44,7,44.68728,-124.156658
2021-05-11T20:46:33.000,2.35,19.32,6.99,44.68728,-124.156658
2021-05-11T21:01:33.000,2.33,19.16,6.98,44.68728,-124.156658
2021-05-11T21:16:33.000,2.32,19.08,6.98,44.68728,-124.156658
2021-05-11T21:31:33.000,2.31,19.04,6.98,44.68728,-124.156658
2021-05-11T21:46:33.000,2.28,18.73,6.96,44.68728,-124.156658
2021-05-11T22:01:33.000,2.24,18.44,6.95,44.68728,-124.156658
2021-05-11T22:16:33.000,2.21,18.14,6.94,44.68728,-124.156658
2021-05-11T22:31:33.000,2.18,17.96,6.93,44.68728,-124.156658
2021-05-11T22:46:33.000,2.16,17.75,6.93,44.68728,-124.156658
2021-05-11T23:01:33.000,2.15,17.69,6.93,44.68728,-124.156658
2021-05-11T23:16:33.000,2.15,17.65,6.93,44.68728,-124.156658
2021-05-11T23:31:33.000,2.13,17.54,6.93,44.68728,-124.156658
2021-05-11T23:46:33.000,2.11,17.38,6.93,44.68728,-124.156658
2021-05-12T00:01:33.000,2.1,17.29,6.93,44.68728,-124.156658
2021-05-12T00:16:33.000,2.09,17.19,6.93,44.68728,-124.156658
2021-05-12T00:31:33.000,2.09,17.16,6.92,44.68728,-124.156658
2021-05-12T00:46:33.000,2.07,17.02,6.92,44.68728,-124.156658
2021-05-12T01:01:33.000,2.07,16.98,6.92,44.68728,-124.156658
2021-05-12T01:16:33.000,2.06,16.92,6.91,44.68728,-124.156658
2021-05-12T01:31:33.000,2.05,16.87,6.91,44.68728,-124.156658
2021-05-12T01:46:33.000,2.05,16.82,6.91,44.68728,-124.156658
2021-05-12T02:01:33.000,2.04,16.75,6.91,44.68728,-124.156658
2021-05-12T02:16:33.000,2.03,16.66,6.9,44.68728,-124.156658
2021-05-12T02:31:33.000,2,16.47,6.9,44.68728,-124.156658
2021-05-12T02:46:33.000,1.99,16.38,6.88,44.68728,-124.156658
2021-05-12T03:01:33.000,1.95,16.04,6.88,44.68728,-124.156658
2021-05-12T03:16:33.000,1.94,15.89,6.86,44.68728,-124.156658
2021-05-12T03:31:33.000,1.92,15.79,6.86,44.68728,-124.156658
2021-05-12T03:46:33.000,1.91,15.68,6.85,44.68728,-124.156658
2021-05-12T04:01:33.000,1.91,15.64,6.85,44.68728,-124.156658
2021-05-12T04:16:33.000,1.9,15.61,6.84,44.68728,-124.156658
2021-05-12T04:31:33.000,1.91,15.63,6.84,44.68728,-124.156658
2021-05-12T04:46:33.000,1.91,15.64,6.84,44.68728,-124.156658
2021-05-12T05:01:33.000,1.91,15.64,6.83,44.68728,-124.156658
2021-05-12T05:16:33.000,1.9,15.6,6.83,44.68728,-124.156658
2021-05-12T05:31:33.000,1.91,15.69,6.83,44.68728,-124.156658
2021-05-12T05:46:33.000,1.9,15.6,6.83,44.68728,-124.156658
2021-05-12T06:01:33.000,1.89,15.53,6.83,44.68728,-124.156658
2021-05-12T06:16:33.000,1.88,15.39,6.83,44.68728,-124.156658
2021-05-12T06:31:33.000,1.89,15.47,6.83,44.68728,-124.156658
2021-05-12T06:46:33.000,1.87,15.3,6.83,44.68728,-124.156658
2021-05-12T07:01:33.000,1.87,15.36,6.83,44.68728,-124.156658
2021-05-12T07:16:33.000,1.86,15.24,6.83,44.68728,-124.156658
2021-05-12T07:31:33.000,1.89,15.49,6.83,44.68728,-124.156658
2021-05-12T07:46:33.000,1.87,15.36,6.83,44.68728,-124.156658
2021-05-12T08:01:33.000,1.87,15.3,6.83,44.68728,-124.156658
2021-05-12T08:16:33.000,1.88,15.42,6.83,44.68728,-124.156658
2021-05-12T08:31:33.000,1.88,15.39,6.83,44.68728,-124.156658
2021-05-12T08:46:33.000,1.88,15.46,6.83,44.68728,-124.156658
2021-05-12T09:01:33.000,1.88,15.39,6.83,44.68728,-124.156658
2021-05-12T09:16:33.000,1.88,15.42,6.83,44.68728,-124.156658
2021-05-12T09:31:33.000,1.86,15.24,6.83,44.68728,-124.156658
2021-05-12T09:46:33.000,1.88,15.45,6.83,44.68728,-124.156658
2021-05-12T10:01:33.000,1.89,15.51,6.83,44.68728,-124.156658
2021-05-12T10:16:33.000,1.86,15.23,6.83,44.68728,-124.156658
2021-05-12T10:31:33.000,1.87,15.32,6.83,44.68728,-124.156658
2021-05-12T10:46:33.000,1.86,15.26,6.82,44.68728,-124.156658
2021-05-12T11:01:33.000,1.84,15.12,6.81,44.68728,-124.156658
2021-05-12T11:16:33.000,1.84,15.08,6.81,44.68728,-124.156658
2021-05-12T11:31:33.000,1.84,15.1,6.81,44.68728,-124.156658
2021-05-12T11:46:33.000,1.83,15.02,6.81,44.68728,-124.156658
2021-05-12T12:01:33.000,1.83,15,6.81,44.68728,-124.156658
2021-05-12T12:16:33.000,1.82,14.94,6.81,44.68728,-124.156658
2021-05-12T12:31:33.000,1.83,14.97,6.8,44.68728,-124.156658
2021-05-12T12:46:33.000,1.82,14.89,6.8,44.68728,-124.156658
2021-05-12T13:01:33.000,1.81,14.8,6.79,44.68728,-124.156658
2021-05-12T13:16:33.000,1.8,14.72,6.79,44.68728,-124.156658
2021-05-12T13:31:33.000,1.8,14.72,6.78,44.68728,-124.156658
2021-05-12T13:46:33.000,1.79,14.64,6.79,44.68728,-124.156658
2021-05-12T14:01:33.000,1.79,14.64,6.79,44.68728,-124.156658
2021-05-12T14:16:33.000,1.78,14.57,6.78,44.68728,-124.156658
2021-05-12T14:31:33.000,1.76,14.4,6.78,44.68728,-124.156658
2021-05-12T14:46:33.000,1.77,14.49,6.78,44.68728,-124.156658
2021-05-12T15:01:33.000,1.76,14.43,6.78,44.68728,-124.156658
2021-05-12T15:16:33.000,1.76,14.43,6.78,44.68728,-124.156658
2021-05-12T15:31:33.000,1.75,14.34,6.78,44.68728,-124.156658
2021-05-12T15:46:33.000,1.74,14.26,6.78,44.68728,-124.156658
2021-05-12T16:01:33.000,1.75,14.32,6.78,44.68728,-124.156658
2021-05-12T16:16:33.000,1.74,14.28,6.78,44.68728,-124.156658
2021-05-12T16:31:33.000,1.74,14.23,6.78,44.68728,-124.156658
2021-05-12T16:46:33.000,1.72,14.1,6.78,44.68728,-124.156658
2021-05-12T17:01:33.000,1.73,14.13,6.78,44.68728,-124.156658
2021-05-12T17:16:33.000,1.72,14.09,6.78,44.68728,-124.156658
2021-05-12T17:31:33.000,1.7,13.94,6.78,44.68728,-124.156658
2021-05-12T17:46:33.000,1.71,13.99,6.78,44.68728,-124.156658
2021-05-12T18:01:33.000,1.7,13.91,6.78,44.68728,-124.156658
2021-05-12T18:16:33.000,1.7,13.92,6.78,44.68728,-124.156658
2021-05-12T18:31:33.000,1.69,13.84,6.78,44.68728,-124.156658
2021-05-12T18:46:33.000,1.69,13.81,6.78,44.68728,-124.156658
2021-05-12T19:01:33.000,1.67,13.7,6.78,44.68728,-124.156658
2021-05-12T19:16:33.000,1.67,13.72,6.78,44.68728,-124.156658
2021-05-12T19:31:33.000,1.67,13.7,6.78,44.68728,-124.156658
2021-05-12T19:46:33.000,1.66,13.58,6.77,44.68728,-124.156658
2021-05-12T20:01:33.000,1.64,13.46,6.77,44.68728,-124.156658
2021-05-12T20:16:33.000,1.64,13.46,6.76,44.68728,-124.156658
2021-05-12T20:31:33.000,1.65,13.52,6.76,44.68728,-124.156658
2021-05-12T20:46:33.000,1.65,13.48,6.76,44.68728,-124.156658
2021-05-12T21:01:33.000,1.64,13.44,6.77,44.68728,-124.156658
2021-05-12T21:16:33.000,1.64,13.42,6.78,44.68728,-124.156658
2021-05-12T21:31:33.000,1.64,13.4,6.78,44.68728,-124.156658
2021-05-12T21:46:33.000,1.63,13.34,6.78,44.68728,-124.156658
2021-05-12T22:01:33.000,1.62,13.28,6.78,44.68728,-124.156658
2021-05-12T22:16:33.000,1.62,13.3,6.78,44.68728,-124.156658
2021-05-12T22:31:33.000,1.62,13.27,6.78,44.68728,-124.156658
2021-05-12T22:46:33.000,1.62,13.24,6.78,44.68728,-124.156658
2021-05-12T23:01:33.000,1.62,13.24,6.78,44.68728,-124.156658
2021-05-12T23:16:33.000,1.6,13.13,6.78,44.68728,-124.156658
2021-05-12T23:31:33.000,1.61,13.18,6.78,44.68728,-124.156658
2021-05-12T23:46:33.000,1.6,13.11,6.78,44.68728,-124.156658
2021-05-13T00:01:33.000,1.6,13.14,6.78,44.68728,-124.156658
2021-05-13T00:16:33.000,1.6,13.11,6.78,44.68728,-124.156658
2021-05-13T00:31:33.000,1.59,13.06,6.78,44.68728,-124.156658
2021-05-13T00:46:33.000,1.59,13.04,6.78,44.68728,-124.156658
2021-05-13T01:01:33.000,1.59,13.01,6.78,44.68728,-124.156658
2021-05-13T01:16:33.000,1.58,12.98,6.78,44.68728,-124.156658
2021-05-13T01:31:33.000,1.58,12.95,6.78,44.68728,-124.156658
2021-05-13T01:46:33.000,1.57,12.87,6.78,44.68728,-124.156658
2021-05-13T02:01:33.000,1.58,12.91,6.78,44.68728,-124.156658
2021-05-13T02:16:33.000,1.56,12.81,6.78,44.68728,-124.156658
2021-05-13T02:31:33.000,1.57,12.88,6.78,44.68728,-124.156658
2021-05-13T02:46:33.000,1.56,12.81,6.78,44.68728,-124.156658
2021-05-13T03:01:33.000,1.57,12.83,6.78,44.68728,-124.156658
2021-05-13T03:16:33.000,1.56,12.8,6.78,44.68728,-124.156658
2021-05-13T03:31:33.000,1.56,12.76,6.78,44.68728,-124.156658
2021-05-13T03:46:33.000,1.56,12.76,6.78,44.68728,-124.156658
2021-05-13T04:01:33.000,1.55,12.7,6.78,44.68728,-124.156658
2021-05-13T04:16:33.000,1.55,12.71,6.78,44.68728,-124.156658
2021-05-13T04:31:33.000,1.56,12.75,6.78,44.68728,-124.156658
2021-05-13T04:46:33.000,1.56,12.8,6.78,44.68728,-124.156658
2021-05-13T05:01:33.000,1.56,12.82,6.78,44.68728,-124.156658
2021-05-13T05:16:33.000,1.55,12.74,6.78,44.68728,-124.156658
2021-05-13T05:31:33.000,1.56,12.78,6.78,44.68728,-124.156658
2021-05-13T05:46:33.000,1.56,12.8,6.78,44.68728,-124.156658
2021-05-13T06:01:33.000,1.55,12.73,6.78,44.68728,-124.156658
2021-05-13T06:16:33.000,1.56,12.76,6.78,44.68728,-124.156658
2021-05-13T06:31:33.000,1.56,12.82,6.78,44.68728,-124.156658
2021-05-13T06:46:33.000,1.57,12.85,6.78,44.68728,-124.156658
2021-05-13T07:01:33.000,1.57,12.83,6.78,44.68728,-124.156658
2021-05-13T07:16:33.000,1.44,11.83,6.78,44.68728,-124.156658
2021-05-13T07:31:33.000,1.58,12.94,6.79,44.68728,-124.156658
2021-05-13T07:46:33.000,1.57,12.85,6.79,44.68728,-124.156658
2021-05-13T08:01:33.000,1.57,12.9,6.79,44.68728,-124.156658
2021-05-13T08:16:33.000,1.57,12.88,6.8,44.68728,-124.156658
2021-05-13T08:31:33.000,1.57,12.83,6.79,44.68728,-124.156658
2021-05-13T08:46:33.000,1.48,12.15,6.79,44.68728,-124.156658
2021-05-13T09:01:33.000,1.55,12.73,6.79,44.68728,-124.156658
2021-05-13T09:16:33.000,1.51,12.41,6.78,44.68728,-124.156658
2021-05-13T09:31:33.000,1.51,12.39,6.78,44.68728,-124.156658
2021-05-13T09:46:33.000,1.54,12.63,6.78,44.68728,-124.156658
2021-05-13T10:01:33.000,1.55,12.71,6.78,44.68728,-124.156658
2021-05-13T10:16:33.000,1.54,12.65,6.78,44.68728,-124.156658
2021-05-13T10:31:33.000,1.54,12.63,6.78,44.68728,-124.156658
2021-05-13T10:46:33.000,1.55,12.72,6.78,44.68728,-124.156658
2021-05-13T11:01:33.000,1.56,12.76,6.76,44.68728,-124.156658
2021-05-13T11:16:33.000,1.56,12.8,6.76,44.68728,-124.156658
2021-05-13T11:31:33.000,1.57,12.84,6.74,44.68728,-124.156658
2021-05-13T11:46:33.000,1.58,12.95,6.73,44.68728,-124.156658
2021-05-13T12:01:33.000,1.58,12.93,6.73,44.68728,-124.156658
2021-05-13T12:16:33.000,1.59,13.01,6.73,44.68728,-124.156658
2021-05-13T12:31:33.000,1.58,12.94,6.73,44.68728,-124.156658
2021-05-13T12:46:33.000,1.59,13.02,6.73,44.68728,-124.156658
2021-05-13T13:01:33.000,1.6,13.09,6.73,44.68728,-124.156658
2021-05-13T13:16:33.000,1.61,13.13,6.73,44.68728,-124.156658
2021-05-13T13:31:33.000,1.61,13.19,6.73,44.68728,-124.156658
2021-05-13T13:46:33.000,1.61,13.16,6.73,44.68728,-124.156658
2021-05-13T14:01:33.000,1.61,13.18,6.73,44.68728,-124.156658
2021-05-13T14:16:33.000,1.61,13.16,6.74,44.68728,-124.156658
2021-05-13T14:31:33.000,1.62,13.28,6.74,44.68728,-124.156658
2021-05-13T14:46:33.000,1.63,13.35,6.74,44.68728,-124.156658
2021-05-13T15:01:33.000,1.63,13.35,6.74,44.68728,-124.156658
2021-05-13T15:16:33.000,1.64,13.42,6.74,44.68728,-124.156658
2021-05-13T15:31:33.000,1.65,13.5,6.74,44.68728,-124.156658
2021-05-13T15:46:33.000,1.65,13.52,6.74,44.68728,-124.156658
2021-05-13T16:01:33.000,1.67,13.63,6.74,44.68728,-124.156658
2021-05-13T16:16:33.000,1.67,13.66,6.74,44.68728,-124.156658
2021-05-13T16:31:33.000,1.67,13.7,6.74,44.68728,-124.156658
2021-05-13T16:46:33.000,1.68,13.73,6.75,44.68728,-124.156658
2021-05-13T17:01:33.000,1.68,13.78,6.75,44.68728,-124.156658
2021-05-13T17:16:33.000,1.7,13.9,6.76,44.68728,-124.156658
2021-05-13T17:31:33.000,1.71,13.98,6.75,44.68728,-124.156658
2021-05-13T17:46:33.000,1.72,14.07,6.75,44.68728,-124.156658
2021-05-13T18:01:33.000,1.74,14.21,6.75,44.68728,-124.156658
2021-05-13T18:16:33.000,1.73,14.13,6.75,44.68728,-124.156658
2021-05-13T18:31:33.000,1.77,14.52,6.76,44.68728,-124.156658
2021-05-13T18:46:33.000,1.78,14.56,6.76,44.68728,-124.156658
2021-05-13T19:01:33.000,1.79,14.66,6.76,44.68728,-124.156658
2021-05-13T19:16:33.000,1.8,14.73,6.76,44.68728,-124.156658
2021-05-13T19:31:33.000,1.81,14.84,6.76,44.68728,-124.156658
2021-05-13T19:46:33.000,1.8,14.77,6.76,44.68728,-124.156658
2021-05-13T20:01:33.000,1.81,14.79,6.76,44.68728,-124.156658
2021-05-13T20:16:33.000,1.8,14.74,6.75,44.68728,-124.156658
2021-05-13T20:31:33.000,1.8,14.73,6.74,44.68728,-124.156658
2021-05-13T20:46:33.000,1.79,14.66,6.75,44.68728,-124.156658
2021-05-13T21:01:33.000,1.77,14.48,6.76,44.68728,-124.156658
2021-05-13T21:16:33.000,1.79,14.67,6.75,44.68728,-124.156658
2021-05-13T21:31:33.000,1.78,14.59,6.74,44.68728,-124.156658
2021-05-13T21:46:33.000,1.74,14.21,6.74,44.68728,-124.156658
2021-05-13T22:01:33.000,1.74,14.28,6.74,44.68728,-124.156658
2021-05-13T22:16:33.000,1.69,13.8,6.74,44.68728,-124.156658
2021-05-13T22:31:33.000,1.77,14.45,6.74,44.68728,-124.156658
2021-05-13T22:46:33.000,1.75,14.32,6.74,44.68728,-124.156658
2021-05-13T23:01:33.000,1.8,14.74,6.74,44.68728,-124.156658
2021-05-13T23:16:33.000,1.76,14.43,6.74,44.68728,-124.156658
2021-05-13T23:31:33.000,1.73,14.16,6.72,44.68728,-124.156658
2021-05-13T23:46:33.000,1.75,14.28,6.71,44.68728,-124.156658
2021-05-14T00:01:33.000,1.73,14.18,6.71,44.68728,-124.156658
2021-05-14T00:16:33.000,1.73,14.15,6.7,44.68728,-124.156658
2021-05-14T00:31:33.000,1.73,14.11,6.69,44.68728,-124.156658
2021-05-14T00:46:33.000,1.73,14.12,6.69,44.68728,-124.156658
2021-05-14T01:01:33.000,1.74,14.2,6.69,44.68728,-124.156658
2021-05-14T01:16:33.000,1.71,14.01,6.69,44.68728,-124.156658
2021-05-14T01:31:33.000,1.71,14.01,6.69,44.68728,-124.156658
2021-05-14T01:46:33.000,1.71,13.97,6.69,44.68728,-124.156658
2021-05-14T02:01:33.000,1.71,14.01,6.69,44.68728,-124.156658
2021-05-14T02:16:33.000,1.71,13.98,6.69,44.68728,-124.156658
2021-05-14T02:31:33.000,1.69,13.81,6.69,44.68728,-124.156658
2021-05-14T02:46:33.000,1.65,13.5,6.69,44.68728,-124.156658
2021-05-14T03:01:33.000,1.67,13.69,6.69,44.68728,-124.156658
2021-05-14T03:16:33.000,1.7,13.9,6.69,44.68728,-124.156658
2021-05-14T03:31:33.000,1.68,13.73,6.69,44.68728,-124.156658
2021-05-14T03:46:33.000,1.68,13.74,6.69,44.68728,-124.156658
2021-05-14T04:01:33.000,1.71,13.95,6.69,44.68728,-124.156658
2021-05-14T04:16:33.000,1.63,13.34,6.69,44.68728,-124.156658
2021-05-14T04:31:33.000,1.64,13.43,6.69,44.68728,-124.156658
2021-05-14T04:46:33.000,1.63,13.36,6.69,44.68728,-124.156658
2021-05-14T05:01:33.000,1.68,13.71,6.69,44.68728,-124.156658
2021-05-14T05:16:33.000,1.67,13.67,6.69,44.68728,-124.156658
2021-05-14T05:31:33.000,1.72,14.02,6.69,44.68728,-124.156658
2021-05-14T05:46:33.000,1.7,13.91,6.69,44.68728,-124.156658
2021-05-14T06:01:33.000,1.68,13.73,6.68,44.68728,-124.156658
2021-05-14T06:16:33.000,1.66,13.6,6.68,44.68728,-124.156658
2021-05-14T06:31:33.000,1.67,13.68,6.68,44.68728,-124.156658
2021-05-14T06:46:33.000,1.65,13.5,6.68,44.68728,-124.156658
2021-05-14T07:01:33.000,1.64,13.39,6.68,44.68728,-124.156658
2021-05-14T07:16:33.000,1.62,13.22,6.68,44.68728,-124.156658
2021-05-14T07:31:33.000,1.66,13.59,6.68,44.68728,-124.156658
2021-05-14T07:46:33.000,1.68,13.7,6.68,44.68728,-124.156658
2021-05-14T08:01:33.000,1.65,13.52,6.68,44.68728,-124.156658
2021-05-14T08:16:33.000,1.65,13.46,6.68,44.68728,-124.156658
2021-05-14T08:31:33.000,1.65,13.52,6.67,44.68728,-124.156658
2021-05-14T08:46:33.000,1.61,13.18,6.67,44.68728,-124.156658
2021-05-14T09:01:33.000,1.66,13.53,6.67,44.68728,-124.156658
2021-05-14T09:16:33.000,1.69,13.8,6.66,44.68728,-124.156658
2021-05-14T09:31:33.000,1.69,13.83,6.67,44.68728,-124.156658
2021-05-14T09:46:33.000,1.7,13.89,6.67,44.68728,-124.156658
2021-05-14T10:01:33.000,1.66,13.57,6.67,44.68728,-124.156658
2021-05-14T10:16:33.000,1.7,13.91,6.69,44.68728,-124.156658
2021-05-14T10:31:33.000,1.66,13.58,6.69,44.68728,-124.156658
2021-05-14T10:46:33.000,1.71,13.96,6.69,44.68728,-124.156658
2021-05-14T11:01:33.000,1.71,13.96,6.69,44.68728,-124.156658
2021-05-14T11:16:33.000,1.69,13.78,6.69,44.68728,-124.156658
2021-05-14T11:31:33.000,1.62,13.26,6.69,44.68728,-124.156658
2021-05-14T11:46:33.000,1.65,13.51,6.69,44.68728,-124.156658
2021-05-14T12:01:33.000,1.65,13.53,6.69,44.68728,-124.156658
2021-05-14T12:16:33.000,1.67,13.62,6.69,44.68728,-124.156658
2021-05-14T12:31:33.000,1.64,13.43,6.69,44.68728,-124.156658
2021-05-14T12:46:33.000,1.65,13.5,6.68,44.68728,-124.156658
2021-05-14T13:01:33.000,1.65,13.48,6.68,44.68728,-124.156658
2021-05-14T13:16:33.000,1.59,13,6.68,44.68728,-124.156658
2021-05-14T13:31:33.000,1.64,13.37,6.68,44.68728,-124.156658
2021-05-14T13:46:33.000,1.64,13.44,6.68,44.68728,-124.156658
2021-05-14T14:01:33.000,1.66,13.55,6.69,44.68728,-124.156658
2021-05-14T14:16:33.000,1.64,13.4,6.69,44.68728,-124.156658
2021-05-14T14:31:33.000,1.66,13.55,6.68,44.68728,-124.156658
2021-05-14T14:46:33.000,1.66,13.56,6.67,44.68728,-124.156658
2021-05-14T15:01:33.000,1.66,13.54,6.66,44.68728,-124.156658
2021-05-14T15:16:33.000,1.65,13.48,6.66,44.68728,-124.156658
2021-05-14T15:31:33.000,1.67,13.62,6.66,44.68728,-124.156658
2021-05-14T15:46:33.000,1.67,13.65,6.66,44.68728,-124.156658
2021-05-14T16:01:33.000,1.63,13.29,6.66,44.68728,-124.156658
2021-05-14T16:16:33.000,1.64,13.39,6.66,44.68728,-124.156658
2021-05-14T16:31:33.000,1.65,13.46,6.66,44.68728,-124.156658
2021-05-14T16:46:33.000,1.65,13.46,6.66,44.68728,-124.156658
2021-05-14T17:01:33.000,1.65,13.45,6.66,44.68728,-124.156658
2021-05-14T17:16:33.000,1.65,13.45,6.66,44.68728,-124.156658
2021-05-14T17:31:33.000,1.64,13.4,6.66,44.68728,-124.156658
2021-05-14T17:46:33.000,1.63,13.34,6.66,44.68728,-124.156658
2021-05-14T18:01:33.000,1.63,13.33,6.66,44.68728,-124.156658
2021-05-14T18:16:33.000,1.64,13.38,6.66,44.68728,-124.156658
2021-05-14T18:31:33.000,1.63,13.33,6.66,44.68728,-124.156658
2021-05-14T18:46:33.000,1.63,13.32,6.66,44.68728,-124.156658
2021-05-14T19:01:33.000,1.63,13.31,6.66,44.68728,-124.156658
2021-05-14T19:16:33.000,1.6,13.11,6.66,44.68728,-124.156658
2021-05-14T19:31:33.000,1.62,13.22,6.66,44.68728,-124.156658
2021-05-14T19:46:33.000,1.62,13.2,6.66,44.68728,-124.156658
2021-05-14T20:01:33.000,1.6,13.1,6.66,44.68728,-124.156658
2021-05-14T20:16:33.000,1.66,13.52,6.66,44.68728,-124.156658
2021-05-14T20:31:33.000,1.66,13.52,6.66,44.68728,-124.156658
2021-05-14T20:46:33.000,1.63,13.3,6.66,44.68728,-124.156658
2021-05-14T21:01:33.000,1.6,13.09,6.66,44.68728,-124.156658
2021-05-14T21:16:33.000,1.66,13.57,6.66,44.68728,-124.156658
2021-05-14T21:31:33.000,1.66,13.59,6.68,44.68728,-124.156658
2021-05-14T21:46:33.000,1.67,13.67,6.69,44.68728,-124.156658
2021-05-14T22:01:33.000,1.68,13.72,6.69,44.68728,-124.156658
2021-05-14T22:16:33.000,1.64,13.44,6.69,44.68728,-124.156658
2021-05-14T22:31:33.000,1.61,13.16,6.69,44.68728,-124.156658
2021-05-14T22:46:33.000,1.64,13.38,6.69,44.68728,-124.156658
2021-05-14T23:01:33.000,1.63,13.35,6.69,44.68728,-124.156658
2021-05-14T23:16:33.000,1.62,13.27,6.67,44.68728,-124.156658
2021-05-14T23:31:33.000,1.65,13.5,6.67,44.68728,-124.156658
2021-05-14T23:46:33.000,1.66,13.59,6.68,44.68728,-124.156658
2021-05-15T00:01:33.000,1.62,13.26,6.69,44.68728,-124.156658
2021-05-15T00:16:33.000,1.63,13.36,6.69,44.68728,-124.156658
2021-05-15T00:31:33.000,1.6,13.07,6.68,44.68728,-124.156658
2021-05-15T00:46:33.000,1.58,12.95,6.68,44.68728,-124.156658
2021-05-15T01:01:33.000,1.63,13.35,6.68,44.68728,-124.156658
2021-05-15T01:16:33.000,1.65,13.45,6.68,44.68728,-124.156658
2021-05-15T01:31:33.000,1.64,13.36,6.67,44.68728,-124.156658
2021-05-15T01:46:33.000,1.62,13.22,6.66,44.68728,-124.156658
2021-05-15T02:01:33.000,1.61,13.14,6.66,44.68728,-124.156658
2021-05-15T02:16:33.000,1.62,13.26,6.66,44.68728,-124.156658
2021-05-15T02:31:33.000,1.61,13.17,6.66,44.68728,-124.156658
2021-05-15T02:46:33.000,1.63,13.28,6.66,44.68728,-124.156658
2021-05-15T03:01:33.000,1.62,13.23,6.66,44.68728,-124.156658
2021-05-15T03:16:33.000,1.62,13.2,6.66,44.68728,-124.156658
2021-05-15T03:31:33.000,1.62,13.27,6.66,44.68728,-124.156658
2021-05-15T03:46:33.000,1.65,13.47,6.65,44.68728,-124.156658
2021-05-15T04:01:33.000,1.63,13.33,6.64,44.68728,-124.156658
2021-05-15T04:16:33.000,1.65,13.46,6.64,44.68728,-124.156658
2021-05-15T04:31:33.000,1.57,12.78,6.64,44.68728,-124.156658
2021-05-15T04:46:33.000,1.64,13.36,6.64,44.68728,-124.156658
2021-05-15T05:01:33.000,1.62,13.23,6.64,44.68728,-124.156658
2021-05-15T05:16:33.000,1.63,13.3,6.63,44.68728,-124.156658
2021-05-15T05:31:33.000,1.64,13.37,6.63,44.68728,-124.156658
2021-05-15T05:46:33.000,1.65,13.44,6.62,44.68728,-124.156658
2021-05-15T06:01:33.000,1.62,13.26,6.62,44.68728,-124.156658
2021-05-15T06:16:33.000,1.65,13.45,6.62,44.68728,-124.156658
2021-05-15T06:31:33.000,1.64,13.37,6.62,44.68728,-124.156658
2021-05-15T06:46:33.000,1.64,13.39,6.62,44.68728,-124.156658
2021-05-15T07:01:33.000,1.6,13.06,6.62,44.68728,-124.156658
2021-05-15T07:16:33.000,1.62,13.21,6.62,44.68728,-124.156658
2021-05-15T07:31:33.000,1.64,13.37,6.62,44.68728,-124.156658
2021-05-15T07:46:33.000,1.61,13.18,6.62,44.68728,-124.156658
2021-05-15T08:01:33.000,1.63,13.31,6.62,44.68728,-124.156658
2021-05-15T08:16:33.000,1.57,12.79,6.62,44.68728,-124.156658
2021-05-15T08:31:33.000,1.62,13.19,6.61,44.68728,-124.156658
2021-05-15T08:46:33.000,1.57,12.81,6.61,44.68728,-124.156658
2021-05-15T09:01:33.000,1.59,12.95,6.61,44.68728,-124.156658
2021-05-15T09:16:33.000,1.57,12.84,6.61,44.68728,-124.156658
2021-05-15T09:31:33.000,1.57,12.82,6.61,44.68728,-124.156658
2021-05-15T09:46:33.000,1.57,12.8,6.61,44.68728,-124.156658
2021-05-15T10:01:33.000,1.58,12.86,6.61,44.68728,-124.156658
2021-05-15T10:16:33.000,1.56,12.7,6.61,44.68728,-124.156658
2021-05-15T10:31:33.000,1.59,12.98,6.61,44.68728,-124.156658
2021-05-15T10:46:33.000,1.64,13.34,6.61,44.68728,-124.156658
2021-05-15T11:01:33.000,1.64,13.37,6.61,44.68728,-124.156658
2021-05-15T11:16:33.000,1.65,13.46,6.62,44.68728,-124.156658
2021-05-15T11:31:33.000,1.65,13.44,6.62,44.68728,-124.156658
2021-05-15T11:46:33.000,1.84,15.07,6.71,44.68728,-124.156658
2021-05-15T12:01:33.000,1.94,15.92,6.81,44.68728,-124.156658
2021-05-15T12:16:33.000,1.78,14.53,6.69,44.68728,-124.156658
2021-05-15T12:31:33.000,1.86,15.21,6.76,44.68728,-124.156658
2021-05-15T12:46:33.000,1.87,15.28,6.74,44.68728,-124.156658
2021-05-15T13:01:33.000,1.85,15.17,6.71,44.68728,-124.156658
2021-05-15T13:16:33.000,1.82,14.9,6.69,44.68728,-124.156658
2021-05-15T13:31:33.000,1.81,14.82,6.69,44.68728,-124.156658
2021-05-15T13:46:33.000,1.8,14.68,6.69,44.68728,-124.156658
2021-05-15T14:01:33.000,1.81,14.77,6.69,44.68728,-124.156658
2021-05-15T14:16:33.000,1.8,14.73,6.69,44.68728,-124.156658
2021-05-15T14:31:33.000,1.81,14.77,6.69,44.68728,-124.156658
2021-05-15T14:46:33.000,1.79,14.64,6.69,44.68728,-124.156658
2021-05-15T15:01:33.000,1.76,14.39,6.67,44.68728,-124.156658
2021-05-15T15:16:33.000,1.77,14.46,6.67,44.68728,-124.156658
2021-05-15T15:31:33.000,1.77,14.47,6.67,44.68728,-124.156658
2021-05-15T15:46:33.000,1.78,14.51,6.67,44.68728,-124.156658
2021-05-15T16:01:33.000,1.78,14.55,6.68,44.68728,-124.156658
2021-05-15T16:16:33.000,1.77,14.46,6.66,44.68728,-124.156658
2021-05-15T16:31:33.000,1.76,14.41,6.67,44.68728,-124.156658
2021-05-15T16:46:33.000,1.8,14.7,6.69,44.68728,-124.156658
2021-05-15T17:01:33.000,1.78,14.59,6.68,44.68728,-124.156658
2021-05-15T17:16:33.000,1.76,14.35,6.66,44.68728,-124.156658
2021-05-15T17:31:33.000,1.74,14.23,6.66,44.68728,-124.156658
2021-05-15T17:46:33.000,1.74,14.2,6.65,44.68728,-124.156658
2021-05-15T18:01:33.000,1.74,14.17,6.64,44.68728,-124.156658
2021-05-15T18:16:33.000,1.73,14.13,6.64,44.68728,-124.156658
2021-05-15T18:31:33.000,1.73,14.11,6.64,44.68728,-124.156658
2021-05-15T18:46:33.000,1.72,14.05,6.64,44.68728,-124.156658
2021-05-15T19:01:33.000,1.72,14.04,6.64,44.68728,-124.156658
2021-05-15T19:16:33.000,1.72,14.03,6.64,44.68728,-124.156658
2021-05-15T19:31:33.000,1.72,14.05,6.64,44.68728,-124.156658
2021-05-15T19:46:33.000,1.71,13.93,6.65,44.68728,-124.156658
2021-05-15T20:01:33.000,1.72,14.07,6.66,44.68728,-124.156658
2021-05-15T20:16:33.000,1.73,14.11,6.66,44.68728,-124.156658
2021-05-15T20:31:33.000,1.72,14.04,6.65,44.68728,-124.156658
2021-05-15T20:46:33.000,1.71,13.94,6.65,44.68728,-124.156658
2021-05-15T21:01:33.000,1.71,13.93,6.65,44.68728,-124.156658
2021-05-15T21:16:33.000,1.69,13.82,6.64,44.68728,-124.156658
2021-05-15T21:31:33.000,1.7,13.85,6.64,44.68728,-124.156658
2021-05-15T21:46:33.000,1.7,13.85,6.65,44.68728,-124.156658
2021-05-15T22:01:33.000,1.69,13.79,6.65,44.68728,-124.156658
2021-05-15T22:16:33.000,1.69,13.78,6.65,44.68728,-124.156658
2021-05-15T22:31:33.000,1.69,13.82,6.65,44.68728,-124.156658
2021-05-15T22:46:33.000,1.69,13.78,6.66,44.68728,-124.156658
2021-05-15T23:01:33.000,1.69,13.8,6.65,44.68728,-124.156658
2021-05-15T23:16:33.000,1.7,13.92,6.65,44.68728,-124.156658
2021-05-15T23:31:33.000,1.7,13.88,6.66,44.68728,-124.156658
2021-05-15T23:46:33.000,1.73,14.17,6.67,44.68728,-124.156658
2021-05-16T00:01:33.000,1.7,13.88,6.69,44.68728,-124.156658
2021-05-16T00:16:33.000,1.71,13.99,6.69,44.68728,-124.156658
2021-05-16T00:31:33.000,1.76,14.36,6.71,44.68728,-124.156658
2021-05-16T00:46:33.000,1.72,14.08,6.69,44.68728,-124.156658
2021-05-16T01:01:33.000,1.73,14.15,6.69,44.68728,-124.156658
2021-05-16T01:16:33.000,1.71,13.97,6.69,44.68728,-124.156658
2021-05-16T01:31:33.000,1.72,14.06,6.71,44.68728,-124.156658
2021-05-16T01:46:33.000,1.77,14.47,6.71,44.68728,-124.156658
2021-05-16T02:01:33.000,1.73,14.15,6.69,44.68728,-124.156658
2021-05-16T02:16:33.000,1.74,14.24,6.69,44.68728,-124.156658
2021-05-16T02:31:33.000,1.77,14.46,6.71,44.68728,-124.156658
2021-05-16T02:46:33.000,1.74,14.21,6.69,44.68728,-124.156658
2021-05-16T03:01:33.000,1.74,14.19,6.69,44.68728,-124.156658
2021-05-16T03:16:33.000,1.72,14.03,6.66,44.68728,-124.156658
2021-05-16T03:31:33.000,1.73,14.16,6.67,44.68728,-124.156658
2021-05-16T03:46:33.000,1.74,14.23,6.68,44.68728,-124.156658
2021-05-16T04:01:33.000,1.74,14.21,6.69,44.68728,-124.156658
2021-05-16T04:16:33.000,1.75,14.3,6.69,44.68728,-124.156658
2021-05-16T04:31:33.000,1.74,14.19,6.69,44.68728,-124.156658
2021-05-16T04:46:33.000,1.74,14.22,6.68,44.68728,-124.156658
2021-05-16T05:01:33.000,1.73,14.12,6.67,44.68728,-124.156658
2021-05-16T05:16:33.000,1.73,14.16,6.67,44.68728,-124.156658
2021-05-16T05:31:33.000,1.74,14.2,6.68,44.68728,-124.156658
2021-05-16T05:46:33.000,1.74,14.22,6.69,44.68728,-124.156658
2021-05-16T06:01:33.000,1.75,14.31,6.69,44.68728,-124.156658
2021-05-16T06:16:33.000,1.75,14.31,6.69,44.68728,-124.156658
2021-05-16T06:31:33.000,1.77,14.43,6.69,44.68728,-124.156658
2021-05-16T06:46:33.000,1.78,14.54,6.7,44.68728,-124.156658
2021-05-16T07:01:33.000,1.78,14.57,6.71,44.68728,-124.156658
2021-05-16T07:16:33.000,1.81,14.8,6.71,44.68728,-124.156658
2021-05-16T07:31:33.000,1.82,14.86,6.71,44.68728,-124.156658
2021-05-16T07:46:33.000,1.83,14.97,6.71,44.68728,-124.156658
2021-05-16T08:01:33.000,1.84,15.07,6.72,44.68728,-124.156658
2021-05-16T08:16:33.000,1.84,15.07,6.73,44.68728,-124.156658
2021-05-16T08:31:33.000,1.84,15.08,6.73,44.68728,-124.156658
2021-05-16T08:46:33.000,1.82,14.9,6.73,44.68728,-124.156658
2021-05-16T09:01:33.000,1.89,15.45,6.74,44.68728,-124.156658
2021-05-16T09:16:33.000,1.88,15.4,6.74,44.68728,-124.156658
2021-05-16T09:31:33.000,1.88,15.36,6.74,44.68728,-124.156658
2021-05-16T09:46:33.000,1.89,15.49,6.75,44.68728,-124.156658
2021-05-16T10:01:33.000,1.91,15.67,6.76,44.68728,-124.156658
2021-05-16T10:16:33.000,1.91,15.65,6.76,44.68728,-124.156658
2021-05-16T10:31:33.000,1.91,15.67,6.76,44.68728,-124.156658
2021-05-16T10:46:33.000,1.9,15.53,6.76,44.68728,-124.156658
2021-05-16T11:01:33.000,1.9,15.55,6.76,44.68728,-124.156658
2021-05-16T11:16:33.000,1.89,15.51,6.75,44.68728,-124.156658
2021-05-16T11:31:33.000,1.89,15.46,6.75,44.68728,-124.156658
2021-05-16T11:46:33.000,1.89,15.48,6.75,44.68728,-124.156658
2021-05-16T12:01:33.000,1.89,15.48,6.74,44.68728,-124.156658
2021-05-16T12:16:33.000,1.9,15.53,6.75,44.68728,-124.156658
2021-05-16T12:31:33.000,1.9,15.55,6.75,44.68728,-124.156658
2021-05-16T12:46:33.000,1.89,15.47,6.74,44.68728,-124.156658
2021-05-16T13:01:33.000,1.89,15.44,6.73,44.68728,-124.156658
2021-05-16T13:16:33.000,1.88,15.36,6.73,44.68728,-124.156658
2021-05-16T13:31:33.000,1.88,15.36,6.72,44.68728,-124.156658
2021-05-16T13:46:33.000,1.87,15.3,6.71,44.68728,-124.156658
2021-05-16T14:01:33.000,1.87,15.28,6.71,44.68728,-124.156658
2021-05-16T14:16:33.000,1.87,15.27,6.71,44.68728,-124.156658
2021-05-16T14:31:33.000,1.87,15.28,6.71,44.68728,-124.156658
2021-05-16T14:46:33.000,1.87,15.26,6.71,44.68728,-124.156658
2021-05-16T15:01:33.000,1.87,15.26,6.71,44.68728,-124.156658
2021-05-16T15:16:33.000,1.87,15.28,6.71,44.68728,-124.156658
2021-05-16T15:31:33.000,1.85,15.15,6.71,44.68728,-124.156658
2021-05-16T15:46:33.000,1.86,15.19,6.71,44.68728,-124.156658
2021-05-16T16:01:33.000,1.86,15.2,6.71,44.68728,-124.156658
2021-05-16T16:16:33.000,1.87,15.27,6.71,44.68728,-124.156658
2021-05-16T16:31:33.000,1.87,15.32,6.71,44.68728,-124.156658
2021-05-16T16:46:33.000,1.88,15.34,6.71,44.68728,-124.156658
2021-05-16T17:01:33.000,1.89,15.5,6.71,44.68728,-124.156658
2021-05-16T17:16:33.000,1.9,15.56,6.71,44.68728,-124.156658
2021-05-16T17:31:33.000,1.91,15.61,6.71,44.68728,-124.156658
2021-05-16T17:46:33.000,1.92,15.67,6.71,44.68728,-124.156658
2021-05-16T18:01:33.000,1.92,15.68,6.71,44.68728,-124.156658
2021-05-16T18:16:33.000,1.92,15.69,6.71,44.68728,-124.156658
2021-05-16T18:31:33.000,1.92,15.71,6.71,44.68728,-124.156658
2021-05-16T18:46:33.000,1.92,15.67,6.71,44.68728,-124.156658
2021-05-16T19:01:33.000,1.93,15.81,6.71,44.68728,-124.156658
2021-05-16T19:16:33.000,1.93,15.77,6.71,44.68728,-124.156658
2021-05-16T19:31:33.000,1.91,15.65,6.71,44.68728,-124.156658
2021-05-16T19:46:33.000,1.87,15.25,6.69,44.68728,-124.156658
2021-05-16T20:01:33.000,1.89,15.44,6.69,44.68728,-124.156658
2021-05-16T20:16:33.000,1.89,15.44,6.69,44.68728,-124.156658
2021-05-16T20:31:33.000,1.89,15.42,6.69,44.68728,-124.156658
2021-05-16T20:46:33.000,1.89,15.42,6.69,44.68728,-124.156658
2021-05-16T21:01:33.000,1.89,15.48,6.7,44.68728,-124.156658
2021-05-16T21:16:33.000,1.92,15.66,6.71,44.68728,-124.156658
2021-05-16T21:31:33.000,1.87,15.26,6.71,44.68728,-124.156658
2021-05-16T21:46:33.000,1.89,15.42,6.71,44.68728,-124.156658
2021-05-16T22:01:33.000,1.89,15.45,6.71,44.68728,-124.156658
2021-05-16T22:16:33.000,1.89,15.45,6.71,44.68728,-124.156658
2021-05-16T22:31:33.000,1.88,15.39,6.71,44.68728,-124.156658
2021-05-16T22:46:33.000,1.88,15.34,6.71,44.68728,-124.156658
2021-05-16T23:01:33.000,1.89,15.45,6.71,44.68728,-124.156658
2021-05-16T23:16:33.000,1.9,15.57,6.71,44.68728,-124.156658
2021-05-16T23:31:33.000,1.92,15.73,6.72,44.68728,-124.156658
2021-05-16T23:46:33.000,1.95,15.97,6.73,44.68728,-124.156658
2021-05-17T00:01:33.000,1.98,16.17,6.74,44.68728,-124.156658
2021-05-17T00:16:33.000,1.99,16.28,6.74,44.68728,-124.156658
2021-05-17T00:31:33.000,2.01,16.46,6.75,44.68728,-124.156658
2021-05-17T00:46:33.000,2.01,16.5,6.76,44.68728,-124.156658
2021-05-17T01:01:33.000,2.01,16.49,6.76,44.68728,-124.156658
2021-05-17T01:16:33.000,2.03,16.61,6.76,44.68728,-124.156658
2021-05-17T01:31:33.000,2.02,16.56,6.76,44.68728,-124.156658
2021-05-17T01:46:33.000,2.03,16.59,6.76,44.68728,-124.156658
2021-05-17T02:01:33.000,2.05,16.79,6.77,44.68728,-124.156658
2021-05-17T02:16:33.000,2.06,16.86,6.77,44.68728,-124.156658
2021-05-17T02:31:33.000,2.08,17.06,6.77,44.68728,-124.156658
2021-05-17T02:46:33.000,2.09,17.11,6.77,44.68728,-124.156658
2021-05-17T03:01:33.000,2.09,17.11,6.77,44.68728,-124.156658
2021-05-17T03:16:33.000,2.09,17.16,6.77,44.68728,-124.156658
2021-05-17T03:31:33.000,2.08,17.08,6.78,44.68728,-124.156658
2021-05-17T03:46:33.000,2.09,17.09,6.78,44.68728,-124.156658
2021-05-17T04:01:33.000,2.08,17.08,6.78,44.68728,-124.156658
2021-05-17T04:16:33.000,2.09,17.09,6.78,44.68728,-124.156658
2021-05-17T04:31:33.000,2.09,17.1,6.78,44.68728,-124.156658
2021-05-17T04:46:33.000,2.09,17.1,6.78,44.68728,-124.156658
2021-05-17T05:01:33.000,2.07,16.98,6.78,44.68728,-124.156658
2021-05-17T05:16:33.000,2.07,16.97,6.78,44.68728,-124.156658
2021-05-17T05:31:33.000,2.06,16.91,6.78,44.68728,-124.156658
2021-05-17T05:46:33.000,2.05,16.82,6.78,44.68728,-124.156658
2021-05-17T06:01:33.000,2.05,16.77,6.78,44.68728,-124.156658
2021-05-17T06:16:33.000,2.04,16.7,6.78,44.68728,-124.156658
2021-05-17T06:31:33.000,2.02,16.56,6.79,44.68728,-124.156658
2021-05-17T06:46:33.000,2.02,16.58,6.79,44.68728,-124.156658
2021-05-17T07:01:33.000,2.03,16.62,6.78,44.68728,-124.156658
2021-05-17T07:16:33.000,2.03,16.63,6.78,44.68728,-124.156658
2021-05-17T07:31:33.000,2.03,16.66,6.78,44.68728,-124.156658
2021-05-17T07:46:33.000,2.03,16.62,6.78,44.68728,-124.156658
2021-05-17T08:01:33.000,2.02,16.58,6.78,44.68728,-124.156658
2021-05-17T08:16:33.000,1.99,16.34,6.76,44.68728,-124.156658
2021-05-17T08:31:33.000,1.98,16.18,6.76,44.68728,-124.156658
2021-05-17T08:46:33.000,1.99,16.27,6.76,44.68728,-124.156658
2021-05-17T09:01:33.000,2,16.41,6.76,44.68728,-124.156658
2021-05-17T09:16:33.000,2,16.41,6.76,44.68728,-124.156658
2021-05-17T09:31:33.000,1.97,16.12,6.75,44.68728,-124.156658
2021-05-17T09:46:33.000,1.98,16.22,6.74,44.68728,-124.156658
2021-05-17T10:01:33.000,2.01,16.45,6.74,44.68728,-124.156658
2021-05-17T10:16:33.000,1.98,16.23,6.73,44.68728,-124.156658
2021-05-17T10:31:33.000,1.96,16.01,6.73,44.68728,-124.156658
2021-05-17T10:46:33.000,1.94,15.89,6.72,44.68728,-124.156658
2021-05-17T11:01:33.000,1.93,15.79,6.72,44.68728,-124.156658
2021-05-17T11:16:33.000,1.96,16.01,6.71,44.68728,-124.156658
2021-05-17T11:31:33.000,1.96,16.03,6.71,44.68728,-124.156658
2021-05-17T11:46:33.000,1.98,16.22,6.71,44.68728,-124.156658
2021-05-17T12:01:33.000,1.91,15.61,6.71,44.68728,-124.156658
2021-05-17T12:16:33.000,1.94,15.88,6.71,44.68728,-124.156658
2021-05-17T12:31:33.000,1.95,15.97,6.71,44.68728,-124.156658
2021-05-17T12:46:33.000,1.94,15.85,6.7,44.68728,-124.156658
2021-05-17T13:01:33.000,1.94,15.88,6.7,44.68728,-124.156658
2021-05-17T13:16:33.000,1.96,16.01,6.69,44.68728,-124.156658
2021-05-17T13:31:33.000,1.98,16.22,6.69,44.68728,-124.156658
2021-05-17T13:46:33.000,1.96,16.05,6.69,44.68728,-124.156658
2021-05-17T14:01:33.000,1.98,16.15,6.69,44.68728,-124.156658
2021-05-17T14:16:33.000,1.97,16.13,6.69,44.68728,-124.156658
2021-05-17T14:31:33.000,1.96,16.04,6.69,44.68728,-124.156658
2021-05-17T14:46:33.000,1.97,16.14,6.69,44.68728,-124.156658
2021-05-17T15:01:33.000,1.98,16.22,6.69,44.68728,-124.156658
2021-05-17T15:16:33.000,1.98,16.21,6.69,44.68728,-124.156658
2021-05-17T15:31:33.000,1.99,16.25,6.69,44.68728,-124.156658
2021-05-17T15:46:33.000,1.98,16.2,6.69,44.68728,-124.156658
2021-05-17T16:01:33.000,1.99,16.29,6.69,44.68728,-124.156658
2021-05-17T16:16:33.000,2,16.35,6.69,44.68728,-124.156658
2021-05-17T16:31:33.000,1.99,16.24,6.69,44.68728,-124.156658
2021-05-17T16:46:33.000,1.99,16.26,6.69,44.68728,-124.156658
2021-05-17T17:01:33.000,1.97,16.13,6.69,44.68728,-124.156658
2021-05-17T17:16:33.000,1.97,16.14,6.69,44.68728,-124.156658
2021-05-17T17:31:33.000,1.97,16.07,6.69,44.68728,-124.156658
2021-05-17T17:46:33.000,1.97,16.12,6.69,44.68728,-124.156658
2021-05-17T18:01:33.000,1.96,16.04,6.69,44.68728,-124.156658
2021-05-17T18:16:33.000,1.95,15.92,6.69,44.68728,-124.156658
2021-05-17T18:31:33.000,1.94,15.9,6.69,44.68728,-124.156658
2021-05-17T18:46:33.000,1.9,15.57,6.69,44.68728,-124.156658
2021-05-17T19:01:33.000,1.91,15.64,6.69,44.68728,-124.156658
2021-05-17T19:16:33.000,1.92,15.68,6.69,44.68728,-124.156658
2021-05-17T19:31:33.000,1.89,15.46,6.69,44.68728,-124.156658
2021-05-17T19:46:33.000,1.96,16.06,6.69,44.68728,-124.156658
2021-05-17T20:01:33.000,1.91,15.62,6.7,44.68728,-124.156658
2021-05-17T20:16:33.000,1.91,15.62,6.69,44.68728,-124.156658
2021-05-17T20:31:33.000,1.93,15.81,6.69,44.68728,-124.156658
2021-05-17T20:46:33.000,1.96,16.03,6.69,44.68728,-124.156658
2021-05-17T21:01:33.000,1.91,15.62,6.69,44.68728,-124.156658
2021-05-17T21:16:33.000,1.88,15.36,6.69,44.68728,-124.156658
2021-05-17T21:31:33.000,1.92,15.68,6.69,44.68728,-124.156658
2021-05-17T21:46:33.000,1.88,15.36,6.69,44.68728,-124.156658
2021-05-17T22:01:33.000,1.88,15.4,6.69,44.68728,-124.156658
2021-05-17T22:16:33.000,1.93,15.78,6.69,44.68728,-124.156658
2021-05-17T22:31:33.000,1.8,14.72,6.69,44.68728,-124.156658
2021-05-17T22:46:33.000,1.91,15.59,6.69,44.68728,-124.156658
2021-05-17T23:01:33.000,1.8,14.71,6.69,44.68728,-124.156658
2021-05-17T23:16:33.000,1.97,16.12,6.69,44.68728,-124.156658
