Time (UTC),DO (ml/L),Dissolved Oxygen (%),Temperature (C),Latitude,Longitude
2021-07-10T16:20:49.000,4.63,39.86,8.81,44.68728,-124.156658
2021-07-10T16:35:49.000,4.62,39.81,8.81,44.68728,-124.156658
2021-07-10T16:50:49.000,4.63,39.88,8.8,44.68728,-124.156658
2021-07-10T17:05:49.000,4.62,39.75,8.8,44.68728,-124.156658
2021-07-10T17:20:49.000,4.62,39.77,8.81,44.68728,-124.156658
2021-07-10T17:35:49.000,4.61,39.72,8.81,44.68728,-124.156658
2021-07-10T17:50:49.000,4.62,39.76,8.81,44.68728,-124.156658
2021-07-10T18:05:49.000,4.64,39.93,8.81,44.68728,-124.156658
2021-07-10T18:20:49.000,4.66,40.12,8.83,44.68728,-124.156658
2021-07-10T18:35:49.000,4.65,40.08,8.83,44.68728,-124.156658
2021-07-10T18:50:49.000,4.66,40.19,8.83,44.68728,-124.156658
2021-07-10T19:05:49.000,4.69,40.39,8.85,44.68728,-124.156658
2021-07-10T19:20:49.000,4.7,40.54,8.85,44.68728,-124.156658
2021-07-10T19:35:49.000,4.72,40.72,8.86,44.68728,-124.156658
2021-07-10T19:50:49.000,4.69,40.49,8.88,44.68728,-124.156658
2021-07-10T20:05:49.000,4.71,40.59,8.88,44.68728,-124.156658
2021-07-10T20:20:49.000,4.7,40.53,8.9,44.68728,-124.156658
2021-07-10T20:35:49.000,4.72,40.77,8.9,44.68728,-124.156658
2021-07-10T20:50:49.000,4.7,40.55,8.9,44.68728,-124.156658
2021-07-10T21:05:49.000,4.72,40.77,8.91,44.68728,-124.156658
2021-07-10T21:20:49.000,4.7,40.54,8.91,44.68728,-124.156658
2021-07-10T21:35:49.000,4.72,40.78,8.92,44.68728,-124.156658
2021-07-10T21:50:49.000,4.7,40.62,8.92,44.68728,-124.156658
2021-07-10T22:05:49.000,4.69,40.49,8.92,44.68728,-124.156658
2021-07-10T22:20:49.000,4.7,40.61,8.93,44.68728,-124.156658
2021-07-10T22:35:49.000,4.69,40.53,8.94,44.68728,-124.156658
2021-07-10T22:50:49.000,4.65,40.2,8.94,44.68728,-124.156658
2021-07-10T23:05:49.000,4.68,40.41,8.95,44.68728,-124.156658
2021-07-10T23:20:49.000,4.71,40.67,8.95,44.68728,-124.156658
2021-07-10T23:35:49.000,4.69,40.54,8.95,44.68728,-124.156658
2021-07-10T23:50:49.000,4.68,40.45,8.95,44.68728,-124.156658
2021-07-11T00:05:49.000,4.68,40.44,8.95,44.68728,-124.156658
2021-07-11T00:20:49.000,4.69,40.55,8.95,44.68728,-124.156658
2021-07-11T00:35:49.000,4.72,40.76,8.95,44.68728,-124.156658
2021-07-11T00:50:49.000,4.69,40.56,8.95,44.68728,-124.156658
2021-07-11T01:05:49.000,4.68,40.41,8.95,44.68728,-124.156658
2021-07-11T01:20:49.000,4.7,40.62,8.95,44.68728,-124.156658
2021-07-11T01:35:49.000,4.7,40.62,8.95,44.68728,-124.156658
2021-07-11T01:50:49.000,4.7,40.61,8.95,44.68728,-124.156658
2021-07-11T02:05:49.000,4.68,40.39,8.94,44.68728,-124.156658
2021-07-11T02:20:49.000,4.69,40.53,8.93,44.68728,-124.156658
2021-07-11T02:35:49.000,4.67,40.35,8.93,44.68728,-124.156658
2021-07-11T02:50:49.000,4.68,40.45,8.92,44.68728,-124.156658
2021-07-11T03:05:49.000,4.67,40.33,8.92,44.68728,-124.156658
2021-07-11T03:20:49.000,4.67,40.35,8.92,44.68728,-124.156658
2021-07-11T03:35:49.000,4.68,40.45,8.92,44.68728,-124.156658
2021-07-11T03:50:49.000,4.66,40.26,8.91,44.68728,-124.156658
2021-07-11T04:05:49.000,4.65,40.15,8.91,44.68728,-124.156658
2021-07-11T04:20:49.000,4.68,40.37,8.9,44.68728,-124.156658
2021-07-11T04:35:49.000,4.68,40.38,8.9,44.68728,-124.156658
2021-07-11T04:50:49.000,4.68,40.35,8.9,44.68728,-124.156658
2021-07-11T05:05:49.000,4.67,40.29,8.9,44.68728,-124.156658
2021-07-11T05:20:49.000,4.67,40.33,8.9,44.68728,-124.156658
2021-07-11T05:35:49.000,4.63,39.98,8.89,44.68728,-124.156658
2021-07-11T05:50:49.000,4.66,40.2,8.88,44.68728,-124.156658
2021-07-11T06:05:49.000,4.66,40.18,8.88,44.68728,-124.156658
2021-07-11T06:20:49.000,4.66,40.2,8.88,44.68728,-124.156658
2021-07-11T06:35:49.000,4.65,40.13,8.88,44.68728,-124.156658
2021-07-11T06:50:49.000,4.67,40.29,8.88,44.68728,-124.156658
2021-07-11T07:05:49.000,4.67,40.24,8.88,44.68728,-124.156658
2021-07-11T07:20:49.000,4.68,40.32,8.88,44.68728,-124.156658
2021-07-11T07:35:49.000,4.66,40.23,8.87,44.68728,-124.156658
2021-07-11T07:50:49.000,4.68,40.37,8.86,44.68728,-124.156658
2021-07-11T08:05:49.000,4.66,40.15,8.86,44.68728,-124.156658
2021-07-11T08:20:49.000,4.66,40.18,8.85,44.68728,-124.156658
2021-07-11T08:35:49.000,4.66,40.17,8.85,44.68728,-124.156658
2021-07-11T08:50:49.000,4.64,40.03,8.85,44.68728,-124.156658
2021-07-11T09:05:49.000,4.65,40.07,8.85,44.68728,-124.156658
2021-07-11T09:20:49.000,4.66,40.19,8.85,44.68728,-124.156658
2021-07-11T09:35:49.000,4.64,40.01,8.85,44.68728,-124.156658
2021-07-11T09:50:49.000,4.6,39.67,8.84,44.68728,-124.156658
2021-07-11T10:05:49.000,4.63,39.88,8.83,44.68728,-124.156658
2021-07-11T10:20:49.000,4.62,39.8,8.83,44.68728,-124.156658
2021-07-11T10:35:49.000,4.6,39.64,8.83,44.68728,-124.156658
2021-07-11T10:50:49.000,4.62,39.77,8.83,44.68728,-124.156658
2021-07-11T11:05:49.000,4.62,39.81,8.83,44.68728,-124.156658
2021-07-11T11:20:49.000,4.61,39.74,8.83,44.68728,-124.156658
2021-07-11T11:35:49.000,4.62,39.76,8.83,44.68728,-124.156658
2021-07-11T11:50:49.000,4.61,39.68,8.82,44.68728,-124.156658
2021-07-11T12:05:49.000,4.62,39.82,8.81,44.68728,-124.156658
2021-07-11T12:20:49.000,4.61,39.71,8.81,44.68728,-124.156658
2021-07-11T12:35:49.000,4.6,39.58,8.81,44.68728,-124.156658
2021-07-11T12:50:49.000,4.59,39.51,8.81,44.68728,-124.156658
2021-07-11T13:05:49.000,4.58,39.42,8.81,44.68728,-124.156658
2021-07-11T13:20:49.000,4.57,39.39,8.81,44.68728,-124.156658
2021-07-11T13:35:49.000,4.56,39.23,8.81,44.68728,-124.156658
2021-07-11T13:50:49.000,4.55,39.16,8.81,44.68728,-124.156658
2021-07-11T14:05:49.000,4.54,39.13,8.81,44.68728,-124.156658
2021-07-11T14:20:49.000,4.55,39.22,8.81,44.68728,-124.156658
2021-07-11T14:35:49.000,4.55,39.15,8.81,44.68728,-124.156658
2021-07-11T14:50:49.000,4.53,39.03,8.81,44.68728,-124.156658
2021-07-11T15:05:49.000,4.55,39.15,8.81,44.68728,-124.156658
2021-07-11T15:20:49.000,4.52,38.93,8.81,44.68728,-124.156658
2021-07-11T15:35:49.000,4.52,38.93,8.82,44.68728,-124.156658
2021-07-11T15:50:49.000,4.53,38.98,8.82,44.68728,-124.156658
2021-07-11T16:05:49.000,4.53,39.05,8.82,44.68728,-124.156658
2021-07-11T16:20:49.000,4.53,38.99,8.83,44.68728,-124.156658
2021-07-11T16:35:49.000,4.52,38.93,8.82,44.68728,-124.156658
2021-07-11T16:50:49.000,4.51,38.88,8.83,44.68728,-124.156658
2021-07-11T17:05:49.000,4.54,39.08,8.83,44.68728,-124.156658
2021-07-11T17:20:49.000,4.54,39.15,8.83,44.68728,-124.156658
2021-07-11T17:35:49.000,4.55,39.24,8.84,44.68728,-124.156658
2021-07-11T17:50:49.000,4.56,39.29,8.85,44.68728,-124.156658
2021-07-11T18:05:49.000,4.58,39.47,8.85,44.68728,-124.156658
2021-07-11T18:20:49.000,4.59,39.56,8.86,44.68728,-124.156658
2021-07-11T18:35:49.000,4.59,39.58,8.88,44.68728,-124.156658
2021-07-11T18:50:49.000,4.59,39.59,8.89,44.68728,-124.156658
2021-07-11T19:05:49.000,4.61,39.76,8.9,44.68728,-124.156658
2021-07-11T19:20:49.000,4.61,39.8,8.91,44.68728,-124.156658
2021-07-11T19:35:49.000,4.64,40.06,8.92,44.68728,-124.156658
2021-07-11T19:50:49.000,4.64,40.09,8.94,44.68728,-124.156658
2021-07-11T20:05:49.000,4.66,40.23,8.95,44.68728,-124.156658
2021-07-11T20:20:49.000,4.65,40.18,8.95,44.68728,-124.156658
2021-07-11T20:35:49.000,4.64,40.08,8.97,44.68728,-124.156658
2021-07-11T20:50:49.000,4.66,40.32,8.97,44.68728,-124.156658
2021-07-11T21:05:49.000,4.66,40.27,8.99,44.68728,-124.156658
2021-07-11T21:20:49.000,4.7,40.62,9,44.68728,-124.156658
2021-07-11T21:35:49.000,4.7,40.64,9,44.68728,-124.156658
2021-07-11T21:50:49.000,4.69,40.61,9.02,44.68728,-124.156658
2021-07-11T22:05:49.000,4.72,40.82,9.02,44.68728,-124.156658
2021-07-11T22:20:49.000,4.7,40.72,9.03,44.68728,-124.156658
2021-07-11T22:35:49.000,4.7,40.74,9.04,44.68728,-124.156658
2021-07-11T22:50:49.000,4.71,40.78,9.04,44.68728,-124.156658
2021-07-11T23:05:49.000,4.72,40.88,9.06,44.68728,-124.156658
2021-07-11T23:20:49.000,4.72,40.93,9.07,44.68728,-124.156658
2021-07-11T23:35:49.000,4.72,40.88,9.07,44.68728,-124.156658
2021-07-11T23:50:49.000,4.69,40.67,9.08,44.68728,-124.156658
2021-07-12T00:05:49.000,4.7,40.78,9.09,44.68728,-124.156658
2021-07-12T00:20:49.000,4.7,40.77,9.09,44.68728,-124.156658
2021-07-12T00:35:49.000,4.71,40.85,9.1,44.68728,-124.156658
2021-07-12T00:50:49.000,4.7,40.75,9.11,44.68728,-124.156658
2021-07-12T01:05:49.000,4.71,40.89,9.11,44.68728,-124.156658
2021-07-12T01:20:49.000,4.71,40.89,9.11,44.68728,-124.156658
2021-07-12T01:35:49.000,4.72,40.94,9.12,44.68728,-124.156658
2021-07-12T01:50:49.000,4.71,40.9,9.13,44.68728,-124.156658
2021-07-12T02:05:49.000,4.69,40.69,9.13,44.68728,-124.156658
2021-07-12T02:20:49.000,4.7,40.79,9.13,44.68728,-124.156658
2021-07-12T02:35:49.000,4.7,40.79,9.14,44.68728,-124.156658
2021-07-12T02:50:49.000,4.71,40.84,9.13,44.68728,-124.156658
2021-07-12T03:05:49.000,4.72,40.98,9.13,44.68728,-124.156658
2021-07-12T03:20:49.000,4.71,40.89,9.13,44.68728,-124.156658
2021-07-12T03:35:49.000,4.7,40.77,9.13,44.68728,-124.156658
2021-07-12T03:50:49.000,4.7,40.8,9.13,44.68728,-124.156658
2021-07-12T04:05:49.000,4.73,41.06,9.13,44.68728,-124.156658
2021-07-12T04:20:49.000,4.73,41.02,9.13,44.68728,-124.156658
2021-07-12T04:35:49.000,4.74,41.12,9.13,44.68728,-124.156658
2021-07-12T04:50:49.000,4.74,41.12,9.12,44.68728,-124.156658
2021-07-12T05:05:49.000,4.74,41.1,9.12,44.68728,-124.156658
2021-07-12T05:20:49.000,4.73,41.01,9.12,44.68728,-124.156658
2021-07-12T05:35:49.000,4.72,40.92,9.12,44.68728,-124.156658
2021-07-12T05:50:49.000,4.71,40.89,9.12,44.68728,-124.156658
2021-07-12T06:05:49.000,4.71,40.85,9.12,44.68728,-124.156658
2021-07-12T06:20:49.000,4.69,40.67,9.13,44.68728,-124.156658
2021-07-12T06:35:49.000,4.71,40.84,9.13,44.68728,-124.156658
2021-07-12T06:50:49.000,4.68,40.65,9.13,44.68728,-124.156658
2021-07-12T07:05:49.000,4.68,40.58,9.13,44.68728,-124.156658
2021-07-12T07:20:49.000,4.65,40.33,9.14,44.68728,-124.156658
2021-07-12T07:35:49.000,4.67,40.5,9.14,44.68728,-124.156658
2021-07-12T07:50:49.000,4.65,40.38,9.14,44.68728,-124.156658
2021-07-12T08:05:49.000,4.53,39.23,9.09,44.68728,-124.156658
2021-07-12T08:20:49.000,4.48,38.83,9.06,44.68728,-124.156658
2021-07-12T08:35:49.000,4.47,38.69,9.04,44.68728,-124.156658
2021-07-12T08:50:49.000,4.47,38.71,9.04,44.68728,-124.156658
2021-07-12T09:05:49.000,4.44,38.4,9.02,44.68728,-124.156658
2021-07-12T09:20:49.000,4.44,38.42,9.02,44.68728,-124.156658
2021-07-12T09:35:49.000,4.4,38.08,9.01,44.68728,-124.156658
2021-07-12T09:50:49.000,4.38,37.92,9,44.68728,-124.156658
2021-07-12T10:05:49.000,4.37,37.81,9.01,44.68728,-124.156658
2021-07-12T10:20:49.000,4.36,37.7,9.01,44.68728,-124.156658
2021-07-12T10:35:49.000,4.38,37.91,9.02,44.68728,-124.156658
2021-07-12T10:50:49.000,4.36,37.74,9.02,44.68728,-124.156658
2021-07-12T11:05:49.000,4.37,37.81,9.02,44.68728,-124.156658
2021-07-12T11:20:49.000,4.37,37.78,9.02,44.68728,-124.156658
2021-07-12T11:35:49.000,4.35,37.66,9.03,44.68728,-124.156658
2021-07-12T11:50:49.000,4.34,37.59,9.04,44.68728,-124.156658
2021-07-12T12:05:49.000,4.36,37.73,9.04,44.68728,-124.156658
2021-07-12T12:20:49.000,4.37,37.84,9.04,44.68728,-124.156658
2021-07-12T12:35:49.000,4.35,37.71,9.05,44.68728,-124.156658
2021-07-12T12:50:49.000,4.37,37.85,9.06,44.68728,-124.156658
2021-07-12T13:05:49.000,4.34,37.62,9.07,44.68728,-124.156658
2021-07-12T13:20:49.000,4.35,37.71,9.07,44.68728,-124.156658
2021-07-12T13:35:49.000,4.36,37.82,9.07,44.68728,-124.156658
2021-07-12T13:50:49.000,4.33,37.58,9.09,44.68728,-124.156658
2021-07-12T14:05:49.000,4.33,37.52,9.11,44.68728,-124.156658
2021-07-12T14:20:49.000,4.33,37.55,9.11,44.68728,-124.156658
2021-07-12T14:35:49.000,4.3,37.32,9.14,44.68728,-124.156658
2021-07-12T14:50:49.000,4.28,37.21,9.15,44.68728,-124.156658
2021-07-12T15:05:49.000,4.2,36.47,9.17,44.68728,-124.156658
2021-07-12T15:20:49.000,4.18,36.29,9.18,44.68728,-124.156658
2021-07-12T15:35:49.000,4.16,36.13,9.17,44.68728,-124.156658
2021-07-12T15:50:49.000,4.16,36.11,9.17,44.68728,-124.156658
2021-07-12T16:05:49.000,4.14,35.94,9.16,44.68728,-124.156658
2021-07-12T16:20:49.000,4.13,35.84,9.16,44.68728,-124.156658
2021-07-12T16:35:49.000,4.12,35.73,9.14,44.68728,-124.156658
2021-07-12T16:50:49.000,4.1,35.55,9.14,44.68728,-124.156658
2021-07-12T17:05:49.000,4.16,36.08,9.11,44.68728,-124.156658
2021-07-12T17:20:49.000,4.18,36.27,9.11,44.68728,-124.156658
2021-07-12T17:35:49.000,4.21,36.49,9.09,44.68728,-124.156658
2021-07-12T17:50:49.000,4.2,36.44,9.09,44.68728,-124.156658
2021-07-12T18:05:49.000,4.22,36.59,9.08,44.68728,-124.156658
2021-07-12T18:20:49.000,4.22,36.55,9.07,44.68728,-124.156658
2021-07-12T18:35:49.000,4.2,36.41,9.07,44.68728,-124.156658
2021-07-12T18:50:49.000,4.21,36.49,9.07,44.68728,-124.156658
2021-07-12T19:05:49.000,4.2,36.43,9.07,44.68728,-124.156658
2021-07-12T19:20:49.000,4.19,36.28,9.07,44.68728,-124.156658
2021-07-12T19:35:49.000,4.2,36.4,9.09,44.68728,-124.156658
2021-07-12T19:50:49.000,4.2,36.45,9.09,44.68728,-124.156658
2021-07-12T20:05:49.000,4.2,36.41,9.11,44.68728,-124.156658
2021-07-12T20:20:49.000,4.2,36.47,9.11,44.68728,-124.156658
2021-07-12T20:35:49.000,4.22,36.59,9.11,44.68728,-124.156658
2021-07-12T20:50:49.000,4.27,37.02,9.11,44.68728,-124.156658
2021-07-12T21:05:49.000,4.29,37.22,9.09,44.68728,-124.156658
2021-07-12T21:20:49.000,4.3,37.28,9.09,44.68728,-124.156658
2021-07-12T21:35:49.000,4.33,37.53,9.07,44.68728,-124.156658
2021-07-12T21:50:49.000,4.33,37.52,9.06,44.68728,-124.156658
2021-07-12T22:05:49.000,4.32,37.41,9.06,44.68728,-124.156658
2021-07-12T22:20:49.000,4.32,37.44,9.07,44.68728,-124.156658
2021-07-12T22:35:49.000,4.33,37.48,9.07,44.68728,-124.156658
2021-07-12T22:50:49.000,4.32,37.4,9.07,44.68728,-124.156658
2021-07-12T23:05:49.000,4.29,37.18,9.07,44.68728,-124.156658
2021-07-12T23:20:49.000,4.28,37.11,9.07,44.68728,-124.156658
2021-07-12T23:35:49.000,4.28,37.13,9.07,44.68728,-124.156658
2021-07-12T23:50:49.000,4.28,37.14,9.09,44.68728,-124.156658
2021-07-13T00:05:49.000,4.27,37,9.07,44.68728,-124.156658
2021-07-13T00:20:49.000,4.17,36.09,9.02,44.68728,-124.156658
2021-07-13T00:35:49.000,4.18,36.13,9,44.68728,-124.156658
2021-07-13T00:50:49.000,4.18,36.14,9,44.68728,-124.156658
2021-07-13T01:05:49.000,4.19,36.27,9,44.68728,-124.156658
2021-07-13T01:20:49.000,4.2,36.29,8.99,44.68728,-124.156658
2021-07-13T01:35:49.000,4.23,36.6,8.97,44.68728,-124.156658
2021-07-13T01:50:49.000,4.23,36.56,8.97,44.68728,-124.156658
2021-07-13T02:05:49.000,4.24,36.64,8.97,44.68728,-124.156658
2021-07-13T02:20:49.000,4.25,36.74,8.95,44.68728,-124.156658
2021-07-13T02:35:49.000,4.27,36.92,8.96,44.68728,-124.156658
2021-07-13T02:50:49.000,4.31,37.28,8.96,44.68728,-124.156658
2021-07-13T03:05:49.000,4.29,37.07,8.97,44.68728,-124.156658
2021-07-13T03:20:49.000,4.34,37.54,8.96,44.68728,-124.156658
2021-07-13T03:35:49.000,4.41,38.07,8.95,44.68728,-124.156658
2021-07-13T03:50:49.000,4.43,38.25,8.93,44.68728,-124.156658
2021-07-13T04:05:49.000,4.43,38.21,8.92,44.68728,-124.156658
2021-07-13T04:20:49.000,4.43,38.25,8.92,44.68728,-124.156658
2021-07-13T04:35:49.000,4.41,38.06,8.92,44.68728,-124.156658
2021-07-13T04:50:49.000,4.42,38.15,8.92,44.68728,-124.156658
2021-07-13T05:05:49.000,4.43,38.21,8.92,44.68728,-124.156658
2021-07-13T05:20:49.000,4.42,38.13,8.92,44.68728,-124.156658
2021-07-13T05:35:49.000,4.41,38.1,8.92,44.68728,-124.156658
2021-07-13T05:50:49.000,4.38,37.8,8.91,44.68728,-124.156658
2021-07-13T06:05:49.000,4.39,37.87,8.91,44.68728,-124.156658
2021-07-13T06:20:49.000,4.39,37.88,8.9,44.68728,-124.156658
2021-07-13T06:35:49.000,4.39,37.87,8.9,44.68728,-124.156658
2021-07-13T06:50:49.000,4.34,37.49,8.9,44.68728,-124.156658
2021-07-13T07:05:49.000,4.23,36.44,8.86,44.68728,-124.156658
2021-07-13T07:20:49.000,4.18,36.07,8.85,44.68728,-124.156658
2021-07-13T07:35:49.000,4.11,35.39,8.85,44.68728,-124.156658
2021-07-13T07:50:49.000,4.17,35.91,8.84,44.68728,-124.156658
2021-07-13T08:05:49.000,4.18,36.05,8.83,44.68728,-124.156658
2021-07-13T08:20:49.000,4.19,36.08,8.83,44.68728,-124.156658
2021-07-13T08:35:49.000,4.22,36.31,8.82,44.68728,-124.156658
2021-07-13T08:50:49.000,4.23,36.4,8.81,44.68728,-124.156658
2021-07-13T09:05:49.000,4.23,36.45,8.81,44.68728,-124.156658
2021-07-13T09:20:49.000,4.23,36.32,8.71,44.68728,-124.156658
2021-07-13T09:35:49.000,4.24,36.29,8.59,44.68728,-124.156658
2021-07-13T09:50:49.000,4.24,36.27,8.57,44.68728,-124.156658
2021-07-13T10:05:49.000,4.26,36.46,8.56,44.68728,-124.156658
2021-07-13T10:20:49.000,4.28,36.59,8.54,44.68728,-124.156658
2021-07-13T10:35:49.000,4.29,36.68,8.54,44.68728,-124.156658
2021-07-13T10:50:49.000,4.31,36.86,8.54,44.68728,-124.156658
2021-07-13T11:05:49.000,4.3,36.78,8.54,44.68728,-124.156658
2021-07-13T11:20:49.000,4.31,36.85,8.54,44.68728,-124.156658
2021-07-13T11:35:49.000,4.32,36.92,8.54,44.68728,-124.156658
2021-07-13T11:50:49.000,4.31,36.92,8.54,44.68728,-124.156658
2021-07-13T12:05:49.000,4.31,36.91,8.54,44.68728,-124.156658
2021-07-13T12:20:49.000,4.29,36.73,8.54,44.68728,-124.156658
2021-07-13T12:35:49.000,4.33,37.07,8.56,44.68728,-124.156658
2021-07-13T12:50:49.000,4.35,37.28,8.57,44.68728,-124.156658
2021-07-13T13:05:49.000,4.39,37.61,8.6,44.68728,-124.156658
2021-07-13T13:20:49.000,4.4,37.7,8.62,44.68728,-124.156658
2021-07-13T13:35:49.000,4.41,37.82,8.62,44.68728,-124.156658
2021-07-13T13:50:49.000,4.39,37.66,8.63,44.68728,-124.156658
2021-07-13T14:05:49.000,4.4,37.71,8.64,44.68728,-124.156658
2021-07-13T14:20:49.000,4.4,37.72,8.64,44.68728,-124.156658
2021-07-13T14:35:49.000,4.4,37.75,8.64,44.68728,-124.156658
2021-07-13T14:50:49.000,4.4,37.74,8.65,44.68728,-124.156658
2021-07-13T15:05:49.000,4.38,37.58,8.66,44.68728,-124.156658
2021-07-13T15:20:49.000,4.38,37.58,8.67,44.68728,-124.156658
2021-07-13T15:35:49.000,4.41,37.82,8.69,44.68728,-124.156658
2021-07-13T15:50:49.000,4.4,37.74,8.69,44.68728,-124.156658
2021-07-13T16:05:49.000,4.41,37.88,8.69,44.68728,-124.156658
2021-07-13T16:20:49.000,4.4,37.75,8.7,44.68728,-124.156658
2021-07-13T16:35:49.000,4.39,37.68,8.71,44.68728,-124.156658
2021-07-13T16:50:49.000,4.41,37.89,8.71,44.68728,-124.156658
2021-07-13T17:05:49.000,4.39,37.71,8.71,44.68728,-124.156658
2021-07-13T17:20:49.000,4.46,38.31,8.75,44.68728,-124.156658
2021-07-13T17:35:49.000,4.44,38.2,8.76,44.68728,-124.156658
2021-07-13T17:50:49.000,4.44,38.21,8.76,44.68728,-124.156658
2021-07-13T18:05:49.000,4.47,38.42,8.76,44.68728,-124.156658
2021-07-13T18:20:49.000,4.47,38.43,8.78,44.68728,-124.156658
2021-07-13T18:35:49.000,4.48,38.57,8.78,44.68728,-124.156658
2021-07-13T18:50:49.000,4.48,38.52,8.78,44.68728,-124.156658
2021-07-13T19:05:49.000,4.47,38.5,8.78,44.68728,-124.156658
2021-07-13T19:20:49.000,4.48,38.56,8.78,44.68728,-124.156658
2021-07-13T19:35:49.000,4.39,37.63,8.66,44.68728,-124.156658
2021-07-13T19:50:49.000,4.4,37.74,8.64,44.68728,-124.156658
2021-07-13T20:05:49.000,4.41,37.79,8.64,44.68728,-124.156658
2021-07-13T20:20:49.000,4.4,37.69,8.64,44.68728,-124.156658
2021-07-13T20:35:49.000,4.39,37.62,8.63,44.68728,-124.156658
2021-07-13T20:50:49.000,4.39,37.67,8.62,44.68728,-124.156658
2021-07-13T21:05:49.000,4.38,37.55,8.62,44.68728,-124.156658
2021-07-13T21:20:49.000,4.38,37.58,8.62,44.68728,-124.156658
2021-07-13T21:35:49.000,4.38,37.54,8.62,44.68728,-124.156658
2021-07-13T21:50:49.000,4.37,37.45,8.62,44.68728,-124.156658
2021-07-13T22:05:49.000,4.31,36.93,8.57,44.68728,-124.156658
2021-07-13T22:20:49.000,4.33,37.04,8.57,44.68728,-124.156658
2021-07-13T22:35:49.000,4.32,37,8.55,44.68728,-124.156658
2021-07-13T22:50:49.000,4.3,36.81,8.54,44.68728,-124.156658
2021-07-13T23:05:49.000,4.29,36.72,8.52,44.68728,-124.156658
2021-07-13T23:20:49.000,4.26,36.45,8.52,44.68728,-124.156658
2021-07-13T23:35:49.000,4.26,36.41,8.52,44.68728,-124.156658
2021-07-13T23:50:49.000,4.26,36.44,8.52,44.68728,-124.156658
2021-07-14T00:05:49.000,4.26,36.45,8.52,44.68728,-124.156658
2021-07-14T00:20:49.000,4.25,36.32,8.51,44.68728,-124.156658
2021-07-14T00:35:49.000,4.25,36.33,8.49,44.68728,-124.156658
2021-07-14T00:50:49.000,4.24,36.23,8.48,44.68728,-124.156658
2021-07-14T01:05:49.000,4.2,35.85,8.47,44.68728,-124.156658
2021-07-14T01:20:49.000,4.2,35.88,8.47,44.68728,-124.156658
2021-07-14T01:35:49.000,4.18,35.69,8.46,44.68728,-124.156658
2021-07-14T01:50:49.000,4.16,35.54,8.45,44.68728,-124.156658
2021-07-14T02:05:49.000,4.15,35.42,8.45,44.68728,-124.156658
2021-07-14T02:20:49.000,4.15,35.43,8.45,44.68728,-124.156658
2021-07-14T02:35:49.000,4.14,35.36,8.44,44.68728,-124.156658
2021-07-14T02:50:49.000,4.14,35.36,8.43,44.68728,-124.156658
2021-07-14T03:05:49.000,4.1,35,8.42,44.68728,-124.156658
2021-07-14T03:20:49.000,4.1,35.01,8.42,44.68728,-124.156658
2021-07-14T03:35:49.000,4.1,34.94,8.42,44.68728,-124.156658
2021-07-14T03:50:49.000,4.08,34.82,8.41,44.68728,-124.156658
2021-07-14T04:05:49.000,4.08,34.78,8.4,44.68728,-124.156658
2021-07-14T04:20:49.000,4.06,34.6,8.4,44.68728,-124.156658
2021-07-14T04:35:49.000,4,34.05,8.38,44.68728,-124.156658
2021-07-14T04:50:49.000,3.98,33.9,8.37,44.68728,-124.156658
2021-07-14T05:05:49.000,3.94,33.6,8.37,44.68728,-124.156658
2021-07-14T05:20:49.000,3.92,33.4,8.37,44.68728,-124.156658
2021-07-14T05:35:49.000,3.9,33.24,8.36,44.68728,-124.156658
2021-07-14T05:50:49.000,3.9,33.18,8.36,44.68728,-124.156658
2021-07-14T06:05:49.000,3.9,33.2,8.36,44.68728,-124.156658
2021-07-14T06:20:49.000,3.88,33.08,8.35,44.68728,-124.156658
2021-07-14T06:35:49.000,3.85,32.8,8.35,44.68728,-124.156658
2021-07-14T06:50:49.000,3.86,32.86,8.35,44.68728,-124.156658
2021-07-14T07:05:49.000,3.85,32.83,8.35,44.68728,-124.156658
2021-07-14T07:20:49.000,3.87,32.96,8.35,44.68728,-124.156658
2021-07-14T07:35:49.000,3.87,32.98,8.35,44.68728,-124.156658
2021-07-14T07:50:49.000,3.88,33.08,8.35,44.68728,-124.156658
2021-07-14T08:05:49.000,3.85,32.8,8.35,44.68728,-124.156658
2021-07-14T08:20:49.000,3.85,32.75,8.35,44.68728,-124.156658
2021-07-14T08:35:49.000,3.83,32.63,8.35,44.68728,-124.156658
2021-07-14T08:50:49.000,3.8,32.35,8.35,44.68728,-124.156658
2021-07-14T09:05:49.000,3.76,32.03,8.34,44.68728,-124.156658
2021-07-14T09:20:49.000,3.73,31.78,8.33,44.68728,-124.156658
2021-07-14T09:35:49.000,3.71,31.62,8.33,44.68728,-124.156658
2021-07-14T09:50:49.000,3.74,31.83,8.33,44.68728,-124.156658
2021-07-14T10:05:49.000,3.73,31.73,8.33,44.68728,-124.156658
2021-07-14T10:20:49.000,3.72,31.66,8.33,44.68728,-124.156658
2021-07-14T10:35:49.000,3.72,31.69,8.33,44.68728,-124.156658
2021-07-14T10:50:49.000,3.71,31.59,8.33,44.68728,-124.156658
2021-07-14T11:05:49.000,3.72,31.7,8.33,44.68728,-124.156658
2021-07-14T11:20:49.000,3.74,31.8,8.33,44.68728,-124.156658
2021-07-14T11:35:49.000,3.75,31.9,8.34,44.68728,-124.156658
2021-07-14T11:50:49.000,3.78,32.19,8.35,44.68728,-124.156658
2021-07-14T12:05:49.000,3.82,32.57,8.35,44.68728,-124.156658
2021-07-14T12:20:49.000,3.86,32.91,8.35,44.68728,-124.156658
2021-07-14T12:35:49.000,3.86,32.91,8.35,44.68728,-124.156658
2021-07-14T12:50:49.000,3.85,32.8,8.35,44.68728,-124.156658
2021-07-14T13:05:49.000,3.88,33.01,8.35,44.68728,-124.156658
2021-07-14T13:20:49.000,3.88,33.06,8.36,44.68728,-124.156658
2021-07-14T13:35:49.000,3.9,33.19,8.36,44.68728,-124.156658
2021-07-14T13:50:49.000,3.88,33.09,8.36,44.68728,-124.156658
2021-07-14T14:05:49.000,3.89,33.18,8.37,44.68728,-124.156658
2021-07-14T14:20:49.000,3.91,33.35,8.37,44.68728,-124.156658
2021-07-14T14:35:49.000,3.93,33.46,8.37,44.68728,-124.156658
2021-07-14T14:50:49.000,3.79,32.28,8.35,44.68728,-124.156658
2021-07-14T15:05:49.000,3.73,31.75,8.33,44.68728,-124.156658
2021-07-14T15:20:49.000,3.71,31.58,8.33,44.68728,-124.156658
2021-07-14T15:35:49.000,3.69,31.43,8.33,44.68728,-124.156658
2021-07-14T15:50:49.000,3.68,31.36,8.33,44.68728,-124.156658
2021-07-14T16:05:49.000,3.68,31.33,8.33,44.68728,-124.156658
2021-07-14T16:20:49.000,3.68,31.28,8.33,44.68728,-124.156658
2021-07-14T16:35:49.000,3.67,31.21,8.33,44.68728,-124.156658
2021-07-14T16:50:49.000,3.67,31.21,8.33,44.68728,-124.156658
2021-07-14T17:05:49.000,3.66,31.14,8.33,44.68728,-124.156658
2021-07-14T17:20:49.000,3.66,31.18,8.33,44.68728,-124.156658
2021-07-14T17:35:49.000,3.66,31.19,8.34,44.68728,-124.156658
2021-07-14T17:50:49.000,3.64,31.03,8.34,44.68728,-124.156658
2021-07-14T18:05:49.000,3.66,31.15,8.34,44.68728,-124.156658
2021-07-14T18:20:49.000,3.68,31.33,8.34,44.68728,-124.156658
2021-07-14T18:35:49.000,3.63,30.94,8.35,44.68728,-124.156658
2021-07-14T18:50:49.000,3.67,31.29,8.35,44.68728,-124.156658
2021-07-14T19:05:49.000,3.67,31.29,8.35,44.68728,-124.156658
2021-07-14T19:20:49.000,3.67,31.29,8.35,44.68728,-124.156658
2021-07-14T19:35:49.000,3.7,31.52,8.35,44.68728,-124.156658
2021-07-14T19:50:49.000,3.72,31.68,8.35,44.68728,-124.156658
2021-07-14T20:05:49.000,3.72,31.68,8.35,44.68728,-124.156658
2021-07-14T20:20:49.000,3.72,31.69,8.35,44.68728,-124.156658
2021-07-14T20:35:49.000,3.72,31.65,8.35,44.68728,-124.156658
2021-07-14T20:50:49.000,3.71,31.63,8.35,44.68728,-124.156658
2021-07-14T21:05:49.000,3.71,31.64,8.36,44.68728,-124.156658
2021-07-14T21:20:49.000,3.73,31.76,8.36,44.68728,-124.156658
2021-07-14T21:35:49.000,3.74,31.83,8.37,44.68728,-124.156658
2021-07-14T21:50:49.000,3.74,31.86,8.38,44.68728,-124.156658
2021-07-14T22:05:49.000,3.75,32,8.38,44.68728,-124.156658
2021-07-14T22:20:49.000,3.78,32.17,8.38,44.68728,-124.156658
2021-07-14T22:35:49.000,3.78,32.25,8.38,44.68728,-124.156658
2021-07-14T22:50:49.000,3.78,32.2,8.39,44.68728,-124.156658
2021-07-14T23:05:49.000,3.8,32.37,8.4,44.68728,-124.156658
2021-07-14T23:20:49.000,3.84,32.71,8.4,44.68728,-124.156658
2021-07-14T23:35:49.000,3.83,32.62,8.4,44.68728,-124.156658
2021-07-14T23:50:49.000,3.82,32.61,8.4,44.68728,-124.156658
2021-07-15T00:05:49.000,3.81,32.51,8.4,44.68728,-124.156658
2021-07-15T00:20:49.000,3.83,32.65,8.41,44.68728,-124.156658
2021-07-15T00:35:49.000,3.84,32.77,8.42,44.68728,-124.156658
2021-07-15T00:50:49.000,3.83,32.65,8.42,44.68728,-124.156658
2021-07-15T01:05:49.000,3.83,32.69,8.42,44.68728,-124.156658
2021-07-15T01:20:49.000,3.81,32.47,8.42,44.68728,-124.156658
2021-07-15T01:35:49.000,3.85,32.83,8.42,44.68728,-124.156658
2021-07-15T01:50:49.000,3.83,32.7,8.42,44.68728,-124.156658
2021-07-15T02:05:49.000,3.82,32.63,8.42,44.68728,-124.156658
2021-07-15T02:20:49.000,3.84,32.79,8.43,44.68728,-124.156658
2021-07-15T02:35:49.000,3.86,32.92,8.44,44.68728,-124.156658
2021-07-15T02:50:49.000,3.87,32.99,8.44,44.68728,-124.156658
2021-07-15T03:05:49.000,3.87,33.04,8.44,44.68728,-124.156658
2021-07-15T03:20:49.000,3.87,33.06,8.43,44.68728,-124.156658
2021-07-15T03:35:49.000,3.86,32.95,8.44,44.68728,-124.156658
2021-07-15T03:50:49.000,3.87,33.04,8.43,44.68728,-124.156658
2021-07-15T04:05:49.000,3.84,32.8,8.44,44.68728,-124.156658
2021-07-15T04:20:49.000,3.85,32.87,8.43,44.68728,-124.156658
2021-07-15T04:35:49.000,3.86,32.93,8.44,44.68728,-124.156658
2021-07-15T04:50:49.000,3.88,33.16,8.44,44.68728,-124.156658
2021-07-15T05:05:49.000,3.83,32.68,8.42,44.68728,-124.156658
2021-07-15T05:20:49.000,3.63,30.95,8.35,44.68728,-124.156658
2021-07-15T05:35:49.000,3.6,30.62,8.35,44.68728,-124.156658
2021-07-15T05:50:49.000,3.41,28.98,8.3,44.68728,-124.156658
2021-07-15T06:05:49.000,3.36,28.62,8.3,44.68728,-124.156658
2021-07-15T06:20:49.000,3.35,28.46,8.28,44.68728,-124.156658
2021-07-15T06:35:49.000,3.24,27.54,8.28,44.68728,-124.156658
2021-07-15T06:50:49.000,3.31,28.12,8.28,44.68728,-124.156658
2021-07-15T07:05:49.000,3.29,28.01,8.28,44.68728,-124.156658
2021-07-15T07:20:49.000,3.28,27.84,8.27,44.68728,-124.156658
2021-07-15T07:35:49.000,3.25,27.63,8.28,44.68728,-124.156658
2021-07-15T07:50:49.000,3.21,27.27,8.27,44.68728,-124.156658
2021-07-15T08:05:49.000,3.19,27.13,8.27,44.68728,-124.156658
2021-07-15T08:20:49.000,3.21,27.3,8.27,44.68728,-124.156658
2021-07-15T08:35:49.000,3.18,27.06,8.27,44.68728,-124.156658
2021-07-15T08:50:49.000,3.25,27.62,8.27,44.68728,-124.156658
2021-07-15T09:05:49.000,3.16,26.85,8.27,44.68728,-124.156658
2021-07-15T09:20:49.000,3.2,27.18,8.26,44.68728,-124.156658
2021-07-15T09:35:49.000,3.2,27.18,8.26,44.68728,-124.156658
2021-07-15T09:50:49.000,3.23,27.42,8.26,44.68728,-124.156658
2021-07-15T10:05:49.000,3.24,27.49,8.26,44.68728,-124.156658
2021-07-15T10:20:49.000,3.22,27.37,8.26,44.68728,-124.156658
2021-07-15T10:35:49.000,3.2,27.2,8.26,44.68728,-124.156658
2021-07-15T10:50:49.000,3.23,27.46,8.26,44.68728,-124.156658
2021-07-15T11:05:49.000,3.22,27.36,8.27,44.68728,-124.156658
2021-07-15T11:20:49.000,3.27,27.79,8.28,44.68728,-124.156658
2021-07-15T11:35:49.000,3.28,27.86,8.28,44.68728,-124.156658
2021-07-15T11:50:49.000,3.28,27.87,8.28,44.68728,-124.156658
2021-07-15T12:05:49.000,3.27,27.81,8.28,44.68728,-124.156658
2021-07-15T12:20:49.000,3.28,27.88,8.28,44.68728,-124.156658
2021-07-15T12:35:49.000,3.31,28.11,8.28,44.68728,-124.156658
2021-07-15T12:50:49.000,3.24,27.55,8.28,44.68728,-124.156658
2021-07-15T13:05:49.000,3.27,27.77,8.28,44.68728,-124.156658
2021-07-15T13:20:49.000,3.24,27.58,8.28,44.68728,-124.156658
2021-07-15T13:35:49.000,3.23,27.44,8.28,44.68728,-124.156658
2021-07-15T13:50:49.000,3.28,27.86,8.29,44.68728,-124.156658
2021-07-15T14:05:49.000,3.28,27.88,8.3,44.68728,-124.156658
2021-07-15T14:20:49.000,3.27,27.86,8.3,44.68728,-124.156658
2021-07-15T14:35:49.000,3.31,28.12,8.3,44.68728,-124.156658
2021-07-15T14:50:49.000,3.32,28.22,8.3,44.68728,-124.156658
2021-07-15T15:05:49.000,3.36,28.56,8.3,44.68728,-124.156658
2021-07-15T15:20:49.000,3.24,27.6,8.31,44.68728,-124.156658
2021-07-15T15:35:49.000,3.24,27.59,8.31,44.68728,-124.156658
2021-07-15T15:50:49.000,3.32,28.24,8.3,44.68728,-124.156658
2021-07-15T16:05:49.000,3.33,28.35,8.31,44.68728,-124.156658
2021-07-15T16:20:49.000,3.38,28.79,8.31,44.68728,-124.156658
2021-07-15T16:35:49.000,3.36,28.57,8.3,44.68728,-124.156658
2021-07-15T16:50:49.000,3.37,28.64,8.3,44.68728,-124.156658
2021-07-15T17:05:49.000,3.3,28.1,8.3,44.68728,-124.156658
2021-07-15T17:20:49.000,3.31,28.17,8.3,44.68728,-124.156658
2021-07-15T17:35:49.000,3.26,27.71,8.3,44.68728,-124.156658
2021-07-15T17:50:49.000,3.22,27.37,8.3,44.68728,-124.156658
2021-07-15T18:05:49.000,3.18,27.07,8.3,44.68728,-124.156658
2021-07-15T18:20:49.000,3.25,27.68,8.3,44.68728,-124.156658
2021-07-15T18:35:49.000,3.29,27.95,8.3,44.68728,-124.156658
2021-07-15T18:50:49.000,3.27,27.81,8.3,44.68728,-124.156658
2021-07-15T19:05:49.000,3.28,27.94,8.3,44.68728,-124.156658
2021-07-15T19:20:49.000,3.28,27.9,8.3,44.68728,-124.156658
2021-07-15T19:35:49.000,3.26,27.7,8.3,44.68728,-124.156658
2021-07-15T19:50:49.000,3.34,28.39,8.3,44.68728,-124.156658
2021-07-15T20:05:49.000,3.28,27.93,8.3,44.68728,-124.156658
2021-07-15T20:20:49.000,3.27,27.85,8.3,44.68728,-124.156658
2021-07-15T20:35:49.000,3.3,28.05,8.3,44.68728,-124.156658
2021-07-15T20:50:49.000,3.32,28.21,8.3,44.68728,-124.156658
2021-07-15T21:05:49.000,3.32,28.25,8.3,44.68728,-124.156658
2021-07-15T21:20:49.000,3.33,28.29,8.31,44.68728,-124.156658
2021-07-15T21:35:49.000,3.31,28.16,8.3,44.68728,-124.156658
2021-07-15T21:50:49.000,3.34,28.44,8.3,44.68728,-124.156658
2021-07-15T22:05:49.000,3.34,28.41,8.3,44.68728,-124.156658
2021-07-15T22:20:49.000,3.33,28.32,8.3,44.68728,-124.156658
2021-07-15T22:35:49.000,3.33,28.31,8.3,44.68728,-124.156658
2021-07-15T22:50:49.000,3.34,28.4,8.3,44.68728,-124.156658
2021-07-15T23:05:49.000,3.31,28.17,8.3,44.68728,-124.156658
2021-07-15T23:20:49.000,3.3,28.07,8.3,44.68728,-124.156658
2021-07-15T23:35:49.000,3.32,28.21,8.3,44.68728,-124.156658
2021-07-15T23:50:49.000,3.31,28.16,8.3,44.68728,-124.156658
2021-07-16T00:05:49.000,3.29,27.96,8.3,44.68728,-124.156658
2021-07-16T00:20:49.000,3.29,27.96,8.3,44.68728,-124.156658
2021-07-16T00:35:49.000,3.3,28.06,8.3,44.68728,-124.156658
2021-07-16T00:50:49.000,3.26,27.74,8.3,44.68728,-124.156658
2021-07-16T01:05:49.000,3.27,27.8,8.3,44.68728,-124.156658
2021-07-16T01:20:49.000,3.29,28.02,8.3,44.68728,-124.156658
2021-07-16T01:35:49.000,3.28,27.88,8.31,44.68728,-124.156658
2021-07-16T01:50:49.000,3.24,27.56,8.31,44.68728,-124.156658
2021-07-16T02:05:49.000,3.31,28.18,8.31,44.68728,-124.156658
2021-07-16T02:20:49.000,3.28,27.94,8.32,44.68728,-124.156658
2021-07-16T02:35:49.000,3.25,27.7,8.32,44.68728,-124.156658
2021-07-16T02:50:49.000,3.29,28.01,8.33,44.68728,-124.156658
2021-07-16T03:05:49.000,3.3,28.05,8.33,44.68728,-124.156658
2021-07-16T03:20:49.000,3.34,28.41,8.33,44.68728,-124.156658
2021-07-16T03:35:49.000,3.36,28.6,8.33,44.68728,-124.156658
2021-07-16T03:50:49.000,3.36,28.56,8.33,44.68728,-124.156658
2021-07-16T04:05:49.000,3.33,28.34,8.33,44.68728,-124.156658
2021-07-16T04:20:49.000,3.36,28.58,8.33,44.68728,-124.156658
2021-07-16T04:35:49.000,3.33,28.37,8.34,44.68728,-124.156658
2021-07-16T04:50:49.000,3.34,28.41,8.35,44.68728,-124.156658
2021-07-16T05:05:49.000,3.34,28.44,8.35,44.68728,-124.156658
2021-07-16T05:20:49.000,3.34,28.44,8.35,44.68728,-124.156658
2021-07-16T05:35:49.000,3.24,27.58,8.35,44.68728,-124.156658
2021-07-16T05:50:49.000,3.26,27.79,8.35,44.68728,-124.156658
2021-07-16T06:05:49.000,3.25,27.7,8.35,44.68728,-124.156658
2021-07-16T06:20:49.000,3.29,28.05,8.35,44.68728,-124.156658
2021-07-16T06:35:49.000,3.31,28.19,8.35,44.68728,-124.156658
2021-07-16T06:50:49.000,3.28,27.95,8.35,44.68728,-124.156658
2021-07-16T07:05:49.000,3.32,28.24,8.35,44.68728,-124.156658
2021-07-16T07:20:49.000,3.37,28.67,8.35,44.68728,-124.156658
2021-07-16T07:35:49.000,3.32,28.24,8.35,44.68728,-124.156658
2021-07-16T07:50:49.000,3.3,28.1,8.35,44.68728,-124.156658
2021-07-16T08:05:49.000,3.34,28.47,8.35,44.68728,-124.156658
2021-07-16T08:20:49.000,3.31,28.18,8.35,44.68728,-124.156658
2021-07-16T08:35:49.000,3.34,28.43,8.36,44.68728,-124.156658
2021-07-16T08:50:49.000,3.37,28.7,8.37,44.68728,-124.156658
2021-07-16T09:05:49.000,3.4,28.94,8.38,44.68728,-124.156658
2021-07-16T09:20:49.000,3.43,29.22,8.38,44.68728,-124.156658
2021-07-16T09:35:49.000,3.47,29.55,8.38,44.68728,-124.156658
2021-07-16T09:50:49.000,3.49,29.72,8.38,44.68728,-124.156658
2021-07-16T10:05:49.000,3.47,29.58,8.38,44.68728,-124.156658
2021-07-16T10:20:49.000,3.49,29.77,8.38,44.68728,-124.156658
2021-07-16T10:35:49.000,3.51,29.88,8.38,44.68728,-124.156658
2021-07-16T10:50:49.000,3.49,29.76,8.38,44.68728,-124.156658
2021-07-16T11:05:49.000,3.47,29.6,8.38,44.68728,-124.156658
2021-07-16T11:20:49.000,3.44,29.32,8.35,44.68728,-124.156658
2021-07-16T11:35:49.000,3.45,29.41,8.35,44.68728,-124.156658
2021-07-16T11:50:49.000,3.46,29.48,8.36,44.68728,-124.156658
2021-07-16T12:05:49.000,3.46,29.46,8.37,44.68728,-124.156658
2021-07-16T12:20:49.000,3.47,29.59,8.38,44.68728,-124.156658
2021-07-16T12:35:49.000,3.49,29.73,8.38,44.68728,-124.156658
2021-07-16T12:50:49.000,3.49,29.7,8.38,44.68728,-124.156658
2021-07-16T13:05:49.000,3.47,29.55,8.38,44.68728,-124.156658
2021-07-16T13:20:49.000,3.48,29.67,8.38,44.68728,-124.156658
2021-07-16T13:35:49.000,3.5,29.86,8.4,44.68728,-124.156658
2021-07-16T13:50:49.000,3.52,30.01,8.4,44.68728,-124.156658
2021-07-16T14:05:49.000,3.51,29.9,8.4,44.68728,-124.156658
2021-07-16T14:20:49.000,3.5,29.83,8.4,44.68728,-124.156658
2021-07-16T14:35:49.000,3.51,29.95,8.4,44.68728,-124.156658
2021-07-16T14:50:49.000,3.5,29.88,8.4,44.68728,-124.156658
2021-07-16T15:05:49.000,3.51,29.9,8.4,44.68728,-124.156658
2021-07-16T15:20:49.000,3.54,30.18,8.4,44.68728,-124.156658
2021-07-16T15:35:49.000,3.52,29.99,8.4,44.68728,-124.156658
2021-07-16T15:50:49.000,3.53,30.07,8.4,44.68728,-124.156658
2021-07-16T16:05:49.000,3.5,29.84,8.41,44.68728,-124.156658
2021-07-16T16:20:49.000,3.56,30.39,8.41,44.68728,-124.156658
2021-07-16T16:35:49.000,3.5,29.83,8.41,44.68728,-124.156658
2021-07-16T16:50:49.000,3.5,29.89,8.42,44.68728,-124.156658
2021-07-16T17:05:49.000,3.44,29.38,8.42,44.68728,-124.156658
2021-07-16T17:20:49.000,3.49,29.77,8.42,44.68728,-124.156658
2021-07-16T17:35:49.000,3.5,29.86,8.42,44.68728,-124.156658
2021-07-16T17:50:49.000,3.52,30.02,8.42,44.68728,-124.156658
2021-07-16T18:05:49.000,3.5,29.87,8.42,44.68728,-124.156658
2021-07-16T18:20:49.000,3.51,29.98,8.42,44.68728,-124.156658
2021-07-16T18:35:49.000,3.51,29.93,8.42,44.68728,-124.156658
2021-07-16T18:50:49.000,3.55,30.25,8.42,44.68728,-124.156658
2021-07-16T19:05:49.000,3.54,30.23,8.42,44.68728,-124.156658
2021-07-16T19:20:49.000,3.55,30.29,8.42,44.68728,-124.156658
2021-07-16T19:35:49.000,3.56,30.38,8.42,44.68728,-124.156658
2021-07-16T19:50:49.000,3.55,30.31,8.43,44.68728,-124.156658
2021-07-16T20:05:49.000,3.57,30.42,8.43,44.68728,-124.156658
2021-07-16T20:20:49.000,3.6,30.73,8.43,44.68728,-124.156658
2021-07-16T20:35:49.000,3.55,30.32,8.44,44.68728,-124.156658
2021-07-16T20:50:49.000,3.57,30.44,8.44,44.68728,-124.156658
2021-07-16T21:05:49.000,3.56,30.41,8.44,44.68728,-124.156658
2021-07-16T21:20:49.000,3.56,30.38,8.45,44.68728,-124.156658
2021-07-16T21:35:49.000,3.62,30.87,8.45,44.68728,-124.156658
2021-07-16T21:50:49.000,3.58,30.58,8.45,44.68728,-124.156658
2021-07-16T22:05:49.000,3.6,30.74,8.45,44.68728,-124.156658
2021-07-16T22:20:49.000,3.58,30.56,8.45,44.68728,-124.156658
2021-07-16T22:35:49.000,3.59,30.67,8.45,44.68728,-124.156658
2021-07-16T22:50:49.000,3.61,30.82,8.45,44.68728,-124.156658
2021-07-16T23:05:49.000,3.61,30.85,8.45,44.68728,-124.156658
2021-07-16T23:20:49.000,3.61,30.78,8.45,44.68728,-124.156658
2021-07-16T23:35:49.000,3.64,31.09,8.46,44.68728,-124.156658
2021-07-16T23:50:49.000,3.63,31.04,8.46,44.68728,-124.156658
2021-07-17T00:05:49.000,3.54,30.24,8.42,44.68728,-124.156658
2021-07-17T00:20:49.000,3.54,30.17,8.4,44.68728,-124.156658
2021-07-17T00:35:49.000,3.53,30.06,8.4,44.68728,-124.156658
2021-07-17T00:50:49.000,3.5,29.83,8.38,44.68728,-124.156658
2021-07-17T01:05:49.000,3.5,29.81,8.38,44.68728,-124.156658
2021-07-17T01:20:49.000,3.48,29.63,8.37,44.68728,-124.156658
2021-07-17T01:35:49.000,3.43,29.25,8.35,44.68728,-124.156658
2021-07-17T01:50:49.000,3.43,29.22,8.35,44.68728,-124.156658
2021-07-17T02:05:49.000,3.42,29.09,8.35,44.68728,-124.156658
2021-07-17T02:20:49.000,3.39,28.9,8.35,44.68728,-124.156658
2021-07-17T02:35:49.000,3.35,28.5,8.35,44.68728,-124.156658
2021-07-17T02:50:49.000,3.41,29.01,8.34,44.68728,-124.156658
2021-07-17T03:05:49.000,3.4,28.91,8.34,44.68728,-124.156658
2021-07-17T03:20:49.000,3.4,28.91,8.33,44.68728,-124.156658
2021-07-17T03:35:49.000,3.4,28.9,8.33,44.68728,-124.156658
2021-07-17T03:50:49.000,3.34,28.45,8.33,44.68728,-124.156658
2021-07-17T04:05:49.000,3.36,28.55,8.32,44.68728,-124.156658
2021-07-17T04:20:49.000,3.33,28.34,8.31,44.68728,-124.156658
2021-07-17T04:35:49.000,3.29,27.97,8.3,44.68728,-124.156658
2021-07-17T04:50:49.000,3.3,28.09,8.3,44.68728,-124.156658
2021-07-17T05:05:49.000,3.26,27.72,8.3,44.68728,-124.156658
2021-07-17T05:20:49.000,3.27,27.83,8.29,44.68728,-124.156658
2021-07-17T05:35:49.000,3.24,27.52,8.28,44.68728,-124.156658
2021-07-17T05:50:49.000,3.21,27.26,8.28,44.68728,-124.156658
2021-07-17T06:05:49.000,3.19,27.09,8.28,44.68728,-124.156658
2021-07-17T06:20:49.000,3.11,26.47,8.27,44.68728,-124.156658
2021-07-17T06:35:49.000,3.14,26.69,8.26,44.68728,-124.156658
2021-07-17T06:50:49.000,3.13,26.61,8.26,44.68728,-124.156658
2021-07-17T07:05:49.000,3.08,26.13,8.26,44.68728,-124.156658
2021-07-17T07:20:49.000,3.07,26.12,8.26,44.68728,-124.156658
2021-07-17T07:35:49.000,3.1,26.31,8.26,44.68728,-124.156658
2021-07-17T07:50:49.000,3.07,26.1,8.26,44.68728,-124.156658
2021-07-17T08:05:49.000,3.08,26.13,8.26,44.68728,-124.156658
2021-07-17T08:20:49.000,3.03,25.77,8.26,44.68728,-124.156658
2021-07-17T08:35:49.000,3.03,25.73,8.26,44.68728,-124.156658
2021-07-17T08:50:49.000,3.02,25.66,8.26,44.68728,-124.156658
2021-07-17T09:05:49.000,3,25.48,8.26,44.68728,-124.156658
2021-07-17T09:20:49.000,3.07,26.07,8.26,44.68728,-124.156658
2021-07-17T09:35:49.000,3.03,25.77,8.26,44.68728,-124.156658
2021-07-17T09:50:49.000,3,25.52,8.26,44.68728,-124.156658
2021-07-17T10:05:49.000,3.01,25.57,8.26,44.68728,-124.156658
2021-07-17T10:20:49.000,3.02,25.69,8.26,44.68728,-124.156658
2021-07-17T10:35:49.000,3.03,25.71,8.26,44.68728,-124.156658
2021-07-17T10:50:49.000,3.03,25.72,8.26,44.68728,-124.156658
2021-07-17T11:05:49.000,3,25.47,8.26,44.68728,-124.156658
2021-07-17T11:20:49.000,3.04,25.79,8.26,44.68728,-124.156658
2021-07-17T11:35:49.000,3.03,25.75,8.26,44.68728,-124.156658
2021-07-17T11:50:49.000,3.08,26.15,8.26,44.68728,-124.156658
2021-07-17T12:05:49.000,3.08,26.2,8.27,44.68728,-124.156658
2021-07-17T12:20:49.000,3.15,26.78,8.28,44.68728,-124.156658
2021-07-17T12:35:49.000,3.14,26.72,8.28,44.68728,-124.156658
2021-07-17T12:50:49.000,3.17,26.99,8.28,44.68728,-124.156658
2021-07-17T13:05:49.000,3.21,27.31,8.3,44.68728,-124.156658
2021-07-17T13:20:49.000,3.23,27.47,8.3,44.68728,-124.156658
2021-07-17T13:35:49.000,3.26,27.76,8.3,44.68728,-124.156658
2021-07-17T13:50:49.000,3.28,27.91,8.31,44.68728,-124.156658
2021-07-17T14:05:49.000,3.3,28.05,8.31,44.68728,-124.156658
2021-07-17T14:20:49.000,3.3,28.11,8.32,44.68728,-124.156658
2021-07-17T14:35:49.000,3.31,28.16,8.33,44.68728,-124.156658
2021-07-17T14:50:49.000,3.33,28.37,8.33,44.68728,-124.156658
2021-07-17T15:05:49.000,3.32,28.26,8.33,44.68728,-124.156658
2021-07-17T15:20:49.000,3.36,28.63,8.33,44.68728,-124.156658
2021-07-17T15:35:49.000,3.34,28.45,8.33,44.68728,-124.156658
2021-07-17T15:50:49.000,3.39,28.85,8.34,44.68728,-124.156658
2021-07-17T16:05:49.000,3.38,28.8,8.35,44.68728,-124.156658
2021-07-17T16:20:49.000,3.42,29.09,8.35,44.68728,-124.156658
2021-07-17T16:35:49.000,3.41,29.08,8.35,44.68728,-124.156658
2021-07-17T16:50:49.000,3.42,29.13,8.35,44.68728,-124.156658
2021-07-17T17:05:49.000,3.45,29.42,8.36,44.68728,-124.156658
2021-07-17T17:20:49.000,3.46,29.5,8.37,44.68728,-124.156658
2021-07-17T17:35:49.000,3.48,29.63,8.38,44.68728,-124.156658
2021-07-17T17:50:49.000,3.5,29.81,8.38,44.68728,-124.156658
2021-07-17T18:05:49.000,3.51,29.91,8.38,44.68728,-124.156658
2021-07-17T18:20:49.000,3.51,29.91,8.38,44.68728,-124.156658
2021-07-17T18:35:49.000,3.55,30.27,8.4,44.68728,-124.156658
2021-07-17T18:50:49.000,3.56,30.33,8.4,44.68728,-124.156658
2021-07-17T19:05:49.000,3.57,30.45,8.4,44.68728,-124.156658
2021-07-17T19:20:49.000,3.59,30.63,8.42,44.68728,-124.156658
2021-07-17T19:35:49.000,3.59,30.63,8.42,44.68728,-124.156658
2021-07-17T19:50:49.000,3.62,30.93,8.43,44.68728,-124.156658
2021-07-17T20:05:49.000,3.66,31.28,8.54,44.68728,-124.156658
2021-07-17T20:20:49.000,3.64,31.11,8.45,44.68728,-124.156658
2021-07-17T20:35:49.000,3.63,31.01,8.43,44.68728,-124.156658
2021-07-17T20:50:49.000,3.62,30.91,8.42,44.68728,-124.156658
2021-07-17T21:05:49.000,3.61,30.79,8.42,44.68728,-124.156658
2021-07-17T21:20:49.000,3.6,30.72,8.42,44.68728,-124.156658
2021-07-17T21:35:49.000,3.58,30.57,8.42,44.68728,-124.156658
2021-07-17T21:50:49.000,3.59,30.66,8.42,44.68728,-124.156658
2021-07-17T22:05:49.000,3.56,30.37,8.42,44.68728,-124.156658
2021-07-17T22:20:49.000,3.56,30.39,8.42,44.68728,-124.156658
2021-07-17T22:35:49.000,3.59,30.63,8.42,44.68728,-124.156658
2021-07-17T22:50:49.000,3.61,30.78,8.43,44.68728,-124.156658
2021-07-17T23:05:49.000,3.6,30.74,8.44,44.68728,-124.156658
2021-07-17T23:20:49.000,3.6,30.77,8.45,44.68728,-124.156658
2021-07-17T23:35:49.000,3.61,30.82,8.45,44.68728,-124.156658
2021-07-17T23:50:49.000,3.64,31.04,8.45,44.68728,-124.156658
2021-07-18T00:05:49.000,3.65,31.2,8.45,44.68728,-124.156658
2021-07-18T00:20:49.000,3.72,31.77,8.45,44.68728,-124.156658
2021-07-18T00:35:49.000,3.67,31.35,8.42,44.68728,-124.156658
2021-07-18T00:50:49.000,3.39,28.93,8.37,44.68728,-124.156658
2021-07-18T01:05:49.000,3.18,27.05,8.31,44.68728,-124.156658
2021-07-18T01:20:49.000,3.1,26.35,8.28,44.68728,-124.156658
2021-07-18T01:35:49.000,3.06,26,8.28,44.68728,-124.156658
2021-07-18T01:50:49.000,3.06,26,8.27,44.68728,-124.156658
2021-07-18T02:05:49.000,3.02,25.64,8.26,44.68728,-124.156658
2021-07-18T02:20:49.000,3.02,25.67,8.26,44.68728,-124.156658
2021-07-18T02:35:49.000,3.01,25.55,8.26,44.68728,-124.156658
2021-07-18T02:50:49.000,3,25.52,8.26,44.68728,-124.156658
2021-07-18T03:05:49.000,2.94,25,8.25,44.68728,-124.156658
2021-07-18T03:20:49.000,2.95,25.05,8.25,44.68728,-124.156658
2021-07-18T03:35:49.000,2.89,24.52,8.24,44.68728,-124.156658
2021-07-18T03:50:49.000,2.95,25.1,8.24,44.68728,-124.156658
2021-07-18T04:05:49.000,2.91,24.68,8.24,44.68728,-124.156658
2021-07-18T04:20:49.000,2.93,24.9,8.23,44.68728,-124.156658
2021-07-18T04:35:49.000,2.91,24.74,8.24,44.68728,-124.156658
2021-07-18T04:50:49.000,2.87,24.35,8.24,44.68728,-124.156658
2021-07-18T05:05:49.000,2.85,24.22,8.23,44.68728,-124.156658
2021-07-18T05:20:49.000,2.93,24.89,8.23,44.68728,-124.156658
2021-07-18T05:35:49.000,2.87,24.37,8.23,44.68728,-124.156658
2021-07-18T05:50:49.000,2.89,24.58,8.23,44.68728,-124.156658
2021-07-18T06:05:49.000,2.87,24.37,8.23,44.68728,-124.156658
2021-07-18T06:20:49.000,2.9,24.59,8.23,44.68728,-124.156658
2021-07-18T06:35:49.000,2.93,24.85,8.23,44.68728,-124.156658
2021-07-18T06:50:49.000,2.91,24.75,8.23,44.68728,-124.156658
2021-07-18T07:05:49.000,2.94,24.96,8.23,44.68728,-124.156658
2021-07-18T07:20:49.000,2.96,25.14,8.23,44.68728,-124.156658
2021-07-18T07:35:49.000,2.95,25.03,8.23,44.68728,-124.156658
2021-07-18T07:50:49.000,2.98,25.3,8.23,44.68728,-124.156658
2021-07-18T08:05:49.000,2.92,24.76,8.23,44.68728,-124.156658
2021-07-18T08:20:49.000,2.95,25.02,8.23,44.68728,-124.156658
2021-07-18T08:35:49.000,2.99,25.39,8.23,44.68728,-124.156658
2021-07-18T08:50:49.000,2.97,25.26,8.23,44.68728,-124.156658
2021-07-18T09:05:49.000,2.97,25.25,8.23,44.68728,-124.156658
2021-07-18T09:20:49.000,2.97,25.26,8.23,44.68728,-124.156658
2021-07-18T09:35:49.000,2.95,25.01,8.23,44.68728,-124.156658
2021-07-18T09:50:49.000,2.97,25.23,8.23,44.68728,-124.156658
2021-07-18T10:05:49.000,2.97,25.2,8.23,44.68728,-124.156658
2021-07-18T10:20:49.000,2.97,25.21,8.23,44.68728,-124.156658
2021-07-18T10:35:49.000,2.95,25.09,8.23,44.68728,-124.156658
2021-07-18T10:50:49.000,2.96,25.15,8.23,44.68728,-124.156658
2021-07-18T11:05:49.000,2.97,25.23,8.23,44.68728,-124.156658
2021-07-18T11:20:49.000,2.95,25.05,8.23,44.68728,-124.156658
2021-07-18T11:35:49.000,2.95,25.05,8.23,44.68728,-124.156658
2021-07-18T11:50:49.000,2.96,25.09,8.23,44.68728,-124.156658
2021-07-18T12:05:49.000,2.94,24.96,8.23,44.68728,-124.156658
2021-07-18T12:20:49.000,2.93,24.88,8.23,44.68728,-124.156658
2021-07-18T12:35:49.000,2.94,24.96,8.23,44.68728,-124.156658
2021-07-18T12:50:49.000,2.94,24.96,8.23,44.68728,-124.156658
2021-07-18T13:05:49.000,2.95,25.06,8.23,44.68728,-124.156658
2021-07-18T13:20:49.000,2.94,24.96,8.23,44.68728,-124.156658
2021-07-18T13:35:49.000,2.92,24.76,8.23,44.68728,-124.156658
2021-07-18T13:50:49.000,2.96,25.17,8.23,44.68728,-124.156658
2021-07-18T14:05:49.000,2.97,25.2,8.23,44.68728,-124.156658
2021-07-18T14:20:49.000,2.97,25.26,8.24,44.68728,-124.156658
2021-07-18T14:35:49.000,2.95,25.06,8.25,44.68728,-124.156658
2021-07-18T14:50:49.000,3.02,25.63,8.26,44.68728,-124.156658
2021-07-18T15:05:49.000,3.02,25.63,8.26,44.68728,-124.156658
2021-07-18T15:20:49.000,3.06,26.01,8.26,44.68728,-124.156658
2021-07-18T15:35:49.000,3.07,26.1,8.28,44.68728,-124.156658
2021-07-18T15:50:49.000,3.09,26.31,8.28,44.68728,-124.156658
2021-07-18T16:05:49.000,3.13,26.58,8.28,44.68728,-124.156658
2021-07-18T16:20:49.000,3.08,26.16,8.28,44.68728,-124.156658
2021-07-18T16:35:49.000,3.14,26.71,8.29,44.68728,-124.156658
2021-07-18T16:50:49.000,3.2,27.26,8.3,44.68728,-124.156658
2021-07-18T17:05:49.000,3.19,27.14,8.3,44.68728,-124.156658
2021-07-18T17:20:49.000,3.23,27.44,8.31,44.68728,-124.156658
2021-07-18T17:35:49.000,3.22,27.42,8.31,44.68728,-124.156658
2021-07-18T17:50:49.000,3.25,27.66,8.32,44.68728,-124.156658
2021-07-18T18:05:49.000,3.29,27.97,8.33,44.68728,-124.156658
2021-07-18T18:20:49.000,3.27,27.82,8.33,44.68728,-124.156658
2021-07-18T18:35:49.000,3.33,28.35,8.33,44.68728,-124.156658
2021-07-18T18:50:49.000,3.33,28.37,8.33,44.68728,-124.156658
2021-07-18T19:05:49.000,3.37,28.67,8.33,44.68728,-124.156658
2021-07-18T19:20:49.000,3.35,28.49,8.33,44.68728,-124.156658
2021-07-18T19:35:49.000,3.3,28.09,8.33,44.68728,-124.156658
2021-07-18T19:50:49.000,3.3,28.06,8.32,44.68728,-124.156658
2021-07-18T20:05:49.000,3.28,27.91,8.31,44.68728,-124.156658
2021-07-18T20:20:49.000,3.29,28.02,8.31,44.68728,-124.156658
2021-07-18T20:35:49.000,3.25,27.67,8.31,44.68728,-124.156658
2021-07-18T20:50:49.000,3.28,27.87,8.31,44.68728,-124.156658
2021-07-18T21:05:49.000,3.27,27.8,8.31,44.68728,-124.156658
2021-07-18T21:20:49.000,3.3,28.04,8.31,44.68728,-124.156658
2021-07-18T21:35:49.000,3.29,27.97,8.31,44.68728,-124.156658
2021-07-18T21:50:49.000,3.27,27.85,8.31,44.68728,-124.156658
2021-07-18T22:05:49.000,3.29,28.02,8.31,44.68728,-124.156658
2021-07-18T22:20:49.000,3.29,27.99,8.31,44.68728,-124.156658
2021-07-18T22:35:49.000,3.23,27.48,8.31,44.68728,-124.156658
2021-07-18T22:50:49.000,3.27,27.85,8.31,44.68728,-124.156658
2021-07-18T23:05:49.000,3.28,27.93,8.31,44.68728,-124.156658
2021-07-18T23:20:49.000,3.3,28.04,8.31,44.68728,-124.156658
2021-07-18T23:35:49.000,3.25,27.68,8.31,44.68728,-124.156658
2021-07-18T23:50:49.000,3.3,28.07,8.3,44.68728,-124.156658
2021-07-19T00:05:49.000,3.27,27.85,8.3,44.68728,-124.156658
2021-07-19T00:20:49.000,3.24,27.6,8.3,44.68728,-124.156658
2021-07-19T00:35:49.000,3.24,27.54,8.3,44.68728,-124.156658
2021-07-19T00:50:49.000,3.26,27.71,8.3,44.68728,-124.156658
2021-07-19T01:05:49.000,3.25,27.63,8.3,44.68728,-124.156658
2021-07-19T01:20:49.000,3.25,27.62,8.3,44.68728,-124.156658
2021-07-19T01:35:49.000,3.23,27.51,8.3,44.68728,-124.156658
2021-07-19T01:50:49.000,3.25,27.61,8.3,44.68728,-124.156658
2021-07-19T02:05:49.000,3.22,27.4,8.3,44.68728,-124.156658
2021-07-19T02:20:49.000,3.24,27.52,8.3,44.68728,-124.156658
2021-07-19T02:35:49.000,3.26,27.73,8.3,44.68728,-124.156658
2021-07-19T02:50:49.000,3.23,27.49,8.3,44.68728,-124.156658
2021-07-19T03:05:49.000,3.21,27.35,8.3,44.68728,-124.156658
2021-07-19T03:20:49.000,3.23,27.45,8.3,44.68728,-124.156658
2021-07-19T03:35:49.000,3.24,27.54,8.29,44.68728,-124.156658
2021-07-19T03:50:49.000,3.23,27.46,8.28,44.68728,-124.156658
2021-07-19T04:05:49.000,3.22,27.38,8.28,44.68728,-124.156658
2021-07-19T04:20:49.000,3.2,27.23,8.28,44.68728,-124.156658
2021-07-19T04:35:49.000,3.16,26.85,8.28,44.68728,-124.156658
2021-07-19T04:50:49.000,3.18,27.03,8.28,44.68728,-124.156658
2021-07-19T05:05:49.000,3.12,26.51,8.28,44.68728,-124.156658
2021-07-19T05:20:49.000,3.16,26.88,8.28,44.68728,-124.156658
2021-07-19T05:35:49.000,3.18,27.01,8.27,44.68728,-124.156658
2021-07-19T05:50:49.000,3.13,26.57,8.27,44.68728,-124.156658
2021-07-19T06:05:49.000,3.13,26.58,8.26,44.68728,-124.156658
2021-07-19T06:20:49.000,3.14,26.65,8.26,44.68728,-124.156658
2021-07-19T06:35:49.000,3.14,26.65,8.26,44.68728,-124.156658
2021-07-19T06:50:49.000,3.12,26.47,8.26,44.68728,-124.156658
2021-07-19T07:05:49.000,3.13,26.63,8.26,44.68728,-124.156658
2021-07-19T07:20:49.000,3.1,26.32,8.26,44.68728,-124.156658
2021-07-19T07:35:49.000,3.12,26.47,8.25,44.68728,-124.156658
2021-07-19T07:50:49.000,3.07,26.04,8.24,44.68728,-124.156658
2021-07-19T08:05:49.000,3.07,26.03,8.23,44.68728,-124.156658
2021-07-19T08:20:49.000,3.04,25.84,8.23,44.68728,-124.156658
2021-07-19T08:35:49.000,3.01,25.55,8.23,44.68728,-124.156658
2021-07-19T08:50:49.000,3.01,25.53,8.23,44.68728,-124.156658
2021-07-19T09:05:49.000,2.94,24.97,8.22,44.68728,-124.156658
2021-07-19T09:20:49.000,2.93,24.9,8.22,44.68728,-124.156658
2021-07-19T09:35:49.000,2.91,24.7,8.21,44.68728,-124.156658
2021-07-19T09:50:49.000,2.86,24.3,8.21,44.68728,-124.156658
2021-07-19T10:05:49.000,2.87,24.36,8.21,44.68728,-124.156658
2021-07-19T10:20:49.000,2.88,24.45,8.21,44.68728,-124.156658
2021-07-19T10:35:49.000,2.87,24.35,8.21,44.68728,-124.156658
2021-07-19T10:50:49.000,2.89,24.5,8.21,44.68728,-124.156658
2021-07-19T11:05:49.000,2.88,24.42,8.21,44.68728,-124.156658
2021-07-19T11:20:49.000,2.88,24.43,8.21,44.68728,-124.156658
2021-07-19T11:35:49.000,2.87,24.39,8.21,44.68728,-124.156658
2021-07-19T11:50:49.000,2.91,24.7,8.21,44.68728,-124.156658
2021-07-19T12:05:49.000,2.86,24.26,8.21,44.68728,-124.156658
2021-07-19T12:20:49.000,2.91,24.72,8.21,44.68728,-124.156658
2021-07-19T12:35:49.000,2.91,24.66,8.21,44.68728,-124.156658
2021-07-19T12:50:49.000,2.9,24.64,8.21,44.68728,-124.156658
2021-07-19T13:05:49.000,2.88,24.48,8.22,44.68728,-124.156658
2021-07-19T13:20:49.000,2.94,24.99,8.22,44.68728,-124.156658
2021-07-19T13:35:49.000,2.98,25.26,8.23,44.68728,-124.156658
2021-07-19T13:50:49.000,3,25.46,8.23,44.68728,-124.156658
2021-07-19T14:05:49.000,3.03,25.72,8.23,44.68728,-124.156658
2021-07-19T14:20:49.000,3.07,26.09,8.23,44.68728,-124.156658
2021-07-19T14:35:49.000,3.11,26.39,8.24,44.68728,-124.156658
2021-07-19T14:50:49.000,3.13,26.63,8.26,44.68728,-124.156658
2021-07-19T15:05:49.000,3.12,26.53,8.26,44.68728,-124.156658
2021-07-19T15:20:49.000,3.16,26.86,8.26,44.68728,-124.156658
2021-07-19T15:35:49.000,3.2,27.17,8.27,44.68728,-124.156658
2021-07-19T15:50:49.000,3.2,27.24,8.28,44.68728,-124.156658
2021-07-19T16:05:49.000,3.22,27.39,8.28,44.68728,-124.156658
2021-07-19T16:20:49.000,3.22,27.42,8.28,44.68728,-124.156658
2021-07-19T16:35:49.000,3.24,27.53,8.28,44.68728,-124.156658
2021-07-19T16:50:49.000,3.25,27.61,8.29,44.68728,-124.156658
2021-07-19T17:05:49.000,3.24,27.57,8.29,44.68728,-124.156658
2021-07-19T17:20:49.000,3.24,27.56,8.3,44.68728,-124.156658
2021-07-19T17:35:49.000,3.25,27.67,8.3,44.68728,-124.156658
2021-07-19T17:50:49.000,3.24,27.54,8.3,44.68728,-124.156658
2021-07-19T18:05:49.000,3.22,27.4,8.3,44.68728,-124.156658
2021-07-19T18:20:49.000,3.26,27.75,8.3,44.68728,-124.156658
2021-07-19T18:35:49.000,3.23,27.45,8.3,44.68728,-124.156658
2021-07-19T18:50:49.000,3.22,27.35,8.3,44.68728,-124.156658
2021-07-19T19:05:49.000,3.13,26.61,8.3,44.68728,-124.156658
2021-07-19T19:20:49.000,3.13,26.61,8.3,44.68728,-124.156658
2021-07-19T19:35:49.000,3.15,26.78,8.3,44.68728,-124.156658
2021-07-19T19:50:49.000,3.09,26.26,8.31,44.68728,-124.156658
2021-07-19T20:05:49.000,3.08,26.22,8.31,44.68728,-124.156658
2021-07-19T20:20:49.000,3.13,26.61,8.3,44.68728,-124.156658
2021-07-19T20:35:49.000,3.14,26.75,8.31,44.68728,-124.156658
2021-07-19T20:50:49.000,3.07,26.15,8.3,44.68728,-124.156658
2021-07-19T21:05:49.000,3.09,26.29,8.31,44.68728,-124.156658
2021-07-19T21:20:49.000,3.1,26.35,8.31,44.68728,-124.156658
2021-07-19T21:35:49.000,3.13,26.59,8.31,44.68728,-124.156658
2021-07-19T21:50:49.000,3.15,26.76,8.31,44.68728,-124.156658
2021-07-19T22:05:49.000,3.1,26.4,8.31,44.68728,-124.156658
2021-07-19T22:20:49.000,3.12,26.57,8.31,44.68728,-124.156658
2021-07-19T22:35:49.000,3.12,26.58,8.3,44.68728,-124.156658
2021-07-19T22:50:49.000,3.13,26.64,8.3,44.68728,-124.156658
2021-07-19T23:05:49.000,3.13,26.65,8.3,44.68728,-124.156658
2021-07-19T23:20:49.000,3.16,26.84,8.3,44.68728,-124.156658
2021-07-19T23:35:49.000,3.1,26.4,8.3,44.68728,-124.156658
2021-07-19T23:50:49.000,3.1,26.35,8.3,44.68728,-124.156658
2021-07-20T00:05:49.000,3.14,26.7,8.3,44.68728,-124.156658
2021-07-20T00:20:49.000,3.13,26.63,8.3,44.68728,-124.156658
2021-07-20T00:35:49.000,3.12,26.52,8.3,44.68728,-124.156658
2021-07-20T00:50:49.000,3.07,26.07,8.29,44.68728,-124.156658
2021-07-20T01:05:49.000,3.09,26.25,8.29,44.68728,-124.156658
2021-07-20T01:20:49.000,3.09,26.24,8.28,44.68728,-124.156658
2021-07-20T01:35:49.000,3.04,25.82,8.28,44.68728,-124.156658
2021-07-20T01:50:49.000,3,25.54,8.28,44.68728,-124.156658
2021-07-20T02:05:49.000,3.04,25.83,8.28,44.68728,-124.156658
2021-07-20T02:20:49.000,3.04,25.83,8.28,44.68728,-124.156658
2021-07-20T02:35:49.000,2.98,25.37,8.28,44.68728,-124.156658
2021-07-20T02:50:49.000,3.02,25.63,8.28,44.68728,-124.156658
2021-07-20T03:05:49.000,2.97,25.24,8.28,44.68728,-124.156658
2021-07-20T03:20:49.000,3.03,25.77,8.28,44.68728,-124.156658
2021-07-20T03:35:49.000,2.99,25.42,8.28,44.68728,-124.156658
2021-07-20T03:50:49.000,2.94,25,8.28,44.68728,-124.156658
2021-07-20T04:05:49.000,3.03,25.78,8.28,44.68728,-124.156658
2021-07-20T04:20:49.000,3.04,25.83,8.28,44.68728,-124.156658
2021-07-20T04:35:49.000,3.04,25.86,8.28,44.68728,-124.156658
2021-07-20T04:50:49.000,3.08,26.22,8.27,44.68728,-124.156658
2021-07-20T05:05:49.000,3.08,26.17,8.26,44.68728,-124.156658
2021-07-20T05:20:49.000,3.08,26.19,8.26,44.68728,-124.156658
2021-07-20T05:35:49.000,3.06,26.04,8.26,44.68728,-124.156658
2021-07-20T05:50:49.000,3.06,25.98,8.26,44.68728,-124.156658
2021-07-20T06:05:49.000,3.08,26.14,8.26,44.68728,-124.156658
2021-07-20T06:20:49.000,3.08,26.17,8.26,44.68728,-124.156658
2021-07-20T06:35:49.000,3.07,26.05,8.25,44.68728,-124.156658
2021-07-20T06:50:49.000,3.07,26.06,8.24,44.68728,-124.156658
2021-07-20T07:05:49.000,3.03,25.72,8.23,44.68728,-124.156658
2021-07-20T07:20:49.000,3.04,25.78,8.23,44.68728,-124.156658
2021-07-20T07:35:49.000,3.04,25.82,8.23,44.68728,-124.156658
2021-07-20T07:50:49.000,3.04,25.85,8.23,44.68728,-124.156658
2021-07-20T08:05:49.000,3.02,25.66,8.23,44.68728,-124.156658
2021-07-20T08:20:49.000,3.03,25.7,8.23,44.68728,-124.156658
2021-07-20T08:35:49.000,3.04,25.85,8.24,44.68728,-124.156658
2021-07-20T08:50:49.000,3.03,25.73,8.24,44.68728,-124.156658
2021-07-20T09:05:49.000,3.05,25.88,8.25,44.68728,-124.156658
2021-07-20T09:20:49.000,3.03,25.76,8.26,44.68728,-124.156658
2021-07-20T09:35:49.000,3.04,25.81,8.26,44.68728,-124.156658
2021-07-20T09:50:49.000,3.06,26,8.26,44.68728,-124.156658
2021-07-20T10:05:49.000,3.05,25.91,8.26,44.68728,-124.156658
2021-07-20T10:20:49.000,3.02,25.64,8.26,44.68728,-124.156658
2021-07-20T10:35:49.000,3.03,25.74,8.26,44.68728,-124.156658
2021-07-20T10:50:49.000,3,25.54,8.27,44.68728,-124.156658
2021-07-20T11:05:49.000,2.99,25.39,8.27,44.68728,-124.156658
2021-07-20T11:20:49.000,3.06,25.98,8.27,44.68728,-124.156658
2021-07-20T11:35:49.000,3.06,26.04,8.27,44.68728,-124.156658
2021-07-20T11:50:49.000,3.02,25.69,8.27,44.68728,-124.156658
2021-07-20T12:05:49.000,3.04,25.83,8.26,44.68728,-124.156658
2021-07-20T12:20:49.000,3.02,25.64,8.26,44.68728,-124.156658
2021-07-20T12:35:49.000,3.01,25.56,8.24,44.68728,-124.156658
2021-07-20T12:50:49.000,2.99,25.42,8.23,44.68728,-124.156658
2021-07-20T13:05:49.000,2.98,25.32,8.23,44.68728,-124.156658
2021-07-20T13:20:49.000,2.99,25.43,8.23,44.68728,-124.156658
2021-07-20T13:35:49.000,3,25.5,8.23,44.68728,-124.156658
2021-07-20T13:50:49.000,2.98,25.32,8.23,44.68728,-124.156658
2021-07-20T14:05:49.000,2.99,25.38,8.23,44.68728,-124.156658
2021-07-20T14:20:49.000,2.99,25.36,8.23,44.68728,-124.156658
2021-07-20T14:35:49.000,2.99,25.41,8.23,44.68728,-124.156658
2021-07-20T14:50:49.000,2.98,25.31,8.23,44.68728,-124.156658
2021-07-20T15:05:49.000,2.99,25.43,8.23,44.68728,-124.156658
2021-07-20T15:20:49.000,3,25.51,8.23,44.68728,-124.156658
2021-07-20T15:35:49.000,2.99,25.38,8.24,44.68728,-124.156658
2021-07-20T15:50:49.000,3,25.49,8.25,44.68728,-124.156658
2021-07-20T16:05:49.000,3.03,25.78,8.26,44.68728,-124.156658
2021-07-20T16:20:49.000,3.07,26.09,8.26,44.68728,-124.156658
2021-07-20T16:35:49.000,3.09,26.23,8.28,44.68728,-124.156658
2021-07-20T16:50:49.000,3.11,26.48,8.28,44.68728,-124.156658
2021-07-20T17:05:49.000,3.13,26.58,8.28,44.68728,-124.156658
2021-07-20T17:20:49.000,3.13,26.64,8.28,44.68728,-124.156658
2021-07-20T17:35:49.000,3.12,26.56,8.29,44.68728,-124.156658
2021-07-20T17:50:49.000,3.12,26.52,8.29,44.68728,-124.156658
2021-07-20T18:05:49.000,3.12,26.57,8.28,44.68728,-124.156658
2021-07-20T18:20:49.000,3.09,26.29,8.28,44.68728,-124.156658
2021-07-20T18:35:49.000,3.08,26.19,8.28,44.68728,-124.156658
2021-07-20T18:50:49.000,3.08,26.14,8.27,44.68728,-124.156658
2021-07-20T19:05:49.000,3.04,25.86,8.26,44.68728,-124.156658
2021-07-20T19:20:49.000,3.02,25.66,8.26,44.68728,-124.156658
2021-07-20T19:35:49.000,3.01,25.58,8.26,44.68728,-124.156658
2021-07-20T19:50:49.000,3.02,25.65,8.26,44.68728,-124.156658
2021-07-20T20:05:49.000,3.02,25.62,8.26,44.68728,-124.156658
2021-07-20T20:20:49.000,3.03,25.74,8.26,44.68728,-124.156658
2021-07-20T20:35:49.000,3.02,25.62,8.26,44.68728,-124.156658
2021-07-20T20:50:49.000,3.04,25.82,8.26,44.68728,-124.156658
2021-07-20T21:05:49.000,3.02,25.65,8.27,44.68728,-124.156658
2021-07-20T21:20:49.000,3.03,25.79,8.27,44.68728,-124.156658
2021-07-20T21:35:49.000,3.01,25.6,8.28,44.68728,-124.156658
2021-07-20T21:50:49.000,3.03,25.78,8.28,44.68728,-124.156658
2021-07-20T22:05:49.000,3.05,25.93,8.28,44.68728,-124.156658
2021-07-20T22:20:49.000,3.02,25.64,8.28,44.68728,-124.156658
2021-07-20T22:35:49.000,3.01,25.63,8.28,44.68728,-124.156658
2021-07-20T22:50:49.000,3.05,25.91,8.28,44.68728,-124.156658
2021-07-20T23:05:49.000,3.02,25.67,8.28,44.68728,-124.156658
2021-07-20T23:20:49.000,3.02,25.69,8.28,44.68728,-124.156658
2021-07-20T23:35:49.000,3.02,25.71,8.28,44.68728,-124.156658
2021-07-20T23:50:49.000,3.04,25.88,8.28,44.68728,-124.156658
2021-07-21T00:05:49.000,3.04,25.88,8.28,44.68728,-124.156658
2021-07-21T00:20:49.000,3.07,26.09,8.28,44.68728,-124.156658
2021-07-21T00:35:49.000,3.07,26.09,8.28,44.68728,-124.156658
2021-07-21T00:50:49.000,3.08,26.18,8.28,44.68728,-124.156658
2021-07-21T01:05:49.000,3.08,26.23,8.28,44.68728,-124.156658
2021-07-21T01:20:49.000,3.06,26.03,8.28,44.68728,-124.156658
2021-07-21T01:35:49.000,3.08,26.17,8.28,44.68728,-124.156658
2021-07-21T01:50:49.000,3.07,26.06,8.28,44.68728,-124.156658
2021-07-21T02:05:49.000,3.07,26.09,8.28,44.68728,-124.156658
2021-07-21T02:20:49.000,3.04,25.87,8.28,44.68728,-124.156658
2021-07-21T02:35:49.000,3.04,25.85,8.28,44.68728,-124.156658
2021-07-21T02:50:49.000,3.05,25.9,8.28,44.68728,-124.156658
2021-07-21T03:05:49.000,3.05,25.95,8.28,44.68728,-124.156658
2021-07-21T03:20:49.000,3.01,25.58,8.28,44.68728,-124.156658
2021-07-21T03:35:49.000,3.03,25.77,8.28,44.68728,-124.156658
2021-07-21T03:50:49.000,3.04,25.86,8.28,44.68728,-124.156658
2021-07-21T04:05:49.000,2.99,25.44,8.28,44.68728,-124.156658
2021-07-21T04:20:49.000,3,25.53,8.28,44.68728,-124.156658
2021-07-21T04:35:49.000,3.04,25.86,8.28,44.68728,-124.156658
2021-07-21T04:50:49.000,3.02,25.67,8.28,44.68728,-124.156658
2021-07-21T05:05:49.000,2.99,25.46,8.28,44.68728,-124.156658
2021-07-21T05:20:49.000,3,25.52,8.28,44.68728,-124.156658
2021-07-21T05:35:49.000,3.04,25.84,8.28,44.68728,-124.156658
2021-07-21T05:50:49.000,3.04,25.87,8.27,44.68728,-124.156658
2021-07-21T06:05:49.000,3.05,25.89,8.27,44.68728,-124.156658
2021-07-21T06:20:49.000,3.03,25.78,8.27,44.68728,-124.156658
2021-07-21T06:35:49.000,3.03,25.72,8.27,44.68728,-124.156658
2021-07-21T06:50:49.000,3.05,25.9,8.27,44.68728,-124.156658
2021-07-21T07:05:49.000,3.04,25.79,8.26,44.68728,-124.156658
2021-07-21T07:20:49.000,3.04,25.84,8.26,44.68728,-124.156658
2021-07-21T07:35:49.000,3.03,25.78,8.26,44.68728,-124.156658
2021-07-21T07:50:49.000,3.03,25.75,8.26,44.68728,-124.156658
2021-07-21T08:05:49.000,3.04,25.83,8.26,44.68728,-124.156658
2021-07-21T08:20:49.000,3.05,25.89,8.26,44.68728,-124.156658
2021-07-21T08:35:49.000,3.03,25.71,8.26,44.68728,-124.156658
2021-07-21T08:50:49.000,3,25.5,8.26,44.68728,-124.156658
2021-07-21T09:05:49.000,3.02,25.63,8.26,44.68728,-124.156658
2021-07-21T09:20:49.000,2.99,25.38,8.27,44.68728,-124.156658
2021-07-21T09:35:49.000,2.98,25.35,8.27,44.68728,-124.156658
2021-07-21T09:50:49.000,2.98,25.35,8.27,44.68728,-124.156658
2021-07-21T10:05:49.000,2.98,25.35,8.27,44.68728,-124.156658
2021-07-21T10:20:49.000,2.96,25.17,8.27,44.68728,-124.156658
2021-07-21T10:35:49.000,2.96,25.15,8.27,44.68728,-124.156658
2021-07-21T10:50:49.000,2.97,25.22,8.27,44.68728,-124.156658
2021-07-21T11:05:49.000,2.99,25.45,8.28,44.68728,-124.156658
2021-07-21T11:20:49.000,2.97,25.27,8.28,44.68728,-124.156658
2021-07-21T11:35:49.000,2.98,25.3,8.28,44.68728,-124.156658
2021-07-21T11:50:49.000,2.98,25.3,8.28,44.68728,-124.156658
2021-07-21T12:05:49.000,2.95,25.07,8.28,44.68728,-124.156658
2021-07-21T12:20:49.000,3,25.51,8.28,44.68728,-124.156658
2021-07-21T12:35:49.000,3,25.49,8.28,44.68728,-124.156658
2021-07-21T12:50:49.000,2.99,25.4,8.28,44.68728,-124.156658
2021-07-21T13:05:49.000,2.99,25.39,8.28,44.68728,-124.156658
2021-07-21T13:20:49.000,2.97,25.25,8.27,44.68728,-124.156658
2021-07-21T13:35:49.000,2.96,25.13,8.26,44.68728,-124.156658
2021-07-21T13:50:49.000,2.95,25.1,8.26,44.68728,-124.156658
2021-07-21T14:05:49.000,2.87,24.43,8.26,44.68728,-124.156658
2021-07-21T14:20:49.000,2.94,24.96,8.26,44.68728,-124.156658
2021-07-21T14:35:49.000,2.97,25.22,8.26,44.68728,-124.156658
2021-07-21T14:50:49.000,2.9,24.6,8.26,44.68728,-124.156658
2021-07-21T15:05:49.000,3.02,25.63,8.27,44.68728,-124.156658
2021-07-21T15:20:49.000,3.03,25.74,8.28,44.68728,-124.156658
2021-07-21T15:35:49.000,3.04,25.83,8.28,44.68728,-124.156658
2021-07-21T15:50:49.000,3.05,25.9,8.28,44.68728,-124.156658
2021-07-21T16:05:49.000,3.06,26,8.28,44.68728,-124.156658
2021-07-21T16:20:49.000,3.06,26.03,8.29,44.68728,-124.156658
2021-07-21T16:35:49.000,3.09,26.3,8.3,44.68728,-124.156658
2021-07-21T16:50:49.000,3.11,26.43,8.3,44.68728,-124.156658
2021-07-21T17:05:49.000,3.11,26.43,8.3,44.68728,-124.156658
2021-07-21T17:20:49.000,3.11,26.42,8.3,44.68728,-124.156658
2021-07-21T17:35:49.000,3.1,26.39,8.3,44.68728,-124.156658
2021-07-21T17:50:49.000,3.11,26.45,8.3,44.68728,-124.156658
2021-07-21T18:05:49.000,3.1,26.33,8.3,44.68728,-124.156658
2021-07-21T18:20:49.000,3.09,26.28,8.3,44.68728,-124.156658
2021-07-21T18:35:49.000,3.1,26.38,8.3,44.68728,-124.156658
2021-07-21T18:50:49.000,3.09,26.29,8.3,44.68728,-124.156658
2021-07-21T19:05:49.000,3.1,26.38,8.3,44.68728,-124.156658
2021-07-21T19:20:49.000,3.09,26.29,8.3,44.68728,-124.156658
2021-07-21T19:35:49.000,3.08,26.17,8.28,44.68728,-124.156658
2021-07-21T19:50:49.000,3.05,25.95,8.28,44.68728,-124.156658
2021-07-21T20:05:49.000,3.04,25.87,8.28,44.68728,-124.156658
2021-07-21T20:20:49.000,3.01,25.56,8.26,44.68728,-124.156658
2021-07-21T20:35:49.000,3,25.48,8.26,44.68728,-124.156658
2021-07-21T20:50:49.000,3,25.47,8.26,44.68728,-124.156658
2021-07-21T21:05:49.000,2.95,25.03,8.23,44.68728,-124.156658
2021-07-21T21:20:49.000,2.93,24.89,8.23,44.68728,-124.156658
2021-07-21T21:35:49.000,2.9,24.65,8.23,44.68728,-124.156658
2021-07-21T21:50:49.000,2.85,24.17,8.21,44.68728,-124.156658
2021-07-21T22:05:49.000,2.85,24.16,8.21,44.68728,-124.156658
2021-07-21T22:20:49.000,2.83,24,8.21,44.68728,-124.156658
2021-07-21T22:35:49.000,2.8,23.73,8.19,44.68728,-124.156658
2021-07-21T22:50:49.000,2.78,23.58,8.18,44.68728,-124.156658
2021-07-21T23:05:49.000,2.73,23.14,8.17,44.68728,-124.156658
2021-07-21T23:20:49.000,2.7,22.93,8.16,44.68728,-124.156658
2021-07-21T23:35:49.000,2.69,22.78,8.16,44.68728,-124.156658
2021-07-21T23:50:49.000,2.68,22.68,8.14,44.68728,-124.156658
2021-07-22T00:05:49.000,2.62,22.16,8.14,44.68728,-124.156658
2021-07-22T00:20:49.000,2.6,21.98,8.12,44.68728,-124.156658
2021-07-22T00:35:49.000,2.58,21.85,8.11,44.68728,-124.156658
2021-07-22T00:50:49.000,2.56,21.63,8.09,44.68728,-124.156658
2021-07-22T01:05:49.000,2.54,21.46,8.09,44.68728,-124.156658
2021-07-22T01:20:49.000,2.53,21.44,8.08,44.68728,-124.156658
2021-07-22T01:35:49.000,2.51,21.27,8.07,44.68728,-124.156658
2021-07-22T01:50:49.000,2.52,21.27,8.07,44.68728,-124.156658
2021-07-22T02:05:49.000,2.49,21.09,8.05,44.68728,-124.156658
2021-07-22T02:20:49.000,2.48,20.94,8.04,44.68728,-124.156658
2021-07-22T02:35:49.000,2.46,20.83,8.04,44.68728,-124.156658
2021-07-22T02:50:49.000,2.46,20.77,8.04,44.68728,-124.156658
2021-07-22T03:05:49.000,2.47,20.84,8.03,44.68728,-124.156658
2021-07-22T03:20:49.000,2.46,20.82,8.02,44.68728,-124.156658
2021-07-22T03:35:49.000,2.48,20.95,8.02,44.68728,-124.156658
2021-07-22T03:50:49.000,2.47,20.9,8.02,44.68728,-124.156658
2021-07-22T04:05:49.000,2.48,20.94,8.02,44.68728,-124.156658
2021-07-22T04:20:49.000,2.48,20.93,8.02,44.68728,-124.156658
2021-07-22T04:35:49.000,2.48,20.99,8.02,44.68728,-124.156658
2021-07-22T04:50:49.000,2.48,20.98,8.02,44.68728,-124.156658
2021-07-22T05:05:49.000,2.49,21,8.02,44.68728,-124.156658
2021-07-22T05:20:49.000,2.48,20.94,8.02,44.68728,-124.156658
2021-07-22T05:35:49.000,2.49,21.02,8.02,44.68728,-124.156658
2021-07-22T05:50:49.000,2.48,20.99,8.02,44.68728,-124.156658
2021-07-22T06:05:49.000,2.49,21.05,8.03,44.68728,-124.156658
2021-07-22T06:20:49.000,2.5,21.11,8.03,44.68728,-124.156658
2021-07-22T06:35:49.000,2.49,21.05,8.03,44.68728,-124.156658
2021-07-22T06:50:49.000,2.48,20.95,8.03,44.68728,-124.156658
2021-07-22T07:05:49.000,2.5,21.11,8.03,44.68728,-124.156658
2021-07-22T07:20:49.000,2.49,21.02,8.03,44.68728,-124.156658
2021-07-22T07:35:49.000,2.5,21.09,8.02,44.68728,-124.156658
2021-07-22T07:50:49.000,2.5,21.15,8.02,44.68728,-124.156658
2021-07-22T08:05:49.000,2.49,21.03,8.03,44.68728,-124.156658
2021-07-22T08:20:49.000,2.51,21.18,8.03,44.68728,-124.156658
2021-07-22T08:35:49.000,2.52,21.27,8.03,44.68728,-124.156658
2021-07-22T08:50:49.000,2.52,21.26,8.04,44.68728,-124.156658
2021-07-22T09:05:49.000,2.51,21.24,8.04,44.68728,-124.156658
2021-07-22T09:20:49.000,2.51,21.19,8.04,44.68728,-124.156658
2021-07-22T09:35:49.000,2.52,21.26,8.04,44.68728,-124.156658
2021-07-22T09:50:49.000,2.51,21.25,8.04,44.68728,-124.156658
2021-07-22T10:05:49.000,2.55,21.55,8.04,44.68728,-124.156658
2021-07-22T10:20:49.000,2.54,21.49,8.04,44.68728,-124.156658
2021-07-22T10:35:49.000,2.54,21.5,8.04,44.68728,-124.156658
2021-07-22T10:50:49.000,2.55,21.53,8.04,44.68728,-124.156658
2021-07-22T11:05:49.000,2.56,21.6,8.04,44.68728,-124.156658
2021-07-22T11:20:49.000,2.55,21.54,8.04,44.68728,-124.156658
2021-07-22T11:35:49.000,2.55,21.55,8.04,44.68728,-124.156658
2021-07-22T11:50:49.000,2.53,21.37,8.04,44.68728,-124.156658
2021-07-22T12:05:49.000,2.51,21.25,8.04,44.68728,-124.156658
2021-07-22T12:20:49.000,2.5,21.15,8.04,44.68728,-124.156658
2021-07-22T12:35:49.000,2.51,21.23,8.04,44.68728,-124.156658
2021-07-22T12:50:49.000,2.51,21.18,8.04,44.68728,-124.156658
2021-07-22T13:05:49.000,2.48,21,8.04,44.68728,-124.156658
2021-07-22T13:20:49.000,2.49,21.05,8.04,44.68728,-124.156658
2021-07-22T13:35:49.000,2.48,20.99,8.04,44.68728,-124.156658
2021-07-22T13:50:49.000,2.47,20.86,8.04,44.68728,-124.156658
2021-07-22T14:05:49.000,2.45,20.72,8.04,44.68728,-124.156658
2021-07-22T14:20:49.000,2.31,19.52,8.04,44.68728,-124.156658
2021-07-22T14:35:49.000,2.43,20.54,8.04,44.68728,-124.156658
2021-07-22T14:50:49.000,2.44,20.6,8.04,44.68728,-124.156658
2021-07-22T15:05:49.000,2.46,20.8,8.04,44.68728,-124.156658
2021-07-22T15:20:49.000,2.46,20.82,8.04,44.68728,-124.156658
2021-07-22T15:35:49.000,2.48,20.99,8.04,44.68728,-124.156658
2021-07-22T15:50:49.000,2.47,20.91,8.04,44.68728,-124.156658
2021-07-22T16:05:49.000,2.47,20.9,8.04,44.68728,-124.156658
2021-07-22T16:20:49.000,2.46,20.8,8.04,44.68728,-124.156658
2021-07-22T16:35:49.000,2.43,20.52,8.03,44.68728,-124.156658
2021-07-22T16:50:49.000,2.45,20.7,8.02,44.68728,-124.156658
2021-07-22T17:05:49.000,2.46,20.81,8.04,44.68728,-124.156658
2021-07-22T17:20:49.000,2.47,20.91,8.04,44.68728,-124.156658
2021-07-22T17:35:49.000,2.48,20.98,8.04,44.68728,-124.156658
2021-07-22T17:50:49.000,2.48,20.96,8.05,44.68728,-124.156658
2021-07-22T18:05:49.000,2.51,21.27,8.06,44.68728,-124.156658
2021-07-22T18:20:49.000,2.53,21.42,8.07,44.68728,-124.156658
2021-07-22T18:35:49.000,2.53,21.38,8.07,44.68728,-124.156658
2021-07-22T18:50:49.000,2.54,21.47,8.07,44.68728,-124.156658
2021-07-22T19:05:49.000,2.55,21.6,8.07,44.68728,-124.156658
2021-07-22T19:20:49.000,2.55,21.55,8.07,44.68728,-124.156658
2021-07-22T19:35:49.000,2.57,21.74,8.07,44.68728,-124.156658
2021-07-22T19:50:49.000,2.58,21.8,8.08,44.68728,-124.156658
2021-07-22T20:05:49.000,2.58,21.82,8.08,44.68728,-124.156658
2021-07-22T20:20:49.000,2.58,21.83,8.08,44.68728,-124.156658
2021-07-22T20:35:49.000,2.58,21.87,8.09,44.68728,-124.156658
2021-07-22T20:50:49.000,2.58,21.84,8.09,44.68728,-124.156658
2021-07-22T21:05:49.000,2.58,21.87,8.09,44.68728,-124.156658
2021-07-22T21:20:49.000,2.58,21.8,8.09,44.68728,-124.156658
2021-07-22T21:35:49.000,2.59,21.9,8.09,44.68728,-124.156658
2021-07-22T21:50:49.000,2.58,21.87,8.09,44.68728,-124.156658
2021-07-22T22:05:49.000,2.58,21.83,8.09,44.68728,-124.156658
2021-07-22T22:20:49.000,2.6,21.96,8.09,44.68728,-124.156658
2021-07-22T22:35:49.000,2.59,21.88,8.09,44.68728,-124.156658
2021-07-22T22:50:49.000,2.57,21.77,8.09,44.68728,-124.156658
2021-07-22T23:05:49.000,2.56,21.7,8.09,44.68728,-124.156658
2021-07-22T23:20:49.000,2.58,21.85,8.09,44.68728,-124.156658
2021-07-22T23:35:49.000,2.57,21.79,8.09,44.68728,-124.156658
2021-07-22T23:50:49.000,2.57,21.71,8.09,44.68728,-124.156658
2021-07-23T00:05:49.000,2.55,21.54,8.09,44.68728,-124.156658
2021-07-23T00:20:49.000,2.57,21.76,8.09,44.68728,-124.156658
2021-07-23T00:35:49.000,2.53,21.38,8.09,44.68728,-124.156658
2021-07-23T00:50:49.000,2.53,21.39,8.09,44.68728,-124.156658
2021-07-23T01:05:49.000,2.54,21.53,8.09,44.68728,-124.156658
2021-07-23T01:20:49.000,2.56,21.69,8.09,44.68728,-124.156658
2021-07-23T01:35:49.000,2.53,21.43,8.09,44.68728,-124.156658
2021-07-23T01:50:49.000,2.54,21.48,8.09,44.68728,-124.156658
2021-07-23T02:05:49.000,2.54,21.52,8.09,44.68728,-124.156658
2021-07-23T02:20:49.000,2.54,21.47,8.09,44.68728,-124.156658
2021-07-23T02:35:49.000,2.56,21.65,8.09,44.68728,-124.156658
2021-07-23T02:50:49.000,2.55,21.55,8.09,44.68728,-124.156658
2021-07-23T03:05:49.000,2.55,21.55,8.09,44.68728,-124.156658
2021-07-23T03:20:49.000,2.53,21.43,8.09,44.68728,-124.156658
2021-07-23T03:35:49.000,2.54,21.51,8.08,44.68728,-124.156658
2021-07-23T03:50:49.000,2.53,21.43,8.08,44.68728,-124.156658
2021-07-23T04:05:49.000,2.54,21.45,8.07,44.68728,-124.156658
2021-07-23T04:20:49.000,2.55,21.58,8.07,44.68728,-124.156658
2021-07-23T04:35:49.000,2.55,21.53,8.07,44.68728,-124.156658
2021-07-23T04:50:49.000,2.56,21.64,8.07,44.68728,-124.156658
2021-07-23T05:05:49.000,2.56,21.66,8.07,44.68728,-124.156658
2021-07-23T05:20:49.000,2.56,21.65,8.07,44.68728,-124.156658
2021-07-23T05:35:49.000,2.56,21.67,8.07,44.68728,-124.156658
2021-07-23T05:50:49.000,2.55,21.55,8.07,44.68728,-124.156658
2021-07-23T06:05:49.000,2.55,21.53,8.07,44.68728,-124.156658
2021-07-23T06:20:49.000,2.52,21.35,8.07,44.68728,-124.156658
2021-07-23T06:35:49.000,2.53,21.39,8.07,44.68728,-124.156658
2021-07-23T06:50:49.000,2.53,21.39,8.07,44.68728,-124.156658
2021-07-23T07:05:49.000,2.56,21.62,8.07,44.68728,-124.156658
2021-07-23T07:20:49.000,2.55,21.53,8.07,44.68728,-124.156658
2021-07-23T07:35:49.000,2.54,21.51,8.07,44.68728,-124.156658
2021-07-23T07:50:49.000,2.54,21.48,8.07,44.68728,-124.156658
2021-07-23T08:05:49.000,2.53,21.36,8.07,44.68728,-124.156658
2021-07-23T08:20:49.000,2.53,21.43,8.06,44.68728,-124.156658
2021-07-23T08:35:49.000,2.51,21.26,8.06,44.68728,-124.156658
2021-07-23T08:50:49.000,2.5,21.12,8.06,44.68728,-124.156658
2021-07-23T09:05:49.000,2.49,21.02,8.06,44.68728,-124.156658
2021-07-23T09:20:49.000,2.48,20.99,8.06,44.68728,-124.156658
2021-07-23T09:35:49.000,2.47,20.89,8.06,44.68728,-124.156658
2021-07-23T09:50:49.000,2.47,20.92,8.06,44.68728,-124.156658
2021-07-23T10:05:49.000,2.45,20.71,8.06,44.68728,-124.156658
2021-07-23T10:20:49.000,2.46,20.78,8.07,44.68728,-124.156658
2021-07-23T10:35:49.000,2.45,20.7,8.07,44.68728,-124.156658
2021-07-23T10:50:49.000,2.45,20.7,8.07,44.68728,-124.156658
2021-07-23T11:05:49.000,2.45,20.71,8.07,44.68728,-124.156658
2021-07-23T11:20:49.000,2.45,20.75,8.07,44.68728,-124.156658
2021-07-23T11:35:49.000,2.45,20.73,8.07,44.68728,-124.156658
2021-07-23T11:50:49.000,2.45,20.72,8.07,44.68728,-124.156658
2021-07-23T12:05:49.000,2.44,20.67,8.07,44.68728,-124.156658
2021-07-23T12:20:49.000,2.44,20.63,8.07,44.68728,-124.156658
2021-07-23T12:35:49.000,2.43,20.52,8.07,44.68728,-124.156658
2021-07-23T12:50:49.000,2.43,20.51,8.06,44.68728,-124.156658
2021-07-23T13:05:49.000,2.42,20.46,8.06,44.68728,-124.156658
2021-07-23T13:20:49.000,2.4,20.3,8.05,44.68728,-124.156658
2021-07-23T13:35:49.000,2.42,20.47,8.04,44.68728,-124.156658
2021-07-23T13:50:49.000,2.39,20.18,8.04,44.68728,-124.156658
2021-07-23T14:05:49.000,2.4,20.26,8.04,44.68728,-124.156658
2021-07-23T14:20:49.000,2.37,20,8.04,44.68728,-124.156658
2021-07-23T14:35:49.000,2.37,20.03,8.04,44.68728,-124.156658
2021-07-23T14:50:49.000,2.35,19.84,8.04,44.68728,-124.156658
2021-07-23T15:05:49.000,2.28,19.24,8.04,44.68728,-124.156658
2021-07-23T15:20:49.000,2.29,19.35,8.04,44.68728,-124.156658
2021-07-23T15:35:49.000,2.34,19.78,8.04,44.68728,-124.156658
2021-07-23T15:50:49.000,2.37,20.05,8.05,44.68728,-124.156658
2021-07-23T16:05:49.000,2.38,20.15,8.06,44.68728,-124.156658
2021-07-23T16:20:49.000,2.4,20.28,8.07,44.68728,-124.156658
2021-07-23T16:35:49.000,2.41,20.38,8.07,44.68728,-124.156658
2021-07-23T16:50:49.000,2.42,20.48,8.08,44.68728,-124.156658
2021-07-23T17:05:49.000,2.45,20.75,8.09,44.68728,-124.156658
2021-07-23T17:20:49.000,2.47,20.86,8.09,44.68728,-124.156658
2021-07-23T17:35:49.000,2.47,20.92,8.09,44.68728,-124.156658
2021-07-23T17:50:49.000,2.48,21.02,8.09,44.68728,-124.156658
2021-07-23T18:05:49.000,2.49,21.05,8.09,44.68728,-124.156658
2021-07-23T18:20:49.000,2.48,20.99,8.09,44.68728,-124.156658
2021-07-23T18:35:49.000,2.5,21.12,8.07,44.68728,-124.156658
