Time (UTC),DO (ml/L),Dissolved Oxygen (%),Temperature (C),Latitude,Longitude
2021-07-28T17:14:51.000,2.86,24.15,7.95,44.68728,-124.156658
2021-07-28T17:29:51.000,2.79,23.48,7.92,44.68728,-124.156658
2021-07-28T17:44:51.000,2.72,22.89,7.91,44.68728,-124.156658
2021-07-28T17:59:51.000,2.65,22.36,7.9,44.68728,-124.156658
2021-07-28T18:14:51.000,2.64,22.27,7.9,44.68728,-124.156658
2021-07-28T18:29:51.000,2.6,21.89,7.9,44.68728,-124.156658
2021-07-28T18:44:51.000,2.58,21.76,7.88,44.68728,-124.156658
2021-07-28T18:59:51.000,2.55,21.45,7.87,44.68728,-124.156658
2021-07-28T19:14:51.000,2.56,21.58,7.87,44.68728,-124.156658
2021-07-28T19:29:51.000,2.54,21.4,7.85,44.68728,-124.156658
2021-07-28T19:44:51.000,2.47,20.75,7.83,44.68728,-124.156658
2021-07-28T19:59:51.000,2.4,20.19,7.82,44.68728,-124.156658
2021-07-28T20:14:51.000,2.42,20.34,7.83,44.68728,-124.156658
2021-07-28T20:29:51.000,2.36,19.87,7.81,44.68728,-124.156658
2021-07-28T20:44:51.000,2.38,20.01,7.8,44.68728,-124.156658
2021-07-28T20:59:51.000,2.43,20.41,7.82,44.68728,-124.156658
2021-07-28T21:14:51.000,2.43,20.45,7.82,44.68728,-124.156658
2021-07-28T21:29:51.000,2.42,20.37,7.8,44.68728,-124.156658
2021-07-28T21:44:51.000,2.41,20.25,7.8,44.68728,-124.156658
2021-07-28T21:59:51.000,2.4,20.18,7.78,44.68728,-124.156658
2021-07-28T22:14:51.000,2.35,19.69,7.76,44.68728,-124.156658
2021-07-28T22:29:51.000,2.31,19.35,7.75,44.68728,-124.156658
2021-07-28T22:44:51.000,2.3,19.26,7.73,44.68728,-124.156658
2021-07-28T22:59:51.000,2.28,19.1,7.71,44.68728,-124.156658
2021-07-28T23:14:51.000,2.24,18.77,7.7,44.68728,-124.156658
2021-07-28T23:29:51.000,2.21,18.51,7.67,44.68728,-124.156658
2021-07-28T23:44:51.000,2.13,17.8,7.62,44.68728,-124.156658
2021-07-28T23:59:51.000,2.09,17.46,7.59,44.68728,-124.156658
2021-07-29T00:14:51.000,2.14,17.92,7.59,44.68728,-124.156658
2021-07-29T00:29:51.000,2.23,18.67,7.61,44.68728,-124.156658
2021-07-29T00:44:51.000,2.4,20.07,7.66,44.68728,-124.156658
2021-07-29T00:59:51.000,2.51,21.03,7.69,44.68728,-124.156658
2021-07-29T01:14:51.000,2.73,22.89,7.75,44.68728,-124.156658
2021-07-29T01:29:51.000,2.94,24.76,7.84,44.68728,-124.156658
2021-07-29T01:44:51.000,3.22,27.11,7.92,44.68728,-124.156658
2021-07-29T01:59:51.000,3.4,28.7,7.99,44.68728,-124.156658
2021-07-29T02:14:51.000,3.65,30.88,8.09,44.68728,-124.156658
2021-07-29T02:29:51.000,3.86,32.71,8.17,44.68728,-124.156658
2021-07-29T02:44:51.000,4.04,34.34,8.26,44.68728,-124.156658
2021-07-29T02:59:51.000,4.26,36.26,8.33,44.68728,-124.156658
2021-07-29T03:14:51.000,4.4,37.56,8.42,44.68728,-124.156658
2021-07-29T03:29:51.000,4.54,38.75,8.47,44.68728,-124.156658
2021-07-29T03:44:51.000,4.63,39.6,8.48,44.68728,-124.156658
2021-07-29T03:59:51.000,4.51,38.56,8.47,44.68728,-124.156658
2021-07-29T04:14:51.000,4.65,39.68,8.47,44.68728,-124.156658
2021-07-29T04:29:51.000,4.57,39,8.45,44.68728,-124.156658
2021-07-29T04:44:51.000,4.57,38.98,8.45,44.68728,-124.156658
2021-07-29T04:59:51.000,4.57,39.02,8.45,44.68728,-124.156658
2021-07-29T05:14:51.000,4.6,39.23,8.44,44.68728,-124.156658
2021-07-29T05:29:51.000,4.58,39.05,8.42,44.68728,-124.156658
2021-07-29T05:44:51.000,4.56,38.93,8.42,44.68728,-124.156658
2021-07-29T05:59:51.000,4.6,39.25,8.42,44.68728,-124.156658
2021-07-29T06:14:51.000,4.59,39.2,8.42,44.68728,-124.156658
2021-07-29T06:29:51.000,4.58,39.08,8.42,44.68728,-124.156658
2021-07-29T06:44:51.000,4.59,39.15,8.43,44.68728,-124.156658
2021-07-29T06:59:51.000,4.61,39.3,8.43,44.68728,-124.156658
2021-07-29T07:14:51.000,4.58,39.07,8.44,44.68728,-124.156658
2021-07-29T07:29:51.000,4.62,39.45,8.45,44.68728,-124.156658
2021-07-29T07:44:51.000,4.58,39.12,8.45,44.68728,-124.156658
2021-07-29T07:59:51.000,4.53,38.65,8.45,44.68728,-124.156658
2021-07-29T08:14:51.000,4.58,39.11,8.47,44.68728,-124.156658
2021-07-29T08:29:51.000,4.61,39.35,8.47,44.68728,-124.156658
2021-07-29T08:44:51.000,4.62,39.47,8.5,44.68728,-124.156658
2021-07-29T08:59:51.000,4.73,40.44,8.5,44.68728,-124.156658
2021-07-29T09:14:51.000,4.64,39.64,8.49,44.68728,-124.156658
2021-07-29T09:29:51.000,4.6,39.3,8.47,44.68728,-124.156658
2021-07-29T09:44:51.000,4.45,38.03,8.47,44.68728,-124.156658
2021-07-29T09:59:51.000,4.38,37.43,8.47,44.68728,-124.156658
2021-07-29T10:14:51.000,4.33,36.95,8.45,44.68728,-124.156658
2021-07-29T10:29:51.000,4.21,35.95,8.44,44.68728,-124.156658
2021-07-29T10:44:51.000,4.14,35.33,8.42,44.68728,-124.156658
2021-07-29T10:59:51.000,4.12,35.13,8.42,44.68728,-124.156658
2021-07-29T11:14:51.000,4.06,34.64,8.41,44.68728,-124.156658
2021-07-29T11:29:51.000,4.03,34.4,8.4,44.68728,-124.156658
2021-07-29T11:44:51.000,4.02,34.31,8.4,44.68728,-124.156658
2021-07-29T11:59:51.000,3.97,33.85,8.37,44.68728,-124.156658
2021-07-29T12:14:51.000,3.96,33.69,8.34,44.68728,-124.156658
2021-07-29T12:29:51.000,3.88,33,8.31,44.68728,-124.156658
2021-07-29T12:44:51.000,3.83,32.56,8.3,44.68728,-124.156658
2021-07-29T12:59:51.000,3.82,32.49,8.3,44.68728,-124.156658
2021-07-29T13:14:51.000,3.79,32.23,8.29,44.68728,-124.156658
2021-07-29T13:29:51.000,3.81,32.44,8.3,44.68728,-124.156658
2021-07-29T13:44:51.000,3.84,32.71,8.32,44.68728,-124.156658
2021-07-29T13:59:51.000,3.85,32.77,8.33,44.68728,-124.156658
2021-07-29T14:14:51.000,3.99,33.97,8.35,44.68728,-124.156658
2021-07-29T14:29:51.000,3.94,33.57,8.35,44.68728,-124.156658
2021-07-29T14:44:51.000,3.99,34.03,8.37,44.68728,-124.156658
2021-07-29T14:59:51.000,4.02,34.31,8.4,44.68728,-124.156658
2021-07-29T15:14:51.000,4.09,34.95,8.45,44.68728,-124.156658
2021-07-29T15:29:51.000,4.21,35.98,8.47,44.68728,-124.156658
2021-07-29T15:44:51.000,4.35,37.2,8.52,44.68728,-124.156658
2021-07-29T15:59:51.000,4.56,39,8.57,44.68728,-124.156658
2021-07-29T16:14:51.000,4.48,38.39,8.6,44.68728,-124.156658
2021-07-29T16:29:51.000,4.57,39.14,8.62,44.68728,-124.156658
2021-07-29T16:44:51.000,4.6,39.46,8.64,44.68728,-124.156658
2021-07-29T16:59:51.000,4.61,39.57,8.64,44.68728,-124.156658
2021-07-29T17:14:51.000,4.76,40.81,8.66,44.68728,-124.156658
2021-07-29T17:29:51.000,4.8,41.24,8.71,44.68728,-124.156658
2021-07-29T17:44:51.000,4.62,39.69,8.7,44.68728,-124.156658
2021-07-29T17:59:51.000,4.6,39.51,8.71,44.68728,-124.156658
2021-07-29T18:14:51.000,4.54,39.02,8.7,44.68728,-124.156658
2021-07-29T18:29:51.000,4.64,39.83,8.71,44.68728,-124.156658
2021-07-29T18:44:51.000,4.92,42.26,8.71,44.68728,-124.156658
2021-07-29T18:59:51.000,4.92,42.24,8.71,44.68728,-124.156658
2021-07-29T19:14:51.000,4.75,40.78,8.71,44.68728,-124.156658
2021-07-29T19:29:51.000,4.88,41.95,8.71,44.68728,-124.156658
2021-07-29T19:44:51.000,4.25,36.38,8.52,44.68728,-124.156658
2021-07-29T19:59:51.000,3.99,34.07,8.44,44.68728,-124.156658
2021-07-29T20:14:51.000,3.93,33.51,8.38,44.68728,-124.156658
2021-07-29T20:29:51.000,3.91,33.29,8.37,44.68728,-124.156658
2021-07-29T20:44:51.000,3.91,33.34,8.37,44.68728,-124.156658
2021-07-29T20:59:51.000,3.96,33.8,8.4,44.68728,-124.156658
2021-07-29T21:14:51.000,3.85,32.76,8.35,44.68728,-124.156658
2021-07-29T21:29:51.000,3.89,33.11,8.37,44.68728,-124.156658
2021-07-29T21:44:51.000,3.9,33.25,8.37,44.68728,-124.156658
2021-07-29T21:59:51.000,3.87,32.97,8.35,44.68728,-124.156658
2021-07-29T22:14:51.000,3.81,32.42,8.33,44.68728,-124.156658
2021-07-29T22:29:51.000,3.71,31.56,8.27,44.68728,-124.156658
2021-07-29T22:44:51.000,3.57,30.31,8.23,44.68728,-124.156658
2021-07-29T22:59:51.000,3.53,29.92,8.21,44.68728,-124.156658
2021-07-29T23:14:51.000,3.57,30.3,8.21,44.68728,-124.156658
2021-07-29T23:29:51.000,3.59,30.47,8.22,44.68728,-124.156658
2021-07-29T23:44:51.000,3.86,32.81,8.3,44.68728,-124.156658
2021-07-29T23:59:51.000,3.96,33.69,8.35,44.68728,-124.156658
2021-07-30T00:14:51.000,3.97,33.92,8.43,44.68728,-124.156658
2021-07-30T00:29:51.000,4.06,34.65,8.42,44.68728,-124.156658
2021-07-30T00:44:51.000,4.04,34.5,8.43,44.68728,-124.156658
2021-07-30T00:59:51.000,4.11,35.12,8.45,44.68728,-124.156658
2021-07-30T01:14:51.000,4.09,34.87,8.42,44.68728,-124.156658
2021-07-30T01:29:51.000,4.03,34.35,8.41,44.68728,-124.156658
2021-07-30T01:44:51.000,4.15,35.46,8.45,44.68728,-124.156658
2021-07-30T01:59:51.000,4.03,34.36,8.41,44.68728,-124.156658
2021-07-30T02:14:51.000,4.12,35.16,8.42,44.68728,-124.156658
2021-07-30T02:29:51.000,4.01,34.18,8.4,44.68728,-124.156658
2021-07-30T02:44:51.000,4.04,34.44,8.43,44.68728,-124.156658
2021-07-30T02:59:51.000,4.16,35.54,8.46,44.68728,-124.156658
2021-07-30T03:14:51.000,4.24,36.24,8.5,44.68728,-124.156658
2021-07-30T03:29:51.000,4.11,35.1,8.46,44.68728,-124.156658
2021-07-30T03:44:51.000,4.28,36.55,8.51,44.68728,-124.156658
2021-07-30T03:59:51.000,4.19,35.78,8.51,44.68728,-124.156658
2021-07-30T04:14:51.000,4.16,35.49,8.46,44.68728,-124.156658
2021-07-30T04:29:51.000,4.1,35.03,8.45,44.68728,-124.156658
2021-07-30T04:44:51.000,4.19,35.75,8.45,44.68728,-124.156658
2021-07-30T04:59:51.000,4.15,35.46,8.45,44.68728,-124.156658
2021-07-30T05:14:51.000,4.16,35.52,8.45,44.68728,-124.156658
2021-07-30T05:29:51.000,4.17,35.62,8.45,44.68728,-124.156658
2021-07-30T05:44:51.000,4.09,34.94,8.45,44.68728,-124.156658
2021-07-30T05:59:51.000,4.11,35.09,8.45,44.68728,-124.156658
2021-07-30T06:14:51.000,4.03,34.43,8.42,44.68728,-124.156658
2021-07-30T06:29:51.000,3.97,33.91,8.42,44.68728,-124.156658
2021-07-30T06:44:51.000,4.02,34.31,8.42,44.68728,-124.156658
2021-07-30T06:59:51.000,4.08,34.8,8.44,44.68728,-124.156658
2021-07-30T07:14:51.000,4.07,34.73,8.45,44.68728,-124.156658
2021-07-30T07:29:51.000,4.07,34.79,8.46,44.68728,-124.156658
2021-07-30T07:44:51.000,4.08,34.87,8.46,44.68728,-124.156658
2021-07-30T07:59:51.000,4.05,34.61,8.47,44.68728,-124.156658
2021-07-30T08:14:51.000,4.05,34.62,8.5,44.68728,-124.156658
2021-07-30T08:29:51.000,4.14,35.39,8.5,44.68728,-124.156658
2021-07-30T08:44:51.000,4.13,35.34,8.52,44.68728,-124.156658
2021-07-30T08:59:51.000,4.16,35.55,8.52,44.68728,-124.156658
2021-07-30T09:14:51.000,4.16,35.57,8.54,44.68728,-124.156658
2021-07-30T09:29:51.000,4.13,35.31,8.54,44.68728,-124.156658
2021-07-30T09:44:51.000,4.18,35.81,8.54,44.68728,-124.156658
2021-07-30T09:59:51.000,4.14,35.41,8.54,44.68728,-124.156658
2021-07-30T10:14:51.000,4.19,35.85,8.55,44.68728,-124.156658
2021-07-30T10:29:51.000,4.16,35.65,8.57,44.68728,-124.156658
2021-07-30T10:44:51.000,4.33,37.09,8.61,44.68728,-124.156658
2021-07-30T10:59:51.000,4.35,37.27,8.61,44.68728,-124.156658
2021-07-30T11:14:51.000,4.35,37.31,8.6,44.68728,-124.156658
2021-07-30T11:29:51.000,4.3,36.83,8.59,44.68728,-124.156658
2021-07-30T11:44:51.000,4.25,36.42,8.59,44.68728,-124.156658
2021-07-30T11:59:51.000,4.22,36.17,8.59,44.68728,-124.156658
2021-07-30T12:14:51.000,4.27,36.6,8.59,44.68728,-124.156658
2021-07-30T12:29:51.000,4.28,36.65,8.6,44.68728,-124.156658
2021-07-30T12:44:51.000,4.35,37.3,8.61,44.68728,-124.156658
2021-07-30T12:59:51.000,4.42,37.92,8.63,44.68728,-124.156658
2021-07-30T13:14:51.000,4.35,37.29,8.64,44.68728,-124.156658
2021-07-30T13:29:51.000,4.35,37.3,8.62,44.68728,-124.156658
2021-07-30T13:44:51.000,4.3,36.87,8.62,44.68728,-124.156658
2021-07-30T13:59:51.000,4.29,36.76,8.62,44.68728,-124.156658
2021-07-30T14:14:51.000,4.31,36.98,8.62,44.68728,-124.156658
2021-07-30T14:29:51.000,4.31,36.94,8.64,44.68728,-124.156658
2021-07-30T14:44:51.000,4.33,37.18,8.65,44.68728,-124.156658
2021-07-30T14:59:51.000,4.33,37.19,8.68,44.68728,-124.156658
2021-07-30T15:14:51.000,4.3,36.92,8.69,44.68728,-124.156658
2021-07-30T15:29:51.000,4.4,37.8,8.72,44.68728,-124.156658
2021-07-30T15:44:51.000,4.41,37.96,8.78,44.68728,-124.156658
2021-07-30T15:59:51.000,4.48,38.52,8.78,44.68728,-124.156658
2021-07-30T16:14:51.000,4.49,38.67,8.81,44.68728,-124.156658
2021-07-30T16:29:51.000,4.52,38.97,8.83,44.68728,-124.156658
2021-07-30T16:44:51.000,4.53,39.03,8.85,44.68728,-124.156658
2021-07-30T16:59:51.000,4.63,39.91,8.88,44.68728,-124.156658
2021-07-30T17:14:51.000,4.58,39.53,8.87,44.68728,-124.156658
2021-07-30T17:29:51.000,4.58,39.48,8.85,44.68728,-124.156658
2021-07-30T17:44:51.000,4.52,38.99,8.85,44.68728,-124.156658
2021-07-30T17:59:51.000,4.47,38.53,8.83,44.68728,-124.156658
2021-07-30T18:14:51.000,4.49,38.64,8.83,44.68728,-124.156658
2021-07-30T18:29:51.000,4.43,38.13,8.8,44.68728,-124.156658
2021-07-30T18:44:51.000,4.49,38.68,8.83,44.68728,-124.156658
2021-07-30T18:59:51.000,4.54,39.15,8.85,44.68728,-124.156658
2021-07-30T19:14:51.000,4.73,40.79,8.9,44.68728,-124.156658
2021-07-30T19:29:51.000,4.81,41.53,8.92,44.68728,-124.156658
2021-07-30T19:44:51.000,4.76,41.15,8.93,44.68728,-124.156658
2021-07-30T19:59:51.000,4.46,38.39,8.81,44.68728,-124.156658
2021-07-30T20:14:51.000,4.37,37.59,8.81,44.68728,-124.156658
2021-07-30T20:29:51.000,4.42,38.05,8.83,44.68728,-124.156658
2021-07-30T20:44:51.000,4.49,38.7,8.84,44.68728,-124.156658
2021-07-30T20:59:51.000,4.45,38.38,8.83,44.68728,-124.156658
2021-07-30T21:14:51.000,4.39,37.86,8.83,44.68728,-124.156658
2021-07-30T21:29:51.000,4.44,38.3,8.85,44.68728,-124.156658
2021-07-30T21:44:51.000,4.42,38.07,8.86,44.68728,-124.156658
2021-07-30T21:59:51.000,4.34,37.43,8.83,44.68728,-124.156658
2021-07-30T22:14:51.000,4.35,37.42,8.81,44.68728,-124.156658
2021-07-30T22:29:51.000,4.27,36.73,8.8,44.68728,-124.156658
2021-07-30T22:44:51.000,4.22,36.29,8.78,44.68728,-124.156658
2021-07-30T22:59:51.000,4.23,36.39,8.77,44.68728,-124.156658
2021-07-30T23:14:51.000,4.24,36.5,8.78,44.68728,-124.156658
2021-07-30T23:29:51.000,4.22,36.29,8.78,44.68728,-124.156658
2021-07-30T23:44:51.000,4.31,37.15,8.81,44.68728,-124.156658
2021-07-30T23:59:51.000,4.37,37.68,8.84,44.68728,-124.156658
2021-07-31T00:14:51.000,4.43,38.18,8.85,44.68728,-124.156658
2021-07-31T00:29:51.000,4.64,40.01,8.91,44.68728,-124.156658
2021-07-31T00:44:51.000,4.7,40.59,8.97,44.68728,-124.156658
2021-07-31T00:59:51.000,4.71,40.74,9,44.68728,-124.156658
2021-07-31T01:14:51.000,4.7,40.69,9,44.68728,-124.156658
2021-07-31T01:29:51.000,4.84,41.9,9.07,44.68728,-124.156658
2021-07-31T01:44:51.000,4.89,42.4,9.07,44.68728,-124.156658
2021-07-31T01:59:51.000,4.82,41.8,9.07,44.68728,-124.156658
2021-07-31T02:14:51.000,4.9,42.49,9.1,44.68728,-124.156658
2021-07-31T02:29:51.000,4.97,43.13,9.14,44.68728,-124.156658
2021-07-31T02:44:51.000,4.97,43.14,9.14,44.68728,-124.156658
2021-07-31T02:59:51.000,4.98,43.21,9.15,44.68728,-124.156658
2021-07-31T03:14:51.000,4.97,43.15,9.16,44.68728,-124.156658
2021-07-31T03:29:51.000,4.99,43.33,9.14,44.68728,-124.156658
2021-07-31T03:44:51.000,5,43.42,9.14,44.68728,-124.156658
2021-07-31T03:59:51.000,4.92,42.66,9.14,44.68728,-124.156658
2021-07-31T04:14:51.000,5.02,43.51,9.11,44.68728,-124.156658
2021-07-31T04:29:51.000,4.89,42.38,9.1,44.68728,-124.156658
2021-07-31T04:44:51.000,4.58,39.63,9.01,44.68728,-124.156658
2021-07-31T04:59:51.000,4.29,37.05,8.92,44.68728,-124.156658
2021-07-31T05:14:51.000,4.11,35.42,8.89,44.68728,-124.156658
2021-07-31T05:29:51.000,3.93,33.85,8.83,44.68728,-124.156658
2021-07-31T05:44:51.000,3.6,30.97,8.76,44.68728,-124.156658
2021-07-31T05:59:51.000,3.56,30.62,8.74,44.68728,-124.156658
2021-07-31T06:14:51.000,3.36,28.85,8.71,44.68728,-124.156658
2021-07-31T06:29:51.000,3.32,28.56,8.71,44.68728,-124.156658
2021-07-31T06:44:51.000,3.25,27.88,8.66,44.68728,-124.156658
2021-07-31T06:59:51.000,3.21,27.55,8.65,44.68728,-124.156658
2021-07-31T07:14:51.000,3.11,26.7,8.64,44.68728,-124.156658
2021-07-31T07:29:51.000,3.21,27.55,8.64,44.68728,-124.156658
2021-07-31T07:44:51.000,3.2,27.44,8.64,44.68728,-124.156658
2021-07-31T07:59:51.000,3.26,27.95,8.66,44.68728,-124.156658
2021-07-31T08:14:51.000,3.03,25.99,8.64,44.68728,-124.156658
2021-07-31T08:29:51.000,3.16,27.12,8.64,44.68728,-124.156658
2021-07-31T08:44:51.000,3.2,27.46,8.65,44.68728,-124.156658
2021-07-31T08:59:51.000,3.21,27.57,8.66,44.68728,-124.156658
2021-07-31T09:14:51.000,3.14,26.92,8.68,44.68728,-124.156658
2021-07-31T09:29:51.000,3.14,27.01,8.71,44.68728,-124.156658
2021-07-31T09:44:51.000,3.38,29.05,8.73,44.68728,-124.156658
2021-07-31T09:59:51.000,3.39,29.16,8.73,44.68728,-124.156658
2021-07-31T10:14:51.000,3.33,28.63,8.73,44.68728,-124.156658
2021-07-31T10:29:51.000,3.34,28.75,8.74,44.68728,-124.156658
2021-07-31T10:44:51.000,3.28,28.16,8.73,44.68728,-124.156658
2021-07-31T10:59:51.000,3.31,28.47,8.74,44.68728,-124.156658
2021-07-31T11:14:51.000,3.36,28.91,8.75,44.68728,-124.156658
2021-07-31T11:29:51.000,3.29,28.31,8.75,44.68728,-124.156658
2021-07-31T11:44:51.000,3.26,28.07,8.75,44.68728,-124.156658
2021-07-31T11:59:51.000,3.26,28.06,8.74,44.68728,-124.156658
2021-07-31T12:14:51.000,3.24,27.84,8.75,44.68728,-124.156658
2021-07-31T12:29:51.000,3.29,28.33,8.75,44.68728,-124.156658
2021-07-31T12:44:51.000,3.3,28.34,8.75,44.68728,-124.156658
2021-07-31T12:59:51.000,3.37,28.96,8.75,44.68728,-124.156658
2021-07-31T13:14:51.000,3.25,27.95,8.75,44.68728,-124.156658
2021-07-31T13:29:51.000,3.28,28.22,8.75,44.68728,-124.156658
2021-07-31T13:44:51.000,3.25,27.92,8.75,44.68728,-124.156658
2021-07-31T13:59:51.000,3.26,28.02,8.75,44.68728,-124.156658
2021-07-31T14:14:51.000,3.36,28.93,8.78,44.68728,-124.156658
2021-07-31T14:29:51.000,3.14,27.02,8.76,44.68728,-124.156658
2021-07-31T14:44:51.000,3.25,27.92,8.76,44.68728,-124.156658
2021-07-31T14:59:51.000,3.3,28.43,8.78,44.68728,-124.156658
2021-07-31T15:14:51.000,3.35,28.8,8.78,44.68728,-124.156658
2021-07-31T15:29:51.000,3.31,28.47,8.79,44.68728,-124.156658
2021-07-31T15:44:51.000,3.21,27.59,8.78,44.68728,-124.156658
2021-07-31T15:59:51.000,3.33,28.65,8.78,44.68728,-124.156658
2021-07-31T16:14:51.000,3.28,28.23,8.78,44.68728,-124.156658
2021-07-31T16:29:51.000,3.23,27.76,8.76,44.68728,-124.156658
2021-07-31T16:44:51.000,3.17,27.26,8.76,44.68728,-124.156658
2021-07-31T16:59:51.000,3.11,26.77,8.73,44.68728,-124.156658
2021-07-31T17:14:51.000,3.08,26.48,8.73,44.68728,-124.156658
2021-07-31T17:29:51.000,3.08,26.48,8.73,44.68728,-124.156658
2021-07-31T17:44:51.000,3.06,26.32,8.73,44.68728,-124.156658
2021-07-31T17:59:51.000,3,25.78,8.73,44.68728,-124.156658
2021-07-31T18:14:51.000,3.01,25.84,8.73,44.68728,-124.156658
2021-07-31T18:29:51.000,2.96,25.48,8.73,44.68728,-124.156658
2021-07-31T18:44:51.000,3.03,26.05,8.73,44.68728,-124.156658
2021-07-31T18:59:51.000,3.04,26.11,8.73,44.68728,-124.156658
2021-07-31T19:14:51.000,3,25.8,8.74,44.68728,-124.156658
2021-07-31T19:29:51.000,2.98,25.62,8.75,44.68728,-124.156658
2021-07-31T19:44:51.000,3.01,25.9,8.76,44.68728,-124.156658
2021-07-31T19:59:51.000,2.95,25.41,8.76,44.68728,-124.156658
2021-07-31T20:14:51.000,3.02,26.01,8.76,44.68728,-124.156658
2021-07-31T20:29:51.000,2.98,25.64,8.75,44.68728,-124.156658
2021-07-31T20:44:51.000,2.99,25.7,8.76,44.68728,-124.156658
2021-07-31T20:59:51.000,2.93,25.16,8.76,44.68728,-124.156658
2021-07-31T21:14:51.000,2.97,25.52,8.76,44.68728,-124.156658
2021-07-31T21:29:51.000,2.96,25.44,8.76,44.68728,-124.156658
2021-07-31T21:44:51.000,3.03,26.11,8.78,44.68728,-124.156658
2021-07-31T21:59:51.000,3.05,26.26,8.8,44.68728,-124.156658
2021-07-31T22:14:51.000,3.49,30.16,9,44.68728,-124.156658
2021-07-31T22:29:51.000,3.53,30.54,9.02,44.68728,-124.156658
2021-07-31T22:44:51.000,3.6,31.15,9.04,44.68728,-124.156658
2021-07-31T22:59:51.000,3.52,30.45,9.04,44.68728,-124.156658
2021-07-31T23:14:51.000,3.76,32.63,9.11,44.68728,-124.156658
2021-07-31T23:29:51.000,3.61,31.32,9.07,44.68728,-124.156658
2021-07-31T23:44:51.000,3.65,31.58,9.07,44.68728,-124.156658
2021-07-31T23:59:51.000,3.59,31.09,9.09,44.68728,-124.156658
2021-08-01T00:14:51.000,3.15,27.23,8.95,44.68728,-124.156658
2021-08-01T00:29:51.000,3.41,29.45,8.98,44.68728,-124.156658
2021-08-01T00:44:51.000,3.26,28.17,8.92,44.68728,-124.156658
2021-08-01T00:59:51.000,3.34,28.86,8.95,44.68728,-124.156658
2021-08-01T01:14:51.000,3.27,28.21,8.92,44.68728,-124.156658
2021-08-01T01:29:51.000,3.19,27.54,8.91,44.68728,-124.156658
2021-08-01T01:44:51.000,3.18,27.49,8.92,44.68728,-124.156658
2021-08-01T01:59:51.000,3.18,27.42,8.92,44.68728,-124.156658
2021-08-01T02:14:51.000,3.19,27.5,8.92,44.68728,-124.156658
2021-08-01T02:29:51.000,3.13,27.07,8.92,44.68728,-124.156658
2021-08-01T02:44:51.000,2.99,25.77,8.85,44.68728,-124.156658
2021-08-01T02:59:51.000,2.88,24.76,8.8,44.68728,-124.156658
2021-08-01T03:14:51.000,2.93,25.27,8.81,44.68728,-124.156658
2021-08-01T03:29:51.000,2.88,24.78,8.78,44.68728,-124.156658
2021-08-01T03:44:51.000,2.78,23.88,8.76,44.68728,-124.156658
2021-08-01T03:59:51.000,2.76,23.74,8.75,44.68728,-124.156658
2021-08-01T04:14:51.000,2.77,23.79,8.74,44.68728,-124.156658
2021-08-01T04:29:51.000,2.73,23.47,8.73,44.68728,-124.156658
2021-08-01T04:44:51.000,2.67,22.96,8.73,44.68728,-124.156658
2021-08-01T04:59:51.000,2.67,22.97,8.73,44.68728,-124.156658
2021-08-01T05:14:51.000,2.67,22.96,8.73,44.68728,-124.156658
2021-08-01T05:29:51.000,2.64,22.71,8.73,44.68728,-124.156658
2021-08-01T05:44:51.000,2.72,23.42,8.73,44.68728,-124.156658
2021-08-01T05:59:51.000,2.63,22.63,8.73,44.68728,-124.156658
2021-08-01T06:14:51.000,2.66,22.89,8.73,44.68728,-124.156658
2021-08-01T06:29:51.000,2.62,22.53,8.73,44.68728,-124.156658
2021-08-01T06:44:51.000,2.67,22.93,8.72,44.68728,-124.156658
2021-08-01T06:59:51.000,2.58,22.18,8.71,44.68728,-124.156658
2021-08-01T07:14:51.000,2.65,22.73,8.71,44.68728,-124.156658
2021-08-01T07:29:51.000,2.59,22.26,8.71,44.68728,-124.156658
2021-08-01T07:44:51.000,2.61,22.46,8.71,44.68728,-124.156658
2021-08-01T07:59:51.000,2.6,22.29,8.71,44.68728,-124.156658
2021-08-01T08:14:51.000,2.6,22.36,8.71,44.68728,-124.156658
2021-08-01T08:29:51.000,2.55,21.92,8.71,44.68728,-124.156658
2021-08-01T08:44:51.000,2.55,21.92,8.71,44.68728,-124.156658
2021-08-01T08:59:51.000,2.55,21.88,8.71,44.68728,-124.156658
2021-08-01T09:14:51.000,2.53,21.7,8.71,44.68728,-124.156658
2021-08-01T09:29:51.000,2.56,21.95,8.71,44.68728,-124.156658
2021-08-01T09:44:51.000,2.5,21.5,8.71,44.68728,-124.156658
2021-08-01T09:59:51.000,2.49,21.42,8.71,44.68728,-124.156658
2021-08-01T10:14:51.000,2.52,21.62,8.71,44.68728,-124.156658
2021-08-01T10:29:51.000,2.48,21.33,8.71,44.68728,-124.156658
2021-08-01T10:44:51.000,2.45,21.05,8.71,44.68728,-124.156658
2021-08-01T10:59:51.000,2.46,21.13,8.71,44.68728,-124.156658
2021-08-01T11:14:51.000,2.51,21.6,8.72,44.68728,-124.156658
2021-08-01T11:29:51.000,2.53,21.75,8.73,44.68728,-124.156658
2021-08-01T11:44:51.000,2.53,21.76,8.74,44.68728,-124.156658
2021-08-01T11:59:51.000,2.59,22.28,8.76,44.68728,-124.156658
2021-08-01T12:14:51.000,2.68,23.1,8.8,44.68728,-124.156658
2021-08-01T12:29:51.000,2.72,23.38,8.8,44.68728,-124.156658
2021-08-01T12:44:51.000,2.69,23.13,8.81,44.68728,-124.156658
2021-08-01T12:59:51.000,2.74,23.65,8.83,44.68728,-124.156658
2021-08-01T13:14:51.000,2.72,23.48,8.85,44.68728,-124.156658
2021-08-01T13:29:51.000,2.73,23.52,8.86,44.68728,-124.156658
2021-08-01T13:44:51.000,2.77,23.87,8.88,44.68728,-124.156658
2021-08-01T13:59:51.000,2.82,24.34,8.89,44.68728,-124.156658
2021-08-01T14:14:51.000,2.8,24.15,8.9,44.68728,-124.156658
2021-08-01T14:29:51.000,2.82,24.35,8.92,44.68728,-124.156658
2021-08-01T14:44:51.000,2.81,24.25,8.94,44.68728,-124.156658
2021-08-01T14:59:51.000,2.85,24.63,8.95,44.68728,-124.156658
2021-08-01T15:14:51.000,2.81,24.29,8.97,44.68728,-124.156658
2021-08-01T15:29:51.000,2.93,25.29,8.97,44.68728,-124.156658
2021-08-01T15:44:51.000,2.96,25.62,8.97,44.68728,-124.156658
2021-08-01T15:59:51.000,2.92,25.22,8.97,44.68728,-124.156658
2021-08-01T16:14:51.000,2.88,24.92,8.97,44.68728,-124.156658
2021-08-01T16:29:51.000,2.89,24.94,8.98,44.68728,-124.156658
2021-08-01T16:44:51.000,2.91,25.13,8.99,44.68728,-124.156658
2021-08-01T16:59:51.000,2.91,25.17,9,44.68728,-124.156658
2021-08-01T17:14:51.000,2.92,25.27,9.02,44.68728,-124.156658
2021-08-01T17:29:51.000,3.05,26.42,9.04,44.68728,-124.156658
2021-08-01T17:44:51.000,3.07,26.6,9.04,44.68728,-124.156658
2021-08-01T17:59:51.000,3.05,26.45,9.07,44.68728,-124.156658
2021-08-01T18:14:51.000,3.01,26.12,9.07,44.68728,-124.156658
2021-08-01T18:29:51.000,3.11,26.93,9.07,44.68728,-124.156658
2021-08-01T18:44:51.000,3.09,26.77,9.07,44.68728,-124.156658
2021-08-01T18:59:51.000,3.02,26.18,9.07,44.68728,-124.156658
2021-08-01T19:14:51.000,3.01,26.05,9.05,44.68728,-124.156658
2021-08-01T19:29:51.000,2.87,24.79,9,44.68728,-124.156658
2021-08-01T19:44:51.000,2.79,24.07,8.95,44.68728,-124.156658
2021-08-01T19:59:51.000,2.69,23.26,8.92,44.68728,-124.156658
2021-08-01T20:14:51.000,2.61,22.51,8.9,44.68728,-124.156658
2021-08-01T20:29:51.000,2.51,21.65,8.84,44.68728,-124.156658
2021-08-01T20:44:51.000,2.54,21.84,8.81,44.68728,-124.156658
2021-08-01T20:59:51.000,2.39,20.57,8.74,44.68728,-124.156658
2021-08-01T21:14:51.000,2.33,20,8.69,44.68728,-124.156658
2021-08-01T21:29:51.000,2.26,19.39,8.64,44.68728,-124.156658
2021-08-01T21:44:51.000,2.17,18.61,8.61,44.68728,-124.156658
2021-08-01T21:59:51.000,2.05,17.56,8.56,44.68728,-124.156658
2021-08-01T22:14:51.000,2.06,17.62,8.54,44.68728,-124.156658
2021-08-01T22:29:51.000,2.02,17.28,8.54,44.68728,-124.156658
2021-08-01T22:44:51.000,2.03,17.36,8.54,44.68728,-124.156658
2021-08-01T22:59:51.000,2.04,17.47,8.53,44.68728,-124.156658
2021-08-01T23:14:51.000,2.01,17.16,8.52,44.68728,-124.156658
2021-08-01T23:29:51.000,2.04,17.47,8.54,44.68728,-124.156658
2021-08-01T23:44:51.000,2.1,17.96,8.54,44.68728,-124.156658
2021-08-01T23:59:51.000,2.14,18.36,8.56,44.68728,-124.156658
2021-08-02T00:14:51.000,2.08,17.79,8.57,44.68728,-124.156658
2021-08-02T00:29:51.000,2.1,17.98,8.57,44.68728,-124.156658
2021-08-02T00:44:51.000,2.14,18.3,8.59,44.68728,-124.156658
2021-08-02T00:59:51.000,2.2,18.82,8.61,44.68728,-124.156658
2021-08-02T01:14:51.000,2.28,19.55,8.64,44.68728,-124.156658
2021-08-02T01:29:51.000,2.21,18.98,8.64,44.68728,-124.156658
2021-08-02T01:44:51.000,2.23,19.11,8.64,44.68728,-124.156658
2021-08-02T01:59:51.000,2.21,18.92,8.64,44.68728,-124.156658
2021-08-02T02:14:51.000,2.18,18.72,8.64,44.68728,-124.156658
2021-08-02T02:29:51.000,2.26,19.37,8.66,44.68728,-124.156658
2021-08-02T02:44:51.000,2.12,18.21,8.66,44.68728,-124.156658
2021-08-02T02:59:51.000,2.13,18.26,8.66,44.68728,-124.156658
2021-08-02T03:14:51.000,2.1,18.01,8.64,44.68728,-124.156658
2021-08-02T03:29:51.000,2.16,18.55,8.62,44.68728,-124.156658
2021-08-02T03:44:51.000,2.08,17.8,8.62,44.68728,-124.156658
2021-08-02T03:59:51.000,2.18,18.67,8.62,44.68728,-124.156658
2021-08-02T04:14:51.000,2.17,18.64,8.62,44.68728,-124.156658
2021-08-02T04:29:51.000,2.14,18.36,8.63,44.68728,-124.156658
2021-08-02T04:44:51.000,2.16,18.54,8.64,44.68728,-124.156658
2021-08-02T04:59:51.000,2.21,18.95,8.64,44.68728,-124.156658
2021-08-02T05:14:51.000,2.23,19.1,8.64,44.68728,-124.156658
2021-08-02T05:29:51.000,2.27,19.46,8.66,44.68728,-124.156658
2021-08-02T05:44:51.000,2.21,18.97,8.66,44.68728,-124.156658
2021-08-02T05:59:51.000,2.27,19.48,8.69,44.68728,-124.156658
2021-08-02T06:14:51.000,2.14,18.37,8.71,44.68728,-124.156658
2021-08-02T06:29:51.000,2.35,20.18,8.71,44.68728,-124.156658
2021-08-02T06:44:51.000,2.34,20.11,8.71,44.68728,-124.156658
2021-08-02T06:59:51.000,2.36,20.3,8.71,44.68728,-124.156658
2021-08-02T07:14:51.000,2.39,20.5,8.73,44.68728,-124.156658
2021-08-02T07:29:51.000,2.38,20.47,8.73,44.68728,-124.156658
2021-08-02T07:44:51.000,2.35,20.19,8.76,44.68728,-124.156658
2021-08-02T07:59:51.000,2.41,20.77,8.78,44.68728,-124.156658
2021-08-02T08:14:51.000,2.45,21.09,8.8,44.68728,-124.156658
2021-08-02T08:29:51.000,2.51,21.61,8.81,44.68728,-124.156658
2021-08-02T08:44:51.000,2.47,21.28,8.83,44.68728,-124.156658
2021-08-02T08:59:51.000,2.47,21.3,8.83,44.68728,-124.156658
2021-08-02T09:14:51.000,2.46,21.2,8.85,44.68728,-124.156658
2021-08-02T09:29:51.000,2.4,20.73,8.85,44.68728,-124.156658
2021-08-02T09:44:51.000,2.35,20.22,8.85,44.68728,-124.156658
2021-08-02T09:59:51.000,2.42,20.87,8.85,44.68728,-124.156658
2021-08-02T10:14:51.000,2.43,20.97,8.86,44.68728,-124.156658
2021-08-02T10:29:51.000,2.48,21.37,8.87,44.68728,-124.156658
2021-08-02T10:44:51.000,2.47,21.31,8.87,44.68728,-124.156658
2021-08-02T10:59:51.000,2.41,20.82,8.88,44.68728,-124.156658
2021-08-02T11:14:51.000,2.47,21.35,8.88,44.68728,-124.156658
2021-08-02T11:29:51.000,2.49,21.46,8.89,44.68728,-124.156658
2021-08-02T11:44:51.000,2.45,21.15,8.9,44.68728,-124.156658
2021-08-02T11:59:51.000,2.42,20.93,8.9,44.68728,-124.156658
2021-08-02T12:14:51.000,2.42,20.9,8.9,44.68728,-124.156658
2021-08-02T12:29:51.000,2.49,21.48,8.9,44.68728,-124.156658
2021-08-02T12:44:51.000,2.36,20.35,8.9,44.68728,-124.156658
2021-08-02T12:59:51.000,2.5,21.61,8.9,44.68728,-124.156658
2021-08-02T13:14:51.000,2.45,21.18,8.9,44.68728,-124.156658
2021-08-02T13:29:51.000,2.36,20.38,8.9,44.68728,-124.156658
2021-08-02T13:44:51.000,2.43,20.99,8.9,44.68728,-124.156658
2021-08-02T13:59:51.000,2.46,21.24,8.9,44.68728,-124.156658
2021-08-02T14:14:51.000,2.36,20.33,8.9,44.68728,-124.156658
2021-08-02T14:29:51.000,2.41,20.78,8.9,44.68728,-124.156658
2021-08-02T14:44:51.000,2.44,21.09,8.92,44.68728,-124.156658
2021-08-02T14:59:51.000,2.47,21.31,8.93,44.68728,-124.156658
2021-08-02T15:14:51.000,2.43,21,8.95,44.68728,-124.156658
2021-08-02T15:29:51.000,2.54,21.98,8.97,44.68728,-124.156658
2021-08-02T15:44:51.000,2.56,22.16,8.98,44.68728,-124.156658
2021-08-02T15:59:51.000,2.37,20.53,8.99,44.68728,-124.156658
2021-08-02T16:14:51.000,2.55,22.05,9,44.68728,-124.156658
2021-08-02T16:29:51.000,2.63,22.79,9.02,44.68728,-124.156658
2021-08-02T16:44:51.000,2.72,23.55,9.07,44.68728,-124.156658
2021-08-02T16:59:51.000,2.76,23.91,9.11,44.68728,-124.156658
2021-08-02T17:14:51.000,2.76,23.95,9.16,44.68728,-124.156658
2021-08-02T17:29:51.000,2.81,24.46,9.2,44.68728,-124.156658
2021-08-02T17:44:51.000,2.78,24.21,9.24,44.68728,-124.156658
2021-08-02T17:59:51.000,2.91,25.35,9.28,44.68728,-124.156658
2021-08-02T18:14:51.000,2.96,25.8,9.32,44.68728,-124.156658
2021-08-02T18:29:51.000,2.94,25.69,9.35,44.68728,-124.156658
2021-08-02T18:44:51.000,2.96,25.87,9.39,44.68728,-124.156658
2021-08-02T18:59:51.000,3.02,26.43,9.42,44.68728,-124.156658
2021-08-02T19:14:51.000,3.08,26.89,9.44,44.68728,-124.156658
2021-08-02T19:29:51.000,3.12,27.31,9.47,44.68728,-124.156658
2021-08-02T19:44:51.000,3.1,27.17,9.49,44.68728,-124.156658
2021-08-02T19:59:51.000,3.29,28.8,9.48,44.68728,-124.156658
2021-08-02T20:14:51.000,3.16,27.71,9.51,44.68728,-124.156658
2021-08-02T20:29:51.000,3.26,28.65,9.61,44.68728,-124.156658
2021-08-02T20:44:51.000,3.36,29.62,9.82,44.68728,-124.156658
2021-08-02T20:59:51.000,3.64,32.25,10.01,44.68728,-124.156658
2021-08-02T21:14:51.000,3.66,32.58,10.22,44.68728,-124.156658
2021-08-02T21:29:51.000,3.71,33.16,10.36,44.68728,-124.156658
2021-08-02T21:44:51.000,3.81,34.19,10.54,44.68728,-124.156658
2021-08-02T21:59:51.000,3.96,35.62,10.59,44.68728,-124.156658
2021-08-02T22:14:51.000,3.98,35.82,10.64,44.68728,-124.156658
2021-08-02T22:29:51.000,3.83,34.5,10.67,44.68728,-124.156658
2021-08-02T22:44:51.000,3.67,32.85,10.42,44.68728,-124.156658
2021-08-02T22:59:51.000,3.53,31.4,10.2,44.68728,-124.156658
2021-08-02T23:14:51.000,3.36,29.8,10.11,44.68728,-124.156658
2021-08-02T23:29:51.000,3.32,29.45,10.07,44.68728,-124.156658
2021-08-02T23:44:51.000,3.42,30.33,10.06,44.68728,-124.156658
2021-08-02T23:59:51.000,3.26,28.93,10.04,44.68728,-124.156658
2021-08-03T00:14:51.000,3.31,29.37,10.03,44.68728,-124.156658
2021-08-03T00:29:51.000,3.33,29.54,10.01,44.68728,-124.156658
2021-08-03T00:44:51.000,3.34,29.54,9.94,44.68728,-124.156658
2021-08-03T00:59:51.000,3.25,28.78,9.93,44.68728,-124.156658
2021-08-03T01:14:51.000,3.21,28.34,9.89,44.68728,-124.156658
2021-08-03T01:29:51.000,3.24,28.63,9.87,44.68728,-124.156658
2021-08-03T01:44:51.000,3.23,28.48,9.82,44.68728,-124.156658
2021-08-03T01:59:51.000,3.15,27.8,9.8,44.68728,-124.156658
2021-08-03T02:14:51.000,3.15,27.75,9.8,44.68728,-124.156658
2021-08-03T02:29:51.000,3.19,28.14,9.77,44.68728,-124.156658
2021-08-03T02:44:51.000,3.15,27.74,9.73,44.68728,-124.156658
2021-08-03T02:59:51.000,3.01,26.4,9.63,44.68728,-124.156658
2021-08-03T03:14:51.000,2.99,26.24,9.61,44.68728,-124.156658
2021-08-03T03:29:51.000,2.88,25.24,9.57,44.68728,-124.156658
2021-08-03T03:44:51.000,2.81,24.64,9.51,44.68728,-124.156658
2021-08-03T03:59:51.000,2.77,24.28,9.49,44.68728,-124.156658
2021-08-03T04:14:51.000,2.8,24.52,9.49,44.68728,-124.156658
2021-08-03T04:29:51.000,2.8,24.5,9.47,44.68728,-124.156658
2021-08-03T04:44:51.000,2.79,24.38,9.47,44.68728,-124.156658
2021-08-03T04:59:51.000,2.82,24.68,9.47,44.68728,-124.156658
2021-08-03T05:14:51.000,2.8,24.49,9.47,44.68728,-124.156658
2021-08-03T05:29:51.000,2.75,24.1,9.47,44.68728,-124.156658
2021-08-03T05:44:51.000,2.73,23.87,9.44,44.68728,-124.156658
2021-08-03T05:59:51.000,2.73,23.87,9.44,44.68728,-124.156658
2021-08-03T06:14:51.000,2.69,23.55,9.43,44.68728,-124.156658
2021-08-03T06:29:51.000,2.66,23.27,9.43,44.68728,-124.156658
2021-08-03T06:44:51.000,2.64,23.1,9.43,44.68728,-124.156658
2021-08-03T06:59:51.000,2.63,22.96,9.42,44.68728,-124.156658
2021-08-03T07:14:51.000,2.58,22.56,9.42,44.68728,-124.156658
2021-08-03T07:29:51.000,2.6,22.72,9.39,44.68728,-124.156658
2021-08-03T07:44:51.000,2.59,22.63,9.37,44.68728,-124.156658
2021-08-03T07:59:51.000,2.54,22.2,9.37,44.68728,-124.156658
2021-08-03T08:14:51.000,2.49,21.73,9.36,44.68728,-124.156658
2021-08-03T08:29:51.000,2.51,21.86,9.35,44.68728,-124.156658
2021-08-03T08:44:51.000,2.47,21.57,9.35,44.68728,-124.156658
2021-08-03T08:59:51.000,2.56,22.32,9.35,44.68728,-124.156658
2021-08-03T09:14:51.000,2.5,21.8,9.34,44.68728,-124.156658
2021-08-03T09:29:51.000,2.57,22.45,9.33,44.68728,-124.156658
2021-08-03T09:44:51.000,2.56,22.28,9.33,44.68728,-124.156658
2021-08-03T09:59:51.000,2.55,22.23,9.33,44.68728,-124.156658
2021-08-03T10:14:51.000,2.52,22,9.33,44.68728,-124.156658
2021-08-03T10:29:51.000,2.54,22.09,9.31,44.68728,-124.156658
2021-08-03T10:44:51.000,2.58,22.45,9.3,44.68728,-124.156658
2021-08-03T10:59:51.000,2.49,21.72,9.3,44.68728,-124.156658
2021-08-03T11:14:51.000,2.47,21.54,9.29,44.68728,-124.156658
2021-08-03T11:29:51.000,2.49,21.68,9.28,44.68728,-124.156658
2021-08-03T11:44:51.000,2.57,22.35,9.28,44.68728,-124.156658
2021-08-03T11:59:51.000,2.54,22.14,9.27,44.68728,-124.156658
2021-08-03T12:14:51.000,2.48,21.61,9.26,44.68728,-124.156658
2021-08-03T12:29:51.000,2.56,22.3,9.26,44.68728,-124.156658
2021-08-03T12:44:51.000,2.44,21.21,9.25,44.68728,-124.156658
2021-08-03T12:59:51.000,2.58,22.47,9.24,44.68728,-124.156658
2021-08-03T13:14:51.000,2.53,22.03,9.24,44.68728,-124.156658
2021-08-03T13:29:51.000,2.53,22,9.23,44.68728,-124.156658
2021-08-03T13:44:51.000,2.51,21.84,9.23,44.68728,-124.156658
2021-08-03T13:59:51.000,2.43,21.15,9.23,44.68728,-124.156658
2021-08-03T14:14:51.000,2.59,22.53,9.23,44.68728,-124.156658
2021-08-03T14:29:51.000,1.31,11.41,9.23,44.68728,-124.156658
2021-08-03T14:44:51.000,1.47,12.82,9.23,44.68728,-124.156658
2021-08-03T14:59:51.000,1.42,12.33,9.23,44.68728,-124.156658
2021-08-03T15:14:51.000,1.48,12.84,9.23,44.68728,-124.156658
2021-08-03T15:29:51.000,2.16,18.8,9.23,44.68728,-124.156658
2021-08-03T15:44:51.000,1.28,11.16,9.21,44.68728,-124.156658
2021-08-03T15:59:51.000,1,8.68,9.2,44.68728,-124.156658
2021-08-03T16:14:51.000,1.26,10.96,9.19,44.68728,-124.156658
2021-08-03T16:29:51.000,1.54,13.38,9.18,44.68728,-124.156658
2021-08-03T16:44:51.000,1.35,11.74,9.18,44.68728,-124.156658
2021-08-03T16:59:51.000,1.74,15.11,9.18,44.68728,-124.156658
2021-08-03T17:14:51.000,2.67,23.21,9.18,44.68728,-124.156658
2021-08-03T17:29:51.000,2.11,18.36,9.18,44.68728,-124.156658
2021-08-03T17:44:51.000,2.51,21.82,9.18,44.68728,-124.156658
2021-08-03T17:59:51.000,2.59,22.53,9.18,44.68728,-124.156658
2021-08-03T18:14:51.000,2.57,22.34,9.19,44.68728,-124.156658
2021-08-03T18:29:51.000,2.52,21.88,9.2,44.68728,-124.156658
2021-08-03T18:44:51.000,2.51,21.78,9.21,44.68728,-124.156658
2021-08-03T18:59:51.000,2.45,21.3,9.21,44.68728,-124.156658
2021-08-03T19:14:51.000,2.5,21.69,9.21,44.68728,-124.156658
2021-08-03T19:29:51.000,2.49,21.6,9.2,44.68728,-124.156658
2021-08-03T19:44:51.000,2.45,21.31,9.19,44.68728,-124.156658
2021-08-03T19:59:51.000,2.43,21.09,9.18,44.68728,-124.156658
2021-08-03T20:14:51.000,2.51,21.8,9.21,44.68728,-124.156658
2021-08-03T20:29:51.000,2.34,20.33,9.17,44.68728,-124.156658
2021-08-03T20:44:51.000,2.41,20.92,9.14,44.68728,-124.156658
2021-08-03T20:59:51.000,2.37,20.6,9.13,44.68728,-124.156658
2021-08-03T21:14:51.000,2.32,20.1,9.09,44.68728,-124.156658
2021-08-03T21:29:51.000,2.27,19.63,9.07,44.68728,-124.156658
2021-08-03T21:44:51.000,2.24,19.41,9.07,44.68728,-124.156658
2021-08-03T21:59:51.000,2.22,19.2,9.04,44.68728,-124.156658
2021-08-03T22:14:51.000,2.25,19.45,9.04,44.68728,-124.156658
2021-08-03T22:29:51.000,2.29,19.85,9.04,44.68728,-124.156658
2021-08-03T22:44:51.000,2.26,19.55,9.02,44.68728,-124.156658
2021-08-03T22:59:51.000,2.26,19.58,9.01,44.68728,-124.156658
2021-08-03T23:14:51.000,2.2,19.05,8.99,44.68728,-124.156658
2021-08-03T23:29:51.000,2.24,19.35,9.02,44.68728,-124.156658
2021-08-03T23:44:51.000,2.29,19.82,9.04,44.68728,-124.156658
2021-08-03T23:59:51.000,2.28,19.75,9.04,44.68728,-124.156658
2021-08-04T00:14:51.000,2.29,19.81,9.07,44.68728,-124.156658
2021-08-04T00:29:51.000,2.3,19.97,9.09,44.68728,-124.156658
2021-08-04T00:44:51.000,2.3,19.95,9.11,44.68728,-124.156658
2021-08-04T00:59:51.000,2.25,19.53,9.15,44.68728,-124.156658
2021-08-04T01:14:51.000,2.32,20.13,9.2,44.68728,-124.156658
2021-08-04T01:29:51.000,2.37,20.62,9.21,44.68728,-124.156658
2021-08-04T01:44:51.000,2.36,20.54,9.2,44.68728,-124.156658
2021-08-04T01:59:51.000,2.41,20.94,9.21,44.68728,-124.156658
2021-08-04T02:14:51.000,2.47,21.46,9.23,44.68728,-124.156658
2021-08-04T02:29:51.000,2.43,21.13,9.26,44.68728,-124.156658
2021-08-04T02:44:51.000,2.36,20.58,9.28,44.68728,-124.156658
2021-08-04T02:59:51.000,2.39,20.77,9.28,44.68728,-124.156658
2021-08-04T03:14:51.000,2.42,21.1,9.3,44.68728,-124.156658
2021-08-04T03:29:51.000,2.37,20.66,9.31,44.68728,-124.156658
2021-08-04T03:44:51.000,2.42,21.1,9.33,44.68728,-124.156658
2021-08-04T03:59:51.000,2.36,20.63,9.35,44.68728,-124.156658
2021-08-04T04:14:51.000,2.4,20.97,9.35,44.68728,-124.156658
2021-08-04T04:29:51.000,2.45,21.33,9.35,44.68728,-124.156658
2021-08-04T04:44:51.000,2.46,21.5,9.37,44.68728,-124.156658
2021-08-04T04:59:51.000,2.49,21.71,9.37,44.68728,-124.156658
2021-08-04T05:14:51.000,2.53,22.11,9.37,44.68728,-124.156658
2021-08-04T05:29:51.000,2.51,21.91,9.38,44.68728,-124.156658
2021-08-04T05:44:51.000,2.49,21.72,9.4,44.68728,-124.156658
2021-08-04T05:59:51.000,2.43,21.22,9.4,44.68728,-124.156658
2021-08-04T06:14:51.000,2.47,21.56,9.4,44.68728,-124.156658
2021-08-04T06:29:51.000,2.47,21.58,9.4,44.68728,-124.156658
2021-08-04T06:44:51.000,2.53,22.13,9.41,44.68728,-124.156658
2021-08-04T06:59:51.000,2.5,21.81,9.42,44.68728,-124.156658
2021-08-04T07:14:51.000,2.61,22.81,9.44,44.68728,-124.156658
2021-08-04T07:29:51.000,2.53,22.16,9.44,44.68728,-124.156658
2021-08-04T07:44:51.000,2.51,21.89,9.42,44.68728,-124.156658
2021-08-04T07:59:51.000,2.47,21.58,9.42,44.68728,-124.156658
2021-08-04T08:14:51.000,2.52,22.03,9.42,44.68728,-124.156658
2021-08-04T08:29:51.000,2.49,21.72,9.42,44.68728,-124.156658
2021-08-04T08:44:51.000,2.46,21.48,9.42,44.68728,-124.156658
2021-08-04T08:59:51.000,2.48,21.71,9.42,44.68728,-124.156658
2021-08-04T09:14:51.000,2.48,21.71,9.42,44.68728,-124.156658
2021-08-04T09:29:51.000,2.48,21.68,9.42,44.68728,-124.156658
2021-08-04T09:44:51.000,2.53,22.15,9.42,44.68728,-124.156658
2021-08-04T09:59:51.000,2.51,21.94,9.42,44.68728,-124.156658
2021-08-04T10:14:51.000,2.51,21.9,9.42,44.68728,-124.156658
2021-08-04T10:29:51.000,2.44,21.33,9.44,44.68728,-124.156658
2021-08-04T10:44:51.000,2.5,21.84,9.44,44.68728,-124.156658
2021-08-04T10:59:51.000,2.62,22.92,9.47,44.68728,-124.156658
2021-08-04T11:14:51.000,2.65,23.18,9.47,44.68728,-124.156658
2021-08-04T11:29:51.000,2.54,22.21,9.49,44.68728,-124.156658
2021-08-04T11:44:51.000,2.65,23.22,9.49,44.68728,-124.156658
2021-08-04T11:59:51.000,2.58,22.55,9.49,44.68728,-124.156658
2021-08-04T12:14:51.000,2.6,22.77,9.52,44.68728,-124.156658
2021-08-04T12:29:51.000,2.35,20.59,9.52,44.68728,-124.156658
2021-08-04T12:44:51.000,2.55,22.4,9.56,44.68728,-124.156658
2021-08-04T12:59:51.000,2.54,22.23,9.54,44.68728,-124.156658
2021-08-04T13:14:51.000,2.59,22.67,9.54,44.68728,-124.156658
2021-08-04T13:29:51.000,2.56,22.41,9.54,44.68728,-124.156658
2021-08-04T13:44:51.000,2.63,23.09,9.54,44.68728,-124.156658
2021-08-04T13:59:51.000,2.16,18.92,9.54,44.68728,-124.156658
2021-08-04T14:14:51.000,2.62,22.97,9.54,44.68728,-124.156658
2021-08-04T14:29:51.000,2.58,22.61,9.54,44.68728,-124.156658
2021-08-04T14:44:51.000,2.42,21.24,9.53,44.68728,-124.156658
2021-08-04T14:59:51.000,2.55,22.38,9.53,44.68728,-124.156658
2021-08-04T15:14:51.000,2.56,22.42,9.56,44.68728,-124.156658
2021-08-04T15:29:51.000,2.66,23.34,9.54,44.68728,-124.156658
2021-08-04T15:44:51.000,2.64,23.1,9.56,44.68728,-124.156658
2021-08-04T15:59:51.000,2.56,22.42,9.56,44.68728,-124.156658
2021-08-04T16:14:51.000,2.62,22.93,9.54,44.68728,-124.156658
2021-08-04T16:29:51.000,2.42,21.21,9.52,44.68728,-124.156658
2021-08-04T16:44:51.000,2.14,18.73,9.49,44.68728,-124.156658
2021-08-04T16:59:51.000,2.19,19.13,9.45,44.68728,-124.156658
2021-08-04T17:14:51.000,2.54,22.23,9.4,44.68728,-124.156658
2021-08-04T17:29:51.000,2.32,20.25,9.37,44.68728,-124.156658
2021-08-04T17:44:51.000,2.62,22.88,9.37,44.68728,-124.156658
2021-08-04T17:59:51.000,2.53,22.11,9.38,44.68728,-124.156658
2021-08-04T18:14:51.000,2.65,23.19,9.43,44.68728,-124.156658
2021-08-04T18:29:51.000,2.65,23.23,9.49,44.68728,-124.156658
2021-08-04T18:44:51.000,2.66,23.3,9.49,44.68728,-124.156658
2021-08-04T18:59:51.000,2.7,23.61,9.4,44.68728,-124.156658
2021-08-04T19:14:51.000,2.48,21.64,9.33,44.68728,-124.156658
2021-08-04T19:29:51.000,2.22,19.23,9.09,44.68728,-124.156658
2021-08-04T19:44:51.000,2.22,19.19,9.06,44.68728,-124.156658
2021-08-04T19:59:51.000,2.34,20.37,9.22,44.68728,-124.156658
2021-08-04T20:14:51.000,2.92,25.71,9.73,44.68728,-124.156658
2021-08-04T20:29:51.000,3.11,27.59,10.03,44.68728,-124.156658
2021-08-04T20:44:51.000,3.06,27.31,10.29,44.68728,-124.156658
2021-08-04T20:59:51.000,3.37,30.17,10.49,44.68728,-124.156658
2021-08-04T21:14:51.000,3.8,34.19,10.62,44.68728,-124.156658
2021-08-04T21:29:51.000,3.91,35.36,10.87,44.68728,-124.156658
2021-08-04T21:44:51.000,3.77,34.19,10.99,44.68728,-124.156658
2021-08-04T21:59:51.000,3.81,34.65,11.11,44.68728,-124.156658
2021-08-04T22:14:51.000,3.96,35.93,11.03,44.68728,-124.156658
2021-08-04T22:29:51.000,3.85,34.86,10.89,44.68728,-124.156658
2021-08-04T22:44:51.000,3.42,30.89,10.83,44.68728,-124.156658
2021-08-04T22:59:51.000,3.45,31.14,10.78,44.68728,-124.156658
2021-08-04T23:14:51.000,3.74,33.8,10.8,44.68728,-124.156658
2021-08-04T23:29:51.000,3.55,32.05,10.8,44.68728,-124.156658
2021-08-04T23:44:51.000,3.45,31.07,10.73,44.68728,-124.156658
2021-08-04T23:59:51.000,3.36,30.29,10.7,44.68728,-124.156658
2021-08-05T00:14:51.000,3.52,31.71,10.69,44.68728,-124.156658
2021-08-05T00:29:51.000,3.61,32.48,10.64,44.68728,-124.156658
2021-08-05T00:44:51.000,3.47,31.19,10.59,44.68728,-124.156658
2021-08-05T00:59:51.000,3.35,30.15,10.62,44.68728,-124.156658
2021-08-05T01:14:51.000,3.67,32.97,10.63,44.68728,-124.156658
2021-08-05T01:29:51.000,3.48,31.3,10.66,44.68728,-124.156658
2021-08-05T01:44:51.000,3.44,30.97,10.69,44.68728,-124.156658
2021-08-05T01:59:51.000,2.66,23.97,10.71,44.68728,-124.156658
2021-08-05T02:14:51.000,3.51,31.63,10.73,44.68728,-124.156658
2021-08-05T02:29:51.000,3.27,29.47,10.78,44.68728,-124.156658
2021-08-05T02:44:51.000,3.19,28.82,10.87,44.68728,-124.156658
2021-08-05T02:59:51.000,3.49,31.63,10.94,44.68728,-124.156658
2021-08-05T03:14:51.000,3.66,33.31,11.13,44.68728,-124.156658
2021-08-05T03:29:51.000,3.59,32.64,11.08,44.68728,-124.156658
2021-08-05T03:44:51.000,3.79,34.39,10.99,44.68728,-124.156658
2021-08-05T03:59:51.000,3.26,29.43,10.83,44.68728,-124.156658
2021-08-05T04:14:51.000,3.21,28.95,10.72,44.68728,-124.156658
2021-08-05T04:29:51.000,3.67,32.97,10.6,44.68728,-124.156658
2021-08-05T04:44:51.000,3.73,33.49,10.58,44.68728,-124.156658
2021-08-05T04:59:51.000,3.37,30.12,10.34,44.68728,-124.156658
2021-08-05T05:14:51.000,3.24,28.88,10.21,44.68728,-124.156658
2021-08-05T05:29:51.000,3.26,28.96,10.17,44.68728,-124.156658
2021-08-05T05:44:51.000,3.03,26.96,10.13,44.68728,-124.156658
2021-08-05T05:59:51.000,2.81,24.9,10.08,44.68728,-124.156658
2021-08-05T06:14:51.000,2.74,24.31,10.03,44.68728,-124.156658
2021-08-05T06:29:51.000,2.62,23.12,9.89,44.68728,-124.156658
2021-08-05T06:44:51.000,2.51,22.13,9.82,44.68728,-124.156658
2021-08-05T06:59:51.000,2.5,22.03,9.8,44.68728,-124.156658
2021-08-05T07:14:51.000,2.41,21.22,9.78,44.68728,-124.156658
2021-08-05T07:29:51.000,2.52,22.15,9.73,44.68728,-124.156658
2021-08-05T07:44:51.000,2.5,21.99,9.7,44.68728,-124.156658
2021-08-05T07:59:51.000,2.67,23.5,9.71,44.68728,-124.156658
2021-08-05T08:14:51.000,2.5,22.04,9.73,44.68728,-124.156658
2021-08-05T08:29:51.000,2.55,22.43,9.7,44.68728,-124.156658
2021-08-05T08:44:51.000,2.62,23.05,9.7,44.68728,-124.156658
2021-08-05T08:59:51.000,2.63,23.16,9.68,44.68728,-124.156658
2021-08-05T09:14:51.000,2.62,23.02,9.68,44.68728,-124.156658
2021-08-05T09:29:51.000,2.55,22.46,9.7,44.68728,-124.156658
2021-08-05T09:44:51.000,2.41,21.17,9.68,44.68728,-124.156658
2021-08-05T09:59:51.000,2.46,21.64,9.67,44.68728,-124.156658
2021-08-05T10:14:51.000,2.36,20.78,9.66,44.68728,-124.156658
2021-08-05T10:29:51.000,2.18,19.19,9.66,44.68728,-124.156658
2021-08-05T10:44:51.000,2.16,18.99,9.65,44.68728,-124.156658
2021-08-05T10:59:51.000,2.17,19.04,9.64,44.68728,-124.156658
2021-08-05T11:14:51.000,2.2,19.3,9.64,44.68728,-124.156658
2021-08-05T11:29:51.000,2.26,19.85,9.63,44.68728,-124.156658
2021-08-05T11:44:51.000,2.3,20.17,9.63,44.68728,-124.156658
2021-08-05T11:59:51.000,2.16,18.99,9.63,44.68728,-124.156658
2021-08-05T12:14:51.000,2.42,21.24,9.63,44.68728,-124.156658
2021-08-05T12:29:51.000,2.39,20.98,9.63,44.68728,-124.156658
2021-08-05T12:44:51.000,2.36,20.72,9.63,44.68728,-124.156658
2021-08-05T12:59:51.000,2.33,20.45,9.62,44.68728,-124.156658
2021-08-05T13:14:51.000,2.32,20.32,9.61,44.68728,-124.156658
2021-08-05T13:29:51.000,2.33,20.43,9.61,44.68728,-124.156658
2021-08-05T13:44:51.000,2.22,19.52,9.61,44.68728,-124.156658
2021-08-05T13:59:51.000,2.27,19.89,9.61,44.68728,-124.156658
2021-08-05T14:14:51.000,2.25,19.79,9.61,44.68728,-124.156658
2021-08-05T14:29:51.000,2.2,19.31,9.59,44.68728,-124.156658
2021-08-05T14:44:51.000,2.2,19.25,9.56,44.68728,-124.156658
2021-08-05T14:59:51.000,2.2,19.27,9.53,44.68728,-124.156658
2021-08-05T15:14:51.000,2.15,18.8,9.5,44.68728,-124.156658
2021-08-05T15:29:51.000,2.11,18.5,9.49,44.68728,-124.156658
2021-08-05T15:44:51.000,2.13,18.64,9.49,44.68728,-124.156658
2021-08-05T15:59:51.000,2.1,18.36,9.48,44.68728,-124.156658
2021-08-05T16:14:51.000,2.05,17.97,9.47,44.68728,-124.156658
2021-08-05T16:29:51.000,2.07,18.09,9.45,44.68728,-124.156658
2021-08-05T16:44:51.000,2.1,18.4,9.44,44.68728,-124.156658
2021-08-05T16:59:51.000,2.02,17.68,9.43,44.68728,-124.156658
2021-08-05T17:14:51.000,2.05,17.87,9.4,44.68728,-124.156658
2021-08-05T17:29:51.000,2.1,18.32,9.4,44.68728,-124.156658
2021-08-05T17:44:51.000,2.01,17.55,9.37,44.68728,-124.156658
2021-08-05T17:59:51.000,2,17.43,9.37,44.68728,-124.156658
2021-08-05T18:14:51.000,2.11,18.43,9.35,44.68728,-124.156658
2021-08-05T18:29:51.000,2.09,18.26,9.35,44.68728,-124.156658
2021-08-05T18:44:51.000,2.21,19.26,9.33,44.68728,-124.156658
2021-08-05T18:59:51.000,2.14,18.69,9.3,44.68728,-124.156658
2021-08-05T19:14:51.000,2.1,18.3,9.3,44.68728,-124.156658
2021-08-05T19:29:51.000,2.05,17.9,9.28,44.68728,-124.156658
2021-08-05T19:44:51.000,2.05,17.87,9.28,44.68728,-124.156658
2021-08-05T19:59:51.000,2.04,17.78,9.28,44.68728,-124.156658
2021-08-05T20:14:51.000,2,17.39,9.28,44.68728,-124.156658
2021-08-05T20:29:51.000,2.02,17.58,9.26,44.68728,-124.156658
2021-08-05T20:44:51.000,1.99,17.29,9.23,44.68728,-124.156658
2021-08-05T20:59:51.000,2,17.36,9.22,44.68728,-124.156658
2021-08-05T21:14:51.000,2,17.42,9.21,44.68728,-124.156658
2021-08-05T21:29:51.000,1.96,17.07,9.21,44.68728,-124.156658
2021-08-05T21:44:51.000,2.02,17.54,9.23,44.68728,-124.156658
2021-08-05T21:59:51.000,2.04,17.77,9.25,44.68728,-124.156658
2021-08-05T22:14:51.000,2.02,17.61,9.26,44.68728,-124.156658
2021-08-05T22:29:51.000,2.01,17.53,9.27,44.68728,-124.156658
2021-08-05T22:44:51.000,2.13,18.55,9.28,44.68728,-124.156658
2021-08-05T22:59:51.000,2.1,18.25,9.28,44.68728,-124.156658
2021-08-05T23:14:51.000,2.12,18.46,9.3,44.68728,-124.156658
2021-08-05T23:29:51.000,2.12,18.48,9.3,44.68728,-124.156658
2021-08-05T23:44:51.000,2.15,18.72,9.33,44.68728,-124.156658
2021-08-05T23:59:51.000,2.15,18.81,9.4,44.68728,-124.156658
2021-08-06T00:14:51.000,2.21,19.36,9.49,44.68728,-124.156658
2021-08-06T00:29:51.000,2.18,19.11,9.61,44.68728,-124.156658
2021-08-06T00:44:51.000,2.03,17.86,9.75,44.68728,-124.156658
2021-08-06T00:59:51.000,2.34,20.68,9.87,44.68728,-124.156658
2021-08-06T01:14:51.000,2.49,22.08,10.03,44.68728,-124.156658
2021-08-06T01:29:51.000,2.68,23.86,10.24,44.68728,-124.156658
2021-08-06T01:44:51.000,2.58,23,10.24,44.68728,-124.156658
2021-08-06T01:59:51.000,2.46,21.92,10.24,44.68728,-124.156658
2021-08-06T02:14:51.000,2.42,21.61,10.28,44.68728,-124.156658
2021-08-06T02:29:51.000,2.51,22.44,10.34,44.68728,-124.156658
2021-08-06T02:44:51.000,2.46,22.02,10.36,44.68728,-124.156658
2021-08-06T02:59:51.000,2.43,21.71,10.36,44.68728,-124.156658
2021-08-06T03:14:51.000,2.45,21.85,10.34,44.68728,-124.156658
2021-08-06T03:29:51.000,2.53,22.59,10.33,44.68728,-124.156658
2021-08-06T03:44:51.000,2.45,21.86,10.32,44.68728,-124.156658
2021-08-06T03:59:51.000,2.42,21.63,10.31,44.68728,-124.156658
2021-08-06T04:14:51.000,2.4,21.45,10.31,44.68728,-124.156658
2021-08-06T04:29:51.000,2.38,21.26,10.27,44.68728,-124.156658
2021-08-06T04:44:51.000,2.44,21.72,10.24,44.68728,-124.156658
2021-08-06T04:59:51.000,2.37,21.07,10.22,44.68728,-124.156658
2021-08-06T05:14:51.000,2.36,21.04,10.22,44.68728,-124.156658
2021-08-06T05:29:51.000,2.34,20.87,10.22,44.68728,-124.156658
2021-08-06T05:44:51.000,2.33,20.71,10.2,44.68728,-124.156658
2021-08-06T05:59:51.000,2.36,21,10.18,44.68728,-124.156658
2021-08-06T06:14:51.000,2.34,20.78,10.17,44.68728,-124.156658
2021-08-06T06:29:51.000,2.29,20.4,10.15,44.68728,-124.156658
2021-08-06T06:44:51.000,2.33,20.72,10.13,44.68728,-124.156658
2021-08-06T06:59:51.000,2.35,20.85,10.1,44.68728,-124.156658
2021-08-06T07:14:51.000,2.37,21.05,10.06,44.68728,-124.156658
2021-08-06T07:29:51.000,2.31,20.46,10,44.68728,-124.156658
2021-08-06T07:44:51.000,2.2,19.46,9.89,44.68728,-124.156658
2021-08-06T07:59:51.000,2.22,19.63,9.84,44.68728,-124.156658
2021-08-06T08:14:51.000,2.12,18.68,9.82,44.68728,-124.156658
2021-08-06T08:29:51.000,2.24,19.74,9.85,44.68728,-124.156658
2021-08-06T08:44:51.000,2.35,20.74,9.88,44.68728,-124.156658
2021-08-06T08:59:51.000,2.24,19.74,9.85,44.68728,-124.156658
2021-08-06T09:14:51.000,2.14,18.87,9.82,44.68728,-124.156658
2021-08-06T09:29:51.000,1.77,15.63,9.79,44.68728,-124.156658
2021-08-06T09:44:51.000,2.04,17.95,9.75,44.68728,-124.156658
2021-08-06T09:59:51.000,2.17,19.15,9.75,44.68728,-124.156658
2021-08-06T10:14:51.000,2.24,19.71,9.73,44.68728,-124.156658
2021-08-06T10:29:51.000,2.09,18.36,9.7,44.68728,-124.156658
2021-08-06T10:44:51.000,2.2,19.39,9.7,44.68728,-124.156658
2021-08-06T10:59:51.000,2.22,19.52,9.7,44.68728,-124.156658
2021-08-06T11:14:51.000,2.23,19.6,9.7,44.68728,-124.156658
2021-08-06T11:29:51.000,2.27,19.96,9.7,44.68728,-124.156658
2021-08-06T11:44:51.000,2.13,18.71,9.72,44.68728,-124.156658
2021-08-06T11:59:51.000,2.21,19.48,9.73,44.68728,-124.156658
2021-08-06T12:14:51.000,2.02,17.77,9.75,44.68728,-124.156658
2021-08-06T12:29:51.000,2.13,18.72,9.75,44.68728,-124.156658
2021-08-06T12:44:51.000,2.22,19.55,9.75,44.68728,-124.156658
2021-08-06T12:59:51.000,2.07,18.21,9.76,44.68728,-124.156658
2021-08-06T13:14:51.000,2.17,19.13,9.77,44.68728,-124.156658
2021-08-06T13:29:51.000,2.04,17.96,9.77,44.68728,-124.156658
2021-08-06T13:44:51.000,2.05,18.07,9.75,44.68728,-124.156658
2021-08-06T13:59:51.000,2.13,18.72,9.75,44.68728,-124.156658
2021-08-06T14:14:51.000,2.08,18.3,9.75,44.68728,-124.156658
2021-08-06T14:29:51.000,1.91,16.85,9.75,44.68728,-124.156658
2021-08-06T14:44:51.000,2.15,18.96,9.75,44.68728,-124.156658
2021-08-06T14:59:51.000,2.19,19.25,9.75,44.68728,-124.156658
2021-08-06T15:14:51.000,2.09,18.4,9.73,44.68728,-124.156658
2021-08-06T15:29:51.000,2.04,17.92,9.73,44.68728,-124.156658
2021-08-06T15:44:51.000,1.95,17.12,9.7,44.68728,-124.156658
2021-08-06T15:59:51.000,2.22,19.57,9.7,44.68728,-124.156658
2021-08-06T16:14:51.000,2.3,20.23,9.7,44.68728,-124.156658
2021-08-06T16:29:51.000,2.18,19.21,9.7,44.68728,-124.156658
2021-08-06T16:44:51.000,2.28,20.03,9.7,44.68728,-124.156658
2021-08-06T16:59:51.000,2.21,19.48,9.7,44.68728,-124.156658
2021-08-06T17:14:51.000,2.18,19.14,9.7,44.68728,-124.156658
