Time (UTC),DO (ml/L),Dissolved Oxygen (%),Temperature (C),Latitude,Longitude
2021-06-01T23:38:53.000,2.21,18.18,6.88,44.68728,-124.156658
2021-06-01T23:53:53.000,2.21,18.14,6.88,44.68728,-124.156658
2021-06-02T00:08:53.000,2.21,18.18,6.88,44.68728,-124.156658
2021-06-02T00:23:53.000,2.21,18.12,6.88,44.68728,-124.156658
2021-06-02T00:38:53.000,2.2,18.09,6.88,44.68728,-124.156658
2021-06-02T00:53:53.000,2.21,18.18,6.88,44.68728,-124.156658
2021-06-02T01:08:53.000,2.21,18.17,6.88,44.68728,-124.156658
2021-06-02T01:23:53.000,2.22,18.26,6.88,44.68728,-124.156658
2021-06-02T01:38:53.000,2.22,18.22,6.88,44.68728,-124.156658
2021-06-02T01:53:53.000,2.22,18.27,6.88,44.68728,-124.156658
2021-06-02T02:08:53.000,2.21,18.19,6.88,44.68728,-124.156658
2021-06-02T02:23:53.000,2.22,18.25,6.88,44.68728,-124.156658
2021-06-02T02:38:53.000,2.2,18.07,6.88,44.68728,-124.156658
2021-06-02T02:53:53.000,2.21,18.13,6.88,44.68728,-124.156658
2021-06-02T03:08:53.000,2.2,18.04,6.88,44.68728,-124.156658
2021-06-02T03:23:53.000,2.21,18.13,6.88,44.68728,-124.156658
2021-06-02T03:38:53.000,2.21,18.16,6.88,44.68728,-124.156658
2021-06-02T03:53:53.000,2.21,18.11,6.88,44.68728,-124.156658
2021-06-02T04:08:53.000,2.19,18.01,6.88,44.68728,-124.156658
2021-06-02T04:23:53.000,2.2,18.1,6.88,44.68728,-124.156658
2021-06-02T04:38:53.000,2.22,18.25,6.89,44.68728,-124.156658
2021-06-02T04:53:53.000,2.23,18.29,6.9,44.68728,-124.156658
2021-06-02T05:08:53.000,2.22,18.23,6.9,44.68728,-124.156658
2021-06-02T05:23:53.000,2.24,18.42,6.91,44.68728,-124.156658
2021-06-02T05:38:53.000,2.22,18.26,6.91,44.68728,-124.156658
2021-06-02T05:53:53.000,2.21,18.2,6.91,44.68728,-124.156658
2021-06-02T06:08:53.000,2.24,18.41,6.93,44.68728,-124.156658
2021-06-02T06:23:53.000,2.23,18.31,6.93,44.68728,-124.156658
2021-06-02T06:38:53.000,2.23,18.32,6.93,44.68728,-124.156658
2021-06-02T06:53:53.000,2.12,17.4,6.94,44.68728,-124.156658
2021-06-02T07:08:53.000,2.2,18.06,6.95,44.68728,-124.156658
2021-06-02T07:23:53.000,2.17,17.85,6.95,44.68728,-124.156658
2021-06-02T07:38:53.000,2.2,18.12,6.95,44.68728,-124.156658
2021-06-02T07:53:53.000,2.18,17.92,6.95,44.68728,-124.156658
2021-06-02T08:08:53.000,2.22,18.27,6.95,44.68728,-124.156658
2021-06-02T08:23:53.000,2.02,16.65,6.96,44.68728,-124.156658
2021-06-02T08:38:53.000,2.03,16.74,6.96,44.68728,-124.156658
2021-06-02T08:53:53.000,2.17,17.85,6.96,44.68728,-124.156658
2021-06-02T09:08:53.000,2.13,17.5,6.97,44.68728,-124.156658
2021-06-02T09:23:53.000,2.16,17.77,6.97,44.68728,-124.156658
2021-06-02T09:38:53.000,2.24,18.45,6.98,44.68728,-124.156658
2021-06-02T09:53:53.000,2.19,18,6.98,44.68728,-124.156658
2021-06-02T10:08:53.000,2.19,18.07,6.98,44.68728,-124.156658
2021-06-02T10:23:53.000,2.21,18.23,6.98,44.68728,-124.156658
2021-06-02T10:38:53.000,2.17,17.83,6.98,44.68728,-124.156658
2021-06-02T10:53:53.000,2.19,18.04,6.98,44.68728,-124.156658
2021-06-02T11:08:53.000,2.04,16.84,6.98,44.68728,-124.156658
2021-06-02T11:23:53.000,2.25,18.52,6.98,44.68728,-124.156658
2021-06-02T11:38:53.000,2.24,18.4,6.98,44.68728,-124.156658
2021-06-02T11:53:53.000,2.24,18.44,6.98,44.68728,-124.156658
2021-06-02T12:08:53.000,2.23,18.34,6.98,44.68728,-124.156658
2021-06-02T12:23:53.000,2.22,18.28,6.98,44.68728,-124.156658
2021-06-02T12:38:53.000,2.19,18.04,6.97,44.68728,-124.156658
2021-06-02T12:53:53.000,2.19,18.04,6.96,44.68728,-124.156658
2021-06-02T13:08:53.000,2.16,17.75,6.95,44.68728,-124.156658
2021-06-02T13:23:53.000,2.14,17.59,6.96,44.68728,-124.156658
2021-06-02T13:38:53.000,2.14,17.63,6.95,44.68728,-124.156658
2021-06-02T13:53:53.000,2.16,17.8,6.95,44.68728,-124.156658
2021-06-02T14:08:53.000,2.12,17.43,6.96,44.68728,-124.156658
2021-06-02T14:23:53.000,2.09,17.2,6.95,44.68728,-124.156658
2021-06-02T14:38:53.000,2.02,16.65,6.95,44.68728,-124.156658
2021-06-02T14:53:53.000,2.09,17.19,6.95,44.68728,-124.156658
2021-06-02T15:08:53.000,2.03,16.72,6.95,44.68728,-124.156658
2021-06-02T15:23:53.000,1.98,16.33,6.95,44.68728,-124.156658
2021-06-02T15:38:53.000,2.01,16.57,6.95,44.68728,-124.156658
2021-06-02T15:53:53.000,2,16.46,6.95,44.68728,-124.156658
2021-06-02T16:08:53.000,2.03,16.67,6.95,44.68728,-124.156658
2021-06-02T16:23:53.000,1.99,16.39,6.95,44.68728,-124.156658
2021-06-02T16:38:53.000,2.09,17.23,6.96,44.68728,-124.156658
2021-06-02T16:53:53.000,2.09,17.23,6.96,44.68728,-124.156658
2021-06-02T17:08:53.000,2.19,18.02,6.96,44.68728,-124.156658
2021-06-02T17:23:53.000,2.03,16.74,6.96,44.68728,-124.156658
2021-06-02T17:38:53.000,2.05,16.84,6.96,44.68728,-124.156658
2021-06-02T17:53:53.000,2.18,17.96,6.96,44.68728,-124.156658
2021-06-02T18:08:53.000,2.18,17.96,6.96,44.68728,-124.156658
2021-06-02T18:23:53.000,2.2,18.08,6.96,44.68728,-124.156658
2021-06-02T18:38:53.000,2.07,17.05,6.96,44.68728,-124.156658
2021-06-02T18:53:53.000,2.15,17.69,6.97,44.68728,-124.156658
2021-06-02T19:08:53.000,2.18,17.95,6.97,44.68728,-124.156658
2021-06-02T19:23:53.000,2.11,17.41,6.98,44.68728,-124.156658
2021-06-02T19:38:53.000,2.18,17.95,6.98,44.68728,-124.156658
2021-06-02T19:53:53.000,2.2,18.09,6.98,44.68728,-124.156658
2021-06-02T20:08:53.000,2.19,18.07,6.98,44.68728,-124.156658
2021-06-02T20:23:53.000,2.19,18.06,6.98,44.68728,-124.156658
2021-06-02T20:38:53.000,2.2,18.12,6.98,44.68728,-124.156658
2021-06-02T20:53:53.000,2.09,17.18,6.98,44.68728,-124.156658
2021-06-02T21:08:53.000,2.18,17.95,6.98,44.68728,-124.156658
2021-06-02T21:23:53.000,2.23,18.38,6.98,44.68728,-124.156658
2021-06-02T21:38:53.000,2.13,17.52,6.98,44.68728,-124.156658
2021-06-02T21:53:53.000,2.18,17.98,6.98,44.68728,-124.156658
2021-06-02T22:08:53.000,2.19,18.04,6.98,44.68728,-124.156658
2021-06-02T22:23:53.000,2.2,18.08,6.98,44.68728,-124.156658
2021-06-02T22:38:53.000,2.24,18.46,6.98,44.68728,-124.156658
2021-06-02T22:53:53.000,2.14,17.63,6.98,44.68728,-124.156658
2021-06-02T23:08:53.000,2.25,18.51,6.98,44.68728,-124.156658
2021-06-02T23:23:53.000,2.24,18.41,6.98,44.68728,-124.156658
2021-06-02T23:38:53.000,2.24,18.46,6.98,44.68728,-124.156658
2021-06-02T23:53:53.000,2.23,18.32,6.98,44.68728,-124.156658
2021-06-03T00:08:53.000,2.25,18.55,6.98,44.68728,-124.156658
2021-06-03T00:23:53.000,2.25,18.53,6.98,44.68728,-124.156658
2021-06-03T00:38:53.000,2.24,18.45,6.98,44.68728,-124.156658
2021-06-03T00:53:53.000,2.22,18.26,6.96,44.68728,-124.156658
2021-06-03T01:08:53.000,2.21,18.19,6.95,44.68728,-124.156658
2021-06-03T01:23:53.000,2.2,18.12,6.95,44.68728,-124.156658
2021-06-03T01:38:53.000,2.19,18.05,6.95,44.68728,-124.156658
2021-06-03T01:53:53.000,2.19,17.98,6.94,44.68728,-124.156658
2021-06-03T02:08:53.000,2.18,17.96,6.93,44.68728,-124.156658
2021-06-03T02:23:53.000,2.18,17.97,6.93,44.68728,-124.156658
2021-06-03T02:38:53.000,2.13,17.54,6.92,44.68728,-124.156658
2021-06-03T02:53:53.000,2.18,17.95,6.91,44.68728,-124.156658
2021-06-03T03:08:53.000,2.21,18.14,6.9,44.68728,-124.156658
2021-06-03T03:23:53.000,2.21,18.18,6.89,44.68728,-124.156658
2021-06-03T03:38:53.000,2.23,18.32,6.88,44.68728,-124.156658
2021-06-03T03:53:53.000,2.22,18.26,6.88,44.68728,-124.156658
2021-06-03T04:08:53.000,2.24,18.38,6.88,44.68728,-124.156658
2021-06-03T04:23:53.000,2.25,18.44,6.88,44.68728,-124.156658
2021-06-03T04:38:53.000,2.23,18.29,6.88,44.68728,-124.156658
2021-06-03T04:53:53.000,2.25,18.48,6.88,44.68728,-124.156658
2021-06-03T05:08:53.000,2.26,18.54,6.88,44.68728,-124.156658
2021-06-03T05:23:53.000,2.26,18.6,6.88,44.68728,-124.156658
2021-06-03T05:38:53.000,2.28,18.72,6.88,44.68728,-124.156658
2021-06-03T05:53:53.000,2.26,18.53,6.88,44.68728,-124.156658
2021-06-03T06:08:53.000,2.22,18.2,6.88,44.68728,-124.156658
2021-06-03T06:23:53.000,2.27,18.68,6.88,44.68728,-124.156658
2021-06-03T06:38:53.000,2.27,18.67,6.88,44.68728,-124.156658
2021-06-03T06:53:53.000,2.27,18.62,6.88,44.68728,-124.156658
2021-06-03T07:08:53.000,2.27,18.64,6.88,44.68728,-124.156658
2021-06-03T07:23:53.000,2.28,18.71,6.89,44.68728,-124.156658
2021-06-03T07:38:53.000,2.28,18.71,6.89,44.68728,-124.156658
2021-06-03T07:53:53.000,2.27,18.63,6.9,44.68728,-124.156658
2021-06-03T08:08:53.000,2.26,18.57,6.91,44.68728,-124.156658
2021-06-03T08:23:53.000,2.25,18.47,6.91,44.68728,-124.156658
2021-06-03T08:38:53.000,2.25,18.47,6.93,44.68728,-124.156658
2021-06-03T08:53:53.000,2.26,18.57,6.93,44.68728,-124.156658
2021-06-03T09:08:53.000,2.27,18.66,6.93,44.68728,-124.156658
2021-06-03T09:23:53.000,2.27,18.7,6.93,44.68728,-124.156658
2021-06-03T09:38:53.000,2.27,18.69,6.93,44.68728,-124.156658
2021-06-03T09:53:53.000,2.27,18.66,6.93,44.68728,-124.156658
2021-06-03T10:08:53.000,2.28,18.71,6.93,44.68728,-124.156658
2021-06-03T10:23:53.000,2.29,18.81,6.93,44.68728,-124.156658
2021-06-03T10:38:53.000,2.29,18.83,6.93,44.68728,-124.156658
2021-06-03T10:53:53.000,2.28,18.79,6.93,44.68728,-124.156658
2021-06-03T11:08:53.000,2.29,18.87,6.93,44.68728,-124.156658
2021-06-03T11:23:53.000,2.22,18.22,6.93,44.68728,-124.156658
2021-06-03T11:38:53.000,2.3,18.94,6.93,44.68728,-124.156658
2021-06-03T11:53:53.000,2.31,18.98,6.93,44.68728,-124.156658
2021-06-03T12:08:53.000,2.31,18.96,6.93,44.68728,-124.156658
2021-06-03T12:23:53.000,2.3,18.92,6.93,44.68728,-124.156658
2021-06-03T12:38:53.000,2.3,18.9,6.93,44.68728,-124.156658
2021-06-03T12:53:53.000,2.3,18.9,6.93,44.68728,-124.156658
2021-06-03T13:08:53.000,2.29,18.87,6.93,44.68728,-124.156658
2021-06-03T13:23:53.000,2.29,18.81,6.94,44.68728,-124.156658
2021-06-03T13:38:53.000,2.28,18.79,6.95,44.68728,-124.156658
2021-06-03T13:53:53.000,2.28,18.75,6.95,44.68728,-124.156658
2021-06-03T14:08:53.000,2.27,18.7,6.95,44.68728,-124.156658
2021-06-03T14:23:53.000,2.27,18.71,6.95,44.68728,-124.156658
2021-06-03T14:38:53.000,2.26,18.6,6.95,44.68728,-124.156658
2021-06-03T14:53:53.000,2.27,18.72,6.96,44.68728,-124.156658
2021-06-03T15:08:53.000,2.28,18.73,6.96,44.68728,-124.156658
2021-06-03T15:23:53.000,2.27,18.71,6.97,44.68728,-124.156658
2021-06-03T15:38:53.000,2.27,18.72,6.97,44.68728,-124.156658
2021-06-03T15:53:53.000,2.27,18.71,6.97,44.68728,-124.156658
2021-06-03T16:08:53.000,2.27,18.72,6.98,44.68728,-124.156658
2021-06-03T16:23:53.000,2.28,18.73,6.98,44.68728,-124.156658
2021-06-03T16:38:53.000,2.28,18.76,6.98,44.68728,-124.156658
2021-06-03T16:53:53.000,2.28,18.8,6.98,44.68728,-124.156658
2021-06-03T17:08:53.000,2.29,18.87,6.98,44.68728,-124.156658
2021-06-03T17:23:53.000,2.3,18.91,6.98,44.68728,-124.156658
2021-06-03T17:38:53.000,2.3,18.98,6.98,44.68728,-124.156658
2021-06-03T17:53:53.000,2.31,19.04,6.98,44.68728,-124.156658
2021-06-03T18:08:53.000,2.32,19.1,6.99,44.68728,-124.156658
2021-06-03T18:23:53.000,2.32,19.15,7,44.68728,-124.156658
2021-06-03T18:38:53.000,2.33,19.2,7,44.68728,-124.156658
2021-06-03T18:53:53.000,2.33,19.21,7,44.68728,-124.156658
2021-06-03T19:08:53.000,2.33,19.16,7,44.68728,-124.156658
2021-06-03T19:23:53.000,2.34,19.27,7,44.68728,-124.156658
2021-06-03T19:38:53.000,2.34,19.3,7,44.68728,-124.156658
2021-06-03T19:53:53.000,2.34,19.31,7,44.68728,-124.156658
2021-06-03T20:08:53.000,2.35,19.33,7,44.68728,-124.156658
2021-06-03T20:23:53.000,2.35,19.34,7.01,44.68728,-124.156658
2021-06-03T20:38:53.000,2.35,19.34,7.02,44.68728,-124.156658
2021-06-03T20:53:53.000,2.35,19.34,7.02,44.68728,-124.156658
2021-06-03T21:08:53.000,2.34,19.31,7.02,44.68728,-124.156658
2021-06-03T21:23:53.000,2.34,19.33,7.03,44.68728,-124.156658
2021-06-03T21:38:53.000,2.34,19.32,7.03,44.68728,-124.156658
2021-06-03T21:53:53.000,2.34,19.31,7.03,44.68728,-124.156658
2021-06-03T22:08:53.000,2.34,19.3,7.03,44.68728,-124.156658
2021-06-03T22:23:53.000,2.34,19.32,7.03,44.68728,-124.156658
2021-06-03T22:38:53.000,2.34,19.3,7.03,44.68728,-124.156658
2021-06-03T22:53:53.000,2.34,19.3,7.04,44.68728,-124.156658
2021-06-03T23:08:53.000,2.34,19.29,7.05,44.68728,-124.156658
2021-06-03T23:23:53.000,2.34,19.32,7.05,44.68728,-124.156658
2021-06-03T23:38:53.000,2.34,19.29,7.05,44.68728,-124.156658
2021-06-03T23:53:53.000,2.34,19.3,7.05,44.68728,-124.156658
2021-06-04T00:08:53.000,2.34,19.28,7.05,44.68728,-124.156658
2021-06-04T00:23:53.000,2.33,19.25,7.05,44.68728,-124.156658
2021-06-04T00:38:53.000,2.3,18.97,7.05,44.68728,-124.156658
2021-06-04T00:53:53.000,2.33,19.23,7.05,44.68728,-124.156658
2021-06-04T01:08:53.000,2.32,19.14,7.06,44.68728,-124.156658
2021-06-04T01:23:53.000,2.33,19.23,7.06,44.68728,-124.156658
2021-06-04T01:38:53.000,2.33,19.24,7.06,44.68728,-124.156658
2021-06-04T01:53:53.000,2.32,19.18,7.07,44.68728,-124.156658
2021-06-04T02:08:53.000,2.32,19.15,7.07,44.68728,-124.156658
2021-06-04T02:23:53.000,2.33,19.2,7.07,44.68728,-124.156658
2021-06-04T02:38:53.000,2.32,19.17,7.07,44.68728,-124.156658
2021-06-04T02:53:53.000,2.32,19.15,7.08,44.68728,-124.156658
2021-06-04T03:08:53.000,2.32,19.17,7.08,44.68728,-124.156658
2021-06-04T03:23:53.000,2.33,19.2,7.08,44.68728,-124.156658
2021-06-04T03:38:53.000,2.32,19.17,7.08,44.68728,-124.156658
2021-06-04T03:53:53.000,2.32,19.15,7.08,44.68728,-124.156658
2021-06-04T04:08:53.000,2.28,18.84,7.07,44.68728,-124.156658
2021-06-04T04:23:53.000,2.32,19.16,7.08,44.68728,-124.156658
2021-06-04T04:38:53.000,2.32,19.16,7.08,44.68728,-124.156658
2021-06-04T04:53:53.000,2.33,19.21,7.08,44.68728,-124.156658
2021-06-04T05:08:53.000,2.32,19.15,7.08,44.68728,-124.156658
2021-06-04T05:23:53.000,2.33,19.19,7.08,44.68728,-124.156658
2021-06-04T05:38:53.000,2.33,19.23,7.08,44.68728,-124.156658
2021-06-04T05:53:53.000,2.34,19.31,7.08,44.68728,-124.156658
2021-06-04T06:08:53.000,2.35,19.38,7.08,44.68728,-124.156658
2021-06-04T06:23:53.000,2.35,19.42,7.08,44.68728,-124.156658
2021-06-04T06:38:53.000,2.36,19.47,7.08,44.68728,-124.156658
2021-06-04T06:53:53.000,2.36,19.49,7.08,44.68728,-124.156658
2021-06-04T07:08:53.000,2.37,19.54,7.09,44.68728,-124.156658
2021-06-04T07:23:53.000,2.36,19.49,7.09,44.68728,-124.156658
2021-06-04T07:38:53.000,2.37,19.58,7.09,44.68728,-124.156658
2021-06-04T07:53:53.000,2.38,19.62,7.09,44.68728,-124.156658
2021-06-04T08:08:53.000,2.38,19.65,7.1,44.68728,-124.156658
2021-06-04T08:23:53.000,2.37,19.6,7.1,44.68728,-124.156658
2021-06-04T08:38:53.000,2.38,19.64,7.1,44.68728,-124.156658
2021-06-04T08:53:53.000,2.37,19.59,7.1,44.68728,-124.156658
2021-06-04T09:08:53.000,2.38,19.65,7.1,44.68728,-124.156658
2021-06-04T09:23:53.000,2.38,19.67,7.1,44.68728,-124.156658
2021-06-04T09:38:53.000,2.38,19.67,7.1,44.68728,-124.156658
2021-06-04T09:53:53.000,2.38,19.65,7.1,44.68728,-124.156658
2021-06-04T10:08:53.000,2.38,19.68,7.1,44.68728,-124.156658
2021-06-04T10:23:53.000,2.38,19.65,7.1,44.68728,-124.156658
2021-06-04T10:38:53.000,2.38,19.66,7.1,44.68728,-124.156658
2021-06-04T10:53:53.000,2.38,19.65,7.1,44.68728,-124.156658
2021-06-04T11:08:53.000,2.37,19.61,7.1,44.68728,-124.156658
2021-06-04T11:23:53.000,2.38,19.66,7.1,44.68728,-124.156658
2021-06-04T11:38:53.000,2.38,19.66,7.1,44.68728,-124.156658
2021-06-04T11:53:53.000,2.38,19.69,7.1,44.68728,-124.156658
2021-06-04T12:08:53.000,2.38,19.67,7.1,44.68728,-124.156658
2021-06-04T12:23:53.000,2.38,19.65,7.1,44.68728,-124.156658
2021-06-04T12:38:53.000,2.39,19.75,7.1,44.68728,-124.156658
2021-06-04T12:53:53.000,2.4,19.78,7.1,44.68728,-124.156658
2021-06-04T13:08:53.000,2.39,19.78,7.1,44.68728,-124.156658
2021-06-04T13:23:53.000,2.4,19.84,7.11,44.68728,-124.156658
2021-06-04T13:38:53.000,2.41,19.87,7.11,44.68728,-124.156658
2021-06-04T13:53:53.000,2.42,19.97,7.12,44.68728,-124.156658
2021-06-04T14:08:53.000,2.42,20,7.12,44.68728,-124.156658
2021-06-04T14:23:53.000,2.42,20.02,7.12,44.68728,-124.156658
2021-06-04T14:38:53.000,2.43,20.04,7.12,44.68728,-124.156658
2021-06-04T14:53:53.000,2.43,20.07,7.12,44.68728,-124.156658
2021-06-04T15:08:53.000,2.43,20.11,7.12,44.68728,-124.156658
2021-06-04T15:23:53.000,2.44,20.12,7.12,44.68728,-124.156658
2021-06-04T15:38:53.000,2.44,20.17,7.12,44.68728,-124.156658
2021-06-04T15:53:53.000,2.44,20.18,7.12,44.68728,-124.156658
2021-06-04T16:08:53.000,2.45,20.22,7.12,44.68728,-124.156658
2021-06-04T16:23:53.000,2.45,20.25,7.12,44.68728,-124.156658
2021-06-04T16:38:53.000,2.46,20.32,7.12,44.68728,-124.156658
2021-06-04T16:53:53.000,2.47,20.38,7.13,44.68728,-124.156658
2021-06-04T17:08:53.000,2.47,20.4,7.14,44.68728,-124.156658
2021-06-04T17:23:53.000,2.48,20.47,7.14,44.68728,-124.156658
2021-06-04T17:38:53.000,2.48,20.48,7.14,44.68728,-124.156658
2021-06-04T17:53:53.000,2.49,20.57,7.15,44.68728,-124.156658
2021-06-04T18:08:53.000,2.49,20.58,7.15,44.68728,-124.156658
2021-06-04T18:23:53.000,2.49,20.58,7.15,44.68728,-124.156658
2021-06-04T18:38:53.000,2.5,20.69,7.15,44.68728,-124.156658
2021-06-04T18:53:53.000,2.51,20.71,7.15,44.68728,-124.156658
2021-06-04T19:08:53.000,2.51,20.73,7.15,44.68728,-124.156658
2021-06-04T19:23:53.000,2.52,20.81,7.15,44.68728,-124.156658
2021-06-04T19:38:53.000,2.51,20.79,7.15,44.68728,-124.156658
2021-06-04T19:53:53.000,2.5,20.7,7.15,44.68728,-124.156658
2021-06-04T20:08:53.000,2.52,20.85,7.15,44.68728,-124.156658
2021-06-04T20:23:53.000,2.52,20.87,7.15,44.68728,-124.156658
2021-06-04T20:38:53.000,2.52,20.85,7.16,44.68728,-124.156658
2021-06-04T20:53:53.000,2.53,20.94,7.16,44.68728,-124.156658
2021-06-04T21:08:53.000,2.53,20.92,7.16,44.68728,-124.156658
2021-06-04T21:23:53.000,2.52,20.85,7.17,44.68728,-124.156658
2021-06-04T21:38:53.000,2.52,20.87,7.17,44.68728,-124.156658
2021-06-04T21:53:53.000,2.53,20.94,7.17,44.68728,-124.156658
2021-06-04T22:08:53.000,2.5,20.69,7.17,44.68728,-124.156658
2021-06-04T22:23:53.000,2.54,21.02,7.17,44.68728,-124.156658
2021-06-04T22:38:53.000,2.53,20.96,7.17,44.68728,-124.156658
2021-06-04T22:53:53.000,2.54,21.01,7.17,44.68728,-124.156658
2021-06-04T23:08:53.000,2.54,20.98,7.17,44.68728,-124.156658
2021-06-04T23:23:53.000,2.54,20.98,7.17,44.68728,-124.156658
2021-06-04T23:38:53.000,2.52,20.85,7.17,44.68728,-124.156658
2021-06-04T23:53:53.000,2.54,21.02,7.17,44.68728,-124.156658
2021-06-05T00:08:53.000,2.54,21.04,7.17,44.68728,-124.156658
2021-06-05T00:23:53.000,2.54,21.03,7.17,44.68728,-124.156658
2021-06-05T00:38:53.000,2.54,21.05,7.17,44.68728,-124.156658
2021-06-05T00:53:53.000,2.55,21.07,7.17,44.68728,-124.156658
2021-06-05T01:08:53.000,2.55,21.07,7.17,44.68728,-124.156658
2021-06-05T01:23:53.000,2.55,21.11,7.17,44.68728,-124.156658
2021-06-05T01:38:53.000,2.53,20.97,7.17,44.68728,-124.156658
2021-06-05T01:53:53.000,2.55,21.09,7.17,44.68728,-124.156658
2021-06-05T02:08:53.000,2.55,21.11,7.17,44.68728,-124.156658
2021-06-05T02:23:53.000,2.55,21.11,7.17,44.68728,-124.156658
2021-06-05T02:38:53.000,2.55,21.1,7.17,44.68728,-124.156658
2021-06-05T02:53:53.000,2.56,21.16,7.17,44.68728,-124.156658
2021-06-05T03:08:53.000,2.55,21.12,7.17,44.68728,-124.156658
2021-06-05T03:23:53.000,2.55,21.13,7.17,44.68728,-124.156658
2021-06-05T03:38:53.000,2.56,21.16,7.17,44.68728,-124.156658
2021-06-05T03:53:53.000,2.56,21.18,7.17,44.68728,-124.156658
2021-06-05T04:08:53.000,2.56,21.14,7.17,44.68728,-124.156658
2021-06-05T04:23:53.000,2.55,21.08,7.17,44.68728,-124.156658
2021-06-05T04:38:53.000,2.55,21.12,7.17,44.68728,-124.156658
2021-06-05T04:53:53.000,2.55,21.13,7.17,44.68728,-124.156658
2021-06-05T05:08:53.000,2.54,21.01,7.17,44.68728,-124.156658
2021-06-05T05:23:53.000,2.55,21.08,7.17,44.68728,-124.156658
2021-06-05T05:38:53.000,2.55,21.08,7.17,44.68728,-124.156658
2021-06-05T05:53:53.000,2.55,21.09,7.17,44.68728,-124.156658
2021-06-05T06:08:53.000,2.55,21.08,7.17,44.68728,-124.156658
2021-06-05T06:23:53.000,2.52,20.87,7.17,44.68728,-124.156658
2021-06-05T06:38:53.000,2.46,20.32,7.17,44.68728,-124.156658
2021-06-05T06:53:53.000,2.55,21.09,7.17,44.68728,-124.156658
2021-06-05T07:08:53.000,2.54,20.98,7.17,44.68728,-124.156658
2021-06-05T07:23:53.000,2.55,21.09,7.17,44.68728,-124.156658
2021-06-05T07:38:53.000,2.55,21.06,7.17,44.68728,-124.156658
2021-06-05T07:53:53.000,2.55,21.07,7.17,44.68728,-124.156658
2021-06-05T08:08:53.000,2.54,21.05,7.18,44.68728,-124.156658
2021-06-05T08:23:53.000,2.52,20.83,7.18,44.68728,-124.156658
2021-06-05T08:38:53.000,2.55,21.1,7.18,44.68728,-124.156658
2021-06-05T08:53:53.000,2.54,20.99,7.18,44.68728,-124.156658
2021-06-05T09:08:53.000,2.53,20.95,7.18,44.68728,-124.156658
2021-06-05T09:23:53.000,2.54,20.99,7.18,44.68728,-124.156658
2021-06-05T09:38:53.000,2.55,21.08,7.18,44.68728,-124.156658
2021-06-05T09:53:53.000,2.51,20.79,7.18,44.68728,-124.156658
2021-06-05T10:08:53.000,2.54,21.01,7.18,44.68728,-124.156658
2021-06-05T10:23:53.000,2.54,21.03,7.18,44.68728,-124.156658
2021-06-05T10:38:53.000,2.53,20.95,7.18,44.68728,-124.156658
2021-06-05T10:53:53.000,2.53,20.91,7.18,44.68728,-124.156658
2021-06-05T11:08:53.000,2.53,20.93,7.18,44.68728,-124.156658
2021-06-05T11:23:53.000,2.55,21.07,7.18,44.68728,-124.156658
2021-06-05T11:38:53.000,2.55,21.08,7.19,44.68728,-124.156658
2021-06-05T11:53:53.000,2.54,21.02,7.19,44.68728,-124.156658
2021-06-05T12:08:53.000,2.54,21.06,7.19,44.68728,-124.156658
2021-06-05T12:23:53.000,2.55,21.09,7.19,44.68728,-124.156658
2021-06-05T12:38:53.000,2.54,21.01,7.19,44.68728,-124.156658
2021-06-05T12:53:53.000,2.55,21.1,7.19,44.68728,-124.156658
2021-06-05T13:08:53.000,2.55,21.08,7.19,44.68728,-124.156658
2021-06-05T13:23:53.000,2.56,21.17,7.19,44.68728,-124.156658
2021-06-05T13:38:53.000,2.56,21.2,7.19,44.68728,-124.156658
2021-06-05T13:53:53.000,2.57,21.26,7.19,44.68728,-124.156658
2021-06-05T14:08:53.000,2.57,21.26,7.2,44.68728,-124.156658
2021-06-05T14:23:53.000,2.57,21.25,7.2,44.68728,-124.156658
2021-06-05T14:38:53.000,2.57,21.23,7.2,44.68728,-124.156658
2021-06-05T14:53:53.000,2.54,21.02,7.2,44.68728,-124.156658
2021-06-05T15:08:53.000,2.57,21.27,7.2,44.68728,-124.156658
2021-06-05T15:23:53.000,2.57,21.26,7.2,44.68728,-124.156658
2021-06-05T15:38:53.000,2.56,21.17,7.2,44.68728,-124.156658
2021-06-05T15:53:53.000,2.56,21.23,7.2,44.68728,-124.156658
2021-06-05T16:08:53.000,2.56,21.19,7.2,44.68728,-124.156658
2021-06-05T16:23:53.000,2.56,21.18,7.2,44.68728,-124.156658
2021-06-05T16:38:53.000,2.56,21.16,7.2,44.68728,-124.156658
2021-06-05T16:53:53.000,2.56,21.17,7.2,44.68728,-124.156658
2021-06-05T17:08:53.000,2.57,21.28,7.2,44.68728,-124.156658
2021-06-05T17:23:53.000,2.56,21.22,7.2,44.68728,-124.156658
2021-06-05T17:38:53.000,2.57,21.31,7.2,44.68728,-124.156658
2021-06-05T17:53:53.000,2.56,21.16,7.2,44.68728,-124.156658
2021-06-05T18:08:53.000,2.58,21.35,7.2,44.68728,-124.156658
2021-06-05T18:23:53.000,2.57,21.28,7.2,44.68728,-124.156658
2021-06-05T18:38:53.000,2.58,21.38,7.2,44.68728,-124.156658
2021-06-05T18:53:53.000,2.59,21.47,7.2,44.68728,-124.156658
2021-06-05T19:08:53.000,2.58,21.35,7.2,44.68728,-124.156658
2021-06-05T19:23:53.000,2.59,21.48,7.2,44.68728,-124.156658
2021-06-05T19:38:53.000,2.6,21.49,7.2,44.68728,-124.156658
2021-06-05T19:53:53.000,2.59,21.4,7.2,44.68728,-124.156658
2021-06-05T20:08:53.000,2.57,21.24,7.2,44.68728,-124.156658
2021-06-05T20:23:53.000,2.6,21.54,7.2,44.68728,-124.156658
2021-06-05T20:38:53.000,2.59,21.42,7.2,44.68728,-124.156658
2021-06-05T20:53:53.000,2.59,21.43,7.2,44.68728,-124.156658
2021-06-05T21:08:53.000,2.59,21.43,7.2,44.68728,-124.156658
2021-06-05T21:23:53.000,2.59,21.42,7.2,44.68728,-124.156658
2021-06-05T21:38:53.000,2.6,21.49,7.2,44.68728,-124.156658
2021-06-05T21:53:53.000,2.6,21.54,7.2,44.68728,-124.156658
2021-06-05T22:08:53.000,2.6,21.5,7.21,44.68728,-124.156658
2021-06-05T22:23:53.000,2.59,21.47,7.2,44.68728,-124.156658
2021-06-05T22:38:53.000,2.55,21.1,7.21,44.68728,-124.156658
2021-06-05T22:53:53.000,2.59,21.47,7.21,44.68728,-124.156658
2021-06-05T23:08:53.000,2.59,21.46,7.2,44.68728,-124.156658
2021-06-05T23:23:53.000,2.59,21.46,7.21,44.68728,-124.156658
2021-06-05T23:38:53.000,2.56,21.19,7.2,44.68728,-124.156658
2021-06-05T23:53:53.000,2.55,21.09,7.2,44.68728,-124.156658
2021-06-06T00:08:53.000,2.56,21.18,7.2,44.68728,-124.156658
2021-06-06T00:23:53.000,2.51,20.82,7.2,44.68728,-124.156658
2021-06-06T00:38:53.000,2.56,21.16,7.2,44.68728,-124.156658
2021-06-06T00:53:53.000,2.54,21.04,7.2,44.68728,-124.156658
2021-06-06T01:08:53.000,2.54,21.01,7.2,44.68728,-124.156658
2021-06-06T01:23:53.000,2.55,21.11,7.2,44.68728,-124.156658
2021-06-06T01:38:53.000,2.54,21,7.2,44.68728,-124.156658
2021-06-06T01:53:53.000,2.54,21.07,7.2,44.68728,-124.156658
2021-06-06T02:08:53.000,2.53,20.93,7.2,44.68728,-124.156658
2021-06-06T02:23:53.000,2.5,20.68,7.2,44.68728,-124.156658
2021-06-06T02:38:53.000,2.54,21.01,7.2,44.68728,-124.156658
2021-06-06T02:53:53.000,2.53,20.95,7.2,44.68728,-124.156658
2021-06-06T03:08:53.000,2.53,20.97,7.2,44.68728,-124.156658
2021-06-06T03:23:53.000,2.53,20.98,7.2,44.68728,-124.156658
2021-06-06T03:38:53.000,2.52,20.85,7.2,44.68728,-124.156658
2021-06-06T03:53:53.000,2.54,20.99,7.2,44.68728,-124.156658
2021-06-06T04:08:53.000,2.57,21.25,7.2,44.68728,-124.156658
2021-06-06T04:23:53.000,2.57,21.28,7.2,44.68728,-124.156658
2021-06-06T04:38:53.000,2.58,21.4,7.2,44.68728,-124.156658
2021-06-06T04:53:53.000,2.6,21.5,7.21,44.68728,-124.156658
2021-06-06T05:08:53.000,2.59,21.45,7.21,44.68728,-124.156658
2021-06-06T05:23:53.000,2.59,21.46,7.22,44.68728,-124.156658
2021-06-06T05:38:53.000,2.6,21.57,7.22,44.68728,-124.156658
2021-06-06T05:53:53.000,2.6,21.56,7.22,44.68728,-124.156658
2021-06-06T06:08:53.000,2.6,21.56,7.22,44.68728,-124.156658
2021-06-06T06:23:53.000,2.59,21.49,7.22,44.68728,-124.156658
2021-06-06T06:38:53.000,2.6,21.56,7.22,44.68728,-124.156658
2021-06-06T06:53:53.000,2.61,21.59,7.22,44.68728,-124.156658
2021-06-06T07:08:53.000,2.61,21.61,7.22,44.68728,-124.156658
2021-06-06T07:23:53.000,2.6,21.51,7.22,44.68728,-124.156658
2021-06-06T07:38:53.000,2.6,21.56,7.22,44.68728,-124.156658
2021-06-06T07:53:53.000,2.61,21.62,7.22,44.68728,-124.156658
2021-06-06T08:08:53.000,2.59,21.47,7.22,44.68728,-124.156658
2021-06-06T08:23:53.000,2.6,21.55,7.22,44.68728,-124.156658
2021-06-06T08:38:53.000,2.61,21.59,7.22,44.68728,-124.156658
2021-06-06T08:53:53.000,2.6,21.52,7.22,44.68728,-124.156658
2021-06-06T09:08:53.000,2.59,21.48,7.22,44.68728,-124.156658
2021-06-06T09:23:53.000,2.59,21.41,7.22,44.68728,-124.156658
2021-06-06T09:38:53.000,2.57,21.26,7.22,44.68728,-124.156658
2021-06-06T09:53:53.000,2.61,21.65,7.22,44.68728,-124.156658
2021-06-06T10:08:53.000,2.58,21.34,7.22,44.68728,-124.156658
2021-06-06T10:23:53.000,2.59,21.44,7.22,44.68728,-124.156658
2021-06-06T10:38:53.000,2.59,21.43,7.22,44.68728,-124.156658
2021-06-06T10:53:53.000,2.58,21.38,7.22,44.68728,-124.156658
2021-06-06T11:08:53.000,2.58,21.34,7.22,44.68728,-124.156658
2021-06-06T11:23:53.000,2.56,21.18,7.22,44.68728,-124.156658
2021-06-06T11:38:53.000,2.58,21.33,7.22,44.68728,-124.156658
2021-06-06T11:53:53.000,2.58,21.39,7.22,44.68728,-124.156658
2021-06-06T12:08:53.000,2.6,21.54,7.22,44.68728,-124.156658
2021-06-06T12:23:53.000,2.6,21.53,7.22,44.68728,-124.156658
2021-06-06T12:38:53.000,2.6,21.58,7.22,44.68728,-124.156658
2021-06-06T12:53:53.000,2.6,21.53,7.22,44.68728,-124.156658
2021-06-06T13:08:53.000,2.59,21.43,7.22,44.68728,-124.156658
2021-06-06T13:23:53.000,2.58,21.36,7.22,44.68728,-124.156658
2021-06-06T13:38:53.000,2.58,21.33,7.22,44.68728,-124.156658
2021-06-06T13:53:53.000,2.58,21.36,7.22,44.68728,-124.156658
2021-06-06T14:08:53.000,2.56,21.2,7.22,44.68728,-124.156658
2021-06-06T14:23:53.000,2.59,21.45,7.22,44.68728,-124.156658
2021-06-06T14:38:53.000,2.55,21.11,7.22,44.68728,-124.156658
2021-06-06T14:53:53.000,2.59,21.43,7.22,44.68728,-124.156658
2021-06-06T15:08:53.000,2.6,21.51,7.22,44.68728,-124.156658
2021-06-06T15:23:53.000,2.6,21.51,7.22,44.68728,-124.156658
2021-06-06T15:38:53.000,2.6,21.51,7.22,44.68728,-124.156658
2021-06-06T15:53:53.000,2.6,21.54,7.22,44.68728,-124.156658
2021-06-06T16:08:53.000,2.61,21.63,7.22,44.68728,-124.156658
2021-06-06T16:23:53.000,2.62,21.71,7.22,44.68728,-124.156658
2021-06-06T16:38:53.000,2.6,21.58,7.22,44.68728,-124.156658
2021-06-06T16:53:53.000,2.6,21.5,7.22,44.68728,-124.156658
2021-06-06T17:08:53.000,2.6,21.56,7.22,44.68728,-124.156658
2021-06-06T17:23:53.000,2.6,21.56,7.22,44.68728,-124.156658
2021-06-06T17:38:53.000,2.6,21.55,7.22,44.68728,-124.156658
2021-06-06T17:53:53.000,2.58,21.37,7.22,44.68728,-124.156658
2021-06-06T18:08:53.000,2.6,21.57,7.22,44.68728,-124.156658
2021-06-06T18:23:53.000,2.61,21.62,7.22,44.68728,-124.156658
2021-06-06T18:38:53.000,2.61,21.62,7.22,44.68728,-124.156658
2021-06-06T18:53:53.000,2.63,21.79,7.22,44.68728,-124.156658
2021-06-06T19:08:53.000,2.65,21.98,7.22,44.68728,-124.156658
2021-06-06T19:23:53.000,2.68,22.22,7.21,44.68728,-124.156658
2021-06-06T19:38:53.000,2.69,22.27,7.2,44.68728,-124.156658
2021-06-06T19:53:53.000,2.66,22.01,7.2,44.68728,-124.156658
2021-06-06T20:08:53.000,2.65,21.95,7.19,44.68728,-124.156658
2021-06-06T20:23:53.000,2.68,22.14,7.18,44.68728,-124.156658
2021-06-06T20:38:53.000,2.67,22.11,7.18,44.68728,-124.156658
2021-06-06T20:53:53.000,2.65,21.94,7.17,44.68728,-124.156658
2021-06-06T21:08:53.000,2.69,22.24,7.17,44.68728,-124.156658
2021-06-06T21:23:53.000,2.67,22.13,7.17,44.68728,-124.156658
2021-06-06T21:38:53.000,2.69,22.23,7.18,44.68728,-124.156658
2021-06-06T21:53:53.000,2.71,22.42,7.2,44.68728,-124.156658
2021-06-06T22:08:53.000,2.69,22.26,7.2,44.68728,-124.156658
2021-06-06T22:23:53.000,2.68,22.17,7.2,44.68728,-124.156658
2021-06-06T22:38:53.000,2.69,22.28,7.2,44.68728,-124.156658
2021-06-06T22:53:53.000,2.64,21.85,7.22,44.68728,-124.156658
2021-06-06T23:08:53.000,2.58,21.41,7.22,44.68728,-124.156658
2021-06-06T23:23:53.000,2.55,21.16,7.22,44.68728,-124.156658
2021-06-06T23:38:53.000,2.61,21.59,7.22,44.68728,-124.156658
2021-06-06T23:53:53.000,2.6,21.57,7.22,44.68728,-124.156658
2021-06-07T00:08:53.000,2.6,21.51,7.23,44.68728,-124.156658
2021-06-07T00:23:53.000,2.61,21.63,7.23,44.68728,-124.156658
2021-06-07T00:38:53.000,2.6,21.56,7.23,44.68728,-124.156658
2021-06-07T00:53:53.000,2.6,21.58,7.23,44.68728,-124.156658
2021-06-07T01:08:53.000,2.62,21.72,7.23,44.68728,-124.156658
2021-06-07T01:23:53.000,2.63,21.75,7.24,44.68728,-124.156658
2021-06-07T01:38:53.000,2.61,21.63,7.24,44.68728,-124.156658
2021-06-07T01:53:53.000,2.61,21.64,7.24,44.68728,-124.156658
2021-06-07T02:08:53.000,2.64,21.91,7.24,44.68728,-124.156658
2021-06-07T02:23:53.000,2.64,21.9,7.24,44.68728,-124.156658
2021-06-07T02:38:53.000,2.63,21.84,7.25,44.68728,-124.156658
2021-06-07T02:53:53.000,2.65,21.99,7.25,44.68728,-124.156658
2021-06-07T03:08:53.000,2.66,22.04,7.25,44.68728,-124.156658
2021-06-07T03:23:53.000,2.64,21.87,7.25,44.68728,-124.156658
2021-06-07T03:38:53.000,2.64,21.87,7.25,44.68728,-124.156658
2021-06-07T03:53:53.000,2.66,22.03,7.25,44.68728,-124.156658
2021-06-07T04:08:53.000,2.67,22.11,7.26,44.68728,-124.156658
2021-06-07T04:23:53.000,2.7,22.36,7.26,44.68728,-124.156658
2021-06-07T04:38:53.000,2.71,22.47,7.27,44.68728,-124.156658
2021-06-07T04:53:53.000,2.73,22.64,7.27,44.68728,-124.156658
2021-06-07T05:08:53.000,2.73,22.63,7.27,44.68728,-124.156658
2021-06-07T05:23:53.000,2.72,22.59,7.27,44.68728,-124.156658
2021-06-07T05:38:53.000,2.72,22.54,7.27,44.68728,-124.156658
2021-06-07T05:53:53.000,2.73,22.67,7.27,44.68728,-124.156658
2021-06-07T06:08:53.000,2.76,22.89,7.27,44.68728,-124.156658
2021-06-07T06:23:53.000,2.77,22.96,7.27,44.68728,-124.156658
2021-06-07T06:38:53.000,2.78,23.07,7.27,44.68728,-124.156658
2021-06-07T06:53:53.000,2.78,23.08,7.27,44.68728,-124.156658
2021-06-07T07:08:53.000,2.77,22.99,7.27,44.68728,-124.156658
2021-06-07T07:23:53.000,2.77,22.97,7.27,44.68728,-124.156658
2021-06-07T07:38:53.000,2.78,23.03,7.27,44.68728,-124.156658
2021-06-07T07:53:53.000,2.78,23.02,7.27,44.68728,-124.156658
2021-06-07T08:08:53.000,2.78,23.02,7.27,44.68728,-124.156658
2021-06-07T08:23:53.000,2.79,23.11,7.27,44.68728,-124.156658
2021-06-07T08:38:53.000,2.78,23.09,7.27,44.68728,-124.156658
2021-06-07T08:53:53.000,2.78,23.04,7.27,44.68728,-124.156658
2021-06-07T09:08:53.000,2.79,23.11,7.27,44.68728,-124.156658
2021-06-07T09:23:53.000,2.78,23.09,7.27,44.68728,-124.156658
2021-06-07T09:38:53.000,2.77,22.94,7.27,44.68728,-124.156658
2021-06-07T09:53:53.000,2.78,23.02,7.27,44.68728,-124.156658
2021-06-07T10:08:53.000,2.76,22.92,7.27,44.68728,-124.156658
2021-06-07T10:23:53.000,2.73,22.67,7.27,44.68728,-124.156658
2021-06-07T10:38:53.000,2.73,22.63,7.27,44.68728,-124.156658
2021-06-07T10:53:53.000,2.74,22.74,7.27,44.68728,-124.156658
2021-06-07T11:08:53.000,2.73,22.62,7.27,44.68728,-124.156658
2021-06-07T11:23:53.000,2.72,22.58,7.27,44.68728,-124.156658
2021-06-07T11:38:53.000,2.74,22.73,7.28,44.68728,-124.156658
2021-06-07T11:53:53.000,2.73,22.62,7.28,44.68728,-124.156658
2021-06-07T12:08:53.000,2.73,22.64,7.28,44.68728,-124.156658
2021-06-07T12:23:53.000,2.76,22.89,7.29,44.68728,-124.156658
2021-06-07T12:38:53.000,2.75,22.83,7.29,44.68728,-124.156658
2021-06-07T12:53:53.000,2.77,23.02,7.29,44.68728,-124.156658
2021-06-07T13:08:53.000,2.78,23.04,7.29,44.68728,-124.156658
2021-06-07T13:23:53.000,2.78,23.07,7.29,44.68728,-124.156658
2021-06-07T13:38:53.000,2.8,23.23,7.29,44.68728,-124.156658
2021-06-07T13:53:53.000,2.81,23.34,7.29,44.68728,-124.156658
2021-06-07T14:08:53.000,2.82,23.42,7.29,44.68728,-124.156658
2021-06-07T14:23:53.000,2.79,23.13,7.29,44.68728,-124.156658
2021-06-07T14:38:53.000,2.8,23.2,7.29,44.68728,-124.156658
2021-06-07T14:53:53.000,2.8,23.28,7.29,44.68728,-124.156658
2021-06-07T15:08:53.000,2.79,23.13,7.29,44.68728,-124.156658
2021-06-07T15:23:53.000,2.81,23.31,7.29,44.68728,-124.156658
2021-06-07T15:38:53.000,2.81,23.31,7.29,44.68728,-124.156658
2021-06-07T15:53:53.000,2.79,23.16,7.29,44.68728,-124.156658
2021-06-07T16:08:53.000,2.78,23.07,7.29,44.68728,-124.156658
2021-06-07T16:23:53.000,2.78,23.04,7.29,44.68728,-124.156658
2021-06-07T16:38:53.000,2.75,22.82,7.29,44.68728,-124.156658
2021-06-07T16:53:53.000,2.74,22.74,7.29,44.68728,-124.156658
2021-06-07T17:08:53.000,2.74,22.7,7.29,44.68728,-124.156658
2021-06-07T17:23:53.000,2.75,22.86,7.29,44.68728,-124.156658
2021-06-07T17:38:53.000,2.75,22.86,7.29,44.68728,-124.156658
2021-06-07T17:53:53.000,2.76,22.89,7.29,44.68728,-124.156658
2021-06-07T18:08:53.000,2.77,22.97,7.29,44.68728,-124.156658
2021-06-07T18:23:53.000,2.77,22.95,7.29,44.68728,-124.156658
2021-06-07T18:38:53.000,2.78,23.04,7.29,44.68728,-124.156658
2021-06-07T18:53:53.000,2.8,23.22,7.29,44.68728,-124.156658
2021-06-07T19:08:53.000,2.8,23.21,7.29,44.68728,-124.156658
2021-06-07T19:23:53.000,2.79,23.13,7.29,44.68728,-124.156658
2021-06-07T19:38:53.000,2.81,23.33,7.29,44.68728,-124.156658
2021-06-07T19:53:53.000,2.83,23.46,7.29,44.68728,-124.156658
2021-06-07T20:08:53.000,2.83,23.5,7.29,44.68728,-124.156658
2021-06-07T20:23:53.000,2.82,23.39,7.29,44.68728,-124.156658
2021-06-07T20:38:53.000,2.81,23.32,7.28,44.68728,-124.156658
2021-06-07T20:53:53.000,2.8,23.26,7.27,44.68728,-124.156658
2021-06-07T21:08:53.000,2.78,23.08,7.27,44.68728,-124.156658
2021-06-07T21:23:53.000,2.77,22.95,7.27,44.68728,-124.156658
2021-06-07T21:38:53.000,2.77,22.97,7.26,44.68728,-124.156658
2021-06-07T21:53:53.000,2.77,22.99,7.25,44.68728,-124.156658
2021-06-07T22:08:53.000,2.75,22.83,7.25,44.68728,-124.156658
2021-06-07T22:23:53.000,2.77,22.92,7.25,44.68728,-124.156658
2021-06-07T22:38:53.000,2.74,22.72,7.24,44.68728,-124.156658
2021-06-07T22:53:53.000,2.78,23.06,7.24,44.68728,-124.156658
2021-06-07T23:08:53.000,2.77,22.92,7.23,44.68728,-124.156658
2021-06-07T23:23:53.000,2.75,22.75,7.22,44.68728,-124.156658
2021-06-07T23:38:53.000,2.7,22.37,7.22,44.68728,-124.156658
2021-06-07T23:53:53.000,2.71,22.49,7.22,44.68728,-124.156658
2021-06-08T00:08:53.000,2.73,22.65,7.21,44.68728,-124.156658
2021-06-08T00:23:53.000,2.71,22.4,7.2,44.68728,-124.156658
2021-06-08T00:38:53.000,2.7,22.35,7.2,44.68728,-124.156658
2021-06-08T00:53:53.000,2.7,22.32,7.2,44.68728,-124.156658
2021-06-08T01:08:53.000,2.72,22.52,7.2,44.68728,-124.156658
2021-06-08T01:23:53.000,2.75,22.74,7.21,44.68728,-124.156658
2021-06-08T01:38:53.000,2.77,22.95,7.21,44.68728,-124.156658
2021-06-08T01:53:53.000,2.8,23.22,7.22,44.68728,-124.156658
2021-06-08T02:08:53.000,2.81,23.29,7.23,44.68728,-124.156658
2021-06-08T02:23:53.000,2.8,23.23,7.24,44.68728,-124.156658
2021-06-08T02:38:53.000,2.8,23.24,7.25,44.68728,-124.156658
2021-06-08T02:53:53.000,2.82,23.38,7.25,44.68728,-124.156658
2021-06-08T03:08:53.000,2.8,23.24,7.25,44.68728,-124.156658
2021-06-08T03:23:53.000,2.81,23.33,7.25,44.68728,-124.156658
2021-06-08T03:38:53.000,2.81,23.28,7.25,44.68728,-124.156658
2021-06-08T03:53:53.000,2.81,23.3,7.26,44.68728,-124.156658
2021-06-08T04:08:53.000,2.81,23.32,7.27,44.68728,-124.156658
2021-06-08T04:23:53.000,2.82,23.38,7.25,44.68728,-124.156658
2021-06-08T04:38:53.000,2.79,23.14,7.27,44.68728,-124.156658
2021-06-08T04:53:53.000,2.68,22.23,7.28,44.68728,-124.156658
2021-06-08T05:08:53.000,2.73,22.66,7.28,44.68728,-124.156658
2021-06-08T05:23:53.000,2.77,23.01,7.27,44.68728,-124.156658
2021-06-08T05:38:53.000,2.76,22.87,7.27,44.68728,-124.156658
2021-06-08T05:53:53.000,2.75,22.85,7.27,44.68728,-124.156658
2021-06-08T06:08:53.000,2.79,23.14,7.25,44.68728,-124.156658
2021-06-08T06:23:53.000,2.81,23.32,7.26,44.68728,-124.156658
2021-06-08T06:38:53.000,2.82,23.36,7.26,44.68728,-124.156658
2021-06-08T06:53:53.000,2.81,23.3,7.27,44.68728,-124.156658
2021-06-08T07:08:53.000,2.82,23.37,7.27,44.68728,-124.156658
2021-06-08T07:23:53.000,2.8,23.23,7.27,44.68728,-124.156658
2021-06-08T07:38:53.000,2.83,23.48,7.27,44.68728,-124.156658
2021-06-08T07:53:53.000,2.84,23.53,7.27,44.68728,-124.156658
2021-06-08T08:08:53.000,2.87,23.82,7.27,44.68728,-124.156658
2021-06-08T08:23:53.000,2.85,23.64,7.27,44.68728,-124.156658
2021-06-08T08:38:53.000,2.86,23.73,7.27,44.68728,-124.156658
2021-06-08T08:53:53.000,2.88,23.91,7.27,44.68728,-124.156658
2021-06-08T09:08:53.000,2.88,23.86,7.27,44.68728,-124.156658
2021-06-08T09:23:53.000,2.86,23.74,7.27,44.68728,-124.156658
2021-06-08T09:38:53.000,2.87,23.84,7.27,44.68728,-124.156658
2021-06-08T09:53:53.000,2.89,24.01,7.27,44.68728,-124.156658
2021-06-08T10:08:53.000,2.89,23.94,7.27,44.68728,-124.156658
2021-06-08T10:23:53.000,2.88,23.89,7.27,44.68728,-124.156658
2021-06-08T10:38:53.000,2.88,23.91,7.27,44.68728,-124.156658
2021-06-08T10:53:53.000,2.86,23.69,7.27,44.68728,-124.156658
2021-06-08T11:08:53.000,2.88,23.9,7.27,44.68728,-124.156658
2021-06-08T11:23:53.000,2.83,23.49,7.27,44.68728,-124.156658
2021-06-08T11:38:53.000,2.8,23.25,7.27,44.68728,-124.156658
2021-06-08T11:53:53.000,2.87,23.79,7.27,44.68728,-124.156658
2021-06-08T12:08:53.000,2.83,23.43,7.27,44.68728,-124.156658
2021-06-08T12:23:53.000,2.8,23.19,7.27,44.68728,-124.156658
2021-06-08T12:38:53.000,2.77,22.99,7.27,44.68728,-124.156658
2021-06-08T12:53:53.000,2.82,23.39,7.26,44.68728,-124.156658
2021-06-08T13:08:53.000,2.76,22.88,7.26,44.68728,-124.156658
2021-06-08T13:23:53.000,2.75,22.83,7.25,44.68728,-124.156658
2021-06-08T13:38:53.000,2.77,22.96,7.25,44.68728,-124.156658
2021-06-08T13:53:53.000,2.84,23.51,7.25,44.68728,-124.156658
2021-06-08T14:08:53.000,2.84,23.5,7.25,44.68728,-124.156658
2021-06-08T14:23:53.000,2.75,22.83,7.25,44.68728,-124.156658
2021-06-08T14:38:53.000,2.77,22.96,7.26,44.68728,-124.156658
2021-06-08T14:53:53.000,2.78,23.04,7.26,44.68728,-124.156658
2021-06-08T15:08:53.000,2.76,22.86,7.26,44.68728,-124.156658
2021-06-08T15:23:53.000,2.8,23.2,7.26,44.68728,-124.156658
2021-06-08T15:38:53.000,2.83,23.44,7.26,44.68728,-124.156658
2021-06-08T15:53:53.000,2.81,23.26,7.26,44.68728,-124.156658
2021-06-08T16:08:53.000,2.83,23.45,7.27,44.68728,-124.156658
2021-06-08T16:23:53.000,2.84,23.52,7.27,44.68728,-124.156658
2021-06-08T16:38:53.000,2.85,23.61,7.27,44.68728,-124.156658
2021-06-08T16:53:53.000,2.87,23.79,7.27,44.68728,-124.156658
2021-06-08T17:08:53.000,2.88,23.91,7.27,44.68728,-124.156658
2021-06-08T17:23:53.000,2.91,24.17,7.28,44.68728,-124.156658
2021-06-08T17:38:53.000,2.94,24.37,7.29,44.68728,-124.156658
2021-06-08T17:53:53.000,2.94,24.42,7.3,44.68728,-124.156658
2021-06-08T18:08:53.000,2.94,24.41,7.3,44.68728,-124.156658
2021-06-08T18:23:53.000,2.94,24.38,7.3,44.68728,-124.156658
2021-06-08T18:38:53.000,2.94,24.38,7.3,44.68728,-124.156658
2021-06-08T18:53:53.000,2.94,24.39,7.31,44.68728,-124.156658
2021-06-08T19:08:53.000,2.95,24.45,7.31,44.68728,-124.156658
2021-06-08T19:23:53.000,2.94,24.41,7.32,44.68728,-124.156658
2021-06-08T19:38:53.000,2.94,24.43,7.32,44.68728,-124.156658
2021-06-08T19:53:53.000,2.94,24.44,7.32,44.68728,-124.156658
2021-06-08T20:08:53.000,2.94,24.4,7.32,44.68728,-124.156658
2021-06-08T20:23:53.000,2.94,24.42,7.32,44.68728,-124.156658
2021-06-08T20:38:53.000,2.94,24.38,7.32,44.68728,-124.156658
2021-06-08T20:53:53.000,2.93,24.34,7.32,44.68728,-124.156658
2021-06-08T21:08:53.000,2.92,24.21,7.32,44.68728,-124.156658
2021-06-08T21:23:53.000,2.92,24.23,7.31,44.68728,-124.156658
2021-06-08T21:38:53.000,2.92,24.24,7.31,44.68728,-124.156658
2021-06-08T21:53:53.000,2.92,24.24,7.3,44.68728,-124.156658
2021-06-08T22:08:53.000,2.91,24.18,7.3,44.68728,-124.156658
2021-06-08T22:23:53.000,2.9,24.11,7.29,44.68728,-124.156658
2021-06-08T22:38:53.000,2.88,23.94,7.29,44.68728,-124.156658
2021-06-08T22:53:53.000,2.88,23.88,7.29,44.68728,-124.156658
2021-06-08T23:08:53.000,2.82,23.43,7.29,44.68728,-124.156658
2021-06-08T23:23:53.000,2.79,23.12,7.27,44.68728,-124.156658
