Time (UTC),DO (ml/L),Dissolved Oxygen (%),Temperature (C),Latitude,Longitude
2021-07-10T16:36:44.000,4.59,39.46,8.71,44.68728,-124.156658
2021-07-10T16:51:44.000,4.58,39.34,8.71,44.68728,-124.156658
2021-07-10T17:06:44.000,4.57,39.22,8.71,44.68728,-124.156658
2021-07-10T17:21:44.000,4.57,39.27,8.71,44.68728,-124.156658
2021-07-10T17:36:44.000,4.57,39.24,8.7,44.68728,-124.156658
2021-07-10T17:51:44.000,4.56,39.16,8.7,44.68728,-124.156658
2021-07-10T18:06:44.000,4.57,39.27,8.7,44.68728,-124.156658
2021-07-10T18:21:44.000,4.56,39.21,8.71,44.68728,-124.156658
2021-07-10T18:36:44.000,4.59,39.44,8.71,44.68728,-124.156658
2021-07-10T18:51:44.000,4.59,39.43,8.71,44.68728,-124.156658
2021-07-10T19:06:44.000,4.6,39.56,8.72,44.68728,-124.156658
2021-07-10T19:21:44.000,4.62,39.68,8.73,44.68728,-124.156658
2021-07-10T19:36:44.000,4.63,39.83,8.74,44.68728,-124.156658
2021-07-10T19:51:44.000,4.65,40.03,8.76,44.68728,-124.156658
2021-07-10T20:06:44.000,4.68,40.27,8.78,44.68728,-124.156658
2021-07-10T20:21:44.000,4.68,40.28,8.78,44.68728,-124.156658
2021-07-10T20:36:44.000,4.7,40.42,8.79,44.68728,-124.156658
2021-07-10T20:51:44.000,4.72,40.62,8.8,44.68728,-124.156658
2021-07-10T21:06:44.000,4.72,40.68,8.81,44.68728,-124.156658
2021-07-10T21:21:44.000,4.75,40.91,8.81,44.68728,-124.156658
2021-07-10T21:36:44.000,4.76,40.96,8.81,44.68728,-124.156658
2021-07-10T21:51:44.000,4.76,40.97,8.83,44.68728,-124.156658
2021-07-10T22:06:44.000,4.75,40.93,8.83,44.68728,-124.156658
2021-07-10T22:21:44.000,4.78,41.22,8.85,44.68728,-124.156658
2021-07-10T22:36:44.000,4.78,41.2,8.85,44.68728,-124.156658
2021-07-10T22:51:44.000,4.76,41.03,8.85,44.68728,-124.156658
2021-07-10T23:06:44.000,4.74,40.87,8.85,44.68728,-124.156658
2021-07-10T23:21:44.000,4.76,41.03,8.86,44.68728,-124.156658
2021-07-10T23:36:44.000,4.76,41.04,8.86,44.68728,-124.156658
2021-07-10T23:51:44.000,4.75,40.95,8.86,44.68728,-124.156658
2021-07-11T00:06:44.000,4.71,40.6,8.87,44.68728,-124.156658
2021-07-11T00:21:44.000,4.72,40.7,8.88,44.68728,-124.156658
2021-07-11T00:36:44.000,4.72,40.69,8.87,44.68728,-124.156658
2021-07-11T00:51:44.000,4.68,40.39,8.86,44.68728,-124.156658
2021-07-11T01:06:44.000,4.71,40.62,8.86,44.68728,-124.156658
2021-07-11T01:21:44.000,4.68,40.37,8.86,44.68728,-124.156658
2021-07-11T01:36:44.000,4.7,40.56,8.85,44.68728,-124.156658
2021-07-11T01:51:44.000,4.72,40.65,8.85,44.68728,-124.156658
2021-07-11T02:06:44.000,4.72,40.73,8.85,44.68728,-124.156658
2021-07-11T02:21:44.000,4.71,40.58,8.85,44.68728,-124.156658
2021-07-11T02:36:44.000,4.71,40.59,8.85,44.68728,-124.156658
2021-07-11T02:51:44.000,4.69,40.47,8.85,44.68728,-124.156658
2021-07-11T03:06:44.000,4.69,40.47,8.85,44.68728,-124.156658
2021-07-11T03:21:44.000,4.7,40.49,8.85,44.68728,-124.156658
2021-07-11T03:36:44.000,4.71,40.61,8.85,44.68728,-124.156658
2021-07-11T03:51:44.000,4.72,40.71,8.85,44.68728,-124.156658
2021-07-11T04:06:44.000,4.72,40.68,8.84,44.68728,-124.156658
2021-07-11T04:21:44.000,4.73,40.72,8.83,44.68728,-124.156658
2021-07-11T04:36:44.000,4.72,40.64,8.83,44.68728,-124.156658
2021-07-11T04:51:44.000,4.72,40.7,8.83,44.68728,-124.156658
2021-07-11T05:06:44.000,4.73,40.71,8.82,44.68728,-124.156658
2021-07-11T05:21:44.000,4.7,40.51,8.82,44.68728,-124.156658
2021-07-11T05:36:44.000,4.73,40.76,8.81,44.68728,-124.156658
2021-07-11T05:51:44.000,4.73,40.71,8.81,44.68728,-124.156658
2021-07-11T06:06:44.000,4.73,40.75,8.81,44.68728,-124.156658
2021-07-11T06:21:44.000,4.73,40.73,8.81,44.68728,-124.156658
2021-07-11T06:36:44.000,4.73,40.7,8.8,44.68728,-124.156658
2021-07-11T06:51:44.000,4.73,40.71,8.79,44.68728,-124.156658
2021-07-11T07:06:44.000,4.72,40.64,8.78,44.68728,-124.156658
2021-07-11T07:21:44.000,4.71,40.55,8.78,44.68728,-124.156658
2021-07-11T07:36:44.000,4.72,40.59,8.78,44.68728,-124.156658
2021-07-11T07:51:44.000,4.72,40.59,8.78,44.68728,-124.156658
2021-07-11T08:06:44.000,4.69,40.37,8.76,44.68728,-124.156658
2021-07-11T08:21:44.000,4.69,40.36,8.76,44.68728,-124.156658
2021-07-11T08:36:44.000,4.69,40.32,8.76,44.68728,-124.156658
2021-07-11T08:51:44.000,4.68,40.28,8.75,44.68728,-124.156658
2021-07-11T09:06:44.000,4.67,40.15,8.75,44.68728,-124.156658
2021-07-11T09:21:44.000,4.66,40.05,8.74,44.68728,-124.156658
2021-07-11T09:36:44.000,4.66,40.03,8.74,44.68728,-124.156658
2021-07-11T09:51:44.000,4.66,40.03,8.73,44.68728,-124.156658
2021-07-11T10:06:44.000,4.65,39.99,8.74,44.68728,-124.156658
2021-07-11T10:21:44.000,4.65,39.99,8.74,44.68728,-124.156658
2021-07-11T10:36:44.000,4.64,39.88,8.75,44.68728,-124.156658
2021-07-11T10:51:44.000,4.63,39.78,8.75,44.68728,-124.156658
2021-07-11T11:06:44.000,4.63,39.81,8.75,44.68728,-124.156658
2021-07-11T11:21:44.000,4.62,39.73,8.76,44.68728,-124.156658
2021-07-11T11:36:44.000,4.62,39.69,8.76,44.68728,-124.156658
2021-07-11T11:51:44.000,4.59,39.45,8.76,44.68728,-124.156658
2021-07-11T12:06:44.000,4.59,39.5,8.77,44.68728,-124.156658
2021-07-11T12:21:44.000,4.59,39.49,8.78,44.68728,-124.156658
2021-07-11T12:36:44.000,4.59,39.52,8.78,44.68728,-124.156658
2021-07-11T12:51:44.000,4.6,39.61,8.78,44.68728,-124.156658
2021-07-11T13:06:44.000,4.59,39.5,8.79,44.68728,-124.156658
2021-07-11T13:21:44.000,4.58,39.45,8.8,44.68728,-124.156658
2021-07-11T13:36:44.000,4.6,39.58,8.8,44.68728,-124.156658
2021-07-11T13:51:44.000,4.59,39.53,8.81,44.68728,-124.156658
2021-07-11T14:06:44.000,4.41,37.98,8.81,44.68728,-124.156658
2021-07-11T14:21:44.000,4.57,39.33,8.81,44.68728,-124.156658
2021-07-11T14:36:44.000,4.58,39.42,8.81,44.68728,-124.156658
2021-07-11T14:51:44.000,4.56,39.26,8.82,44.68728,-124.156658
2021-07-11T15:06:44.000,4.58,39.45,8.81,44.68728,-124.156658
2021-07-11T15:21:44.000,4.58,39.44,8.81,44.68728,-124.156658
2021-07-11T15:36:44.000,4.59,39.49,8.81,44.68728,-124.156658
2021-07-11T15:51:44.000,4.58,39.45,8.81,44.68728,-124.156658
2021-07-11T16:06:44.000,4.57,39.38,8.82,44.68728,-124.156658
2021-07-11T16:21:44.000,4.57,39.32,8.82,44.68728,-124.156658
2021-07-11T16:36:44.000,4.58,39.42,8.82,44.68728,-124.156658
2021-07-11T16:51:44.000,4.57,39.38,8.82,44.68728,-124.156658
2021-07-11T17:06:44.000,4.58,39.42,8.81,44.68728,-124.156658
2021-07-11T17:21:44.000,4.58,39.42,8.81,44.68728,-124.156658
2021-07-11T17:36:44.000,4.59,39.51,8.81,44.68728,-124.156658
2021-07-11T17:51:44.000,4.6,39.58,8.81,44.68728,-124.156658
2021-07-11T18:06:44.000,4.61,39.66,8.81,44.68728,-124.156658
2021-07-11T18:21:44.000,4.62,39.77,8.81,44.68728,-124.156658
2021-07-11T18:36:44.000,4.63,39.91,8.82,44.68728,-124.156658
2021-07-11T18:51:44.000,4.65,40.07,8.83,44.68728,-124.156658
2021-07-11T19:06:44.000,4.67,40.24,8.83,44.68728,-124.156658
2021-07-11T19:21:44.000,4.69,40.38,8.83,44.68728,-124.156658
2021-07-11T19:36:44.000,4.7,40.54,8.85,44.68728,-124.156658
2021-07-11T19:51:44.000,4.71,40.58,8.85,44.68728,-124.156658
2021-07-11T20:06:44.000,4.72,40.68,8.86,44.68728,-124.156658
2021-07-11T20:21:44.000,4.73,40.8,8.88,44.68728,-124.156658
2021-07-11T20:36:44.000,4.74,40.94,8.89,44.68728,-124.156658
2021-07-11T20:51:44.000,4.76,41.04,8.9,44.68728,-124.156658
2021-07-11T21:06:44.000,4.77,41.13,8.9,44.68728,-124.156658
2021-07-11T21:21:44.000,4.74,40.93,8.91,44.68728,-124.156658
2021-07-11T21:36:44.000,4.79,41.32,8.92,44.68728,-124.156658
2021-07-11T21:51:44.000,4.78,41.31,8.92,44.68728,-124.156658
2021-07-11T22:06:44.000,4.79,41.39,8.92,44.68728,-124.156658
2021-07-11T22:21:44.000,4.8,41.45,8.93,44.68728,-124.156658
2021-07-11T22:36:44.000,4.81,41.58,8.94,44.68728,-124.156658
2021-07-11T22:51:44.000,4.82,41.66,8.95,44.68728,-124.156658
2021-07-11T23:06:44.000,4.84,41.8,8.95,44.68728,-124.156658
2021-07-11T23:21:44.000,4.85,41.93,8.97,44.68728,-124.156658
2021-07-11T23:36:44.000,4.85,41.93,8.97,44.68728,-124.156658
2021-07-11T23:51:44.000,4.86,41.98,8.97,44.68728,-124.156658
2021-07-12T00:06:44.000,4.85,41.96,8.99,44.68728,-124.156658
2021-07-12T00:21:44.000,4.84,41.91,8.99,44.68728,-124.156658
2021-07-12T00:36:44.000,4.84,41.86,8.99,44.68728,-124.156658
2021-07-12T00:51:44.000,4.84,41.9,9,44.68728,-124.156658
2021-07-12T01:06:44.000,4.84,41.89,9,44.68728,-124.156658
2021-07-12T01:21:44.000,4.83,41.81,9.02,44.68728,-124.156658
2021-07-12T01:36:44.000,4.83,41.84,9.02,44.68728,-124.156658
2021-07-12T01:51:44.000,4.83,41.83,9.02,44.68728,-124.156658
2021-07-12T02:06:44.000,4.83,41.81,9.02,44.68728,-124.156658
2021-07-12T02:21:44.000,4.81,41.62,9.03,44.68728,-124.156658
2021-07-12T02:36:44.000,4.82,41.7,9.03,44.68728,-124.156658
2021-07-12T02:51:44.000,4.82,41.7,9.04,44.68728,-124.156658
2021-07-12T03:06:44.000,4.8,41.56,9.04,44.68728,-124.156658
2021-07-12T03:21:44.000,4.81,41.65,9.04,44.68728,-124.156658
2021-07-12T03:36:44.000,4.8,41.54,9.04,44.68728,-124.156658
2021-07-12T03:51:44.000,4.79,41.51,9.04,44.68728,-124.156658
2021-07-12T04:06:44.000,4.79,41.47,9.04,44.68728,-124.156658
2021-07-12T04:21:44.000,4.78,41.42,9.04,44.68728,-124.156658
2021-07-12T04:36:44.000,4.78,41.42,9.04,44.68728,-124.156658
2021-07-12T04:51:44.000,4.8,41.54,9.05,44.68728,-124.156658
2021-07-12T05:06:44.000,4.8,41.56,9.06,44.68728,-124.156658
2021-07-12T05:21:44.000,4.81,41.65,9.06,44.68728,-124.156658
2021-07-12T05:36:44.000,4.84,41.93,9.07,44.68728,-124.156658
2021-07-12T05:51:44.000,4.87,42.24,9.07,44.68728,-124.156658
2021-07-12T06:06:44.000,4.87,42.2,9.07,44.68728,-124.156658
2021-07-12T06:21:44.000,4.88,42.32,9.07,44.68728,-124.156658
2021-07-12T06:36:44.000,4.9,42.51,9.08,44.68728,-124.156658
2021-07-12T06:51:44.000,4.91,42.58,9.09,44.68728,-124.156658
2021-07-12T07:06:44.000,4.92,42.65,9.09,44.68728,-124.156658
2021-07-12T07:21:44.000,4.92,42.68,9.09,44.68728,-124.156658
2021-07-12T07:36:44.000,4.93,42.72,9.09,44.68728,-124.156658
2021-07-12T07:51:44.000,4.93,42.7,9.09,44.68728,-124.156658
2021-07-12T08:06:44.000,4.92,42.65,9.09,44.68728,-124.156658
2021-07-12T08:21:44.000,4.91,42.6,9.09,44.68728,-124.156658
2021-07-12T08:36:44.000,4.44,38.21,8.79,44.68728,-124.156658
2021-07-12T08:51:44.000,4.38,37.6,8.71,44.68728,-124.156658
2021-07-12T09:06:44.000,4.37,37.49,8.69,44.68728,-124.156658
2021-07-12T09:21:44.000,4.35,37.34,8.67,44.68728,-124.156658
2021-07-12T09:36:44.000,4.34,37.25,8.66,44.68728,-124.156658
2021-07-12T09:51:44.000,4.33,37.13,8.66,44.68728,-124.156658
2021-07-12T10:06:44.000,4.31,36.98,8.67,44.68728,-124.156658
2021-07-12T10:21:44.000,4.31,36.98,8.67,44.68728,-124.156658
2021-07-12T10:36:44.000,4.3,36.95,8.68,44.68728,-124.156658
2021-07-12T10:51:44.000,4.3,36.89,8.69,44.68728,-124.156658
2021-07-12T11:06:44.000,4.32,37.06,8.69,44.68728,-124.156658
2021-07-12T11:21:44.000,4.3,36.96,8.69,44.68728,-124.156658
2021-07-12T11:36:44.000,4.31,36.99,8.69,44.68728,-124.156658
2021-07-12T11:51:44.000,4.31,37.03,8.69,44.68728,-124.156658
2021-07-12T12:06:44.000,4.33,37.18,8.7,44.68728,-124.156658
2021-07-12T12:21:44.000,4.35,37.38,8.71,44.68728,-124.156658
2021-07-12T12:36:44.000,4.37,37.54,8.71,44.68728,-124.156658
2021-07-12T12:51:44.000,4.38,37.63,8.73,44.68728,-124.156658
2021-07-12T13:06:44.000,4.39,37.74,8.74,44.68728,-124.156658
2021-07-12T13:21:44.000,4.4,37.83,8.76,44.68728,-124.156658
2021-07-12T13:36:44.000,4.43,38.12,8.79,44.68728,-124.156658
2021-07-12T13:51:44.000,4.44,38.21,8.81,44.68728,-124.156658
2021-07-12T14:06:44.000,4.45,38.35,8.81,44.68728,-124.156658
2021-07-12T14:21:44.000,4.46,38.44,8.83,44.68728,-124.156658
2021-07-12T14:36:44.000,4.47,38.48,8.83,44.68728,-124.156658
2021-07-12T14:51:44.000,4.46,38.44,8.85,44.68728,-124.156658
2021-07-12T15:06:44.000,4.48,38.65,8.87,44.68728,-124.156658
2021-07-12T15:21:44.000,4.49,38.7,8.88,44.68728,-124.156658
2021-07-12T15:36:44.000,4.48,38.66,8.92,44.68728,-124.156658
2021-07-12T15:51:44.000,4.47,38.6,8.95,44.68728,-124.156658
2021-07-12T16:06:44.000,4.45,38.45,8.99,44.68728,-124.156658
2021-07-12T16:21:44.000,4.43,38.33,9.02,44.68728,-124.156658
2021-07-12T16:36:44.000,4.4,38.13,9.04,44.68728,-124.156658
2021-07-12T16:51:44.000,4.37,37.85,9.04,44.68728,-124.156658
2021-07-12T17:06:44.000,4.37,37.8,9.01,44.68728,-124.156658
2021-07-12T17:21:44.000,4.34,37.57,9,44.68728,-124.156658
2021-07-12T17:36:44.000,4.3,37.18,9.02,44.68728,-124.156658
2021-07-12T17:51:44.000,4.27,36.95,9.02,44.68728,-124.156658
2021-07-12T18:06:44.000,4.25,36.79,9.01,44.68728,-124.156658
2021-07-12T18:21:44.000,4.3,37.2,9,44.68728,-124.156658
2021-07-12T18:36:44.000,4.29,37.12,8.99,44.68728,-124.156658
2021-07-12T18:51:44.000,4.28,37.06,8.99,44.68728,-124.156658
2021-07-12T19:06:44.000,4.28,37.01,8.99,44.68728,-124.156658
2021-07-12T19:21:44.000,4.28,36.97,8.98,44.68728,-124.156658
2021-07-12T19:36:44.000,4.27,36.94,8.97,44.68728,-124.156658
2021-07-12T19:51:44.000,4.27,36.92,8.97,44.68728,-124.156658
2021-07-12T20:06:44.000,4.27,36.88,8.96,44.68728,-124.156658
2021-07-12T20:21:44.000,4.26,36.8,8.96,44.68728,-124.156658
2021-07-12T20:36:44.000,4.25,36.73,8.95,44.68728,-124.156658
2021-07-12T20:51:44.000,4.25,36.69,8.95,44.68728,-124.156658
2021-07-12T21:06:44.000,4.24,36.6,8.94,44.68728,-124.156658
2021-07-12T21:21:44.000,4.23,36.57,8.94,44.68728,-124.156658
2021-07-12T21:36:44.000,4.23,36.56,8.94,44.68728,-124.156658
2021-07-12T21:51:44.000,4.23,36.55,8.94,44.68728,-124.156658
2021-07-12T22:06:44.000,4.24,36.62,8.92,44.68728,-124.156658
2021-07-12T22:21:44.000,4.25,36.7,8.9,44.68728,-124.156658
2021-07-12T22:36:44.000,4.25,36.69,8.9,44.68728,-124.156658
2021-07-12T22:51:44.000,4.26,36.81,8.9,44.68728,-124.156658
2021-07-12T23:06:44.000,4.28,36.91,8.89,44.68728,-124.156658
2021-07-12T23:21:44.000,4.3,37.11,8.88,44.68728,-124.156658
2021-07-12T23:36:44.000,4.31,37.15,8.88,44.68728,-124.156658
2021-07-12T23:51:44.000,4.29,37.04,8.88,44.68728,-124.156658
2021-07-13T00:06:44.000,4.31,37.23,8.89,44.68728,-124.156658
2021-07-13T00:21:44.000,4.34,37.46,8.9,44.68728,-124.156658
2021-07-13T00:36:44.000,4.37,37.67,8.89,44.68728,-124.156658
2021-07-13T00:51:44.000,4.36,37.58,8.89,44.68728,-124.156658
2021-07-13T01:06:44.000,4.38,37.75,8.88,44.68728,-124.156658
2021-07-13T01:21:44.000,4.36,37.62,8.88,44.68728,-124.156658
2021-07-13T01:36:44.000,4.37,37.7,8.88,44.68728,-124.156658
2021-07-13T01:51:44.000,4.37,37.65,8.87,44.68728,-124.156658
2021-07-13T02:06:44.000,4.36,37.63,8.86,44.68728,-124.156658
2021-07-13T02:21:44.000,4.35,37.49,8.85,44.68728,-124.156658
2021-07-13T02:36:44.000,4.34,37.39,8.85,44.68728,-124.156658
2021-07-13T02:51:44.000,4.33,37.33,8.83,44.68728,-124.156658
2021-07-13T03:06:44.000,4.34,37.36,8.83,44.68728,-124.156658
2021-07-13T03:21:44.000,4.34,37.37,8.82,44.68728,-124.156658
2021-07-13T03:36:44.000,4.34,37.35,8.81,44.68728,-124.156658
2021-07-13T03:51:44.000,4.33,37.25,8.81,44.68728,-124.156658
2021-07-13T04:06:44.000,4.32,37.18,8.81,44.68728,-124.156658
2021-07-13T04:21:44.000,4.28,36.86,8.78,44.68728,-124.156658
2021-07-13T04:36:44.000,4.27,36.72,8.76,44.68728,-124.156658
2021-07-13T04:51:44.000,4.25,36.59,8.76,44.68728,-124.156658
2021-07-13T05:06:44.000,4.25,36.52,8.74,44.68728,-124.156658
2021-07-13T05:21:44.000,4.25,36.52,8.73,44.68728,-124.156658
2021-07-13T05:36:44.000,4.24,36.41,8.73,44.68728,-124.156658
2021-07-13T05:51:44.000,4.24,36.48,8.73,44.68728,-124.156658
2021-07-13T06:06:44.000,4.24,36.46,8.73,44.68728,-124.156658
2021-07-13T06:21:44.000,4.25,36.52,8.73,44.68728,-124.156658
2021-07-13T06:36:44.000,4.26,36.6,8.73,44.68728,-124.156658
2021-07-13T06:51:44.000,4.26,36.59,8.73,44.68728,-124.156658
2021-07-13T07:06:44.000,4.26,36.61,8.73,44.68728,-124.156658
2021-07-13T07:21:44.000,4.27,36.7,8.74,44.68728,-124.156658
2021-07-13T07:36:44.000,4.27,36.73,8.75,44.68728,-124.156658
2021-07-13T07:51:44.000,4.28,36.79,8.76,44.68728,-124.156658
2021-07-13T08:06:44.000,4.31,37.06,8.76,44.68728,-124.156658
2021-07-13T08:21:44.000,4.33,37.26,8.78,44.68728,-124.156658
2021-07-13T08:36:44.000,4.34,37.36,8.78,44.68728,-124.156658
2021-07-13T08:51:44.000,4.36,37.55,8.79,44.68728,-124.156658
2021-07-13T09:06:44.000,4.35,37.31,8.69,44.68728,-124.156658
2021-07-13T09:21:44.000,4.36,37.37,8.64,44.68728,-124.156658
2021-07-13T09:36:44.000,4.28,36.66,8.61,44.68728,-124.156658
2021-07-13T09:51:44.000,4.15,35.45,8.52,44.68728,-124.156658
2021-07-13T10:06:44.000,4.15,35.45,8.5,44.68728,-124.156658
2021-07-13T10:21:44.000,4.13,35.28,8.47,44.68728,-124.156658
2021-07-13T10:36:44.000,4.12,35.19,8.47,44.68728,-124.156658
2021-07-13T10:51:44.000,4.12,35.16,8.46,44.68728,-124.156658
2021-07-13T11:06:44.000,4.1,35.04,8.47,44.68728,-124.156658
2021-07-13T11:21:44.000,4.1,35.05,8.47,44.68728,-124.156658
2021-07-13T11:36:44.000,4.11,35.09,8.47,44.68728,-124.156658
2021-07-13T11:51:44.000,4.13,35.27,8.47,44.68728,-124.156658
2021-07-13T12:06:44.000,4.15,35.43,8.47,44.68728,-124.156658
2021-07-13T12:21:44.000,4.16,35.52,8.49,44.68728,-124.156658
2021-07-13T12:36:44.000,4.17,35.61,8.5,44.68728,-124.156658
2021-07-13T12:51:44.000,4.17,35.61,8.5,44.68728,-124.156658
2021-07-13T13:06:44.000,4.2,35.88,8.51,44.68728,-124.156658
2021-07-13T13:21:44.000,4.23,36.15,8.52,44.68728,-124.156658
2021-07-13T13:36:44.000,4.32,36.92,8.54,44.68728,-124.156658
2021-07-13T13:51:44.000,4.33,37.04,8.54,44.68728,-124.156658
2021-07-13T14:06:44.000,4.35,37.2,8.54,44.68728,-124.156658
2021-07-13T14:21:44.000,4.37,37.36,8.54,44.68728,-124.156658
2021-07-13T14:36:44.000,4.38,37.5,8.56,44.68728,-124.156658
2021-07-13T14:51:44.000,4.39,37.55,8.55,44.68728,-124.156658
2021-07-13T15:06:44.000,4.4,37.66,8.56,44.68728,-124.156658
2021-07-13T15:21:44.000,4.42,37.84,8.57,44.68728,-124.156658
2021-07-13T15:36:44.000,4.45,38.09,8.57,44.68728,-124.156658
2021-07-13T15:51:44.000,4.46,38.18,8.57,44.68728,-124.156658
2021-07-13T16:06:44.000,4.47,38.28,8.58,44.68728,-124.156658
2021-07-13T16:21:44.000,4.48,38.37,8.59,44.68728,-124.156658
2021-07-13T16:36:44.000,4.48,38.4,8.59,44.68728,-124.156658
2021-07-13T16:51:44.000,4.48,38.37,8.58,44.68728,-124.156658
2021-07-13T17:06:44.000,4.48,38.35,8.57,44.68728,-124.156658
2021-07-13T17:21:44.000,4.46,38.22,8.57,44.68728,-124.156658
2021-07-13T17:36:44.000,4.34,37.09,8.54,44.68728,-124.156658
2021-07-13T17:51:44.000,4.22,36.07,8.51,44.68728,-124.156658
2021-07-13T18:06:44.000,4.19,35.82,8.5,44.68728,-124.156658
2021-07-13T18:21:44.000,4.2,35.88,8.47,44.68728,-124.156658
2021-07-13T18:36:44.000,4.2,35.83,8.47,44.68728,-124.156658
2021-07-13T18:51:44.000,4.19,35.77,8.47,44.68728,-124.156658
2021-07-13T19:06:44.000,4.19,35.79,8.46,44.68728,-124.156658
2021-07-13T19:21:44.000,4.21,35.93,8.45,44.68728,-124.156658
2021-07-13T19:36:44.000,4.22,36.06,8.45,44.68728,-124.156658
2021-07-13T19:51:44.000,4.23,36.08,8.45,44.68728,-124.156658
2021-07-13T20:06:44.000,4.24,36.17,8.45,44.68728,-124.156658
2021-07-13T20:21:44.000,4.19,35.78,8.42,44.68728,-124.156658
2021-07-13T20:36:44.000,4.16,35.48,8.41,44.68728,-124.156658
2021-07-13T20:51:44.000,4.15,35.36,8.4,44.68728,-124.156658
2021-07-13T21:06:44.000,4.14,35.34,8.4,44.68728,-124.156658
2021-07-13T21:21:44.000,4.15,35.36,8.4,44.68728,-124.156658
2021-07-13T21:36:44.000,4.16,35.49,8.4,44.68728,-124.156658
2021-07-13T21:51:44.000,4.18,35.63,8.4,44.68728,-124.156658
2021-07-13T22:06:44.000,4.18,35.68,8.41,44.68728,-124.156658
2021-07-13T22:21:44.000,4.2,35.8,8.42,44.68728,-124.156658
2021-07-13T22:36:44.000,4.2,35.85,8.42,44.68728,-124.156658
2021-07-13T22:51:44.000,4.22,35.97,8.42,44.68728,-124.156658
2021-07-13T23:06:44.000,4.23,36.13,8.42,44.68728,-124.156658
2021-07-13T23:21:44.000,4.23,36.13,8.42,44.68728,-124.156658
2021-07-13T23:36:44.000,4.21,35.93,8.42,44.68728,-124.156658
2021-07-13T23:51:44.000,4.2,35.86,8.42,44.68728,-124.156658
2021-07-14T00:06:44.000,4.18,35.61,8.41,44.68728,-124.156658
2021-07-14T00:21:44.000,4.14,35.34,8.4,44.68728,-124.156658
2021-07-14T00:36:44.000,4.07,34.67,8.4,44.68728,-124.156658
2021-07-14T00:51:44.000,4.04,34.43,8.39,44.68728,-124.156658
2021-07-14T01:06:44.000,4.03,34.34,8.38,44.68728,-124.156658
2021-07-14T01:21:44.000,4.02,34.24,8.38,44.68728,-124.156658
2021-07-14T01:36:44.000,4,34.08,8.38,44.68728,-124.156658
2021-07-14T01:51:44.000,3.99,33.97,8.38,44.68728,-124.156658
2021-07-14T02:06:44.000,3.98,33.9,8.38,44.68728,-124.156658
2021-07-14T02:21:44.000,3.97,33.85,8.38,44.68728,-124.156658
2021-07-14T02:36:44.000,3.98,33.88,8.38,44.68728,-124.156658
2021-07-14T02:51:44.000,3.98,33.94,8.38,44.68728,-124.156658
2021-07-14T03:06:44.000,3.98,33.94,8.39,44.68728,-124.156658
2021-07-14T03:21:44.000,3.99,34.04,8.39,44.68728,-124.156658
2021-07-14T03:36:44.000,4,34.05,8.38,44.68728,-124.156658
2021-07-14T03:51:44.000,3.99,34.01,8.38,44.68728,-124.156658
2021-07-14T04:06:44.000,3.99,34.01,8.39,44.68728,-124.156658
2021-07-14T04:21:44.000,3.98,33.97,8.39,44.68728,-124.156658
2021-07-14T04:36:44.000,3.99,34,8.38,44.68728,-124.156658
2021-07-14T04:51:44.000,3.99,33.98,8.39,44.68728,-124.156658
2021-07-14T05:06:44.000,3.98,33.93,8.39,44.68728,-124.156658
2021-07-14T05:21:44.000,3.99,34.01,8.38,44.68728,-124.156658
2021-07-14T05:36:44.000,3.99,34.02,8.38,44.68728,-124.156658
2021-07-14T05:51:44.000,3.99,33.99,8.38,44.68728,-124.156658
2021-07-14T06:06:44.000,3.84,32.69,8.35,44.68728,-124.156658
2021-07-14T06:21:44.000,3.83,32.62,8.35,44.68728,-124.156658
2021-07-14T06:36:44.000,3.84,32.72,8.35,44.68728,-124.156658
2021-07-14T06:51:44.000,3.83,32.66,8.35,44.68728,-124.156658
2021-07-14T07:06:44.000,3.82,32.53,8.35,44.68728,-124.156658
2021-07-14T07:21:44.000,3.81,32.46,8.35,44.68728,-124.156658
2021-07-14T07:36:44.000,3.79,32.26,8.35,44.68728,-124.156658
2021-07-14T07:51:44.000,3.77,32.09,8.35,44.68728,-124.156658
2021-07-14T08:06:44.000,3.76,32.02,8.35,44.68728,-124.156658
2021-07-14T08:21:44.000,3.75,31.97,8.35,44.68728,-124.156658
2021-07-14T08:36:44.000,3.76,31.98,8.35,44.68728,-124.156658
2021-07-14T08:51:44.000,3.75,31.91,8.35,44.68728,-124.156658
2021-07-14T09:06:44.000,3.75,31.9,8.35,44.68728,-124.156658
2021-07-14T09:21:44.000,3.74,31.85,8.35,44.68728,-124.156658
2021-07-14T09:36:44.000,3.74,31.88,8.35,44.68728,-124.156658
2021-07-14T09:51:44.000,3.75,31.9,8.35,44.68728,-124.156658
2021-07-14T10:06:44.000,3.76,32,8.35,44.68728,-124.156658
2021-07-14T10:21:44.000,3.76,32.05,8.35,44.68728,-124.156658
2021-07-14T10:36:44.000,3.77,32.1,8.35,44.68728,-124.156658
2021-07-14T10:51:44.000,3.78,32.19,8.35,44.68728,-124.156658
2021-07-14T11:06:44.000,3.79,32.29,8.35,44.68728,-124.156658
2021-07-14T11:21:44.000,3.79,32.32,8.35,44.68728,-124.156658
2021-07-14T11:36:44.000,3.8,32.38,8.35,44.68728,-124.156658
2021-07-14T11:51:44.000,3.81,32.43,8.36,44.68728,-124.156658
2021-07-14T12:06:44.000,3.81,32.48,8.36,44.68728,-124.156658
2021-07-14T12:21:44.000,3.82,32.56,8.36,44.68728,-124.156658
2021-07-14T12:36:44.000,3.83,32.63,8.36,44.68728,-124.156658
2021-07-14T12:51:44.000,3.84,32.67,8.37,44.68728,-124.156658
2021-07-14T13:06:44.000,3.84,32.73,8.37,44.68728,-124.156658
2021-07-14T13:21:44.000,3.85,32.78,8.37,44.68728,-124.156658
2021-07-14T13:36:44.000,3.85,32.8,8.38,44.68728,-124.156658
2021-07-14T13:51:44.000,3.85,32.85,8.37,44.68728,-124.156658
2021-07-14T14:06:44.000,3.85,32.83,8.38,44.68728,-124.156658
2021-07-14T14:21:44.000,3.85,32.83,8.38,44.68728,-124.156658
2021-07-14T14:36:44.000,3.84,32.74,8.37,44.68728,-124.156658
2021-07-14T14:51:44.000,3.82,32.57,8.36,44.68728,-124.156658
2021-07-14T15:06:44.000,3.8,32.35,8.36,44.68728,-124.156658
2021-07-14T15:21:44.000,3.76,32.02,8.35,44.68728,-124.156658
2021-07-14T15:36:44.000,3.73,31.76,8.35,44.68728,-124.156658
2021-07-14T15:51:44.000,3.69,31.44,8.35,44.68728,-124.156658
2021-07-14T16:06:44.000,3.67,31.28,8.34,44.68728,-124.156658
2021-07-14T16:21:44.000,3.67,31.22,8.35,44.68728,-124.156658
2021-07-14T16:36:44.000,3.67,31.25,8.34,44.68728,-124.156658
2021-07-14T16:51:44.000,3.66,31.12,8.34,44.68728,-124.156658
2021-07-14T17:06:44.000,3.65,31.03,8.33,44.68728,-124.156658
2021-07-14T17:21:44.000,3.64,30.96,8.33,44.68728,-124.156658
2021-07-14T17:36:44.000,3.64,30.95,8.33,44.68728,-124.156658
2021-07-14T17:51:44.000,3.63,30.91,8.33,44.68728,-124.156658
2021-07-14T18:06:44.000,3.62,30.81,8.33,44.68728,-124.156658
2021-07-14T18:21:44.000,3.61,30.75,8.33,44.68728,-124.156658
2021-07-14T18:36:44.000,3.6,30.66,8.33,44.68728,-124.156658
2021-07-14T18:51:44.000,3.6,30.62,8.33,44.68728,-124.156658
2021-07-14T19:06:44.000,3.59,30.59,8.33,44.68728,-124.156658
2021-07-14T19:21:44.000,3.59,30.53,8.33,44.68728,-124.156658
2021-07-14T19:36:44.000,3.59,30.58,8.33,44.68728,-124.156658
2021-07-14T19:51:44.000,3.59,30.6,8.33,44.68728,-124.156658
2021-07-14T20:06:44.000,3.59,30.57,8.33,44.68728,-124.156658
2021-07-14T20:21:44.000,3.59,30.57,8.33,44.68728,-124.156658
2021-07-14T20:36:44.000,3.59,30.52,8.33,44.68728,-124.156658
2021-07-14T20:51:44.000,3.59,30.52,8.33,44.68728,-124.156658
2021-07-14T21:06:44.000,3.58,30.45,8.33,44.68728,-124.156658
2021-07-14T21:21:44.000,3.58,30.44,8.33,44.68728,-124.156658
2021-07-14T21:36:44.000,3.58,30.45,8.33,44.68728,-124.156658
2021-07-14T21:51:44.000,3.59,30.55,8.33,44.68728,-124.156658
2021-07-14T22:06:44.000,3.59,30.58,8.33,44.68728,-124.156658
2021-07-14T22:21:44.000,3.6,30.61,8.33,44.68728,-124.156658
2021-07-14T22:36:44.000,3.59,30.58,8.33,44.68728,-124.156658
2021-07-14T22:51:44.000,3.6,30.61,8.33,44.68728,-124.156658
2021-07-14T23:06:44.000,3.58,30.49,8.33,44.68728,-124.156658
2021-07-14T23:21:44.000,3.6,30.63,8.33,44.68728,-124.156658
2021-07-14T23:36:44.000,3.59,30.59,8.33,44.68728,-124.156658
2021-07-14T23:51:44.000,3.58,30.49,8.33,44.68728,-124.156658
2021-07-15T00:06:44.000,3.58,30.47,8.33,44.68728,-124.156658
2021-07-15T00:21:44.000,3.58,30.46,8.33,44.68728,-124.156658
2021-07-15T00:36:44.000,3.59,30.55,8.33,44.68728,-124.156658
2021-07-15T00:51:44.000,3.59,30.53,8.33,44.68728,-124.156658
2021-07-15T01:06:44.000,3.57,30.4,8.33,44.68728,-124.156658
2021-07-15T01:21:44.000,3.58,30.45,8.33,44.68728,-124.156658
2021-07-15T01:36:44.000,3.56,30.28,8.33,44.68728,-124.156658
2021-07-15T01:51:44.000,3.53,30.05,8.33,44.68728,-124.156658
2021-07-15T02:06:44.000,3.53,30.04,8.33,44.68728,-124.156658
2021-07-15T02:21:44.000,3.53,30.02,8.33,44.68728,-124.156658
2021-07-15T02:36:44.000,3.53,30.06,8.33,44.68728,-124.156658
2021-07-15T02:51:44.000,3.49,29.65,8.31,44.68728,-124.156658
2021-07-15T03:06:44.000,3.42,29.13,8.31,44.68728,-124.156658
2021-07-15T03:21:44.000,3.39,28.83,8.29,44.68728,-124.156658
2021-07-15T03:36:44.000,3.36,28.61,8.28,44.68728,-124.156658
2021-07-15T03:51:44.000,3.35,28.51,8.28,44.68728,-124.156658
2021-07-15T04:06:44.000,3.34,28.4,8.28,44.68728,-124.156658
2021-07-15T04:21:44.000,3.33,28.35,8.28,44.68728,-124.156658
2021-07-15T04:36:44.000,3.31,28.17,8.28,44.68728,-124.156658
2021-07-15T04:51:44.000,3.31,28.11,8.28,44.68728,-124.156658
2021-07-15T05:06:44.000,3.3,28.08,8.27,44.68728,-124.156658
2021-07-15T05:21:44.000,3.29,28,8.28,44.68728,-124.156658
2021-07-15T05:36:44.000,3.29,27.96,8.27,44.68728,-124.156658
2021-07-15T05:51:44.000,3.28,27.91,8.27,44.68728,-124.156658
2021-07-15T06:06:44.000,3.28,27.84,8.28,44.68728,-124.156658
2021-07-15T06:21:44.000,3.27,27.77,8.27,44.68728,-124.156658
2021-07-15T06:36:44.000,3.26,27.75,8.27,44.68728,-124.156658
2021-07-15T06:51:44.000,3.27,27.78,8.27,44.68728,-124.156658
2021-07-15T07:06:44.000,3.26,27.71,8.27,44.68728,-124.156658
2021-07-15T07:21:44.000,3.27,27.76,8.27,44.68728,-124.156658
2021-07-15T07:36:44.000,3.26,27.73,8.27,44.68728,-124.156658
2021-07-15T07:51:44.000,3.26,27.7,8.28,44.68728,-124.156658
2021-07-15T08:06:44.000,3.25,27.66,8.28,44.68728,-124.156658
2021-07-15T08:21:44.000,3.27,27.78,8.27,44.68728,-124.156658
2021-07-15T08:36:44.000,3.26,27.74,8.28,44.68728,-124.156658
2021-07-15T08:51:44.000,3.26,27.75,8.28,44.68728,-124.156658
2021-07-15T09:06:44.000,3.26,27.68,8.28,44.68728,-124.156658
2021-07-15T09:21:44.000,3.26,27.71,8.28,44.68728,-124.156658
2021-07-15T09:36:44.000,3.26,27.74,8.28,44.68728,-124.156658
2021-07-15T09:51:44.000,3.26,27.74,8.28,44.68728,-124.156658
2021-07-15T10:06:44.000,3.26,27.74,8.27,44.68728,-124.156658
2021-07-15T10:21:44.000,3.27,27.76,8.27,44.68728,-124.156658
2021-07-15T10:36:44.000,3.26,27.74,8.27,44.68728,-124.156658
2021-07-15T10:51:44.000,3.26,27.75,8.27,44.68728,-124.156658
2021-07-15T11:06:44.000,3.26,27.7,8.28,44.68728,-124.156658
2021-07-15T11:21:44.000,3.26,27.69,8.27,44.68728,-124.156658
2021-07-15T11:36:44.000,3.27,27.78,8.27,44.68728,-124.156658
2021-07-15T11:51:44.000,3.27,27.84,8.27,44.68728,-124.156658
2021-07-15T12:06:44.000,3.28,27.86,8.27,44.68728,-124.156658
2021-07-15T12:21:44.000,3.27,27.82,8.27,44.68728,-124.156658
2021-07-15T12:36:44.000,3.27,27.83,8.27,44.68728,-124.156658
2021-07-15T12:51:44.000,3.28,27.86,8.27,44.68728,-124.156658
2021-07-15T13:06:44.000,3.28,27.88,8.27,44.68728,-124.156658
2021-07-15T13:21:44.000,3.28,27.91,8.27,44.68728,-124.156658
2021-07-15T13:36:44.000,3.29,27.96,8.28,44.68728,-124.156658
2021-07-15T13:51:44.000,3.3,28.03,8.28,44.68728,-124.156658
2021-07-15T14:06:44.000,3.31,28.12,8.28,44.68728,-124.156658
2021-07-15T14:21:44.000,3.31,28.15,8.28,44.68728,-124.156658
2021-07-15T14:36:44.000,3.33,28.29,8.28,44.68728,-124.156658
2021-07-15T14:51:44.000,3.33,28.34,8.28,44.68728,-124.156658
2021-07-15T15:06:44.000,3.34,28.43,8.28,44.68728,-124.156658
2021-07-15T15:21:44.000,3.35,28.46,8.28,44.68728,-124.156658
2021-07-15T15:36:44.000,3.35,28.49,8.28,44.68728,-124.156658
2021-07-15T15:51:44.000,3.35,28.51,8.28,44.68728,-124.156658
2021-07-15T16:06:44.000,3.36,28.58,8.28,44.68728,-124.156658
2021-07-15T16:21:44.000,3.36,28.54,8.28,44.68728,-124.156658
2021-07-15T16:36:44.000,3.37,28.64,8.28,44.68728,-124.156658
2021-07-15T16:51:44.000,3.37,28.63,8.28,44.68728,-124.156658
2021-07-15T17:06:44.000,3.38,28.72,8.29,44.68728,-124.156658
2021-07-15T17:21:44.000,3.38,28.76,8.28,44.68728,-124.156658
2021-07-15T17:36:44.000,3.38,28.7,8.28,44.68728,-124.156658
2021-07-15T17:51:44.000,3.38,28.72,8.28,44.68728,-124.156658
2021-07-15T18:06:44.000,3.37,28.65,8.28,44.68728,-124.156658
2021-07-15T18:21:44.000,3.37,28.63,8.28,44.68728,-124.156658
2021-07-15T18:36:44.000,3.35,28.48,8.28,44.68728,-124.156658
2021-07-15T18:51:44.000,3.32,28.27,8.28,44.68728,-124.156658
2021-07-15T19:06:44.000,3.31,28.12,8.28,44.68728,-124.156658
2021-07-15T19:21:44.000,3.3,28.07,8.28,44.68728,-124.156658
2021-07-15T19:36:44.000,3.28,27.91,8.28,44.68728,-124.156658
2021-07-15T19:51:44.000,3.29,27.96,8.28,44.68728,-124.156658
2021-07-15T20:06:44.000,3.29,28,8.27,44.68728,-124.156658
2021-07-15T20:21:44.000,3.29,27.98,8.27,44.68728,-124.156658
2021-07-15T20:36:44.000,3.3,28.01,8.27,44.68728,-124.156658
2021-07-15T20:51:44.000,3.29,28,8.27,44.68728,-124.156658
2021-07-15T21:06:44.000,3.3,28.06,8.27,44.68728,-124.156658
2021-07-15T21:21:44.000,3.31,28.1,8.27,44.68728,-124.156658
2021-07-15T21:36:44.000,3.32,28.19,8.27,44.68728,-124.156658
2021-07-15T21:51:44.000,3.32,28.26,8.28,44.68728,-124.156658
2021-07-15T22:06:44.000,3.33,28.27,8.28,44.68728,-124.156658
2021-07-15T22:21:44.000,3.34,28.35,8.28,44.68728,-124.156658
2021-07-15T22:36:44.000,3.34,28.38,8.28,44.68728,-124.156658
2021-07-15T22:51:44.000,3.35,28.47,8.28,44.68728,-124.156658
2021-07-15T23:06:44.000,3.35,28.45,8.28,44.68728,-124.156658
2021-07-15T23:21:44.000,3.36,28.54,8.28,44.68728,-124.156658
2021-07-15T23:36:44.000,3.37,28.61,8.28,44.68728,-124.156658
2021-07-15T23:51:44.000,3.37,28.69,8.28,44.68728,-124.156658
2021-07-16T00:06:44.000,3.38,28.7,8.28,44.68728,-124.156658
2021-07-16T00:21:44.000,3.38,28.74,8.28,44.68728,-124.156658
2021-07-16T00:36:44.000,3.39,28.81,8.28,44.68728,-124.156658
2021-07-16T00:51:44.000,3.39,28.87,8.29,44.68728,-124.156658
2021-07-16T01:06:44.000,3.4,28.93,8.29,44.68728,-124.156658
2021-07-16T01:21:44.000,3.41,29.02,8.29,44.68728,-124.156658
2021-07-16T01:36:44.000,3.42,29.05,8.3,44.68728,-124.156658
2021-07-16T01:51:44.000,3.42,29.11,8.3,44.68728,-124.156658
2021-07-16T02:06:44.000,3.43,29.19,8.3,44.68728,-124.156658
2021-07-16T02:21:44.000,3.44,29.26,8.3,44.68728,-124.156658
2021-07-16T02:36:44.000,3.45,29.32,8.3,44.68728,-124.156658
2021-07-16T02:51:44.000,3.44,29.24,8.31,44.68728,-124.156658
2021-07-16T03:06:44.000,3.45,29.34,8.31,44.68728,-124.156658
2021-07-16T03:21:44.000,3.45,29.37,8.31,44.68728,-124.156658
2021-07-16T03:36:44.000,3.45,29.36,8.31,44.68728,-124.156658
2021-07-16T03:51:44.000,3.46,29.4,8.31,44.68728,-124.156658
2021-07-16T04:06:44.000,3.46,29.46,8.31,44.68728,-124.156658
2021-07-16T04:21:44.000,3.46,29.47,8.31,44.68728,-124.156658
2021-07-16T04:36:44.000,3.46,29.42,8.32,44.68728,-124.156658
2021-07-16T04:51:44.000,3.46,29.42,8.32,44.68728,-124.156658
2021-07-16T05:06:44.000,3.46,29.44,8.32,44.68728,-124.156658
2021-07-16T05:21:44.000,3.45,29.38,8.32,44.68728,-124.156658
2021-07-16T05:36:44.000,3.46,29.41,8.32,44.68728,-124.156658
2021-07-16T05:51:44.000,3.45,29.39,8.32,44.68728,-124.156658
2021-07-16T06:06:44.000,3.45,29.36,8.32,44.68728,-124.156658
2021-07-16T06:21:44.000,3.43,29.2,8.32,44.68728,-124.156658
2021-07-16T06:36:44.000,3.45,29.35,8.33,44.68728,-124.156658
2021-07-16T06:51:44.000,3.45,29.36,8.33,44.68728,-124.156658
2021-07-16T07:06:44.000,3.44,29.32,8.33,44.68728,-124.156658
2021-07-16T07:21:44.000,3.44,29.28,8.33,44.68728,-124.156658
2021-07-16T07:36:44.000,3.45,29.36,8.33,44.68728,-124.156658
2021-07-16T07:51:44.000,3.44,29.29,8.33,44.68728,-124.156658
2021-07-16T08:06:44.000,3.45,29.38,8.33,44.68728,-124.156658
2021-07-16T08:21:44.000,3.45,29.33,8.33,44.68728,-124.156658
2021-07-16T08:36:44.000,3.45,29.4,8.33,44.68728,-124.156658
2021-07-16T08:51:44.000,3.46,29.49,8.33,44.68728,-124.156658
2021-07-16T09:06:44.000,3.47,29.51,8.33,44.68728,-124.156658
2021-07-16T09:21:44.000,3.5,29.78,8.35,44.68728,-124.156658
2021-07-16T09:36:44.000,3.52,30,8.35,44.68728,-124.156658
2021-07-16T09:51:44.000,3.54,30.18,8.35,44.68728,-124.156658
2021-07-16T10:06:44.000,3.55,30.23,8.36,44.68728,-124.156658
2021-07-16T10:21:44.000,3.55,30.25,8.35,44.68728,-124.156658
2021-07-16T10:36:44.000,3.55,30.27,8.35,44.68728,-124.156658
2021-07-16T10:51:44.000,3.56,30.3,8.35,44.68728,-124.156658
2021-07-16T11:06:44.000,3.56,30.31,8.35,44.68728,-124.156658
2021-07-16T11:21:44.000,3.57,30.4,8.35,44.68728,-124.156658
2021-07-16T11:36:44.000,3.58,30.52,8.36,44.68728,-124.156658
2021-07-16T11:51:44.000,3.6,30.66,8.37,44.68728,-124.156658
2021-07-16T12:06:44.000,3.61,30.78,8.38,44.68728,-124.156658
2021-07-16T12:21:44.000,3.63,30.92,8.38,44.68728,-124.156658
2021-07-16T12:36:44.000,3.65,31.09,8.38,44.68728,-124.156658
2021-07-16T12:51:44.000,3.68,31.35,8.4,44.68728,-124.156658
2021-07-16T13:06:44.000,3.69,31.45,8.4,44.68728,-124.156658
2021-07-16T13:21:44.000,3.7,31.54,8.41,44.68728,-124.156658
2021-07-16T13:36:44.000,3.7,31.56,8.41,44.68728,-124.156658
2021-07-16T13:51:44.000,3.67,31.26,8.4,44.68728,-124.156658
2021-07-16T14:06:44.000,3.63,30.89,8.38,44.68728,-124.156658
2021-07-16T14:21:44.000,3.62,30.82,8.38,44.68728,-124.156658
2021-07-16T14:36:44.000,3.61,30.77,8.37,44.68728,-124.156658
2021-07-16T14:51:44.000,3.57,30.43,8.35,44.68728,-124.156658
2021-07-16T15:06:44.000,3.54,30.19,8.35,44.68728,-124.156658
2021-07-16T15:21:44.000,3.54,30.18,8.35,44.68728,-124.156658
2021-07-16T15:36:44.000,3.55,30.21,8.35,44.68728,-124.156658
2021-07-16T15:51:44.000,3.55,30.22,8.35,44.68728,-124.156658
2021-07-16T16:06:44.000,3.55,30.21,8.35,44.68728,-124.156658
2021-07-16T16:21:44.000,3.54,30.15,8.35,44.68728,-124.156658
2021-07-16T16:36:44.000,3.53,30.1,8.35,44.68728,-124.156658
2021-07-16T16:51:44.000,3.54,30.14,8.35,44.68728,-124.156658
2021-07-16T17:06:44.000,3.57,30.41,8.35,44.68728,-124.156658
2021-07-16T17:21:44.000,3.58,30.52,8.36,44.68728,-124.156658
2021-07-16T17:36:44.000,3.61,30.75,8.37,44.68728,-124.156658
2021-07-16T17:51:44.000,3.63,30.9,8.38,44.68728,-124.156658
2021-07-16T18:06:44.000,3.63,30.96,8.38,44.68728,-124.156658
2021-07-16T18:21:44.000,3.63,30.97,8.38,44.68728,-124.156658
2021-07-16T18:36:44.000,3.64,31.03,8.38,44.68728,-124.156658
2021-07-16T18:51:44.000,3.64,31.03,8.38,44.68728,-124.156658
2021-07-16T19:06:44.000,3.64,31.02,8.38,44.68728,-124.156658
2021-07-16T19:21:44.000,3.64,31.01,8.38,44.68728,-124.156658
2021-07-16T19:36:44.000,3.64,31.01,8.38,44.68728,-124.156658
2021-07-16T19:51:44.000,3.64,31,8.38,44.68728,-124.156658
2021-07-16T20:06:44.000,3.63,30.93,8.38,44.68728,-124.156658
2021-07-16T20:21:44.000,3.63,30.9,8.38,44.68728,-124.156658
2021-07-16T20:36:44.000,3.63,30.89,8.37,44.68728,-124.156658
2021-07-16T20:51:44.000,3.62,30.87,8.37,44.68728,-124.156658
2021-07-16T21:06:44.000,3.61,30.8,8.37,44.68728,-124.156658
2021-07-16T21:21:44.000,3.61,30.79,8.37,44.68728,-124.156658
2021-07-16T21:36:44.000,3.61,30.72,8.36,44.68728,-124.156658
2021-07-16T21:51:44.000,3.6,30.7,8.36,44.68728,-124.156658
2021-07-16T22:06:44.000,3.6,30.71,8.37,44.68728,-124.156658
2021-07-16T22:21:44.000,3.6,30.7,8.37,44.68728,-124.156658
2021-07-16T22:36:44.000,3.6,30.65,8.37,44.68728,-124.156658
2021-07-16T22:51:44.000,3.59,30.56,8.37,44.68728,-124.156658
2021-07-16T23:06:44.000,3.57,30.42,8.36,44.68728,-124.156658
2021-07-16T23:21:44.000,3.56,30.32,8.35,44.68728,-124.156658
2021-07-16T23:36:44.000,3.54,30.17,8.35,44.68728,-124.156658
2021-07-16T23:51:44.000,3.53,30.08,8.35,44.68728,-124.156658
2021-07-17T00:06:44.000,3.5,29.79,8.33,44.68728,-124.156658
2021-07-17T00:21:44.000,3.48,29.61,8.33,44.68728,-124.156658
2021-07-17T00:36:44.000,3.46,29.41,8.33,44.68728,-124.156658
2021-07-17T00:51:44.000,3.4,28.97,8.31,44.68728,-124.156658
2021-07-17T01:06:44.000,3.39,28.82,8.31,44.68728,-124.156658
2021-07-17T01:21:44.000,3.32,28.26,8.29,44.68728,-124.156658
2021-07-17T01:36:44.000,3.27,27.78,8.28,44.68728,-124.156658
2021-07-17T01:51:44.000,3.26,27.68,8.28,44.68728,-124.156658
2021-07-17T02:06:44.000,3.25,27.62,8.27,44.68728,-124.156658
2021-07-17T02:21:44.000,3.24,27.51,8.27,44.68728,-124.156658
2021-07-17T02:36:44.000,3.23,27.44,8.26,44.68728,-124.156658
2021-07-17T02:51:44.000,3.23,27.42,8.26,44.68728,-124.156658
2021-07-17T03:06:44.000,3.24,27.54,8.26,44.68728,-124.156658
2021-07-17T03:21:44.000,3.24,27.55,8.27,44.68728,-124.156658
2021-07-17T03:36:44.000,3.23,27.43,8.26,44.68728,-124.156658
2021-07-17T03:51:44.000,3.22,27.39,8.26,44.68728,-124.156658
2021-07-17T04:06:44.000,3.21,27.31,8.26,44.68728,-124.156658
2021-07-17T04:21:44.000,3.2,27.21,8.26,44.68728,-124.156658
2021-07-17T04:36:44.000,3.2,27.16,8.26,44.68728,-124.156658
2021-07-17T04:51:44.000,3.19,27.09,8.26,44.68728,-124.156658
2021-07-17T05:06:44.000,3.19,27.13,8.26,44.68728,-124.156658
2021-07-17T05:21:44.000,3.18,26.98,8.25,44.68728,-124.156658
2021-07-17T05:36:44.000,3.16,26.88,8.24,44.68728,-124.156658
2021-07-17T05:51:44.000,3.15,26.77,8.23,44.68728,-124.156658
2021-07-17T06:06:44.000,3.15,26.74,8.23,44.68728,-124.156658
2021-07-17T06:21:44.000,3.14,26.64,8.23,44.68728,-124.156658
2021-07-17T06:36:44.000,3.13,26.6,8.23,44.68728,-124.156658
2021-07-17T06:51:44.000,3.13,26.58,8.23,44.68728,-124.156658
2021-07-17T07:06:44.000,3.12,26.53,8.23,44.68728,-124.156658
2021-07-17T07:21:44.000,3.12,26.49,8.23,44.68728,-124.156658
2021-07-17T07:36:44.000,3.11,26.45,8.23,44.68728,-124.156658
2021-07-17T07:51:44.000,3.12,26.46,8.23,44.68728,-124.156658
2021-07-17T08:06:44.000,3.11,26.45,8.23,44.68728,-124.156658
2021-07-17T08:21:44.000,3.11,26.4,8.23,44.68728,-124.156658
2021-07-17T08:36:44.000,3.1,26.3,8.23,44.68728,-124.156658
2021-07-17T08:51:44.000,3.1,26.29,8.23,44.68728,-124.156658
2021-07-17T09:06:44.000,3.08,26.18,8.23,44.68728,-124.156658
2021-07-17T09:21:44.000,3.08,26.17,8.23,44.68728,-124.156658
2021-07-17T09:36:44.000,3.08,26.16,8.23,44.68728,-124.156658
2021-07-17T09:51:44.000,3.09,26.24,8.23,44.68728,-124.156658
2021-07-17T10:06:44.000,3.09,26.25,8.23,44.68728,-124.156658
2021-07-17T10:21:44.000,3.09,26.25,8.23,44.68728,-124.156658
2021-07-17T10:36:44.000,3.09,26.25,8.23,44.68728,-124.156658
2021-07-17T10:51:44.000,3.09,26.24,8.23,44.68728,-124.156658
2021-07-17T11:06:44.000,3.09,26.26,8.23,44.68728,-124.156658
2021-07-17T11:21:44.000,3.09,26.28,8.23,44.68728,-124.156658
2021-07-17T11:36:44.000,3.1,26.31,8.23,44.68728,-124.156658
2021-07-17T11:51:44.000,3.1,26.35,8.23,44.68728,-124.156658
2021-07-17T12:06:44.000,3.1,26.36,8.23,44.68728,-124.156658
2021-07-17T12:21:44.000,3.12,26.47,8.23,44.68728,-124.156658
2021-07-17T12:36:44.000,3.12,26.49,8.23,44.68728,-124.156658
2021-07-17T12:51:44.000,3.13,26.56,8.23,44.68728,-124.156658
2021-07-17T13:06:44.000,3.16,26.88,8.25,44.68728,-124.156658
2021-07-17T13:21:44.000,3.2,27.16,8.26,44.68728,-124.156658
2021-07-17T13:36:44.000,3.21,27.25,8.26,44.68728,-124.156658
2021-07-17T13:51:44.000,3.23,27.42,8.26,44.68728,-124.156658
2021-07-17T14:06:44.000,3.24,27.52,8.27,44.68728,-124.156658
2021-07-17T14:21:44.000,3.26,27.68,8.28,44.68728,-124.156658
2021-07-17T14:36:44.000,3.28,27.92,8.28,44.68728,-124.156658
2021-07-17T14:51:44.000,3.31,28.17,8.28,44.68728,-124.156658
2021-07-17T15:06:44.000,3.33,28.34,8.3,44.68728,-124.156658
2021-07-17T15:21:44.000,3.35,28.53,8.3,44.68728,-124.156658
2021-07-17T15:36:44.000,3.39,28.88,8.32,44.68728,-124.156658
2021-07-17T15:51:44.000,3.43,29.22,8.33,44.68728,-124.156658
2021-07-17T16:06:44.000,3.47,29.58,8.33,44.68728,-124.156658
2021-07-17T16:21:44.000,3.52,29.94,8.35,44.68728,-124.156658
2021-07-17T16:36:44.000,3.55,30.27,8.35,44.68728,-124.156658
2021-07-17T16:51:44.000,3.63,30.93,8.38,44.68728,-124.156658
2021-07-17T17:06:44.000,3.67,31.25,8.39,44.68728,-124.156658
2021-07-17T17:21:44.000,3.67,31.33,8.4,44.68728,-124.156658
2021-07-17T17:36:44.000,3.7,31.51,8.4,44.68728,-124.156658
2021-07-17T17:51:44.000,3.71,31.63,8.4,44.68728,-124.156658
2021-07-17T18:06:44.000,3.72,31.68,8.41,44.68728,-124.156658
2021-07-17T18:21:44.000,3.73,31.82,8.42,44.68728,-124.156658
2021-07-17T18:36:44.000,3.75,31.96,8.42,44.68728,-124.156658
2021-07-17T18:51:44.000,3.75,32.02,8.42,44.68728,-124.156658
2021-07-17T19:06:44.000,3.76,32.06,8.42,44.68728,-124.156658
2021-07-17T19:21:44.000,3.77,32.17,8.42,44.68728,-124.156658
2021-07-17T19:36:44.000,3.77,32.2,8.43,44.68728,-124.156658
2021-07-17T19:51:44.000,3.76,32.14,8.47,44.68728,-124.156658
2021-07-17T20:06:44.000,3.77,32.21,8.44,44.68728,-124.156658
2021-07-17T20:21:44.000,3.78,32.23,8.43,44.68728,-124.156658
2021-07-17T20:36:44.000,3.78,32.28,8.44,44.68728,-124.156658
2021-07-17T20:51:44.000,3.76,32.09,8.44,44.68728,-124.156658
2021-07-17T21:06:44.000,3.75,32,8.44,44.68728,-124.156658
2021-07-17T21:21:44.000,3.69,31.51,8.45,44.68728,-124.156658
2021-07-17T21:36:44.000,3.68,31.4,8.45,44.68728,-124.156658
2021-07-17T21:51:44.000,3.72,31.76,8.45,44.68728,-124.156658
2021-07-17T22:06:44.000,3.71,31.63,8.45,44.68728,-124.156658
2021-07-17T22:21:44.000,3.68,31.43,8.45,44.68728,-124.156658
2021-07-17T22:36:44.000,3.67,31.35,8.45,44.68728,-124.156658
2021-07-17T22:51:44.000,3.71,31.67,8.45,44.68728,-124.156658
2021-07-17T23:06:44.000,3.58,30.56,8.4,44.68728,-124.156658
2021-07-17T23:21:44.000,3.44,29.28,8.35,44.68728,-124.156658
2021-07-17T23:36:44.000,3.33,28.36,8.31,44.68728,-124.156658
2021-07-17T23:51:44.000,3.29,28.02,8.3,44.68728,-124.156658
2021-07-18T00:06:44.000,3.27,27.77,8.29,44.68728,-124.156658
2021-07-18T00:21:44.000,3.23,27.43,8.29,44.68728,-124.156658
2021-07-18T00:36:44.000,3.22,27.38,8.28,44.68728,-124.156658
2021-07-18T00:51:44.000,3.21,27.31,8.28,44.68728,-124.156658
2021-07-18T01:06:44.000,3.25,27.62,8.28,44.68728,-124.156658
2021-07-18T01:21:44.000,3.15,26.81,8.28,44.68728,-124.156658
2021-07-18T01:36:44.000,3.18,27.03,8.28,44.68728,-124.156658
2021-07-18T01:51:44.000,3.18,27.05,8.28,44.68728,-124.156658
2021-07-18T02:06:44.000,3.22,27.36,8.28,44.68728,-124.156658
2021-07-18T02:21:44.000,3.23,27.48,8.28,44.68728,-124.156658
2021-07-18T02:36:44.000,3.17,26.96,8.27,44.68728,-124.156658
2021-07-18T02:51:44.000,3.17,26.9,8.27,44.68728,-124.156658
2021-07-18T03:06:44.000,3.17,26.93,8.26,44.68728,-124.156658
2021-07-18T03:21:44.000,3.17,26.97,8.26,44.68728,-124.156658
2021-07-18T03:36:44.000,3.12,26.55,8.26,44.68728,-124.156658
2021-07-18T03:51:44.000,3.11,26.4,8.26,44.68728,-124.156658
2021-07-18T04:06:44.000,3.15,26.77,8.26,44.68728,-124.156658
2021-07-18T04:21:44.000,3.21,27.26,8.26,44.68728,-124.156658
2021-07-18T04:36:44.000,3.24,27.57,8.26,44.68728,-124.156658
2021-07-18T04:51:44.000,3.19,27.1,8.26,44.68728,-124.156658
2021-07-18T05:06:44.000,3.16,26.89,8.26,44.68728,-124.156658
2021-07-18T05:21:44.000,3.21,27.3,8.26,44.68728,-124.156658
2021-07-18T05:36:44.000,3.21,27.28,8.26,44.68728,-124.156658
2021-07-18T05:51:44.000,3.21,27.24,8.26,44.68728,-124.156658
2021-07-18T06:06:44.000,3.22,27.34,8.26,44.68728,-124.156658
2021-07-18T06:21:44.000,3.2,27.23,8.26,44.68728,-124.156658
2021-07-18T06:36:44.000,3.21,27.28,8.26,44.68728,-124.156658
2021-07-18T06:51:44.000,3.2,27.2,8.26,44.68728,-124.156658
2021-07-18T07:06:44.000,3.19,27.12,8.26,44.68728,-124.156658
2021-07-18T07:21:44.000,3.2,27.17,8.26,44.68728,-124.156658
2021-07-18T07:36:44.000,3.2,27.17,8.26,44.68728,-124.156658
2021-07-18T07:51:44.000,3.18,27.04,8.26,44.68728,-124.156658
2021-07-18T08:06:44.000,3.19,27.12,8.26,44.68728,-124.156658
2021-07-18T08:21:44.000,3.2,27.2,8.26,44.68728,-124.156658
2021-07-18T08:36:44.000,3.2,27.15,8.25,44.68728,-124.156658
2021-07-18T08:51:44.000,3.18,27.05,8.25,44.68728,-124.156658
2021-07-18T09:06:44.000,3.17,26.97,8.24,44.68728,-124.156658
2021-07-18T09:21:44.000,3.17,26.92,8.24,44.68728,-124.156658
2021-07-18T09:36:44.000,3.17,26.88,8.23,44.68728,-124.156658
2021-07-18T09:51:44.000,3.16,26.86,8.23,44.68728,-124.156658
2021-07-18T10:06:44.000,3.15,26.78,8.23,44.68728,-124.156658
2021-07-18T10:21:44.000,3.14,26.65,8.23,44.68728,-124.156658
2021-07-18T10:36:44.000,3.13,26.58,8.23,44.68728,-124.156658
2021-07-18T10:51:44.000,3.12,26.52,8.23,44.68728,-124.156658
2021-07-18T11:06:44.000,3.12,26.51,8.23,44.68728,-124.156658
2021-07-18T11:21:44.000,3.12,26.48,8.23,44.68728,-124.156658
2021-07-18T11:36:44.000,3.11,26.39,8.23,44.68728,-124.156658
2021-07-18T11:51:44.000,3.1,26.3,8.23,44.68728,-124.156658
2021-07-18T12:06:44.000,3.09,26.23,8.23,44.68728,-124.156658
2021-07-18T12:21:44.000,3.07,26.07,8.23,44.68728,-124.156658
2021-07-18T12:36:44.000,3.06,25.94,8.21,44.68728,-124.156658
2021-07-18T12:51:44.000,3.05,25.85,8.21,44.68728,-124.156658
2021-07-18T13:06:44.000,3.04,25.81,8.21,44.68728,-124.156658
2021-07-18T13:21:44.000,3.04,25.78,8.21,44.68728,-124.156658
2021-07-18T13:36:44.000,3.03,25.74,8.21,44.68728,-124.156658
2021-07-18T13:51:44.000,3.03,25.76,8.21,44.68728,-124.156658
2021-07-18T14:06:44.000,3.04,25.8,8.21,44.68728,-124.156658
2021-07-18T14:21:44.000,3.04,25.84,8.21,44.68728,-124.156658
2021-07-18T14:36:44.000,3.06,25.94,8.22,44.68728,-124.156658
2021-07-18T14:51:44.000,3.06,25.98,8.23,44.68728,-124.156658
2021-07-18T15:06:44.000,3.07,26.07,8.23,44.68728,-124.156658
2021-07-18T15:21:44.000,3.11,26.38,8.23,44.68728,-124.156658
2021-07-18T15:36:44.000,3.14,26.66,8.25,44.68728,-124.156658
2021-07-18T15:51:44.000,3.16,26.83,8.26,44.68728,-124.156658
2021-07-18T16:06:44.000,3.17,26.93,8.26,44.68728,-124.156658
2021-07-18T16:21:44.000,3.2,27.18,8.27,44.68728,-124.156658
2021-07-18T16:36:44.000,3.22,27.38,8.28,44.68728,-124.156658
2021-07-18T16:51:44.000,3.24,27.55,8.28,44.68728,-124.156658
2021-07-18T17:06:44.000,3.26,27.69,8.29,44.68728,-124.156658
2021-07-18T17:21:44.000,3.29,27.97,8.3,44.68728,-124.156658
2021-07-18T17:36:44.000,3.31,28.12,8.31,44.68728,-124.156658
2021-07-18T17:51:44.000,3.33,28.37,8.31,44.68728,-124.156658
2021-07-18T18:06:44.000,3.36,28.56,8.32,44.68728,-124.156658
2021-07-18T18:21:44.000,3.39,28.88,8.33,44.68728,-124.156658
2021-07-18T18:36:44.000,3.42,29.09,8.33,44.68728,-124.156658
2021-07-18T18:51:44.000,3.44,29.29,8.34,44.68728,-124.156658
2021-07-18T19:06:44.000,3.43,29.24,8.34,44.68728,-124.156658
2021-07-18T19:21:44.000,3.46,29.44,8.35,44.68728,-124.156658
2021-07-18T19:36:44.000,3.47,29.55,8.35,44.68728,-124.156658
2021-07-18T19:51:44.000,3.46,29.47,8.35,44.68728,-124.156658
2021-07-18T20:06:44.000,3.47,29.54,8.35,44.68728,-124.156658
2021-07-18T20:21:44.000,3.46,29.49,8.35,44.68728,-124.156658
2021-07-18T20:36:44.000,3.43,29.21,8.34,44.68728,-124.156658
2021-07-18T20:51:44.000,3.4,28.96,8.33,44.68728,-124.156658
2021-07-18T21:06:44.000,3.38,28.75,8.33,44.68728,-124.156658
2021-07-18T21:21:44.000,3.37,28.69,8.33,44.68728,-124.156658
2021-07-18T21:36:44.000,3.3,28.11,8.3,44.68728,-124.156658
2021-07-18T21:51:44.000,3.28,27.92,8.3,44.68728,-124.156658
2021-07-18T22:06:44.000,3.28,27.89,8.29,44.68728,-124.156658
2021-07-18T22:21:44.000,3.28,27.87,8.29,44.68728,-124.156658
2021-07-18T22:36:44.000,3.26,27.74,8.28,44.68728,-124.156658
2021-07-18T22:51:44.000,3.25,27.6,8.28,44.68728,-124.156658
2021-07-18T23:06:44.000,3.25,27.6,8.28,44.68728,-124.156658
2021-07-18T23:21:44.000,3.26,27.68,8.28,44.68728,-124.156658
2021-07-18T23:36:44.000,3.25,27.6,8.28,44.68728,-124.156658
2021-07-18T23:51:44.000,3.24,27.51,8.28,44.68728,-124.156658
2021-07-19T00:06:44.000,3.24,27.57,8.28,44.68728,-124.156658
2021-07-19T00:21:44.000,3.22,27.38,8.28,44.68728,-124.156658
2021-07-19T00:36:44.000,3.23,27.49,8.28,44.68728,-124.156658
2021-07-19T00:51:44.000,3.21,27.27,8.28,44.68728,-124.156658
2021-07-19T01:06:44.000,3.23,27.47,8.28,44.68728,-124.156658
2021-07-19T01:21:44.000,3.23,27.43,8.28,44.68728,-124.156658
2021-07-19T01:36:44.000,3.19,27.12,8.28,44.68728,-124.156658
2021-07-19T01:51:44.000,3.16,26.85,8.26,44.68728,-124.156658
2021-07-19T02:06:44.000,3.12,26.55,8.25,44.68728,-124.156658
2021-07-19T02:21:44.000,3.11,26.45,8.25,44.68728,-124.156658
2021-07-19T02:36:44.000,3.11,26.45,8.23,44.68728,-124.156658
2021-07-19T02:51:44.000,3.09,26.2,8.23,44.68728,-124.156658
2021-07-19T03:06:44.000,3.09,26.21,8.23,44.68728,-124.156658
2021-07-19T03:21:44.000,3.07,26.08,8.23,44.68728,-124.156658
2021-07-19T03:36:44.000,3.06,25.96,8.23,44.68728,-124.156658
2021-07-19T03:51:44.000,3.06,25.99,8.23,44.68728,-124.156658
2021-07-19T04:06:44.000,3.05,25.87,8.23,44.68728,-124.156658
2021-07-19T04:21:44.000,3.05,25.86,8.22,44.68728,-124.156658
2021-07-19T04:36:44.000,3.02,25.63,8.23,44.68728,-124.156658
2021-07-19T04:51:44.000,3.01,25.57,8.22,44.68728,-124.156658
2021-07-19T05:06:44.000,3.01,25.54,8.21,44.68728,-124.156658
2021-07-19T05:21:44.000,3,25.48,8.21,44.68728,-124.156658
2021-07-19T05:36:44.000,3,25.49,8.21,44.68728,-124.156658
2021-07-19T05:51:44.000,3.01,25.55,8.21,44.68728,-124.156658
2021-07-19T06:06:44.000,2.99,25.34,8.21,44.68728,-124.156658
2021-07-19T06:21:44.000,2.96,25.14,8.21,44.68728,-124.156658
2021-07-19T06:36:44.000,2.95,25.05,8.19,44.68728,-124.156658
2021-07-19T06:51:44.000,2.94,24.94,8.19,44.68728,-124.156658
2021-07-19T07:06:44.000,2.93,24.89,8.19,44.68728,-124.156658
2021-07-19T07:21:44.000,2.93,24.87,8.19,44.68728,-124.156658
2021-07-19T07:36:44.000,2.93,24.83,8.19,44.68728,-124.156658
2021-07-19T07:51:44.000,2.93,24.81,8.19,44.68728,-124.156658
2021-07-19T08:06:44.000,2.93,24.83,8.18,44.68728,-124.156658
2021-07-19T08:21:44.000,2.92,24.77,8.19,44.68728,-124.156658
2021-07-19T08:36:44.000,2.92,24.78,8.18,44.68728,-124.156658
2021-07-19T08:51:44.000,2.93,24.81,8.18,44.68728,-124.156658
2021-07-19T09:06:44.000,2.93,24.82,8.18,44.68728,-124.156658
2021-07-19T09:21:44.000,2.91,24.72,8.19,44.68728,-124.156658
2021-07-19T09:36:44.000,2.92,24.74,8.19,44.68728,-124.156658
2021-07-19T09:51:44.000,2.92,24.75,8.19,44.68728,-124.156658
2021-07-19T10:06:44.000,2.92,24.76,8.18,44.68728,-124.156658
2021-07-19T10:21:44.000,2.92,24.75,8.19,44.68728,-124.156658
2021-07-19T10:36:44.000,2.91,24.7,8.19,44.68728,-124.156658
2021-07-19T10:51:44.000,2.91,24.69,8.19,44.68728,-124.156658
2021-07-19T11:06:44.000,2.9,24.64,8.19,44.68728,-124.156658
2021-07-19T11:21:44.000,2.91,24.7,8.19,44.68728,-124.156658
2021-07-19T11:36:44.000,2.9,24.58,8.19,44.68728,-124.156658
2021-07-19T11:51:44.000,2.9,24.64,8.19,44.68728,-124.156658
2021-07-19T12:06:44.000,2.9,24.61,8.19,44.68728,-124.156658
2021-07-19T12:21:44.000,2.9,24.63,8.19,44.68728,-124.156658
2021-07-19T12:36:44.000,2.9,24.59,8.18,44.68728,-124.156658
2021-07-19T12:51:44.000,2.9,24.6,8.18,44.68728,-124.156658
2021-07-19T13:06:44.000,2.89,24.49,8.18,44.68728,-124.156658
2021-07-19T13:21:44.000,2.89,24.5,8.18,44.68728,-124.156658
2021-07-19T13:36:44.000,2.89,24.52,8.18,44.68728,-124.156658
2021-07-19T13:51:44.000,2.89,24.53,8.18,44.68728,-124.156658
2021-07-19T14:06:44.000,2.9,24.56,8.19,44.68728,-124.156658
2021-07-19T14:21:44.000,2.9,24.61,8.18,44.68728,-124.156658
2021-07-19T14:36:44.000,2.91,24.71,8.19,44.68728,-124.156658
2021-07-19T14:51:44.000,2.93,24.84,8.19,44.68728,-124.156658
2021-07-19T15:06:44.000,2.96,25.12,8.21,44.68728,-124.156658
2021-07-19T15:21:44.000,2.99,25.39,8.21,44.68728,-124.156658
2021-07-19T15:36:44.000,3.02,25.65,8.21,44.68728,-124.156658
2021-07-19T15:51:44.000,3.07,26.03,8.23,44.68728,-124.156658
2021-07-19T16:06:44.000,3.1,26.35,8.23,44.68728,-124.156658
2021-07-19T16:21:44.000,3.14,26.67,8.23,44.68728,-124.156658
2021-07-19T16:36:44.000,3.16,26.82,8.24,44.68728,-124.156658
2021-07-19T16:51:44.000,3.19,27.06,8.25,44.68728,-124.156658
2021-07-19T17:06:44.000,3.22,27.32,8.26,44.68728,-124.156658
2021-07-19T17:21:44.000,3.25,27.59,8.26,44.68728,-124.156658
2021-07-19T17:36:44.000,3.29,27.95,8.26,44.68728,-124.156658
2021-07-19T17:51:44.000,3.29,27.96,8.26,44.68728,-124.156658
2021-07-19T18:06:44.000,3.29,27.98,8.27,44.68728,-124.156658
2021-07-19T18:21:44.000,3.29,27.99,8.26,44.68728,-124.156658
2021-07-19T18:36:44.000,3.28,27.84,8.26,44.68728,-124.156658
2021-07-19T18:51:44.000,3.29,27.94,8.27,44.68728,-124.156658
2021-07-19T19:06:44.000,3.29,27.94,8.26,44.68728,-124.156658
2021-07-19T19:21:44.000,3.29,27.97,8.26,44.68728,-124.156658
2021-07-19T19:36:44.000,3.28,27.88,8.26,44.68728,-124.156658
2021-07-19T19:51:44.000,3.28,27.83,8.26,44.68728,-124.156658
2021-07-19T20:06:44.000,3.25,27.62,8.26,44.68728,-124.156658
2021-07-19T20:21:44.000,3.27,27.75,8.26,44.68728,-124.156658
2021-07-19T20:36:44.000,3.26,27.66,8.26,44.68728,-124.156658
2021-07-19T20:51:44.000,3.23,27.46,8.26,44.68728,-124.156658
2021-07-19T21:06:44.000,3.19,27.06,8.26,44.68728,-124.156658
2021-07-19T21:21:44.000,3.2,27.21,8.26,44.68728,-124.156658
2021-07-19T21:36:44.000,3.24,27.5,8.26,44.68728,-124.156658
2021-07-19T21:51:44.000,3.27,27.79,8.26,44.68728,-124.156658
2021-07-19T22:06:44.000,3.25,27.61,8.26,44.68728,-124.156658
2021-07-19T22:21:44.000,3.24,27.57,8.26,44.68728,-124.156658
2021-07-19T22:36:44.000,3.24,27.57,8.27,44.68728,-124.156658
2021-07-19T22:51:44.000,3.26,27.73,8.26,44.68728,-124.156658
2021-07-19T23:06:44.000,3.26,27.74,8.26,44.68728,-124.156658
2021-07-19T23:21:44.000,3.23,27.49,8.26,44.68728,-124.156658
2021-07-19T23:36:44.000,3.24,27.55,8.27,44.68728,-124.156658
2021-07-19T23:51:44.000,3.24,27.56,8.26,44.68728,-124.156658
2021-07-20T00:06:44.000,3.25,27.64,8.26,44.68728,-124.156658
2021-07-20T00:21:44.000,3.24,27.5,8.26,44.68728,-124.156658
2021-07-20T00:36:44.000,3.2,27.18,8.25,44.68728,-124.156658
2021-07-20T00:51:44.000,3.19,27.11,8.24,44.68728,-124.156658
2021-07-20T01:06:44.000,3.14,26.69,8.23,44.68728,-124.156658
2021-07-20T01:21:44.000,3.11,26.42,8.23,44.68728,-124.156658
2021-07-20T01:36:44.000,3.09,26.2,8.22,44.68728,-124.156658
2021-07-20T01:51:44.000,3.06,25.96,8.21,44.68728,-124.156658
2021-07-20T02:06:44.000,3.04,25.78,8.21,44.68728,-124.156658
2021-07-20T02:21:44.000,3,25.48,8.2,44.68728,-124.156658
2021-07-20T02:36:44.000,3,25.48,8.2,44.68728,-124.156658
2021-07-20T02:51:44.000,2.99,25.36,8.19,44.68728,-124.156658
2021-07-20T03:06:44.000,2.99,25.33,8.19,44.68728,-124.156658
2021-07-20T03:21:44.000,2.99,25.33,8.19,44.68728,-124.156658
2021-07-20T03:36:44.000,2.99,25.36,8.19,44.68728,-124.156658
2021-07-20T03:51:44.000,2.99,25.37,8.19,44.68728,-124.156658
2021-07-20T04:06:44.000,2.98,25.27,8.19,44.68728,-124.156658
2021-07-20T04:21:44.000,2.96,25.13,8.19,44.68728,-124.156658
2021-07-20T04:36:44.000,2.96,25.13,8.19,44.68728,-124.156658
2021-07-20T04:51:44.000,2.96,25.11,8.19,44.68728,-124.156658
2021-07-20T05:06:44.000,2.96,25.1,8.19,44.68728,-124.156658
2021-07-20T05:21:44.000,2.96,25.12,8.19,44.68728,-124.156658
2021-07-20T05:36:44.000,2.97,25.15,8.19,44.68728,-124.156658
2021-07-20T05:51:44.000,2.98,25.25,8.19,44.68728,-124.156658
2021-07-20T06:06:44.000,2.99,25.35,8.19,44.68728,-124.156658
2021-07-20T06:21:44.000,2.99,25.34,8.19,44.68728,-124.156658
2021-07-20T06:36:44.000,2.99,25.4,8.19,44.68728,-124.156658
2021-07-20T06:51:44.000,2.99,25.4,8.19,44.68728,-124.156658
2021-07-20T07:06:44.000,2.99,25.4,8.2,44.68728,-124.156658
2021-07-20T07:21:44.000,3,25.44,8.21,44.68728,-124.156658
2021-07-20T07:36:44.000,3.01,25.51,8.21,44.68728,-124.156658
2021-07-20T07:51:44.000,3,25.49,8.21,44.68728,-124.156658
2021-07-20T08:06:44.000,3.01,25.52,8.21,44.68728,-124.156658
2021-07-20T08:21:44.000,3.01,25.51,8.21,44.68728,-124.156658
2021-07-20T08:36:44.000,3.01,25.55,8.21,44.68728,-124.156658
2021-07-20T08:51:44.000,3.02,25.6,8.21,44.68728,-124.156658
2021-07-20T09:06:44.000,3.03,25.72,8.21,44.68728,-124.156658
2021-07-20T09:21:44.000,3.03,25.76,8.21,44.68728,-124.156658
2021-07-20T09:36:44.000,3.04,25.78,8.21,44.68728,-124.156658
2021-07-20T09:51:44.000,3.03,25.72,8.21,44.68728,-124.156658
2021-07-20T10:06:44.000,3.04,25.77,8.21,44.68728,-124.156658
2021-07-20T10:21:44.000,3.03,25.71,8.22,44.68728,-124.156658
2021-07-20T10:36:44.000,3.02,25.66,8.21,44.68728,-124.156658
2021-07-20T10:51:44.000,3.02,25.62,8.21,44.68728,-124.156658
2021-07-20T11:06:44.000,3,25.48,8.21,44.68728,-124.156658
2021-07-20T11:21:44.000,2.99,25.34,8.21,44.68728,-124.156658
2021-07-20T11:36:44.000,2.97,25.21,8.21,44.68728,-124.156658
2021-07-20T11:51:44.000,2.96,25.1,8.21,44.68728,-124.156658
2021-07-20T12:06:44.000,2.92,24.81,8.19,44.68728,-124.156658
2021-07-20T12:21:44.000,2.91,24.65,8.19,44.68728,-124.156658
2021-07-20T12:36:44.000,2.89,24.54,8.19,44.68728,-124.156658
2021-07-20T12:51:44.000,2.89,24.55,8.18,44.68728,-124.156658
2021-07-20T13:06:44.000,2.89,24.53,8.18,44.68728,-124.156658
2021-07-20T13:21:44.000,2.88,24.43,8.18,44.68728,-124.156658
2021-07-20T13:36:44.000,2.88,24.43,8.18,44.68728,-124.156658
2021-07-20T13:51:44.000,2.87,24.34,8.19,44.68728,-124.156658
2021-07-20T14:06:44.000,2.88,24.44,8.19,44.68728,-124.156658
2021-07-20T14:21:44.000,2.89,24.47,8.19,44.68728,-124.156658
2021-07-20T14:36:44.000,2.88,24.45,8.19,44.68728,-124.156658
2021-07-20T14:51:44.000,2.89,24.51,8.19,44.68728,-124.156658
2021-07-20T15:06:44.000,2.88,24.45,8.19,44.68728,-124.156658
2021-07-20T15:21:44.000,2.86,24.22,8.19,44.68728,-124.156658
2021-07-20T15:36:44.000,2.85,24.13,8.18,44.68728,-124.156658
2021-07-20T15:51:44.000,2.85,24.14,8.18,44.68728,-124.156658
2021-07-20T16:06:44.000,2.85,24.16,8.18,44.68728,-124.156658
2021-07-20T16:21:44.000,2.86,24.26,8.18,44.68728,-124.156658
2021-07-20T16:36:44.000,2.86,24.24,8.19,44.68728,-124.156658
2021-07-20T16:51:44.000,2.87,24.34,8.19,44.68728,-124.156658
2021-07-20T17:06:44.000,2.89,24.54,8.19,44.68728,-124.156658
2021-07-20T17:21:44.000,2.93,24.86,8.21,44.68728,-124.156658
2021-07-20T17:36:44.000,3,25.43,8.21,44.68728,-124.156658
2021-07-20T17:51:44.000,3.02,25.68,8.22,44.68728,-124.156658
2021-07-20T18:06:44.000,3.03,25.73,8.23,44.68728,-124.156658
2021-07-20T18:21:44.000,3.05,25.93,8.23,44.68728,-124.156658
2021-07-20T18:36:44.000,3.07,26.05,8.23,44.68728,-124.156658
2021-07-20T18:51:44.000,3.1,26.29,8.23,44.68728,-124.156658
2021-07-20T19:06:44.000,3.12,26.52,8.24,44.68728,-124.156658
2021-07-20T19:21:44.000,3.17,26.9,8.26,44.68728,-124.156658
2021-07-20T19:36:44.000,3.19,27.12,8.26,44.68728,-124.156658
2021-07-20T19:51:44.000,3.22,27.35,8.27,44.68728,-124.156658
2021-07-20T20:06:44.000,3.25,27.61,8.28,44.68728,-124.156658
2021-07-20T20:21:44.000,3.25,27.64,8.28,44.68728,-124.156658
2021-07-20T20:36:44.000,3.27,27.81,8.28,44.68728,-124.156658
2021-07-20T20:51:44.000,3.26,27.71,8.28,44.68728,-124.156658
2021-07-20T21:06:44.000,3.27,27.83,8.29,44.68728,-124.156658
2021-07-20T21:21:44.000,3.27,27.85,8.3,44.68728,-124.156658
2021-07-20T21:36:44.000,3.27,27.83,8.3,44.68728,-124.156658
2021-07-20T21:51:44.000,3.28,27.92,8.3,44.68728,-124.156658
2021-07-20T22:06:44.000,3.27,27.83,8.3,44.68728,-124.156658
2021-07-20T22:21:44.000,3.28,27.94,8.3,44.68728,-124.156658
2021-07-20T22:36:44.000,3.25,27.65,8.3,44.68728,-124.156658
2021-07-20T22:51:44.000,3.28,27.87,8.3,44.68728,-124.156658
2021-07-20T23:06:44.000,3.27,27.86,8.3,44.68728,-124.156658
2021-07-20T23:21:44.000,3.3,28.04,8.3,44.68728,-124.156658
2021-07-20T23:36:44.000,3.27,27.82,8.3,44.68728,-124.156658
2021-07-20T23:51:44.000,3.29,27.96,8.3,44.68728,-124.156658
2021-07-21T00:06:44.000,3.29,28,8.3,44.68728,-124.156658
2021-07-21T00:21:44.000,3.27,27.85,8.3,44.68728,-124.156658
2021-07-21T00:36:44.000,3.27,27.85,8.3,44.68728,-124.156658
2021-07-21T00:51:44.000,3.26,27.75,8.3,44.68728,-124.156658
2021-07-21T01:06:44.000,3.26,27.7,8.3,44.68728,-124.156658
2021-07-21T01:21:44.000,3.24,27.59,8.3,44.68728,-124.156658
2021-07-21T01:36:44.000,3.23,27.49,8.29,44.68728,-124.156658
2021-07-21T01:51:44.000,3.24,27.59,8.29,44.68728,-124.156658
2021-07-21T02:06:44.000,3.25,27.61,8.28,44.68728,-124.156658
2021-07-21T02:21:44.000,3.24,27.58,8.28,44.68728,-124.156658
2021-07-21T02:36:44.000,3.23,27.42,8.28,44.68728,-124.156658
2021-07-21T02:51:44.000,3.23,27.42,8.28,44.68728,-124.156658
2021-07-21T03:06:44.000,3.2,27.21,8.28,44.68728,-124.156658
2021-07-21T03:21:44.000,3.15,26.77,8.26,44.68728,-124.156658
2021-07-21T03:36:44.000,3.04,25.82,8.23,44.68728,-124.156658
2021-07-21T03:51:44.000,2.97,25.2,8.21,44.68728,-124.156658
2021-07-21T04:06:44.000,2.94,24.98,8.2,44.68728,-124.156658
2021-07-21T04:21:44.000,2.89,24.5,8.19,44.68728,-124.156658
2021-07-21T04:36:44.000,2.88,24.46,8.19,44.68728,-124.156658
2021-07-21T04:51:44.000,2.89,24.53,8.19,44.68728,-124.156658
2021-07-21T05:06:44.000,2.91,24.66,8.19,44.68728,-124.156658
2021-07-21T05:21:44.000,2.93,24.83,8.2,44.68728,-124.156658
2021-07-21T05:36:44.000,2.96,25.14,8.21,44.68728,-124.156658
2021-07-21T05:51:44.000,3,25.44,8.22,44.68728,-124.156658
2021-07-21T06:06:44.000,3,25.46,8.22,44.68728,-124.156658
2021-07-21T06:21:44.000,3.05,25.94,8.23,44.68728,-124.156658
2021-07-21T06:36:44.000,3.07,26.08,8.23,44.68728,-124.156658
2021-07-21T06:51:44.000,3.08,26.17,8.24,44.68728,-124.156658
2021-07-21T07:06:44.000,3.11,26.43,8.25,44.68728,-124.156658
2021-07-21T07:21:44.000,3.12,26.5,8.26,44.68728,-124.156658
2021-07-21T07:36:44.000,3.1,26.37,8.24,44.68728,-124.156658
2021-07-21T07:51:44.000,3.07,26.04,8.23,44.68728,-124.156658
2021-07-21T08:06:44.000,3.04,25.85,8.23,44.68728,-124.156658
2021-07-21T08:21:44.000,3.04,25.82,8.23,44.68728,-124.156658
2021-07-21T08:36:44.000,3.04,25.84,8.23,44.68728,-124.156658
2021-07-21T08:51:44.000,3.09,26.26,8.23,44.68728,-124.156658
2021-07-21T09:06:44.000,3.11,26.41,8.24,44.68728,-124.156658
2021-07-21T09:21:44.000,3.08,26.18,8.23,44.68728,-124.156658
2021-07-21T09:36:44.000,3.09,26.28,8.23,44.68728,-124.156658
2021-07-21T09:51:44.000,3.09,26.27,8.23,44.68728,-124.156658
2021-07-21T10:06:44.000,3.08,26.17,8.23,44.68728,-124.156658
2021-07-21T10:21:44.000,3.08,26.16,8.23,44.68728,-124.156658
2021-07-21T10:36:44.000,3.07,26.07,8.23,44.68728,-124.156658
2021-07-21T10:51:44.000,3.07,26.09,8.23,44.68728,-124.156658
2021-07-21T11:06:44.000,3.07,26.09,8.23,44.68728,-124.156658
2021-07-21T11:21:44.000,3.08,26.14,8.23,44.68728,-124.156658
2021-07-21T11:36:44.000,3.08,26.15,8.23,44.68728,-124.156658
2021-07-21T11:51:44.000,3.08,26.17,8.23,44.68728,-124.156658
2021-07-21T12:06:44.000,3.09,26.23,8.23,44.68728,-124.156658
2021-07-21T12:21:44.000,3.08,26.16,8.24,44.68728,-124.156658
2021-07-21T12:36:44.000,3.07,26.05,8.24,44.68728,-124.156658
2021-07-21T12:51:44.000,3.07,26.07,8.24,44.68728,-124.156658
2021-07-21T13:06:44.000,3.07,26.07,8.24,44.68728,-124.156658
2021-07-21T13:21:44.000,3.05,25.93,8.24,44.68728,-124.156658
2021-07-21T13:36:44.000,3.05,25.91,8.24,44.68728,-124.156658
2021-07-21T13:51:44.000,3.05,25.88,8.24,44.68728,-124.156658
2021-07-21T14:06:44.000,3.06,25.96,8.24,44.68728,-124.156658
2021-07-21T14:21:44.000,3.05,25.94,8.24,44.68728,-124.156658
2021-07-21T14:36:44.000,3.06,26.03,8.24,44.68728,-124.156658
2021-07-21T14:51:44.000,3.07,26.07,8.25,44.68728,-124.156658
2021-07-21T15:06:44.000,3.08,26.16,8.26,44.68728,-124.156658
2021-07-21T15:21:44.000,3.12,26.48,8.26,44.68728,-124.156658
2021-07-21T15:36:44.000,3.14,26.66,8.26,44.68728,-124.156658
2021-07-21T15:51:44.000,3.16,26.88,8.26,44.68728,-124.156658
2021-07-21T16:06:44.000,3.18,27.05,8.28,44.68728,-124.156658
2021-07-21T16:21:44.000,3.2,27.22,8.28,44.68728,-124.156658
2021-07-21T16:36:44.000,3.24,27.6,8.3,44.68728,-124.156658
2021-07-21T16:51:44.000,3.28,27.88,8.31,44.68728,-124.156658
2021-07-21T17:06:44.000,3.28,27.87,8.31,44.68728,-124.156658
2021-07-21T17:21:44.000,3.28,27.87,8.31,44.68728,-124.156658
2021-07-21T17:36:44.000,3.27,27.82,8.31,44.68728,-124.156658
2021-07-21T17:51:44.000,3.28,27.91,8.31,44.68728,-124.156658
2021-07-21T18:06:44.000,3.23,27.47,8.3,44.68728,-124.156658
2021-07-21T18:21:44.000,3.19,27.12,8.28,44.68728,-124.156658
2021-07-21T18:36:44.000,3.14,26.68,8.26,44.68728,-124.156658
2021-07-21T18:51:44.000,3.05,25.93,8.24,44.68728,-124.156658
2021-07-21T19:06:44.000,2.97,25.23,8.22,44.68728,-124.156658
2021-07-21T19:21:44.000,2.91,24.73,8.2,44.68728,-124.156658
2021-07-21T19:36:44.000,2.89,24.54,8.19,44.68728,-124.156658
2021-07-21T19:51:44.000,2.87,24.38,8.18,44.68728,-124.156658
2021-07-21T20:06:44.000,2.86,24.23,8.18,44.68728,-124.156658
2021-07-21T20:21:44.000,2.85,24.12,8.17,44.68728,-124.156658
2021-07-21T20:36:44.000,2.84,24.04,8.16,44.68728,-124.156658
2021-07-21T20:51:44.000,2.83,24.02,8.16,44.68728,-124.156658
2021-07-21T21:06:44.000,2.82,23.94,8.16,44.68728,-124.156658
2021-07-21T21:21:44.000,2.82,23.87,8.16,44.68728,-124.156658
2021-07-21T21:36:44.000,2.82,23.87,8.16,44.68728,-124.156658
2021-07-21T21:51:44.000,2.81,23.79,8.16,44.68728,-124.156658
2021-07-21T22:06:44.000,2.81,23.84,8.15,44.68728,-124.156658
2021-07-21T22:21:44.000,2.8,23.77,8.15,44.68728,-124.156658
2021-07-21T22:36:44.000,2.8,23.73,8.14,44.68728,-124.156658
2021-07-21T22:51:44.000,2.79,23.64,8.14,44.68728,-124.156658
2021-07-21T23:06:44.000,2.78,23.57,8.14,44.68728,-124.156658
2021-07-21T23:21:44.000,2.78,23.53,8.13,44.68728,-124.156658
2021-07-21T23:36:44.000,2.76,23.4,8.12,44.68728,-124.156658
2021-07-21T23:51:44.000,2.76,23.38,8.11,44.68728,-124.156658
2021-07-22T00:06:44.000,2.75,23.33,8.11,44.68728,-124.156658
2021-07-22T00:21:44.000,2.74,23.23,8.11,44.68728,-124.156658
2021-07-22T00:36:44.000,2.73,23.14,8.1,44.68728,-124.156658
2021-07-22T00:51:44.000,2.72,23.05,8.09,44.68728,-124.156658
2021-07-22T01:06:44.000,2.72,23,8.09,44.68728,-124.156658
2021-07-22T01:21:44.000,2.7,22.87,8.08,44.68728,-124.156658
2021-07-22T01:36:44.000,2.69,22.77,8.07,44.68728,-124.156658
2021-07-22T01:51:44.000,2.69,22.77,8.07,44.68728,-124.156658
2021-07-22T02:06:44.000,2.7,22.81,8.07,44.68728,-124.156658
2021-07-22T02:21:44.000,2.7,22.88,8.07,44.68728,-124.156658
2021-07-22T02:36:44.000,2.71,22.92,8.07,44.68728,-124.156658
2021-07-22T02:51:44.000,2.71,22.9,8.07,44.68728,-124.156658
2021-07-22T03:06:44.000,2.71,22.95,8.07,44.68728,-124.156658
2021-07-22T03:21:44.000,2.73,23.06,8.07,44.68728,-124.156658
2021-07-22T03:36:44.000,2.72,23.01,8.07,44.68728,-124.156658
2021-07-22T03:51:44.000,2.72,23.02,8.07,44.68728,-124.156658
2021-07-22T04:06:44.000,2.73,23.06,8.07,44.68728,-124.156658
2021-07-22T04:21:44.000,2.73,23.12,8.07,44.68728,-124.156658
2021-07-22T04:36:44.000,2.74,23.16,8.07,44.68728,-124.156658
2021-07-22T04:51:44.000,2.74,23.19,8.07,44.68728,-124.156658
2021-07-22T05:06:44.000,2.74,23.17,8.07,44.68728,-124.156658
2021-07-22T05:21:44.000,2.74,23.2,8.07,44.68728,-124.156658
2021-07-22T05:36:44.000,2.74,23.18,8.07,44.68728,-124.156658
2021-07-22T05:51:44.000,2.74,23.2,8.07,44.68728,-124.156658
2021-07-22T06:06:44.000,2.74,23.18,8.07,44.68728,-124.156658
2021-07-22T06:21:44.000,2.74,23.2,8.07,44.68728,-124.156658
2021-07-22T06:36:44.000,2.75,23.24,8.07,44.68728,-124.156658
2021-07-22T06:51:44.000,2.75,23.28,8.07,44.68728,-124.156658
2021-07-22T07:06:44.000,2.75,23.24,8.07,44.68728,-124.156658
2021-07-22T07:21:44.000,2.75,23.27,8.07,44.68728,-124.156658
2021-07-22T07:36:44.000,2.75,23.28,8.07,44.68728,-124.156658
2021-07-22T07:51:44.000,2.76,23.31,8.07,44.68728,-124.156658
2021-07-22T08:06:44.000,2.76,23.33,8.08,44.68728,-124.156658
2021-07-22T08:21:44.000,2.77,23.44,8.08,44.68728,-124.156658
2021-07-22T08:36:44.000,2.77,23.43,8.08,44.68728,-124.156658
2021-07-22T08:51:44.000,2.77,23.45,8.08,44.68728,-124.156658
2021-07-22T09:06:44.000,2.77,23.44,8.08,44.68728,-124.156658
2021-07-22T09:21:44.000,2.78,23.57,8.09,44.68728,-124.156658
2021-07-22T09:36:44.000,2.8,23.71,8.09,44.68728,-124.156658
2021-07-22T09:51:44.000,2.8,23.71,8.09,44.68728,-124.156658
2021-07-22T10:06:44.000,2.81,23.78,8.09,44.68728,-124.156658
2021-07-22T10:21:44.000,2.81,23.79,8.09,44.68728,-124.156658
2021-07-22T10:36:44.000,2.81,23.81,8.09,44.68728,-124.156658
2021-07-22T10:51:44.000,2.82,23.86,8.09,44.68728,-124.156658
2021-07-22T11:06:44.000,2.83,23.93,8.09,44.68728,-124.156658
2021-07-22T11:21:44.000,2.83,23.92,8.09,44.68728,-124.156658
2021-07-22T11:36:44.000,2.84,24,8.09,44.68728,-124.156658
2021-07-22T11:51:44.000,2.83,23.99,8.09,44.68728,-124.156658
2021-07-22T12:06:44.000,2.83,23.93,8.09,44.68728,-124.156658
2021-07-22T12:21:44.000,2.82,23.85,8.09,44.68728,-124.156658
2021-07-22T12:36:44.000,2.81,23.75,8.09,44.68728,-124.156658
2021-07-22T12:51:44.000,2.8,23.73,8.09,44.68728,-124.156658
2021-07-22T13:06:44.000,2.8,23.68,8.09,44.68728,-124.156658
2021-07-22T13:21:44.000,2.8,23.67,8.09,44.68728,-124.156658
2021-07-22T13:36:44.000,2.78,23.51,8.09,44.68728,-124.156658
2021-07-22T13:51:44.000,2.78,23.57,8.09,44.68728,-124.156658
2021-07-22T14:06:44.000,2.78,23.56,8.09,44.68728,-124.156658
2021-07-22T14:21:44.000,2.77,23.48,8.09,44.68728,-124.156658
2021-07-22T14:36:44.000,2.77,23.47,8.09,44.68728,-124.156658
2021-07-22T14:51:44.000,2.77,23.41,8.09,44.68728,-124.156658
2021-07-22T15:06:44.000,2.77,23.47,8.09,44.68728,-124.156658
2021-07-22T15:21:44.000,2.76,23.35,8.09,44.68728,-124.156658
2021-07-22T15:36:44.000,2.76,23.36,8.09,44.68728,-124.156658
2021-07-22T15:51:44.000,2.76,23.33,8.09,44.68728,-124.156658
2021-07-22T16:06:44.000,2.75,23.29,8.08,44.68728,-124.156658
2021-07-22T16:21:44.000,2.76,23.37,8.08,44.68728,-124.156658
2021-07-22T16:36:44.000,2.76,23.36,8.08,44.68728,-124.156658
2021-07-22T16:51:44.000,2.76,23.31,8.07,44.68728,-124.156658
2021-07-22T17:06:44.000,2.75,23.27,8.07,44.68728,-124.156658
2021-07-22T17:21:44.000,2.75,23.28,8.07,44.68728,-124.156658
2021-07-22T17:36:44.000,2.75,23.27,8.07,44.68728,-124.156658
2021-07-22T17:51:44.000,2.75,23.29,8.07,44.68728,-124.156658
2021-07-22T18:06:44.000,2.76,23.34,8.08,44.68728,-124.156658
2021-07-22T18:21:44.000,2.76,23.35,8.09,44.68728,-124.156658
2021-07-22T18:36:44.000,2.76,23.34,8.09,44.68728,-124.156658
2021-07-22T18:51:44.000,2.74,23.18,8.09,44.68728,-124.156658
2021-07-22T19:06:44.000,2.77,23.43,8.09,44.68728,-124.156658
2021-07-22T19:21:44.000,2.77,23.47,8.09,44.68728,-124.156658
2021-07-22T19:36:44.000,2.78,23.5,8.1,44.68728,-124.156658
2021-07-22T19:51:44.000,2.79,23.66,8.11,44.68728,-124.156658
2021-07-22T20:06:44.000,2.8,23.71,8.11,44.68728,-124.156658
2021-07-22T20:21:44.000,2.81,23.81,8.11,44.68728,-124.156658
2021-07-22T20:36:44.000,2.81,23.82,8.12,44.68728,-124.156658
2021-07-22T20:51:44.000,2.82,23.91,8.12,44.68728,-124.156658
2021-07-22T21:06:44.000,2.83,23.96,8.12,44.68728,-124.156658
2021-07-22T21:21:44.000,2.84,24.02,8.12,44.68728,-124.156658
2021-07-22T21:36:44.000,2.84,24.06,8.12,44.68728,-124.156658
2021-07-22T21:51:44.000,2.84,24.06,8.13,44.68728,-124.156658
2021-07-22T22:06:44.000,2.84,24.07,8.13,44.68728,-124.156658
2021-07-22T22:21:44.000,2.84,24.04,8.13,44.68728,-124.156658
2021-07-22T22:36:44.000,2.84,24.08,8.13,44.68728,-124.156658
2021-07-22T22:51:44.000,2.84,24.03,8.13,44.68728,-124.156658
2021-07-22T23:06:44.000,2.84,24.06,8.13,44.68728,-124.156658
2021-07-22T23:21:44.000,2.84,24.05,8.13,44.68728,-124.156658
2021-07-22T23:36:44.000,2.83,23.98,8.13,44.68728,-124.156658
2021-07-22T23:51:44.000,2.83,24.01,8.13,44.68728,-124.156658
2021-07-23T00:06:44.000,2.84,24.03,8.13,44.68728,-124.156658
2021-07-23T00:21:44.000,2.83,23.96,8.13,44.68728,-124.156658
2021-07-23T00:36:44.000,2.83,23.94,8.13,44.68728,-124.156658
2021-07-23T00:51:44.000,2.82,23.88,8.13,44.68728,-124.156658
2021-07-23T01:06:44.000,2.83,23.97,8.13,44.68728,-124.156658
2021-07-23T01:21:44.000,2.83,24.01,8.13,44.68728,-124.156658
2021-07-23T01:36:44.000,2.83,23.99,8.13,44.68728,-124.156658
2021-07-23T01:51:44.000,2.83,23.99,8.12,44.68728,-124.156658
2021-07-23T02:06:44.000,2.83,23.97,8.12,44.68728,-124.156658
2021-07-23T02:21:44.000,2.83,23.97,8.12,44.68728,-124.156658
2021-07-23T02:36:44.000,2.83,23.98,8.12,44.68728,-124.156658
2021-07-23T02:51:44.000,2.83,23.95,8.13,44.68728,-124.156658
2021-07-23T03:06:44.000,2.83,23.96,8.12,44.68728,-124.156658
2021-07-23T03:21:44.000,2.83,23.95,8.12,44.68728,-124.156658
2021-07-23T03:36:44.000,2.83,23.98,8.11,44.68728,-124.156658
2021-07-23T03:51:44.000,2.83,23.97,8.11,44.68728,-124.156658
2021-07-23T04:06:44.000,2.83,23.96,8.11,44.68728,-124.156658
2021-07-23T04:21:44.000,2.83,23.96,8.11,44.68728,-124.156658
2021-07-23T04:36:44.000,2.83,23.98,8.11,44.68728,-124.156658
2021-07-23T04:51:44.000,2.83,23.97,8.11,44.68728,-124.156658
2021-07-23T05:06:44.000,2.83,24,8.11,44.68728,-124.156658
2021-07-23T05:21:44.000,2.83,23.98,8.11,44.68728,-124.156658
2021-07-23T05:36:44.000,2.83,24,8.11,44.68728,-124.156658
2021-07-23T05:51:44.000,2.83,24,8.11,44.68728,-124.156658
2021-07-23T06:06:44.000,2.84,24.01,8.11,44.68728,-124.156658
2021-07-23T06:21:44.000,2.83,23.99,8.11,44.68728,-124.156658
2021-07-23T06:36:44.000,2.83,23.93,8.11,44.68728,-124.156658
2021-07-23T06:51:44.000,2.82,23.88,8.11,44.68728,-124.156658
2021-07-23T07:06:44.000,2.81,23.83,8.11,44.68728,-124.156658
2021-07-23T07:21:44.000,2.8,23.74,8.11,44.68728,-124.156658
2021-07-23T07:36:44.000,2.8,23.67,8.11,44.68728,-124.156658
2021-07-23T07:51:44.000,2.79,23.64,8.11,44.68728,-124.156658
2021-07-23T08:06:44.000,2.78,23.57,8.1,44.68728,-124.156658
2021-07-23T08:21:44.000,2.79,23.59,8.1,44.68728,-124.156658
2021-07-23T08:36:44.000,2.78,23.56,8.1,44.68728,-124.156658
2021-07-23T08:51:44.000,2.78,23.5,8.09,44.68728,-124.156658
2021-07-23T09:06:44.000,2.77,23.47,8.09,44.68728,-124.156658
2021-07-23T09:21:44.000,2.77,23.46,8.09,44.68728,-124.156658
2021-07-23T09:36:44.000,2.77,23.43,8.1,44.68728,-124.156658
2021-07-23T09:51:44.000,2.77,23.46,8.1,44.68728,-124.156658
2021-07-23T10:06:44.000,2.76,23.38,8.1,44.68728,-124.156658
2021-07-23T10:21:44.000,2.76,23.38,8.1,44.68728,-124.156658
2021-07-23T10:36:44.000,2.77,23.44,8.1,44.68728,-124.156658
2021-07-23T10:51:44.000,2.78,23.51,8.11,44.68728,-124.156658
2021-07-23T11:06:44.000,2.8,23.68,8.11,44.68728,-124.156658
2021-07-23T11:21:44.000,2.84,24.03,8.12,44.68728,-124.156658
2021-07-23T11:36:44.000,2.86,24.2,8.13,44.68728,-124.156658
2021-07-23T11:51:44.000,2.87,24.28,8.14,44.68728,-124.156658
2021-07-23T12:06:44.000,2.9,24.57,8.14,44.68728,-124.156658
2021-07-23T12:21:44.000,2.91,24.66,8.14,44.68728,-124.156658
2021-07-23T12:36:44.000,2.92,24.78,8.14,44.68728,-124.156658
2021-07-23T12:51:44.000,2.93,24.85,8.14,44.68728,-124.156658
2021-07-23T13:06:44.000,2.94,24.88,8.15,44.68728,-124.156658
2021-07-23T13:21:44.000,2.93,24.79,8.14,44.68728,-124.156658
2021-07-23T13:36:44.000,2.89,24.5,8.14,44.68728,-124.156658
2021-07-23T13:51:44.000,2.87,24.28,8.14,44.68728,-124.156658
2021-07-23T14:06:44.000,2.83,23.97,8.13,44.68728,-124.156658
2021-07-23T14:21:44.000,2.8,23.72,8.12,44.68728,-124.156658
2021-07-23T14:36:44.000,2.78,23.57,8.11,44.68728,-124.156658
2021-07-23T14:51:44.000,2.76,23.35,8.11,44.68728,-124.156658
2021-07-23T15:06:44.000,2.72,23.02,8.11,44.68728,-124.156658
2021-07-23T15:21:44.000,2.72,23.03,8.1,44.68728,-124.156658
2021-07-23T15:36:44.000,2.71,22.92,8.09,44.68728,-124.156658
2021-07-23T15:51:44.000,2.7,22.87,8.09,44.68728,-124.156658
2021-07-23T16:06:44.000,2.7,22.84,8.09,44.68728,-124.156658
2021-07-23T16:21:44.000,2.69,22.77,8.09,44.68728,-124.156658
2021-07-23T16:36:44.000,2.69,22.77,8.09,44.68728,-124.156658
2021-07-23T16:51:44.000,2.69,22.79,8.09,44.68728,-124.156658
2021-07-23T17:06:44.000,2.69,22.76,8.08,44.68728,-124.156658
2021-07-23T17:21:44.000,2.69,22.74,8.09,44.68728,-124.156658
2021-07-23T17:36:44.000,2.68,22.7,8.08,44.68728,-124.156658
2021-07-23T17:51:44.000,2.69,22.73,8.09,44.68728,-124.156658
2021-07-23T18:06:44.000,2.69,22.74,8.09,44.68728,-124.156658
2021-07-23T18:21:44.000,2.68,22.72,8.09,44.68728,-124.156658
