Time (UTC),DO (ml/L),Dissolved Oxygen (%),Temperature (C),Latitude,Longitude
2022-07-01T02:13:17.000,6.95,60.68,9.4,44.74025,-124.080131
2022-07-01T02:28:17.000,6.63,57.81,9.3,44.74025,-124.080131
2022-07-01T02:43:17.000,6.24,54.27,9.19,44.74025,-124.080131
2022-07-01T02:58:17.000,6,52.08,9.14,44.74025,-124.080131
2022-07-01T03:13:17.000,5.85,50.71,9.1,44.74025,-124.080131
2022-07-01T03:28:17.000,5.82,50.49,9.11,44.74025,-124.080131
2022-07-01T03:43:17.000,5.79,50.22,9.11,44.74025,-124.080131
2022-07-01T03:58:17.000,5.78,50.19,9.14,44.74025,-124.080131
2022-07-01T04:13:17.000,5.81,50.48,9.15,44.74025,-124.080131
2022-07-01T04:28:17.000,5.75,49.92,9.16,44.74025,-124.080131
2022-07-01T04:43:17.000,5.89,51.19,9.18,44.74025,-124.080131
2022-07-01T04:58:17.000,5.8,50.41,9.17,44.74025,-124.080131
2022-07-01T05:13:17.000,5.78,50.25,9.17,44.74025,-124.080131
2022-07-01T05:28:17.000,5.72,49.67,9.16,44.74025,-124.080131
2022-07-01T05:43:17.000,5.74,49.86,9.16,44.74025,-124.080131
2022-07-01T05:58:17.000,5.74,49.87,9.16,44.74025,-124.080131
2022-07-01T06:13:17.000,5.72,49.7,9.18,44.74025,-124.080131
2022-07-01T06:28:17.000,5.74,49.84,9.18,44.74025,-124.080131
2022-07-01T06:43:17.000,5.72,49.75,9.19,44.74025,-124.080131
2022-07-01T06:58:17.000,5.8,50.42,9.23,44.74025,-124.080131
2022-07-01T07:13:17.000,5.85,50.89,9.25,44.74025,-124.080131
2022-07-01T07:28:17.000,6.01,52.34,9.3,44.74025,-124.080131
2022-07-01T07:43:17.000,6.21,54.17,9.35,44.74025,-124.080131
2022-07-01T07:58:17.000,6.6,57.75,9.44,44.74025,-124.080131
2022-07-01T08:13:17.000,6.59,57.6,9.44,44.74025,-124.080131
2022-07-01T08:28:17.000,6.97,61.02,9.52,44.74025,-124.080131
2022-07-01T08:43:17.000,7.11,62.33,9.55,44.74025,-124.080131
2022-07-01T08:58:17.000,7.11,62.31,9.55,44.74025,-124.080131
2022-07-01T09:13:17.000,7.23,63.43,9.57,44.74025,-124.080131
2022-07-01T09:28:17.000,7.29,63.95,9.59,44.74025,-124.080131
2022-07-01T09:43:17.000,7.38,64.82,9.62,44.74025,-124.080131
2022-07-01T09:58:17.000,7.44,65.31,9.63,44.74025,-124.080131
2022-07-01T10:13:17.000,7.48,65.74,9.65,44.74025,-124.080131
2022-07-01T10:28:17.000,7.56,66.41,9.66,44.74025,-124.080131
2022-07-01T10:43:17.000,7.5,65.92,9.66,44.74025,-124.080131
2022-07-01T10:58:17.000,7.53,66.22,9.68,44.74025,-124.080131
2022-07-01T11:13:17.000,7.62,67,9.7,44.74025,-124.080131
2022-07-01T11:28:17.000,8.28,73.07,9.84,44.74025,-124.080131
2022-07-01T11:43:17.000,8.48,74.92,9.87,44.74025,-124.080131
2022-07-01T11:58:17.000,8.54,75.39,9.87,44.74025,-124.080131
2022-07-01T12:13:17.000,8.69,76.75,9.88,44.74025,-124.080131
2022-07-01T12:28:17.000,8.69,76.78,9.87,44.74025,-124.080131
2022-07-01T12:43:17.000,8.11,71.39,9.73,44.74025,-124.080131
2022-07-01T12:58:17.000,7.65,67.17,9.63,44.74025,-124.080131
2022-07-01T13:13:17.000,7.63,67.01,9.63,44.74025,-124.080131
2022-07-01T13:28:17.000,7.94,69.89,9.71,44.74025,-124.080131
2022-07-01T13:43:17.000,8.14,71.69,9.75,44.74025,-124.080131
2022-07-01T13:58:17.000,8.1,71.33,9.75,44.74025,-124.080131
2022-07-01T14:13:17.000,7.99,70.28,9.7,44.74025,-124.080131
2022-07-01T14:28:17.000,7.59,66.62,9.61,44.74025,-124.080131
2022-07-01T14:43:17.000,6.92,60.58,9.47,44.74025,-124.080131
2022-07-01T14:58:17.000,6.85,59.96,9.47,44.74025,-124.080131
2022-07-01T15:13:17.000,7.02,61.44,9.51,44.74025,-124.080131
2022-07-01T15:28:17.000,7.05,61.73,9.52,44.74025,-124.080131
2022-07-01T15:43:17.000,7.07,61.97,9.53,44.74025,-124.080131
2022-07-01T15:58:17.000,7.09,62.17,9.54,44.74025,-124.080131
2022-07-01T16:13:17.000,7.07,61.99,9.56,44.74025,-124.080131
2022-07-01T16:28:17.000,7.11,62.36,9.56,44.74025,-124.080131
2022-07-01T16:43:17.000,7.2,63.16,9.56,44.74025,-124.080131
2022-07-01T16:58:17.000,7.2,63.18,9.57,44.74025,-124.080131
2022-07-01T17:13:17.000,7.36,64.57,9.61,44.74025,-124.080131
2022-07-01T17:28:17.000,7.35,64.53,9.61,44.74025,-124.080131
2022-07-01T17:43:17.000,7.4,64.99,9.61,44.74025,-124.080131
2022-07-01T17:58:17.000,7.45,65.45,9.63,44.74025,-124.080131
2022-07-01T18:13:17.000,7.26,63.65,9.59,44.74025,-124.080131
2022-07-01T18:28:17.000,7.29,63.98,9.59,44.74025,-124.080131
2022-07-01T18:43:17.000,7.11,62.31,9.57,44.74025,-124.080131
2022-07-01T18:58:17.000,6.95,60.92,9.56,44.74025,-124.080131
2022-07-01T19:13:17.000,7.03,61.69,9.58,44.74025,-124.080131
2022-07-01T19:28:17.000,7.13,62.6,9.61,44.74025,-124.080131
2022-07-01T19:43:17.000,7.08,62.18,9.61,44.74025,-124.080131
2022-07-01T19:58:17.000,6.99,61.32,9.6,44.74025,-124.080131
2022-07-01T20:13:17.000,6.88,60.37,9.59,44.74025,-124.080131
2022-07-01T20:28:17.000,6.93,60.81,9.61,44.74025,-124.080131
2022-07-01T20:43:17.000,6.81,59.74,9.61,44.74025,-124.080131
2022-07-01T20:58:17.000,6.72,58.94,9.6,44.74025,-124.080131
2022-07-01T21:13:17.000,6.9,60.64,9.65,44.74025,-124.080131
2022-07-01T21:28:17.000,6.61,57.98,9.59,44.74025,-124.080131
2022-07-01T21:43:17.000,6.68,58.6,9.62,44.74025,-124.080131
2022-07-01T21:58:17.000,6.43,56.42,9.58,44.74025,-124.080131
2022-07-01T22:13:17.000,6.27,54.95,9.56,44.74025,-124.080131
2022-07-01T22:28:17.000,5.91,51.81,9.54,44.74025,-124.080131
2022-07-01T22:43:17.000,5.95,52.12,9.52,44.74025,-124.080131
2022-07-01T22:58:17.000,5.96,52.14,9.49,44.74025,-124.080131
2022-07-01T23:13:17.000,5.88,51.5,9.49,44.74025,-124.080131
2022-07-01T23:28:17.000,5.82,50.92,9.49,44.74025,-124.080131
2022-07-01T23:43:17.000,6.21,54.38,9.5,44.74025,-124.080131
2022-07-01T23:58:17.000,5.98,52.38,9.51,44.74025,-124.080131
2022-07-02T00:13:17.000,6.05,53,9.51,44.74025,-124.080131
2022-07-02T00:28:17.000,6.13,53.72,9.52,44.74025,-124.080131
2022-07-02T00:43:17.000,6.11,53.56,9.54,44.74025,-124.080131
2022-07-02T00:58:17.000,5.99,52.42,9.49,44.74025,-124.080131
2022-07-02T01:13:17.000,6,52.5,9.49,44.74025,-124.080131
2022-07-02T01:28:17.000,5.86,51.31,9.49,44.74025,-124.080131
2022-07-02T01:43:17.000,5.86,51.34,9.5,44.74025,-124.080131
2022-07-02T01:58:17.000,6.15,53.91,9.54,44.74025,-124.080131
2022-07-02T02:13:17.000,6.38,55.92,9.54,44.74025,-124.080131
2022-07-02T02:28:17.000,6.45,56.49,9.54,44.74025,-124.080131
2022-07-02T02:43:17.000,6.54,57.28,9.52,44.74025,-124.080131
2022-07-02T02:58:17.000,6.75,59.21,9.56,44.74025,-124.080131
2022-07-02T03:13:17.000,6.78,59.43,9.56,44.74025,-124.080131
2022-07-02T03:28:17.000,6.95,60.9,9.56,44.74025,-124.080131
2022-07-02T03:43:17.000,6.95,60.88,9.54,44.74025,-124.080131
2022-07-02T03:58:17.000,6.96,61,9.54,44.74025,-124.080131
2022-07-02T04:13:17.000,6.99,61.29,9.54,44.74025,-124.080131
2022-07-02T04:28:17.000,7.06,61.9,9.56,44.74025,-124.080131
2022-07-02T04:43:17.000,7.14,62.64,9.58,44.74025,-124.080131
2022-07-02T04:58:17.000,7.17,62.89,9.59,44.74025,-124.080131
2022-07-02T05:13:17.000,7.2,63.13,9.59,44.74025,-124.080131
2022-07-02T05:28:17.000,7.29,63.98,9.61,44.74025,-124.080131
2022-07-02T05:43:17.000,7.37,64.68,9.63,44.74025,-124.080131
2022-07-02T05:58:17.000,7.43,65.24,9.64,44.74025,-124.080131
2022-07-02T06:13:17.000,7.5,65.93,9.66,44.74025,-124.080131
2022-07-02T06:28:17.000,7.7,67.72,9.68,44.74025,-124.080131
2022-07-02T06:43:17.000,7.79,68.52,9.7,44.74025,-124.080131
2022-07-02T06:58:17.000,7.77,68.38,9.72,44.74025,-124.080131
2022-07-02T07:13:17.000,7.77,68.35,9.7,44.74025,-124.080131
2022-07-02T07:28:17.000,7.71,67.83,9.7,44.74025,-124.080131
2022-07-02T07:43:17.000,7.69,67.64,9.7,44.74025,-124.080131
2022-07-02T07:58:17.000,7.73,68.06,9.73,44.74025,-124.080131
2022-07-02T08:13:17.000,7.72,67.97,9.73,44.74025,-124.080131
2022-07-02T08:28:17.000,7.77,68.36,9.73,44.74025,-124.080131
2022-07-02T08:43:17.000,7.85,69.09,9.75,44.74025,-124.080131
2022-07-02T08:58:17.000,7.92,69.73,9.75,44.74025,-124.080131
2022-07-02T09:13:17.000,7.91,69.63,9.75,44.74025,-124.080131
2022-07-02T09:28:17.000,7.94,69.98,9.76,44.74025,-124.080131
2022-07-02T09:43:17.000,7.99,70.44,9.77,44.74025,-124.080131
2022-07-02T09:58:17.000,8.07,71.17,9.8,44.74025,-124.080131
2022-07-02T10:13:17.000,8.1,71.45,9.8,44.74025,-124.080131
2022-07-02T10:28:17.000,8.13,71.69,9.8,44.74025,-124.080131
2022-07-02T10:43:17.000,8.1,71.42,9.8,44.74025,-124.080131
2022-07-02T10:58:17.000,8.13,71.66,9.8,44.74025,-124.080131
2022-07-02T11:13:17.000,8.17,71.97,9.77,44.74025,-124.080131
2022-07-02T11:28:17.000,8.09,71.15,9.71,44.74025,-124.080131
2022-07-02T11:43:17.000,7.59,66.61,9.59,44.74025,-124.080131
2022-07-02T11:58:17.000,7.51,65.85,9.57,44.74025,-124.080131
2022-07-02T12:13:17.000,7.49,65.69,9.56,44.74025,-124.080131
2022-07-02T12:28:17.000,7.48,65.61,9.56,44.74025,-124.080131
2022-07-02T12:43:17.000,7.49,65.71,9.56,44.74025,-124.080131
2022-07-02T12:58:17.000,7.49,65.67,9.56,44.74025,-124.080131
2022-07-02T13:13:17.000,7.5,65.73,9.56,44.74025,-124.080131
2022-07-02T13:28:17.000,7.66,67.15,9.57,44.74025,-124.080131
2022-07-02T13:43:17.000,7.73,67.84,9.6,44.74025,-124.080131
2022-07-02T13:58:17.000,7.85,68.9,9.63,44.74025,-124.080131
2022-07-02T14:13:17.000,7.88,69.19,9.63,44.74025,-124.080131
2022-07-02T14:28:17.000,7.89,69.3,9.66,44.74025,-124.080131
2022-07-02T14:43:17.000,7.89,69.33,9.66,44.74025,-124.080131
2022-07-02T14:58:17.000,7.86,69.08,9.66,44.74025,-124.080131
2022-07-02T15:13:17.000,7.85,68.95,9.66,44.74025,-124.080131
2022-07-02T15:28:17.000,7.82,68.73,9.66,44.74025,-124.080131
2022-07-02T15:43:17.000,7.81,68.67,9.68,44.74025,-124.080131
2022-07-02T15:58:17.000,7.85,69.07,9.69,44.74025,-124.080131
2022-07-02T16:13:17.000,7.84,68.91,9.69,44.74025,-124.080131
2022-07-02T16:28:17.000,7.73,67.96,9.67,44.74025,-124.080131
2022-07-02T16:43:17.000,7.72,67.89,9.67,44.74025,-124.080131
2022-07-02T16:58:17.000,7.63,66.97,9.63,44.74025,-124.080131
2022-07-02T17:13:17.000,7.59,66.69,9.65,44.74025,-124.080131
2022-07-02T17:28:17.000,7.11,62.3,9.52,44.74025,-124.080131
2022-07-02T17:43:17.000,7.2,63.1,9.55,44.74025,-124.080131
2022-07-02T17:58:17.000,7.1,62.18,9.54,44.74025,-124.080131
2022-07-02T18:13:17.000,7,61.35,9.54,44.74025,-124.080131
2022-07-02T18:28:17.000,7.25,63.61,9.57,44.74025,-124.080131
2022-07-02T18:43:17.000,7.08,62.09,9.56,44.74025,-124.080131
2022-07-02T18:58:17.000,7.27,63.82,9.59,44.74025,-124.080131
2022-07-02T19:13:17.000,6.92,60.72,9.58,44.74025,-124.080131
2022-07-02T19:28:17.000,6.98,61.26,9.59,44.74025,-124.080131
2022-07-02T19:43:17.000,7,61.39,9.6,44.74025,-124.080131
2022-07-02T19:58:17.000,7.03,61.69,9.6,44.74025,-124.080131
2022-07-02T20:13:17.000,7.1,62.3,9.61,44.74025,-124.080131
2022-07-02T20:28:17.000,7.01,61.48,9.59,44.74025,-124.080131
2022-07-02T20:43:17.000,7.04,61.77,9.59,44.74025,-124.080131
2022-07-02T20:58:17.000,7.1,62.26,9.59,44.74025,-124.080131
2022-07-02T21:13:17.000,7.16,62.8,9.6,44.74025,-124.080131
2022-07-02T21:28:17.000,7.17,62.93,9.59,44.74025,-124.080131
2022-07-02T21:43:17.000,7.2,63.19,9.59,44.74025,-124.080131
2022-07-02T21:58:17.000,7.28,63.89,9.61,44.74025,-124.080131
2022-07-02T22:13:17.000,7.42,65.13,9.61,44.74025,-124.080131
2022-07-02T22:28:17.000,7.61,66.91,9.65,44.74025,-124.080131
2022-07-02T22:43:17.000,8.01,70.51,9.75,44.74025,-124.080131
2022-07-02T22:58:17.000,8.41,74.26,9.85,44.74025,-124.080131
2022-07-02T23:13:17.000,7.95,69.93,9.68,44.74025,-124.080131
2022-07-02T23:28:17.000,7.39,64.91,9.62,44.74025,-124.080131
2022-07-02T23:43:17.000,7.73,67.98,9.7,44.74025,-124.080131
2022-07-02T23:58:17.000,7.57,66.54,9.68,44.74025,-124.080131
2022-07-03T00:13:17.000,7.23,63.43,9.61,44.74025,-124.080131
2022-07-03T00:28:17.000,6.47,56.53,9.41,44.74025,-124.080131
2022-07-03T00:43:17.000,6.29,54.9,9.37,44.74025,-124.080131
2022-07-03T00:58:17.000,6.33,55.25,9.37,44.74025,-124.080131
2022-07-03T01:13:17.000,6.33,55.22,9.36,44.74025,-124.080131
2022-07-03T01:28:17.000,6.32,55.07,9.31,44.74025,-124.080131
2022-07-03T01:43:17.000,6.18,53.77,9.25,44.74025,-124.080131
2022-07-03T01:58:17.000,6.05,52.58,9.21,44.74025,-124.080131
2022-07-03T02:13:17.000,5.84,50.68,9.14,44.74025,-124.080131
2022-07-03T02:28:17.000,5.62,48.66,9.07,44.74025,-124.080131
2022-07-03T02:43:17.000,5.52,47.8,9.06,44.74025,-124.080131
2022-07-03T02:58:17.000,5.42,46.9,9.02,44.74025,-124.080131
2022-07-03T03:13:17.000,5.35,46.26,9,44.74025,-124.080131
2022-07-03T03:28:17.000,5.28,45.61,8.97,44.74025,-124.080131
2022-07-03T03:43:17.000,5.22,45.06,8.94,44.74025,-124.080131
2022-07-03T03:58:17.000,5.18,44.78,8.94,44.74025,-124.080131
2022-07-03T04:13:17.000,5.15,44.52,8.94,44.74025,-124.080131
2022-07-03T04:28:17.000,5.11,44.12,8.94,44.74025,-124.080131
2022-07-03T04:43:17.000,5.09,44,8.93,44.74025,-124.080131
2022-07-03T04:58:17.000,5.09,43.93,8.94,44.74025,-124.080131
2022-07-03T05:13:17.000,5.07,43.8,8.94,44.74025,-124.080131
2022-07-03T05:28:17.000,4.64,39.99,8.81,44.74025,-124.080131
2022-07-03T05:43:17.000,4.7,40.51,8.83,44.74025,-124.080131
2022-07-03T05:58:17.000,4.47,38.5,8.78,44.74025,-124.080131
2022-07-03T06:13:17.000,4.42,38.03,8.79,44.74025,-124.080131
2022-07-03T06:28:17.000,4.42,38.04,8.8,44.74025,-124.080131
2022-07-03T06:43:17.000,4.39,37.8,8.81,44.74025,-124.080131
2022-07-03T06:58:17.000,4.45,38.38,8.84,44.74025,-124.080131
2022-07-03T07:13:17.000,4.58,39.5,8.88,44.74025,-124.080131
2022-07-03T07:28:17.000,4.74,40.96,8.92,44.74025,-124.080131
2022-07-03T07:43:17.000,4.9,42.31,8.95,44.74025,-124.080131
2022-07-03T07:58:17.000,4.89,42.28,8.96,44.74025,-124.080131
2022-07-03T08:13:17.000,4.95,42.79,8.99,44.74025,-124.080131
2022-07-03T08:28:17.000,5.05,43.7,9.02,44.74025,-124.080131
2022-07-03T08:43:17.000,5.26,45.53,9.06,44.74025,-124.080131
2022-07-03T08:58:17.000,5.42,47.03,9.09,44.74025,-124.080131
2022-07-03T09:13:17.000,5.59,48.54,9.14,44.74025,-124.080131
2022-07-03T09:28:17.000,5.74,49.82,9.17,44.74025,-124.080131
2022-07-03T09:43:17.000,5.79,50.3,9.19,44.74025,-124.080131
2022-07-03T09:58:17.000,5.83,50.66,9.21,44.74025,-124.080131
2022-07-03T10:13:17.000,5.86,50.98,9.21,44.74025,-124.080131
2022-07-03T10:28:17.000,5.95,51.78,9.23,44.74025,-124.080131
2022-07-03T10:43:17.000,6.08,52.94,9.26,44.74025,-124.080131
2022-07-03T10:58:17.000,6.16,53.62,9.28,44.74025,-124.080131
2022-07-03T11:13:17.000,6.35,55.31,9.3,44.74025,-124.080131
2022-07-03T11:28:17.000,6.35,55.37,9.32,44.74025,-124.080131
2022-07-03T11:43:17.000,6.39,55.7,9.33,44.74025,-124.080131
2022-07-03T11:58:17.000,6.54,57.05,9.36,44.74025,-124.080131
2022-07-03T12:13:17.000,6.46,56.32,9.35,44.74025,-124.080131
2022-07-03T12:28:17.000,6.41,55.88,9.35,44.74025,-124.080131
2022-07-03T12:43:17.000,6.45,56.31,9.35,44.74025,-124.080131
2022-07-03T12:58:17.000,6.44,56.24,9.37,44.74025,-124.080131
2022-07-03T13:13:17.000,6.7,58.5,9.4,44.74025,-124.080131
2022-07-03T13:28:17.000,6.75,58.98,9.42,44.74025,-124.080131
2022-07-03T13:43:17.000,6.8,59.43,9.44,44.74025,-124.080131
2022-07-03T13:58:17.000,6.88,60.15,9.47,44.74025,-124.080131
2022-07-03T14:13:17.000,6.83,59.74,9.47,44.74025,-124.080131
2022-07-03T14:28:17.000,6.81,59.57,9.47,44.74025,-124.080131
2022-07-03T14:43:17.000,6.68,58.4,9.45,44.74025,-124.080131
2022-07-03T14:58:17.000,6.6,57.74,9.44,44.74025,-124.080131
2022-07-03T15:13:17.000,6.66,58.24,9.46,44.74025,-124.080131
2022-07-03T15:28:17.000,5.39,46.75,9.1,44.74025,-124.080131
2022-07-03T15:43:17.000,4.8,41.55,9,44.74025,-124.080131
2022-07-03T15:58:17.000,4.47,38.6,8.9,44.74025,-124.080131
2022-07-03T16:13:17.000,4.24,36.61,8.88,44.74025,-124.080131
2022-07-03T16:28:17.000,4.18,36.06,8.85,44.74025,-124.080131
2022-07-03T16:43:17.000,4.09,35.24,8.85,44.74025,-124.080131
2022-07-03T16:58:17.000,4.11,35.39,8.85,44.74025,-124.080131
2022-07-03T17:13:17.000,4.04,34.86,8.87,44.74025,-124.080131
2022-07-03T17:28:17.000,4.16,35.92,8.9,44.74025,-124.080131
2022-07-03T17:43:17.000,4.23,36.54,8.95,44.74025,-124.080131
2022-07-03T17:58:17.000,4.08,35.25,8.92,44.74025,-124.080131
2022-07-03T18:13:17.000,3.86,33.28,8.88,44.74025,-124.080131
2022-07-03T18:28:17.000,3.75,32.29,8.81,44.74025,-124.080131
2022-07-03T18:43:17.000,3.71,31.92,8.78,44.74025,-124.080131
2022-07-03T18:58:17.000,3.65,31.37,8.78,44.74025,-124.080131
2022-07-03T19:13:17.000,3.63,31.26,8.76,44.74025,-124.080131
2022-07-03T19:28:17.000,3.64,31.29,8.76,44.74025,-124.080131
2022-07-03T19:43:17.000,3.71,31.95,8.78,44.74025,-124.080131
2022-07-03T19:58:17.000,3.67,31.61,8.78,44.74025,-124.080131
2022-07-03T20:13:17.000,3.74,32.17,8.8,44.74025,-124.080131
2022-07-03T20:28:17.000,3.84,33.07,8.81,44.74025,-124.080131
2022-07-03T20:43:17.000,3.87,33.36,8.83,44.74025,-124.080131
2022-07-03T20:58:17.000,3.91,33.69,8.84,44.74025,-124.080131
2022-07-03T21:13:17.000,3.9,33.61,8.85,44.74025,-124.080131
2022-07-03T21:28:17.000,4.05,34.93,8.85,44.74025,-124.080131
2022-07-03T21:43:17.000,4,34.46,8.85,44.74025,-124.080131
2022-07-03T21:58:17.000,3.98,34.29,8.83,44.74025,-124.080131
2022-07-03T22:13:17.000,4,34.45,8.81,44.74025,-124.080131
2022-07-03T22:28:17.000,4.04,34.79,8.8,44.74025,-124.080131
2022-07-03T22:43:17.000,4.05,34.85,8.78,44.74025,-124.080131
2022-07-03T22:58:17.000,4.03,34.7,8.76,44.74025,-124.080131
2022-07-03T23:13:17.000,4.08,35.05,8.76,44.74025,-124.080131
2022-07-03T23:28:17.000,4.18,35.93,8.78,44.74025,-124.080131
2022-07-03T23:43:17.000,4.27,36.74,8.81,44.74025,-124.080131
2022-07-03T23:58:17.000,4.42,38.14,8.85,44.74025,-124.080131
2022-07-04T00:13:17.000,4.38,37.76,8.85,44.74025,-124.080131
2022-07-04T00:28:17.000,4.34,37.39,8.83,44.74025,-124.080131
2022-07-04T00:43:17.000,4.32,37.23,8.84,44.74025,-124.080131
2022-07-04T00:58:17.000,4.31,37.12,8.85,44.74025,-124.080131
2022-07-04T01:13:17.000,4.34,37.45,8.88,44.74025,-124.080131
2022-07-04T01:28:17.000,4.41,38.11,8.92,44.74025,-124.080131
2022-07-04T01:43:17.000,4.45,38.42,8.95,44.74025,-124.080131
2022-07-04T01:58:17.000,4.54,39.29,9,44.74025,-124.080131
2022-07-04T02:13:17.000,4.68,40.56,9.04,44.74025,-124.080131
2022-07-04T02:28:17.000,4.73,41.03,9.08,44.74025,-124.080131
2022-07-04T02:43:17.000,4.8,41.66,9.11,44.74025,-124.080131
2022-07-04T02:58:17.000,4.87,42.24,9.16,44.74025,-124.080131
2022-07-04T03:13:17.000,4.95,43.01,9.18,44.74025,-124.080131
2022-07-04T03:28:17.000,4.98,43.27,9.19,44.74025,-124.080131
2022-07-04T03:43:17.000,4.81,41.72,9.07,44.74025,-124.080131
2022-07-04T03:58:17.000,4.87,42.24,9.09,44.74025,-124.080131
2022-07-04T04:13:17.000,4.85,42,9.07,44.74025,-124.080131
2022-07-04T04:28:17.000,4.59,39.68,8.97,44.74025,-124.080131
2022-07-04T04:43:17.000,4.58,39.59,8.97,44.74025,-124.080131
2022-07-04T04:58:17.000,4.53,39.13,8.97,44.74025,-124.080131
2022-07-04T05:13:17.000,4.6,39.8,9,44.74025,-124.080131
2022-07-04T05:28:17.000,4.78,41.37,9.04,44.74025,-124.080131
2022-07-04T05:43:17.000,4.56,39.44,9.01,44.74025,-124.080131
2022-07-04T05:58:17.000,4.61,39.83,8.96,44.74025,-124.080131
2022-07-04T06:13:17.000,4.6,39.72,8.95,44.74025,-124.080131
2022-07-04T06:28:17.000,4.6,39.79,8.96,44.74025,-124.080131
2022-07-04T06:43:17.000,4.54,39.17,8.93,44.74025,-124.080131
2022-07-04T06:58:17.000,4.46,38.52,8.93,44.74025,-124.080131
2022-07-04T07:13:17.000,4.62,39.88,8.95,44.74025,-124.080131
2022-07-04T07:28:17.000,4.64,40.12,8.96,44.74025,-124.080131
2022-07-04T07:43:17.000,4.66,40.26,8.97,44.74025,-124.080131
2022-07-04T07:58:17.000,4.65,40.21,8.99,44.74025,-124.080131
2022-07-04T08:13:17.000,4.67,40.38,9,44.74025,-124.080131
2022-07-04T08:28:17.000,4.75,41.07,9.01,44.74025,-124.080131
2022-07-04T08:43:17.000,4.72,40.88,9.02,44.74025,-124.080131
2022-07-04T08:58:17.000,4.67,40.45,9.02,44.74025,-124.080131
2022-07-04T09:13:17.000,4.66,40.31,9.04,44.74025,-124.080131
2022-07-04T09:28:17.000,4.63,40.08,9.04,44.74025,-124.080131
2022-07-04T09:43:17.000,4.66,40.35,9.05,44.74025,-124.080131
2022-07-04T09:58:17.000,4.68,40.6,9.08,44.74025,-124.080131
2022-07-04T10:13:17.000,4.8,41.67,9.11,44.74025,-124.080131
2022-07-04T10:28:17.000,4.78,41.5,9.13,44.74025,-124.080131
2022-07-04T10:43:17.000,4.84,42,9.16,44.74025,-124.080131
2022-07-04T10:58:17.000,5.07,44.08,9.23,44.74025,-124.080131
2022-07-04T11:13:17.000,5.32,46.37,9.31,44.74025,-124.080131
2022-07-04T11:28:17.000,5.59,48.75,9.37,44.74025,-124.080131
2022-07-04T11:43:17.000,5.7,49.73,9.35,44.74025,-124.080131
2022-07-04T11:58:17.000,5.7,49.69,9.35,44.74025,-124.080131
2022-07-04T12:13:17.000,5.49,47.88,9.3,44.74025,-124.080131
2022-07-04T12:28:17.000,5.65,49.23,9.29,44.74025,-124.080131
2022-07-04T12:43:17.000,5.47,47.49,9.18,44.74025,-124.080131
2022-07-04T12:58:17.000,5.18,44.9,9.09,44.74025,-124.080131
2022-07-04T13:13:17.000,4.9,42.42,9.04,44.74025,-124.080131
2022-07-04T13:28:17.000,4.75,41.01,8.95,44.74025,-124.080131
2022-07-04T13:43:17.000,4.65,40.15,8.92,44.74025,-124.080131
2022-07-04T13:58:17.000,4.16,35.81,8.76,44.74025,-124.080131
2022-07-04T14:13:17.000,3.98,34.22,8.72,44.74025,-124.080131
2022-07-04T14:28:17.000,3.79,32.51,8.65,44.74025,-124.080131
2022-07-04T14:43:17.000,3.71,31.83,8.64,44.74025,-124.080131
2022-07-04T14:58:17.000,3.76,32.26,8.66,44.74025,-124.080131
2022-07-04T15:13:17.000,3.6,30.88,8.64,44.74025,-124.080131
2022-07-04T15:28:17.000,3.57,30.61,8.64,44.74025,-124.080131
2022-07-04T15:43:17.000,3.64,31.23,8.66,44.74025,-124.080131
2022-07-04T15:58:17.000,3.65,31.32,8.68,44.74025,-124.080131
2022-07-04T16:13:17.000,3.74,32.13,8.7,44.74025,-124.080131
2022-07-04T16:28:17.000,3.81,32.77,8.71,44.74025,-124.080131
2022-07-04T16:43:17.000,3.79,32.58,8.71,44.74025,-124.080131
2022-07-04T16:58:17.000,3.98,34.2,8.76,44.74025,-124.080131
2022-07-04T17:13:17.000,3.93,33.78,8.76,44.74025,-124.080131
2022-07-04T17:28:17.000,3.94,33.88,8.76,44.74025,-124.080131
2022-07-04T17:43:17.000,3.97,34.15,8.78,44.74025,-124.080131
2022-07-04T17:58:17.000,3.96,34.04,8.78,44.74025,-124.080131
2022-07-04T18:13:17.000,4,34.41,8.8,44.74025,-124.080131
2022-07-04T18:28:17.000,4.01,34.57,8.83,44.74025,-124.080131
2022-07-04T18:43:17.000,3.95,34.03,8.83,44.74025,-124.080131
2022-07-04T18:58:17.000,4.06,34.99,8.85,44.74025,-124.080131
2022-07-04T19:13:17.000,4.04,34.85,8.88,44.74025,-124.080131
2022-07-04T19:28:17.000,4.09,35.26,8.9,44.74025,-124.080131
2022-07-04T19:43:17.000,4.26,36.81,8.95,44.74025,-124.080131
2022-07-04T19:58:17.000,4.19,36.18,8.92,44.74025,-124.080131
2022-07-04T20:13:17.000,4.48,38.73,8.99,44.74025,-124.080131
2022-07-04T20:28:17.000,4.76,41.21,9.07,44.74025,-124.080131
2022-07-04T20:43:17.000,4.45,38.48,9.02,44.74025,-124.080131
2022-07-04T20:58:17.000,4.54,39.27,9.02,44.74025,-124.080131
2022-07-04T21:13:17.000,4.3,37.18,9,44.74025,-124.080131
2022-07-04T21:28:17.000,4.29,37.08,9,44.74025,-124.080131
2022-07-04T21:43:17.000,4.24,36.63,8.97,44.74025,-124.080131
2022-07-04T21:58:17.000,4.21,36.36,8.97,44.74025,-124.080131
2022-07-04T22:13:17.000,4.26,36.78,8.97,44.74025,-124.080131
2022-07-04T22:28:17.000,4.43,38.33,9,44.74025,-124.080131
2022-07-04T22:43:17.000,4.54,39.23,9,44.74025,-124.080131
2022-07-04T22:58:17.000,4.45,38.52,9.01,44.74025,-124.080131
2022-07-04T23:13:17.000,4.36,37.73,9,44.74025,-124.080131
2022-07-04T23:28:17.000,4.68,40.61,9.09,44.74025,-124.080131
2022-07-04T23:43:17.000,5.04,43.75,9.18,44.74025,-124.080131
2022-07-04T23:58:17.000,5.5,47.91,9.28,44.74025,-124.080131
2022-07-05T00:13:17.000,5.68,49.53,9.34,44.74025,-124.080131
2022-07-05T00:28:17.000,5.96,52.06,9.42,44.74025,-124.080131
2022-07-05T00:43:17.000,6.03,52.72,9.44,44.74025,-124.080131
2022-07-05T00:58:17.000,5.34,46.42,9.21,44.74025,-124.080131
2022-07-05T01:13:17.000,4.76,41.18,9,44.74025,-124.080131
2022-07-05T01:28:17.000,4.23,36.46,8.85,44.74025,-124.080131
2022-07-05T01:43:17.000,3.58,30.72,8.66,44.74025,-124.080131
2022-07-05T01:58:17.000,3.27,27.98,8.58,44.74025,-124.080131
2022-07-05T02:13:17.000,3.12,26.66,8.54,44.74025,-124.080131
2022-07-05T02:28:17.000,3,25.65,8.47,44.74025,-124.080131
2022-07-05T02:43:17.000,2.93,25.04,8.45,44.74025,-124.080131
2022-07-05T02:58:17.000,2.87,24.53,8.43,44.74025,-124.080131
2022-07-05T03:13:17.000,2.84,24.22,8.42,44.74025,-124.080131
2022-07-05T03:28:17.000,2.87,24.44,8.39,44.74025,-124.080131
2022-07-05T03:43:17.000,2.86,24.35,8.38,44.74025,-124.080131
2022-07-05T03:58:17.000,2.88,24.53,8.39,44.74025,-124.080131
2022-07-05T04:13:17.000,2.86,24.39,8.38,44.74025,-124.080131
2022-07-05T04:28:17.000,2.78,23.69,8.36,44.74025,-124.080131
2022-07-05T04:43:17.000,2.73,23.27,8.35,44.74025,-124.080131
2022-07-05T04:58:17.000,2.7,22.97,8.34,44.74025,-124.080131
2022-07-05T05:13:17.000,2.7,22.95,8.35,44.74025,-124.080131
2022-07-05T05:28:17.000,2.67,22.75,8.35,44.74025,-124.080131
2022-07-05T05:43:17.000,2.66,22.63,8.34,44.74025,-124.080131
2022-07-05T05:58:17.000,2.7,22.97,8.35,44.74025,-124.080131
2022-07-05T06:13:17.000,2.67,22.7,8.35,44.74025,-124.080131
2022-07-05T06:28:17.000,2.6,22.18,8.34,44.74025,-124.080131
2022-07-05T06:43:17.000,2.59,22.02,8.34,44.74025,-124.080131
2022-07-05T06:58:17.000,2.61,22.19,8.35,44.74025,-124.080131
2022-07-05T07:13:17.000,2.62,22.28,8.36,44.74025,-124.080131
2022-07-05T07:28:17.000,2.66,22.69,8.36,44.74025,-124.080131
2022-07-05T07:43:17.000,2.68,22.82,8.37,44.74025,-124.080131
2022-07-05T07:58:17.000,2.75,23.44,8.38,44.74025,-124.080131
2022-07-05T08:13:17.000,2.79,23.74,8.39,44.74025,-124.080131
2022-07-05T08:28:17.000,2.84,24.19,8.4,44.74025,-124.080131
2022-07-05T08:43:17.000,2.95,25.16,8.43,44.74025,-124.080131
2022-07-05T08:58:17.000,3.26,27.9,8.5,44.74025,-124.080131
2022-07-05T09:13:17.000,3.32,28.36,8.52,44.74025,-124.080131
2022-07-05T09:28:17.000,3.48,29.83,8.57,44.74025,-124.080131
2022-07-05T09:43:17.000,3.8,32.58,8.65,44.74025,-124.080131
2022-07-05T09:58:17.000,3.78,32.45,8.66,44.74025,-124.080131
2022-07-05T10:13:17.000,3.66,31.36,8.64,44.74025,-124.080131
2022-07-05T10:28:17.000,3.61,30.99,8.64,44.74025,-124.080131
2022-07-05T10:43:17.000,3.54,30.36,8.59,44.74025,-124.080131
2022-07-05T10:58:17.000,3.5,29.97,8.59,44.74025,-124.080131
2022-07-05T11:13:17.000,3.41,29.17,8.56,44.74025,-124.080131
2022-07-05T11:28:17.000,3.41,29.19,8.57,44.74025,-124.080131
2022-07-05T11:43:17.000,3.39,29.06,8.59,44.74025,-124.080131
2022-07-05T11:58:17.000,3.4,29.11,8.59,44.74025,-124.080131
2022-07-05T12:13:17.000,3.34,28.59,8.59,44.74025,-124.080131
2022-07-05T12:28:17.000,3.34,28.61,8.61,44.74025,-124.080131
2022-07-05T12:43:17.000,3.31,28.37,8.62,44.74025,-124.080131
2022-07-05T12:58:17.000,3.38,28.95,8.64,44.74025,-124.080131
2022-07-05T13:13:17.000,3.44,29.49,8.66,44.74025,-124.080131
2022-07-05T13:28:17.000,3.38,29.04,8.66,44.74025,-124.080131
2022-07-05T13:43:17.000,3.53,30.31,8.71,44.74025,-124.080131
2022-07-05T13:58:17.000,3.82,32.89,8.78,44.74025,-124.080131
2022-07-05T14:13:17.000,3.8,32.65,8.66,44.74025,-124.080131
2022-07-05T14:28:17.000,3.51,30.08,8.61,44.74025,-124.080131
2022-07-05T14:43:17.000,3.36,28.71,8.54,44.74025,-124.080131
2022-07-05T14:58:17.000,3.11,26.62,8.49,44.74025,-124.080131
2022-07-05T15:13:17.000,3.1,26.5,8.47,44.74025,-124.080131
2022-07-05T15:28:17.000,2.93,25,8.42,44.74025,-124.080131
2022-07-05T15:43:17.000,2.88,24.54,8.4,44.74025,-124.080131
2022-07-05T15:58:17.000,2.77,23.63,8.38,44.74025,-124.080131
2022-07-05T16:13:17.000,2.73,23.23,8.36,44.74025,-124.080131
2022-07-05T16:28:17.000,2.64,22.51,8.35,44.74025,-124.080131
2022-07-05T16:43:17.000,2.64,22.49,8.33,44.74025,-124.080131
2022-07-05T16:58:17.000,2.59,22.01,8.31,44.74025,-124.080131
2022-07-05T17:13:17.000,2.56,21.8,8.29,44.74025,-124.080131
2022-07-05T17:28:17.000,2.51,21.35,8.28,44.74025,-124.080131
2022-07-05T17:43:17.000,2.46,20.89,8.28,44.74025,-124.080131
2022-07-05T17:58:17.000,2.47,20.98,8.26,44.74025,-124.080131
2022-07-05T18:13:17.000,2.5,21.24,8.25,44.74025,-124.080131
2022-07-05T18:28:17.000,2.46,20.93,8.24,44.74025,-124.080131
2022-07-05T18:43:17.000,2.44,20.75,8.23,44.74025,-124.080131
2022-07-05T18:58:17.000,2.41,20.42,8.23,44.74025,-124.080131
2022-07-05T19:13:17.000,2.39,20.29,8.23,44.74025,-124.080131
2022-07-05T19:28:17.000,2.42,20.56,8.22,44.74025,-124.080131
2022-07-05T19:43:17.000,2.45,20.82,8.22,44.74025,-124.080131
2022-07-05T19:58:17.000,2.47,20.94,8.22,44.74025,-124.080131
2022-07-05T20:13:17.000,2.43,20.62,8.22,44.74025,-124.080131
2022-07-05T20:28:17.000,2.43,20.65,8.22,44.74025,-124.080131
2022-07-05T20:43:17.000,2.39,20.3,8.22,44.74025,-124.080131
2022-07-05T20:58:17.000,2.33,19.77,8.21,44.74025,-124.080131
2022-07-05T21:13:17.000,2.3,19.53,8.21,44.74025,-124.080131
2022-07-05T21:28:17.000,2.28,19.33,8.21,44.74025,-124.080131
2022-07-05T21:43:17.000,2.31,19.6,8.22,44.74025,-124.080131
2022-07-05T21:58:17.000,2.28,19.36,8.21,44.74025,-124.080131
2022-07-05T22:13:17.000,2.26,19.2,8.22,44.74025,-124.080131
2022-07-05T22:28:17.000,2.42,20.51,8.23,44.74025,-124.080131
2022-07-05T22:43:17.000,2.91,24.72,8.3,44.74025,-124.080131
2022-07-05T22:58:17.000,3.34,28.46,8.4,44.74025,-124.080131
2022-07-05T23:13:17.000,3.35,28.58,8.43,44.74025,-124.080131
2022-07-05T23:28:17.000,3.36,28.69,8.48,44.74025,-124.080131
2022-07-05T23:43:17.000,3.26,27.84,8.52,44.74025,-124.080131
2022-07-05T23:58:17.000,3.2,27.39,8.52,44.74025,-124.080131
2022-07-06T00:13:17.000,3.26,27.9,8.57,44.74025,-124.080131
2022-07-06T00:28:17.000,3.3,28.29,8.6,44.74025,-124.080131
2022-07-06T00:43:17.000,3.32,28.48,8.61,44.74025,-124.080131
2022-07-06T00:58:17.000,3.44,29.54,8.64,44.74025,-124.080131
2022-07-06T01:13:17.000,3.55,30.48,8.68,44.74025,-124.080131
2022-07-06T01:28:17.000,3.54,30.43,8.68,44.74025,-124.080131
2022-07-06T01:43:17.000,3.43,29.42,8.64,44.74025,-124.080131
2022-07-06T01:58:17.000,3.34,28.6,8.62,44.74025,-124.080131
2022-07-06T02:13:17.000,3.3,28.32,8.62,44.74025,-124.080131
2022-07-06T02:28:17.000,3.33,28.58,8.64,44.74025,-124.080131
2022-07-06T02:43:17.000,3.32,28.47,8.64,44.74025,-124.080131
2022-07-06T02:58:17.000,3.32,28.45,8.64,44.74025,-124.080131
2022-07-06T03:13:17.000,3.32,28.5,8.66,44.74025,-124.080131
2022-07-06T03:28:17.000,3.37,28.9,8.66,44.74025,-124.080131
2022-07-06T03:43:17.000,3.38,28.99,8.69,44.74025,-124.080131
2022-07-06T03:58:17.000,3.39,29.05,8.62,44.74025,-124.080131
2022-07-06T04:13:17.000,3.42,29.21,8.52,44.74025,-124.080131
2022-07-06T04:28:17.000,3.4,29.06,8.5,44.74025,-124.080131
2022-07-06T04:43:17.000,3.35,28.59,8.48,44.74025,-124.080131
2022-07-06T04:58:17.000,3.28,27.99,8.45,44.74025,-124.080131
2022-07-06T05:13:17.000,3.15,26.87,8.39,44.74025,-124.080131
2022-07-06T05:28:17.000,2.92,24.82,8.29,44.74025,-124.080131
2022-07-06T05:43:17.000,2.7,22.95,8.23,44.74025,-124.080131
2022-07-06T05:58:17.000,2.61,22.1,8.14,44.74025,-124.080131
2022-07-06T06:13:17.000,2.56,21.71,8.1,44.74025,-124.080131
2022-07-06T06:28:17.000,2.48,21,8.05,44.74025,-124.080131
2022-07-06T06:43:17.000,2.45,20.67,8.04,44.74025,-124.080131
2022-07-06T06:58:17.000,2.4,20.33,8.04,44.74025,-124.080131
2022-07-06T07:13:17.000,2.35,19.86,8.04,44.74025,-124.080131
2022-07-06T07:28:17.000,2.32,19.57,8.02,44.74025,-124.080131
2022-07-06T07:43:17.000,2.29,19.34,8.02,44.74025,-124.080131
2022-07-06T07:58:17.000,2.3,19.42,8.02,44.74025,-124.080131
2022-07-06T08:13:17.000,2.3,19.4,8.02,44.74025,-124.080131
2022-07-06T08:28:17.000,2.27,19.19,8.01,44.74025,-124.080131
2022-07-06T08:43:17.000,2.22,18.75,8.01,44.74025,-124.080131
2022-07-06T08:58:17.000,2.22,18.73,8,44.74025,-124.080131
2022-07-06T09:13:17.000,2.2,18.57,8,44.74025,-124.080131
2022-07-06T09:28:17.000,2.18,18.37,8,44.74025,-124.080131
2022-07-06T09:43:17.000,2.22,18.7,7.99,44.74025,-124.080131
2022-07-06T09:58:17.000,2.2,18.57,7.99,44.74025,-124.080131
2022-07-06T10:13:17.000,2.18,18.43,8,44.74025,-124.080131
2022-07-06T10:28:17.000,2.18,18.4,8,44.74025,-124.080131
2022-07-06T10:43:17.000,2.22,18.71,8.02,44.74025,-124.080131
2022-07-06T10:58:17.000,2.27,19.18,8.04,44.74025,-124.080131
2022-07-06T11:13:17.000,2.31,19.51,8.07,44.74025,-124.080131
2022-07-06T11:28:17.000,2.47,20.96,8.15,44.74025,-124.080131
2022-07-06T11:43:17.000,2.67,22.67,8.24,44.74025,-124.080131
2022-07-06T11:58:17.000,2.84,24.19,8.3,44.74025,-124.080131
2022-07-06T12:13:17.000,2.91,24.8,8.35,44.74025,-124.080131
2022-07-06T12:28:17.000,3.02,25.75,8.41,44.74025,-124.080131
2022-07-06T12:43:17.000,3.12,26.63,8.45,44.74025,-124.080131
2022-07-06T12:58:17.000,3.27,27.93,8.52,44.74025,-124.080131
2022-07-06T13:13:17.000,3.4,29.12,8.57,44.74025,-124.080131
2022-07-06T13:28:17.000,3.51,30.08,8.64,44.74025,-124.080131
2022-07-06T13:43:17.000,3.64,31.22,8.69,44.74025,-124.080131
2022-07-06T13:58:17.000,3.68,31.61,8.71,44.74025,-124.080131
2022-07-06T14:13:17.000,3.64,31.3,8.71,44.74025,-124.080131
2022-07-06T14:28:17.000,3.65,31.39,8.73,44.74025,-124.080131
2022-07-06T14:43:17.000,3.65,31.34,8.74,44.74025,-124.080131
2022-07-06T14:58:17.000,3.68,31.61,8.76,44.74025,-124.080131
2022-07-06T15:13:17.000,3.62,31.17,8.76,44.74025,-124.080131
2022-07-06T15:28:17.000,3.57,30.69,8.76,44.74025,-124.080131
2022-07-06T15:43:17.000,3.48,29.93,8.75,44.74025,-124.080131
2022-07-06T15:58:17.000,3.46,29.78,8.76,44.74025,-124.080131
2022-07-06T16:13:17.000,3.53,30.4,8.79,44.74025,-124.080131
2022-07-06T16:28:17.000,3.85,33.2,8.88,44.74025,-124.080131
2022-07-06T16:43:17.000,4,34.57,8.92,44.74025,-124.080131
2022-07-06T16:58:17.000,4.04,34.87,8.92,44.74025,-124.080131
2022-07-06T17:13:17.000,4.25,36.75,9,44.74025,-124.080131
2022-07-06T17:28:17.000,4.04,34.87,8.93,44.74025,-124.080131
2022-07-06T17:43:17.000,4.18,36.15,8.98,44.74025,-124.080131
2022-07-06T17:58:17.000,4.15,35.89,8.98,44.74025,-124.080131
2022-07-06T18:13:17.000,4.02,34.7,8.9,44.74025,-124.080131
2022-07-06T18:28:17.000,4.23,36.49,8.9,44.74025,-124.080131
2022-07-06T18:43:17.000,3.8,32.64,8.67,44.74025,-124.080131
2022-07-06T18:58:17.000,3.59,30.76,8.61,44.74025,-124.080131
2022-07-06T19:13:17.000,3.39,28.98,8.52,44.74025,-124.080131
2022-07-06T19:28:17.000,3.22,27.49,8.46,44.74025,-124.080131
2022-07-06T19:43:17.000,3.14,26.8,8.43,44.74025,-124.080131
2022-07-06T19:58:17.000,3.08,26.3,8.42,44.74025,-124.080131
2022-07-06T20:13:17.000,3.08,26.28,8.4,44.74025,-124.080131
2022-07-06T20:28:17.000,3.06,26.09,8.38,44.74025,-124.080131
2022-07-06T20:43:17.000,2.97,25.3,8.38,44.74025,-124.080131
2022-07-06T20:58:17.000,2.88,24.5,8.35,44.74025,-124.080131
2022-07-06T21:13:17.000,2.85,24.23,8.33,44.74025,-124.080131
2022-07-06T21:28:17.000,2.82,24.01,8.31,44.74025,-124.080131
2022-07-06T21:43:17.000,2.82,23.96,8.31,44.74025,-124.080131
2022-07-06T21:58:17.000,2.8,23.84,8.3,44.74025,-124.080131
2022-07-06T22:13:17.000,2.79,23.69,8.27,44.74025,-124.080131
2022-07-06T22:28:17.000,2.82,23.93,8.26,44.74025,-124.080131
2022-07-06T22:43:17.000,2.82,23.98,8.26,44.74025,-124.080131
2022-07-06T22:58:17.000,2.81,23.87,8.25,44.74025,-124.080131
2022-07-06T23:13:17.000,2.83,24,8.24,44.74025,-124.080131
2022-07-06T23:28:17.000,2.93,24.89,8.26,44.74025,-124.080131
2022-07-06T23:43:17.000,3,25.49,8.28,44.74025,-124.080131
2022-07-06T23:58:17.000,3,25.53,8.28,44.74025,-124.080131
2022-07-07T00:13:17.000,3.01,25.61,8.3,44.74025,-124.080131
2022-07-07T00:28:17.000,3.02,25.7,8.31,44.74025,-124.080131
2022-07-07T00:43:17.000,3.09,26.31,8.36,44.74025,-124.080131
2022-07-07T00:58:17.000,3.1,26.43,8.38,44.74025,-124.080131
2022-07-07T01:13:17.000,3.32,28.33,8.47,44.74025,-124.080131
2022-07-07T01:28:17.000,3.53,30.23,8.57,44.74025,-124.080131
2022-07-07T01:43:17.000,3.86,33.12,8.71,44.74025,-124.080131
2022-07-07T01:58:17.000,4.11,35.42,8.82,44.74025,-124.080131
2022-07-07T02:13:17.000,4.42,38.13,8.92,44.74025,-124.080131
2022-07-07T02:28:17.000,4.71,40.83,9.05,44.74025,-124.080131
2022-07-07T02:43:17.000,4.84,41.97,9.09,44.74025,-124.080131
2022-07-07T02:58:17.000,4.72,40.87,9.04,44.74025,-124.080131
2022-07-07T03:13:17.000,4.71,40.82,9.05,44.74025,-124.080131
2022-07-07T03:28:17.000,4.95,42.95,9.14,44.74025,-124.080131
2022-07-07T03:43:17.000,5.14,44.66,9.21,44.74025,-124.080131
2022-07-07T03:58:17.000,5.35,46.61,9.28,44.74025,-124.080131
2022-07-07T04:13:17.000,5.49,47.9,9.35,44.74025,-124.080131
2022-07-07T04:28:17.000,5.62,49.03,9.38,44.74025,-124.080131
2022-07-07T04:43:17.000,5.56,48.44,9.3,44.74025,-124.080131
2022-07-07T04:58:17.000,5.54,48.27,9.32,44.74025,-124.080131
2022-07-07T05:13:17.000,5.06,43.97,9.16,44.74025,-124.080131
2022-07-07T05:28:17.000,4.94,42.89,9.15,44.74025,-124.080131
2022-07-07T05:43:17.000,4.98,43.3,9.18,44.74025,-124.080131
2022-07-07T05:58:17.000,5.01,43.55,9.19,44.74025,-124.080131
2022-07-07T06:13:17.000,4.72,40.91,9.06,44.74025,-124.080131
2022-07-07T06:28:17.000,4.52,39.09,8.98,44.74025,-124.080131
2022-07-07T06:43:17.000,4.57,39.53,9.02,44.74025,-124.080131
2022-07-07T06:58:17.000,4.29,37.04,8.95,44.74025,-124.080131
2022-07-07T07:13:17.000,4.08,35.18,8.85,44.74025,-124.080131
2022-07-07T07:28:17.000,3.65,31.32,8.66,44.74025,-124.080131
2022-07-07T07:43:17.000,3.7,31.75,8.71,44.74025,-124.080131
2022-07-07T07:58:17.000,3.69,31.7,8.73,44.74025,-124.080131
2022-07-07T08:13:17.000,3.79,32.6,8.78,44.74025,-124.080131
2022-07-07T08:28:17.000,3.85,33.18,8.8,44.74025,-124.080131
2022-07-07T08:43:17.000,3.85,33.16,8.83,44.74025,-124.080131
2022-07-07T08:58:17.000,4.02,34.73,8.9,44.74025,-124.080131
2022-07-07T09:13:17.000,4.35,37.58,8.97,44.74025,-124.080131
2022-07-07T09:28:17.000,4.6,39.83,9.04,44.74025,-124.080131
2022-07-07T09:43:17.000,4.85,42.17,9.18,44.74025,-124.080131
2022-07-07T09:58:17.000,5.08,44.26,9.25,44.74025,-124.080131
2022-07-07T10:13:17.000,4.82,41.8,9.11,44.74025,-124.080131
2022-07-07T10:28:17.000,4.46,38.49,8.93,44.74025,-124.080131
2022-07-07T10:43:17.000,4.18,36.01,8.83,44.74025,-124.080131
2022-07-07T10:58:17.000,4.09,35.19,8.79,44.74025,-124.080131
2022-07-07T11:13:17.000,3.96,34.1,8.78,44.74025,-124.080131
2022-07-07T11:28:17.000,4.09,35.2,8.81,44.74025,-124.080131
2022-07-07T11:43:17.000,4.21,36.33,8.88,44.74025,-124.080131
2022-07-07T11:58:17.000,4.75,41.19,9.11,44.74025,-124.080131
2022-07-07T12:13:17.000,5.17,45.03,9.28,44.74025,-124.080131
2022-07-07T12:28:17.000,5.71,49.92,9.47,44.74025,-124.080131
2022-07-07T12:43:17.000,6.44,56.55,9.64,44.74025,-124.080131
2022-07-07T12:58:17.000,6.73,59.18,9.7,44.74025,-124.080131
2022-07-07T13:13:17.000,6.8,59.88,9.73,44.74025,-124.080131
2022-07-07T13:28:17.000,6.9,60.77,9.76,44.74025,-124.080131
2022-07-07T13:43:17.000,6.69,58.91,9.74,44.74025,-124.080131
2022-07-07T13:58:17.000,6.53,57.5,9.73,44.74025,-124.080131
2022-07-07T14:13:17.000,6.39,56.21,9.7,44.74025,-124.080131
2022-07-07T14:28:17.000,6.33,55.65,9.7,44.74025,-124.080131
2022-07-07T14:43:17.000,6.39,56.26,9.74,44.74025,-124.080131
2022-07-07T14:58:17.000,6.37,56.08,9.74,44.74025,-124.080131
2022-07-07T15:13:17.000,6.45,56.88,9.77,44.74025,-124.080131
2022-07-07T15:28:17.000,6.61,58.34,9.82,44.74025,-124.080131
2022-07-07T15:43:17.000,6.71,59.26,9.85,44.74025,-124.080131
2022-07-07T15:58:17.000,6.83,60.38,9.92,44.74025,-124.080131
2022-07-07T16:13:17.000,7.12,63.1,10.03,44.74025,-124.080131
2022-07-07T16:28:17.000,7.41,65.89,10.15,44.74025,-124.080131
2022-07-07T16:43:17.000,7.72,68.74,10.24,44.74025,-124.080131
2022-07-07T16:58:17.000,8.28,74.01,10.4,44.74025,-124.080131
2022-07-07T17:13:17.000,8.51,76.24,10.47,44.74025,-124.080131
2022-07-07T17:28:17.000,7.54,67.13,10.2,44.74025,-124.080131
2022-07-07T17:43:17.000,7.08,62.87,10.08,44.74025,-124.080131
2022-07-07T17:58:17.000,6.95,61.62,10.03,44.74025,-124.080131
2022-07-07T18:13:17.000,6.96,61.69,10.03,44.74025,-124.080131
2022-07-07T18:28:17.000,7.16,63.56,10.08,44.74025,-124.080131
2022-07-07T18:43:17.000,7.74,68.79,10.14,44.74025,-124.080131
2022-07-07T18:58:17.000,7.63,67.91,10.18,44.74025,-124.080131
2022-07-07T19:13:17.000,8.23,73.45,10.29,44.74025,-124.080131
2022-07-07T19:28:17.000,8.36,74.45,10.24,44.74025,-124.080131
2022-07-07T19:43:17.000,8.19,73.01,10.24,44.74025,-124.080131
2022-07-07T19:58:17.000,7.7,68.53,10.17,44.74025,-124.080131
2022-07-07T20:13:17.000,8.24,73.53,10.3,44.74025,-124.080131
2022-07-07T20:28:17.000,7.91,70.56,10.29,44.74025,-124.080131
2022-07-07T20:43:17.000,7.81,69.69,10.29,44.74025,-124.080131
2022-07-07T20:58:17.000,7.78,69.56,10.38,44.74025,-124.080131
2022-07-07T21:13:17.000,8.47,76.14,10.62,44.74025,-124.080131
2022-07-07T21:28:17.000,9.03,81.6,10.87,44.74025,-124.080131
2022-07-07T21:43:17.000,9.45,85.85,11.06,44.74025,-124.080131
2022-07-07T21:58:17.000,10.24,93.85,11.45,44.74025,-124.080131
2022-07-07T22:13:17.000,10.48,96.35,11.62,44.74025,-124.080131
2022-07-07T22:28:17.000,10.6,97.67,11.71,44.74025,-124.080131
2022-07-07T22:43:17.000,10.63,98.02,11.73,44.74025,-124.080131
2022-07-07T22:58:17.000,10.62,97.93,11.74,44.74025,-124.080131
2022-07-07T23:13:17.000,10.56,97.39,11.74,44.74025,-124.080131
2022-07-07T23:28:17.000,10.55,97.34,11.75,44.74025,-124.080131
