Time (UTC),DO (ml/L),Dissolved Oxygen (%),Temperature (C),Latitude,Longitude
2022-07-07T23:40:30.000,2.07,17.5,8.09,44.736641,-124.096452
2022-07-07T23:55:30.000,2.06,17.37,8.01,44.736641,-124.096452
2022-07-08T00:10:30.000,2.05,17.27,7.99,44.736641,-124.096452
2022-07-08T00:25:30.000,2.05,17.3,7.99,44.736641,-124.096452
2022-07-08T00:40:30.000,2.09,17.62,7.99,44.736641,-124.096452
2022-07-08T00:55:30.000,2.12,17.94,8.01,44.736641,-124.096452
2022-07-08T01:10:30.000,2.11,17.8,8.02,44.736641,-124.096452
2022-07-08T01:25:30.000,2.11,17.79,8.02,44.736641,-124.096452
2022-07-08T01:40:30.000,2.14,18.12,8.04,44.736641,-124.096452
2022-07-08T01:55:30.000,2.15,18.16,8.04,44.736641,-124.096452
2022-07-08T02:10:30.000,2.17,18.35,8.07,44.736641,-124.096452
2022-07-08T02:25:30.000,2.18,18.46,8.09,44.736641,-124.096452
2022-07-08T02:40:30.000,2.28,19.29,8.14,44.736641,-124.096452
2022-07-08T02:55:30.000,2.32,19.65,8.17,44.736641,-124.096452
2022-07-08T03:10:30.000,2.38,20.17,8.21,44.736641,-124.096452
2022-07-08T03:25:30.000,2.49,21.16,8.24,44.736641,-124.096452
2022-07-08T03:40:30.000,2.53,21.53,8.27,44.736641,-124.096452
2022-07-08T03:55:30.000,2.51,21.33,8.28,44.736641,-124.096452
2022-07-08T04:10:30.000,2.59,22.02,8.31,44.736641,-124.096452
2022-07-08T04:25:30.000,2.63,22.36,8.33,44.736641,-124.096452
2022-07-08T04:40:30.000,2.7,23.02,8.36,44.736641,-124.096452
2022-07-08T04:55:30.000,2.64,22.46,8.35,44.736641,-124.096452
2022-07-08T05:10:30.000,2.59,22.08,8.36,44.736641,-124.096452
2022-07-08T05:25:30.000,2.6,22.15,8.34,44.736641,-124.096452
2022-07-08T05:40:30.000,2.48,21.08,8.32,44.736641,-124.096452
2022-07-08T05:55:30.000,2.51,21.39,8.33,44.736641,-124.096452
2022-07-08T06:10:30.000,2.5,21.3,8.31,44.736641,-124.096452
2022-07-08T06:25:30.000,2.48,21.09,8.3,44.736641,-124.096452
2022-07-08T06:40:30.000,2.46,20.88,8.28,44.736641,-124.096452
2022-07-08T06:55:30.000,2.4,20.39,8.24,44.736641,-124.096452
2022-07-08T07:10:30.000,2.37,20.16,8.21,44.736641,-124.096452
2022-07-08T07:25:30.000,2.3,19.5,8.18,44.736641,-124.096452
2022-07-08T07:40:30.000,2.33,19.73,8.16,44.736641,-124.096452
2022-07-08T07:55:30.000,2.24,18.97,8.16,44.736641,-124.096452
2022-07-08T08:10:30.000,2.28,19.35,8.16,44.736641,-124.096452
2022-07-08T08:25:30.000,2.3,19.52,8.15,44.736641,-124.096452
2022-07-08T08:40:30.000,2.36,20.01,8.14,44.736641,-124.096452
2022-07-08T08:55:30.000,2.31,19.59,8.15,44.736641,-124.096452
2022-07-08T09:10:30.000,2.34,19.86,8.16,44.736641,-124.096452
2022-07-08T09:25:30.000,2.41,20.41,8.18,44.736641,-124.096452
2022-07-08T09:40:30.000,2.4,20.4,8.21,44.736641,-124.096452
2022-07-08T09:55:30.000,2.46,20.85,8.23,44.736641,-124.096452
2022-07-08T10:10:30.000,2.44,20.75,8.23,44.736641,-124.096452
2022-07-08T10:25:30.000,2.42,20.57,8.21,44.736641,-124.096452
2022-07-08T10:40:30.000,2.34,19.88,8.19,44.736641,-124.096452
2022-07-08T10:55:30.000,2.28,19.33,8.18,44.736641,-124.096452
2022-07-08T11:10:30.000,2.2,18.68,8.18,44.736641,-124.096452
2022-07-08T11:25:30.000,2.27,19.25,8.19,44.736641,-124.096452
2022-07-08T11:40:30.000,2.3,19.55,8.23,44.736641,-124.096452
2022-07-08T11:55:30.000,2.32,19.72,8.28,44.736641,-124.096452
2022-07-08T12:10:30.000,2.28,19.33,8.26,44.736641,-124.096452
2022-07-08T12:25:30.000,2.19,18.63,8.25,44.736641,-124.096452
2022-07-08T12:40:30.000,2.2,18.68,8.23,44.736641,-124.096452
2022-07-08T12:55:30.000,2.18,18.49,8.23,44.736641,-124.096452
2022-07-08T13:10:30.000,2.17,18.45,8.26,44.736641,-124.096452
2022-07-08T13:25:30.000,2.18,18.52,8.27,44.736641,-124.096452
2022-07-08T13:40:30.000,2.19,18.64,8.28,44.736641,-124.096452
2022-07-08T13:55:30.000,2.19,18.63,8.27,44.736641,-124.096452
2022-07-08T14:10:30.000,2.2,18.71,8.28,44.736641,-124.096452
2022-07-08T14:25:30.000,2.2,18.67,8.28,44.736641,-124.096452
2022-07-08T14:40:30.000,2.24,19.07,8.3,44.736641,-124.096452
2022-07-08T14:55:30.000,2.21,18.76,8.31,44.736641,-124.096452
2022-07-08T15:10:30.000,2.18,18.56,8.31,44.736641,-124.096452
2022-07-08T15:25:30.000,2.17,18.5,8.32,44.736641,-124.096452
2022-07-08T15:40:30.000,2.14,18.18,8.3,44.736641,-124.096452
2022-07-08T15:55:30.000,2.14,18.18,8.3,44.736641,-124.096452
2022-07-08T16:10:30.000,2.13,18.11,8.3,44.736641,-124.096452
2022-07-08T16:25:30.000,2.31,19.69,8.35,44.736641,-124.096452
2022-07-08T16:40:30.000,2.57,21.91,8.42,44.736641,-124.096452
2022-07-08T16:55:30.000,2.66,22.68,8.45,44.736641,-124.096452
2022-07-08T17:10:30.000,2.51,21.45,8.42,44.736641,-124.096452
2022-07-08T17:25:30.000,2.36,20.16,8.41,44.736641,-124.096452
2022-07-08T17:40:30.000,2.33,19.9,8.4,44.736641,-124.096452
2022-07-08T17:55:30.000,2.31,19.74,8.4,44.736641,-124.096452
2022-07-08T18:10:30.000,2.33,19.83,8.38,44.736641,-124.096452
2022-07-08T18:25:30.000,2.32,19.8,8.38,44.736641,-124.096452
2022-07-08T18:40:30.000,2.31,19.68,8.37,44.736641,-124.096452
2022-07-08T18:55:30.000,2.25,19.16,8.35,44.736641,-124.096452
2022-07-08T19:10:30.000,2.24,19.1,8.36,44.736641,-124.096452
2022-07-08T19:25:30.000,2.21,18.84,8.37,44.736641,-124.096452
2022-07-08T19:40:30.000,2.29,19.49,8.36,44.736641,-124.096452
2022-07-08T19:55:30.000,2.26,19.28,8.35,44.736641,-124.096452
2022-07-08T20:10:30.000,2.27,19.28,8.32,44.736641,-124.096452
2022-07-08T20:25:30.000,2.11,17.9,8.23,44.736641,-124.096452
2022-07-08T20:40:30.000,2.01,17.03,8.17,44.736641,-124.096452
2022-07-08T20:55:30.000,1.87,15.8,8.08,44.736641,-124.096452
2022-07-08T21:10:30.000,1.85,15.68,8.07,44.736641,-124.096452
2022-07-08T21:25:30.000,1.85,15.66,8.07,44.736641,-124.096452
2022-07-08T21:40:30.000,1.9,16.05,8.07,44.736641,-124.096452
2022-07-08T21:55:30.000,1.96,16.61,8.07,44.736641,-124.096452
2022-07-08T22:10:30.000,1.89,15.97,8.09,44.736641,-124.096452
2022-07-08T22:25:30.000,1.87,15.83,8.1,44.736641,-124.096452
2022-07-08T22:40:30.000,1.87,15.83,8.11,44.736641,-124.096452
2022-07-08T22:55:30.000,1.85,15.68,8.11,44.736641,-124.096452
2022-07-08T23:10:30.000,1.91,16.16,8.11,44.736641,-124.096452
2022-07-08T23:25:30.000,1.82,15.45,8.11,44.736641,-124.096452
2022-07-08T23:40:30.000,1.85,15.7,8.11,44.736641,-124.096452
2022-07-08T23:55:30.000,1.87,15.8,8.12,44.736641,-124.096452
2022-07-09T00:10:30.000,1.85,15.68,8.12,44.736641,-124.096452
2022-07-09T00:25:30.000,1.82,15.39,8.13,44.736641,-124.096452
2022-07-09T00:40:30.000,1.83,15.54,8.13,44.736641,-124.096452
2022-07-09T00:55:30.000,1.78,15.05,8.14,44.736641,-124.096452
2022-07-09T01:10:30.000,1.78,15.05,8.14,44.736641,-124.096452
2022-07-09T01:25:30.000,1.8,15.26,8.14,44.736641,-124.096452
2022-07-09T01:40:30.000,1.73,14.68,8.14,44.736641,-124.096452
2022-07-09T01:55:30.000,1.73,14.67,8.14,44.736641,-124.096452
2022-07-09T02:10:30.000,1.84,15.62,8.14,44.736641,-124.096452
2022-07-09T02:25:30.000,1.81,15.37,8.16,44.736641,-124.096452
2022-07-09T02:40:30.000,1.9,16.11,8.16,44.736641,-124.096452
2022-07-09T02:55:30.000,1.88,15.98,8.16,44.736641,-124.096452
2022-07-09T03:10:30.000,1.88,15.97,8.17,44.736641,-124.096452
2022-07-09T03:25:30.000,1.97,16.68,8.18,44.736641,-124.096452
2022-07-09T03:40:30.000,1.96,16.65,8.21,44.736641,-124.096452
2022-07-09T03:55:30.000,1.97,16.67,8.19,44.736641,-124.096452
2022-07-09T04:10:30.000,1.96,16.6,8.21,44.736641,-124.096452
2022-07-09T04:25:30.000,2,16.95,8.23,44.736641,-124.096452
2022-07-09T04:40:30.000,1.99,16.91,8.23,44.736641,-124.096452
2022-07-09T04:55:30.000,2.05,17.41,8.28,44.736641,-124.096452
2022-07-09T05:10:30.000,2.24,19.09,8.33,44.736641,-124.096452
2022-07-09T05:25:30.000,2.21,18.83,8.33,44.736641,-124.096452
2022-07-09T05:40:30.000,2.25,19.13,8.33,44.736641,-124.096452
2022-07-09T05:55:30.000,2.23,18.96,8.35,44.736641,-124.096452
2022-07-09T06:10:30.000,2.29,19.49,8.34,44.736641,-124.096452
2022-07-09T06:25:30.000,2.31,19.7,8.33,44.736641,-124.096452
2022-07-09T06:40:30.000,2.26,19.22,8.29,44.736641,-124.096452
2022-07-09T06:55:30.000,2.08,17.69,8.26,44.736641,-124.096452
2022-07-09T07:10:30.000,2.06,17.54,8.26,44.736641,-124.096452
2022-07-09T07:25:30.000,2.02,17.17,8.27,44.736641,-124.096452
2022-07-09T07:40:30.000,1.96,16.65,8.27,44.736641,-124.096452
2022-07-09T07:55:30.000,1.96,16.63,8.28,44.736641,-124.096452
2022-07-09T08:10:30.000,2.02,17.16,8.28,44.736641,-124.096452
2022-07-09T08:25:30.000,2.06,17.51,8.27,44.736641,-124.096452
2022-07-09T08:40:30.000,2.03,17.2,8.24,44.736641,-124.096452
2022-07-09T08:55:30.000,2.09,17.73,8.21,44.736641,-124.096452
2022-07-09T09:10:30.000,2.01,17.05,8.21,44.736641,-124.096452
2022-07-09T09:25:30.000,2.03,17.27,8.21,44.736641,-124.096452
2022-07-09T09:40:30.000,2,17,8.21,44.736641,-124.096452
2022-07-09T09:55:30.000,2.04,17.28,8.19,44.736641,-124.096452
2022-07-09T10:10:30.000,2.06,17.43,8.19,44.736641,-124.096452
2022-07-09T10:25:30.000,2.06,17.46,8.19,44.736641,-124.096452
2022-07-09T10:40:30.000,2.05,17.43,8.2,44.736641,-124.096452
2022-07-09T10:55:30.000,2.03,17.26,8.21,44.736641,-124.096452
2022-07-09T11:10:30.000,2.05,17.39,8.23,44.736641,-124.096452
2022-07-09T11:25:30.000,2.06,17.52,8.24,44.736641,-124.096452
2022-07-09T11:40:30.000,2.14,18.17,8.25,44.736641,-124.096452
2022-07-09T11:55:30.000,2.12,17.98,8.26,44.736641,-124.096452
2022-07-09T12:10:30.000,2.09,17.74,8.26,44.736641,-124.096452
2022-07-09T12:25:30.000,2.08,17.65,8.28,44.736641,-124.096452
2022-07-09T12:40:30.000,2.08,17.69,8.31,44.736641,-124.096452
2022-07-09T12:55:30.000,2.06,17.49,8.28,44.736641,-124.096452
2022-07-09T13:10:30.000,2,17.01,8.28,44.736641,-124.096452
2022-07-09T13:25:30.000,1.84,15.63,8.28,44.736641,-124.096452
2022-07-09T13:40:30.000,1.89,16.05,8.26,44.736641,-124.096452
2022-07-09T13:55:30.000,1.84,15.63,8.26,44.736641,-124.096452
2022-07-09T14:10:30.000,1.88,16.02,8.27,44.736641,-124.096452
2022-07-09T14:25:30.000,1.83,15.53,8.26,44.736641,-124.096452
2022-07-09T14:40:30.000,1.81,15.36,8.24,44.736641,-124.096452
2022-07-09T14:55:30.000,1.75,14.89,8.23,44.736641,-124.096452
2022-07-09T15:10:30.000,1.72,14.57,8.21,44.736641,-124.096452
2022-07-09T15:25:30.000,1.64,13.91,8.2,44.736641,-124.096452
2022-07-09T15:40:30.000,1.62,13.7,8.2,44.736641,-124.096452
2022-07-09T15:55:30.000,1.61,13.7,8.19,44.736641,-124.096452
2022-07-09T16:10:30.000,1.63,13.84,8.19,44.736641,-124.096452
2022-07-09T16:25:30.000,1.58,13.37,8.16,44.736641,-124.096452
2022-07-09T16:40:30.000,1.54,13.05,8.16,44.736641,-124.096452
2022-07-09T16:55:30.000,1.52,12.89,8.16,44.736641,-124.096452
2022-07-09T17:10:30.000,1.49,12.59,8.16,44.736641,-124.096452
2022-07-09T17:25:30.000,1.46,12.34,8.16,44.736641,-124.096452
2022-07-09T17:40:30.000,1.48,12.51,8.16,44.736641,-124.096452
2022-07-09T17:55:30.000,1.54,13.04,8.16,44.736641,-124.096452
2022-07-09T18:10:30.000,1.5,12.69,8.16,44.736641,-124.096452
2022-07-09T18:25:30.000,1.52,12.85,8.16,44.736641,-124.096452
2022-07-09T18:40:30.000,1.49,12.63,8.16,44.736641,-124.096452
2022-07-09T18:55:30.000,1.5,12.68,8.16,44.736641,-124.096452
2022-07-09T19:10:30.000,1.56,13.24,8.16,44.736641,-124.096452
2022-07-09T19:25:30.000,1.6,13.57,8.16,44.736641,-124.096452
2022-07-09T19:40:30.000,1.51,12.83,8.16,44.736641,-124.096452
2022-07-09T19:55:30.000,1.83,15.53,8.14,44.736641,-124.096452
2022-07-09T20:10:30.000,1.89,15.97,8.13,44.736641,-124.096452
2022-07-09T20:25:30.000,1.72,14.58,8.15,44.736641,-124.096452
2022-07-09T20:40:30.000,1.63,13.82,8.16,44.736641,-124.096452
2022-07-09T20:55:30.000,1.73,14.63,8.17,44.736641,-124.096452
2022-07-09T21:10:30.000,1.77,14.98,8.16,44.736641,-124.096452
2022-07-09T21:25:30.000,1.93,16.33,8.14,44.736641,-124.096452
2022-07-09T21:40:30.000,1.74,14.79,8.16,44.736641,-124.096452
2022-07-09T21:55:30.000,1.76,14.91,8.16,44.736641,-124.096452
2022-07-09T22:10:30.000,1.83,15.49,8.16,44.736641,-124.096452
2022-07-09T22:25:30.000,2.11,17.89,8.14,44.736641,-124.096452
2022-07-09T22:40:30.000,2.15,18.21,8.14,44.736641,-124.096452
2022-07-09T22:55:30.000,2.25,19.1,8.13,44.736641,-124.096452
2022-07-09T23:10:30.000,2.17,18.4,8.13,44.736641,-124.096452
2022-07-09T23:25:30.000,2.22,18.78,8.13,44.736641,-124.096452
2022-07-09T23:40:30.000,2.3,19.47,8.13,44.736641,-124.096452
2022-07-09T23:55:30.000,2.3,19.46,8.13,44.736641,-124.096452
2022-07-10T00:10:30.000,2.31,19.53,8.13,44.736641,-124.096452
2022-07-10T00:25:30.000,2.34,19.83,8.13,44.736641,-124.096452
2022-07-10T00:40:30.000,2.37,20.11,8.13,44.736641,-124.096452
2022-07-10T00:55:30.000,2.39,20.22,8.12,44.736641,-124.096452
2022-07-10T01:10:30.000,2.42,20.48,8.12,44.736641,-124.096452
2022-07-10T01:25:30.000,2.37,20.06,8.14,44.736641,-124.096452
2022-07-10T01:40:30.000,2.33,19.76,8.14,44.736641,-124.096452
2022-07-10T01:55:30.000,2.35,19.95,8.14,44.736641,-124.096452
2022-07-10T02:10:30.000,2.34,19.85,8.16,44.736641,-124.096452
2022-07-10T02:25:30.000,2.19,18.54,8.2,44.736641,-124.096452
2022-07-10T02:40:30.000,2.13,18.07,8.23,44.736641,-124.096452
2022-07-10T02:55:30.000,1.93,16.43,8.26,44.736641,-124.096452
2022-07-10T03:10:30.000,1.85,15.69,8.27,44.736641,-124.096452
2022-07-10T03:25:30.000,1.91,16.24,8.26,44.736641,-124.096452
2022-07-10T03:40:30.000,1.87,15.86,8.26,44.736641,-124.096452
2022-07-10T03:55:30.000,1.85,15.73,8.26,44.736641,-124.096452
2022-07-10T04:10:30.000,1.8,15.29,8.25,44.736641,-124.096452
2022-07-10T04:25:30.000,1.9,16.14,8.26,44.736641,-124.096452
2022-07-10T04:40:30.000,1.86,15.82,8.26,44.736641,-124.096452
2022-07-10T04:55:30.000,1.81,15.39,8.26,44.736641,-124.096452
2022-07-10T05:10:30.000,1.8,15.28,8.26,44.736641,-124.096452
2022-07-10T05:25:30.000,1.71,14.5,8.28,44.736641,-124.096452
2022-07-10T05:40:30.000,1.73,14.69,8.26,44.736641,-124.096452
2022-07-10T05:55:30.000,1.79,15.18,8.21,44.736641,-124.096452
2022-07-10T06:10:30.000,1.84,15.59,8.16,44.736641,-124.096452
2022-07-10T06:25:30.000,1.86,15.76,8.14,44.736641,-124.096452
2022-07-10T06:40:30.000,1.87,15.82,8.14,44.736641,-124.096452
2022-07-10T06:55:30.000,1.89,16.05,8.14,44.736641,-124.096452
2022-07-10T07:10:30.000,1.96,16.61,8.15,44.736641,-124.096452
2022-07-10T07:25:30.000,1.96,16.57,8.16,44.736641,-124.096452
2022-07-10T07:40:30.000,1.99,16.89,8.18,44.736641,-124.096452
2022-07-10T07:55:30.000,2,16.96,8.18,44.736641,-124.096452
2022-07-10T08:10:30.000,2.01,17.01,8.19,44.736641,-124.096452
2022-07-10T08:25:30.000,2.03,17.27,8.23,44.736641,-124.096452
2022-07-10T08:40:30.000,2.1,17.83,8.23,44.736641,-124.096452
2022-07-10T08:55:30.000,2.08,17.66,8.24,44.736641,-124.096452
2022-07-10T09:10:30.000,2.04,17.36,8.26,44.736641,-124.096452
2022-07-10T09:25:30.000,2.08,17.71,8.27,44.736641,-124.096452
2022-07-10T09:40:30.000,2.22,18.85,8.27,44.736641,-124.096452
2022-07-10T09:55:30.000,2.3,19.56,8.26,44.736641,-124.096452
2022-07-10T10:10:30.000,2.31,19.66,8.27,44.736641,-124.096452
2022-07-10T10:25:30.000,2.28,19.36,8.28,44.736641,-124.096452
2022-07-10T10:40:30.000,2.35,19.96,8.29,44.736641,-124.096452
2022-07-10T10:55:30.000,2.38,20.28,8.3,44.736641,-124.096452
2022-07-10T11:10:30.000,2.37,20.17,8.31,44.736641,-124.096452
2022-07-10T11:25:30.000,2.41,20.48,8.32,44.736641,-124.096452
2022-07-10T11:40:30.000,2.42,20.62,8.33,44.736641,-124.096452
2022-07-10T11:55:30.000,2.47,21.03,8.33,44.736641,-124.096452
2022-07-10T12:10:30.000,2.48,21.13,8.33,44.736641,-124.096452
2022-07-10T12:25:30.000,2.5,21.31,8.33,44.736641,-124.096452
2022-07-10T12:40:30.000,2.57,21.87,8.34,44.736641,-124.096452
2022-07-10T12:55:30.000,2.51,21.41,8.35,44.736641,-124.096452
2022-07-10T13:10:30.000,2.59,22.1,8.35,44.736641,-124.096452
2022-07-10T13:25:30.000,2.57,21.88,8.38,44.736641,-124.096452
2022-07-10T13:40:30.000,2.62,22.29,8.38,44.736641,-124.096452
2022-07-10T13:55:30.000,2.65,22.63,8.41,44.736641,-124.096452
2022-07-10T14:10:30.000,2.66,22.68,8.42,44.736641,-124.096452
2022-07-10T14:25:30.000,2.71,23.09,8.43,44.736641,-124.096452
2022-07-10T14:40:30.000,2.8,23.86,8.45,44.736641,-124.096452
2022-07-10T14:55:30.000,2.82,24.09,8.47,44.736641,-124.096452
2022-07-10T15:10:30.000,2.92,24.97,8.47,44.736641,-124.096452
2022-07-10T15:25:30.000,2.99,25.58,8.5,44.736641,-124.096452
2022-07-10T15:40:30.000,3.22,27.59,8.55,44.736641,-124.096452
2022-07-10T15:55:30.000,3.48,29.83,8.62,44.736641,-124.096452
2022-07-10T16:10:30.000,3.57,30.63,8.66,44.736641,-124.096452
2022-07-10T16:25:30.000,3.72,31.91,8.69,44.736641,-124.096452
2022-07-10T16:40:30.000,3.68,31.62,8.69,44.736641,-124.096452
2022-07-10T16:55:30.000,3.59,30.84,8.67,44.736641,-124.096452
2022-07-10T17:10:30.000,3.34,28.66,8.64,44.736641,-124.096452
2022-07-10T17:25:30.000,3.31,28.34,8.61,44.736641,-124.096452
2022-07-10T17:40:30.000,3.21,27.5,8.59,44.736641,-124.096452
2022-07-10T17:55:30.000,3.13,26.79,8.57,44.736641,-124.096452
2022-07-10T18:10:30.000,2.88,24.64,8.54,44.736641,-124.096452
2022-07-10T18:25:30.000,2.82,24.12,8.5,44.736641,-124.096452
2022-07-10T18:40:30.000,2.73,23.32,8.47,44.736641,-124.096452
2022-07-10T18:55:30.000,2.69,23.01,8.47,44.736641,-124.096452
2022-07-10T19:10:30.000,2.67,22.77,8.45,44.736641,-124.096452
2022-07-10T19:25:30.000,2.64,22.55,8.45,44.736641,-124.096452
2022-07-10T19:40:30.000,2.62,22.35,8.45,44.736641,-124.096452
2022-07-10T19:55:30.000,2.57,21.95,8.45,44.736641,-124.096452
2022-07-10T20:10:30.000,2.58,22.06,8.45,44.736641,-124.096452
2022-07-10T20:25:30.000,2.63,22.45,8.45,44.736641,-124.096452
2022-07-10T20:40:30.000,2.57,21.91,8.45,44.736641,-124.096452
2022-07-10T20:55:30.000,2.54,21.66,8.45,44.736641,-124.096452
2022-07-10T21:10:30.000,2.55,21.74,8.45,44.736641,-124.096452
2022-07-10T21:25:30.000,2.58,22,8.45,44.736641,-124.096452
2022-07-10T21:40:30.000,2.48,21.19,8.42,44.736641,-124.096452
2022-07-10T21:55:30.000,2.35,20.03,8.36,44.736641,-124.096452
2022-07-10T22:10:30.000,2.21,18.86,8.35,44.736641,-124.096452
2022-07-10T22:25:30.000,2.18,18.52,8.33,44.736641,-124.096452
2022-07-10T22:40:30.000,2.08,17.72,8.33,44.736641,-124.096452
2022-07-10T22:55:30.000,2.24,19.08,8.33,44.736641,-124.096452
2022-07-10T23:10:30.000,2.09,17.76,8.33,44.736641,-124.096452
2022-07-10T23:25:30.000,2.25,19.17,8.35,44.736641,-124.096452
2022-07-10T23:40:30.000,2.58,22.01,8.43,44.736641,-124.096452
2022-07-10T23:55:30.000,2.63,22.43,8.45,44.736641,-124.096452
2022-07-11T00:10:30.000,2.53,21.58,8.45,44.736641,-124.096452
2022-07-11T00:25:30.000,2.62,22.37,8.46,44.736641,-124.096452
2022-07-11T00:40:30.000,2.62,22.37,8.49,44.736641,-124.096452
2022-07-11T00:55:30.000,2.75,23.55,8.54,44.736641,-124.096452
2022-07-11T01:10:30.000,2.77,23.74,8.54,44.736641,-124.096452
2022-07-11T01:25:30.000,2.56,21.83,8.47,44.736641,-124.096452
2022-07-11T01:40:30.000,2.54,21.69,8.46,44.736641,-124.096452
2022-07-11T01:55:30.000,2.32,19.79,8.4,44.736641,-124.096452
2022-07-11T02:10:30.000,2.29,19.54,8.41,44.736641,-124.096452
2022-07-11T02:25:30.000,2.38,20.34,8.42,44.736641,-124.096452
2022-07-11T02:40:30.000,2.31,19.67,8.4,44.736641,-124.096452
2022-07-11T02:55:30.000,2.25,19.22,8.4,44.736641,-124.096452
2022-07-11T03:10:30.000,2.46,21.04,8.47,44.736641,-124.096452
2022-07-11T03:25:30.000,2.54,21.72,8.5,44.736641,-124.096452
2022-07-11T03:40:30.000,2.67,22.88,8.54,44.736641,-124.096452
2022-07-11T03:55:30.000,2.67,22.84,8.57,44.736641,-124.096452
2022-07-11T04:10:30.000,2.77,23.68,8.57,44.736641,-124.096452
2022-07-11T04:25:30.000,2.66,22.78,8.54,44.736641,-124.096452
2022-07-11T04:40:30.000,2.57,22.01,8.52,44.736641,-124.096452
2022-07-11T04:55:30.000,2.52,21.56,8.52,44.736641,-124.096452
2022-07-11T05:10:30.000,2.54,21.7,8.52,44.736641,-124.096452
2022-07-11T05:25:30.000,2.51,21.47,8.52,44.736641,-124.096452
2022-07-11T05:40:30.000,2.45,20.96,8.52,44.736641,-124.096452
2022-07-11T05:55:30.000,2.47,21.11,8.53,44.736641,-124.096452
2022-07-11T06:10:30.000,2.52,21.58,8.54,44.736641,-124.096452
2022-07-11T06:25:30.000,2.4,20.53,8.54,44.736641,-124.096452
2022-07-11T06:40:30.000,2.55,21.85,8.54,44.736641,-124.096452
2022-07-11T06:55:30.000,2.5,21.42,8.54,44.736641,-124.096452
2022-07-11T07:10:30.000,2.59,22.15,8.54,44.736641,-124.096452
2022-07-11T07:25:30.000,2.52,21.57,8.55,44.736641,-124.096452
2022-07-11T07:40:30.000,2.49,21.35,8.55,44.736641,-124.096452
2022-07-11T07:55:30.000,2.46,21.03,8.56,44.736641,-124.096452
2022-07-11T08:10:30.000,2.49,21.34,8.55,44.736641,-124.096452
2022-07-11T08:25:30.000,2.45,20.92,8.55,44.736641,-124.096452
2022-07-11T08:40:30.000,2.46,21.03,8.55,44.736641,-124.096452
2022-07-11T08:55:30.000,2.29,19.61,8.54,44.736641,-124.096452
2022-07-11T09:10:30.000,2.16,18.51,8.52,44.736641,-124.096452
2022-07-11T09:25:30.000,2.31,19.73,8.5,44.736641,-124.096452
2022-07-11T09:40:30.000,2.37,20.23,8.51,44.736641,-124.096452
2022-07-11T09:55:30.000,2.34,19.97,8.49,44.736641,-124.096452
2022-07-11T10:10:30.000,2.3,19.63,8.47,44.736641,-124.096452
2022-07-11T10:25:30.000,2.24,19.12,8.47,44.736641,-124.096452
2022-07-11T10:40:30.000,2.36,20.16,8.46,44.736641,-124.096452
2022-07-11T10:55:30.000,2.4,20.5,8.45,44.736641,-124.096452
2022-07-11T11:10:30.000,2.4,20.48,8.44,44.736641,-124.096452
2022-07-11T11:25:30.000,2.36,20.11,8.44,44.736641,-124.096452
2022-07-11T11:40:30.000,2.34,19.98,8.44,44.736641,-124.096452
2022-07-11T11:55:30.000,2.42,20.66,8.45,44.736641,-124.096452
2022-07-11T12:10:30.000,2.42,20.7,8.45,44.736641,-124.096452
2022-07-11T12:25:30.000,2.41,20.59,8.45,44.736641,-124.096452
2022-07-11T12:40:30.000,2.42,20.66,8.47,44.736641,-124.096452
2022-07-11T12:55:30.000,2.42,20.67,8.5,44.736641,-124.096452
2022-07-11T13:10:30.000,2.39,20.41,8.5,44.736641,-124.096452
2022-07-11T13:25:30.000,2.41,20.58,8.5,44.736641,-124.096452
2022-07-11T13:40:30.000,2.48,21.23,8.51,44.736641,-124.096452
2022-07-11T13:55:30.000,2.44,20.85,8.51,44.736641,-124.096452
2022-07-11T14:10:30.000,2.4,20.54,8.5,44.736641,-124.096452
2022-07-11T14:25:30.000,2.39,20.45,8.5,44.736641,-124.096452
2022-07-11T14:40:30.000,2.34,19.98,8.5,44.736641,-124.096452
2022-07-11T14:55:30.000,2.15,18.41,8.5,44.736641,-124.096452
2022-07-11T15:10:30.000,2.33,19.89,8.48,44.736641,-124.096452
2022-07-11T15:25:30.000,1.96,16.67,8.31,44.736641,-124.096452
2022-07-11T15:40:30.000,1.88,15.98,8.3,44.736641,-124.096452
2022-07-11T15:55:30.000,1.87,15.93,8.28,44.736641,-124.096452
2022-07-11T16:10:30.000,1.81,15.35,8.26,44.736641,-124.096452
2022-07-11T16:25:30.000,1.7,14.42,8.22,44.736641,-124.096452
2022-07-11T16:40:30.000,1.65,13.98,8.21,44.736641,-124.096452
2022-07-11T16:55:30.000,1.64,13.91,8.19,44.736641,-124.096452
2022-07-11T17:10:30.000,1.63,13.81,8.19,44.736641,-124.096452
2022-07-11T17:25:30.000,1.65,14.01,8.18,44.736641,-124.096452
2022-07-11T17:40:30.000,1.66,14.08,8.17,44.736641,-124.096452
2022-07-11T17:55:30.000,1.66,14.06,8.16,44.736641,-124.096452
2022-07-11T18:10:30.000,1.67,14.17,8.18,44.736641,-124.096452
2022-07-11T18:25:30.000,1.68,14.27,8.19,44.736641,-124.096452
2022-07-11T18:40:30.000,1.7,14.41,8.21,44.736641,-124.096452
2022-07-11T18:55:30.000,1.76,14.99,8.23,44.736641,-124.096452
2022-07-11T19:10:30.000,1.73,14.72,8.24,44.736641,-124.096452
2022-07-11T19:25:30.000,1.8,15.33,8.26,44.736641,-124.096452
2022-07-11T19:40:30.000,1.92,16.3,8.29,44.736641,-124.096452
2022-07-11T19:55:30.000,1.87,15.9,8.28,44.736641,-124.096452
2022-07-11T20:10:30.000,1.79,15.21,8.26,44.736641,-124.096452
2022-07-11T20:25:30.000,1.8,15.27,8.26,44.736641,-124.096452
2022-07-11T20:40:30.000,1.75,14.82,8.23,44.736641,-124.096452
2022-07-11T20:55:30.000,1.74,14.75,8.23,44.736641,-124.096452
2022-07-11T21:10:30.000,1.66,14.05,8.19,44.736641,-124.096452
2022-07-11T21:25:30.000,1.63,13.84,8.16,44.736641,-124.096452
2022-07-11T21:40:30.000,1.59,13.44,8.13,44.736641,-124.096452
2022-07-11T21:55:30.000,1.58,13.42,8.11,44.736641,-124.096452
2022-07-11T22:10:30.000,1.58,13.36,8.11,44.736641,-124.096452
2022-07-11T22:25:30.000,1.56,13.21,8.09,44.736641,-124.096452
2022-07-11T22:40:30.000,1.57,13.3,8.07,44.736641,-124.096452
2022-07-11T22:55:30.000,1.57,13.31,8.07,44.736641,-124.096452
2022-07-11T23:10:30.000,1.56,13.18,8.06,44.736641,-124.096452
2022-07-11T23:25:30.000,1.56,13.16,8.05,44.736641,-124.096452
2022-07-11T23:40:30.000,1.56,13.15,8.04,44.736641,-124.096452
2022-07-11T23:55:30.000,1.56,13.19,8.04,44.736641,-124.096452
2022-07-12T00:10:30.000,1.56,13.16,8.04,44.736641,-124.096452
2022-07-12T00:25:30.000,1.53,12.93,8.04,44.736641,-124.096452
2022-07-12T00:40:30.000,1.55,13.11,8.04,44.736641,-124.096452
2022-07-12T00:55:30.000,1.58,13.32,8.03,44.736641,-124.096452
2022-07-12T01:10:30.000,1.54,13.01,8.02,44.736641,-124.096452
2022-07-12T01:25:30.000,1.55,13.11,8.02,44.736641,-124.096452
2022-07-12T01:40:30.000,1.54,13,8.02,44.736641,-124.096452
2022-07-12T01:55:30.000,1.59,13.47,8.02,44.736641,-124.096452
2022-07-12T02:10:30.000,1.58,13.33,8.02,44.736641,-124.096452
2022-07-12T02:25:30.000,1.53,12.96,8.02,44.736641,-124.096452
2022-07-12T02:40:30.000,1.55,13.12,8.02,44.736641,-124.096452
2022-07-12T02:55:30.000,1.55,13.14,8.04,44.736641,-124.096452
2022-07-12T03:10:30.000,1.54,13,8.04,44.736641,-124.096452
2022-07-12T03:25:30.000,1.56,13.18,8.04,44.736641,-124.096452
2022-07-12T03:40:30.000,1.55,13.06,8.04,44.736641,-124.096452
2022-07-12T03:55:30.000,1.55,13.07,8.06,44.736641,-124.096452
2022-07-12T04:10:30.000,1.52,12.85,8.07,44.736641,-124.096452
2022-07-12T04:25:30.000,1.5,12.65,8.07,44.736641,-124.096452
2022-07-12T04:40:30.000,1.49,12.63,8.07,44.736641,-124.096452
2022-07-12T04:55:30.000,1.49,12.64,8.06,44.736641,-124.096452
2022-07-12T05:10:30.000,1.5,12.7,8.04,44.736641,-124.096452
2022-07-12T05:25:30.000,1.49,12.57,8.01,44.736641,-124.096452
2022-07-12T05:40:30.000,1.47,12.44,7.99,44.736641,-124.096452
2022-07-12T05:55:30.000,1.46,12.36,7.98,44.736641,-124.096452
2022-07-12T06:10:30.000,1.49,12.56,7.97,44.736641,-124.096452
2022-07-12T06:25:30.000,1.53,12.88,7.96,44.736641,-124.096452
2022-07-12T06:40:30.000,1.52,12.81,7.95,44.736641,-124.096452
2022-07-12T06:55:30.000,1.53,12.94,7.95,44.736641,-124.096452
2022-07-12T07:10:30.000,1.53,12.92,7.95,44.736641,-124.096452
2022-07-12T07:25:30.000,1.56,13.17,7.95,44.736641,-124.096452
2022-07-12T07:40:30.000,1.53,12.89,7.95,44.736641,-124.096452
2022-07-12T07:55:30.000,1.53,12.88,7.95,44.736641,-124.096452
2022-07-12T08:10:30.000,1.51,12.75,7.95,44.736641,-124.096452
2022-07-12T08:25:30.000,1.51,12.7,7.96,44.736641,-124.096452
2022-07-12T08:40:30.000,1.48,12.47,7.96,44.736641,-124.096452
2022-07-12T08:55:30.000,1.47,12.37,7.97,44.736641,-124.096452
2022-07-12T09:10:30.000,1.48,12.51,7.97,44.736641,-124.096452
2022-07-12T09:25:30.000,1.47,12.44,7.97,44.736641,-124.096452
2022-07-12T09:40:30.000,1.44,12.16,7.97,44.736641,-124.096452
2022-07-12T09:55:30.000,1.46,12.31,7.97,44.736641,-124.096452
2022-07-12T10:10:30.000,1.46,12.3,7.97,44.736641,-124.096452
2022-07-12T10:25:30.000,1.47,12.42,7.97,44.736641,-124.096452
2022-07-12T10:40:30.000,1.47,12.37,7.97,44.736641,-124.096452
2022-07-12T10:55:30.000,1.44,12.12,7.97,44.736641,-124.096452
2022-07-12T11:10:30.000,1.45,12.26,7.98,44.736641,-124.096452
2022-07-12T11:25:30.000,1.43,12.1,7.98,44.736641,-124.096452
2022-07-12T11:40:30.000,1.43,12.09,7.99,44.736641,-124.096452
2022-07-12T11:55:30.000,1.43,12.08,7.99,44.736641,-124.096452
2022-07-12T12:10:30.000,1.44,12.14,7.99,44.736641,-124.096452
2022-07-12T12:25:30.000,1.43,12.04,7.99,44.736641,-124.096452
2022-07-12T12:40:30.000,1.42,12,7.99,44.736641,-124.096452
2022-07-12T12:55:30.000,1.41,11.94,7.99,44.736641,-124.096452
2022-07-12T13:10:30.000,1.42,11.97,7.99,44.736641,-124.096452
2022-07-12T13:25:30.000,1.41,11.91,7.99,44.736641,-124.096452
2022-07-12T13:40:30.000,1.41,11.91,7.99,44.736641,-124.096452
2022-07-12T13:55:30.000,1.39,11.76,7.99,44.736641,-124.096452
2022-07-12T14:10:30.000,1.41,11.92,7.97,44.736641,-124.096452
2022-07-12T14:25:30.000,1.37,11.57,7.98,44.736641,-124.096452
2022-07-12T14:40:30.000,1.39,11.74,7.97,44.736641,-124.096452
2022-07-12T14:55:30.000,1.4,11.8,7.97,44.736641,-124.096452
2022-07-12T15:10:30.000,1.39,11.73,7.97,44.736641,-124.096452
2022-07-12T15:25:30.000,1.39,11.75,7.97,44.736641,-124.096452
2022-07-12T15:40:30.000,1.39,11.71,7.97,44.736641,-124.096452
2022-07-12T15:55:30.000,1.38,11.66,7.97,44.736641,-124.096452
2022-07-12T16:10:30.000,1.4,11.83,7.95,44.736641,-124.096452
2022-07-12T16:25:30.000,1.4,11.78,7.95,44.736641,-124.096452
2022-07-12T16:40:30.000,1.44,12.13,7.95,44.736641,-124.096452
2022-07-12T16:55:30.000,1.47,12.36,7.94,44.736641,-124.096452
2022-07-12T17:10:30.000,1.49,12.53,7.93,44.736641,-124.096452
2022-07-12T17:25:30.000,1.49,12.54,7.93,44.736641,-124.096452
2022-07-12T17:40:30.000,1.49,12.53,7.92,44.736641,-124.096452
2022-07-12T17:55:30.000,1.5,12.65,7.92,44.736641,-124.096452
2022-07-12T18:10:30.000,1.55,13.04,7.92,44.736641,-124.096452
2022-07-12T18:25:30.000,1.56,13.16,7.92,44.736641,-124.096452
2022-07-12T18:40:30.000,1.57,13.23,7.91,44.736641,-124.096452
2022-07-12T18:55:30.000,1.59,13.36,7.9,44.736641,-124.096452
2022-07-12T19:10:30.000,1.6,13.45,7.9,44.736641,-124.096452
2022-07-12T19:25:30.000,1.62,13.65,7.9,44.736641,-124.096452
2022-07-12T19:40:30.000,1.64,13.81,7.9,44.736641,-124.096452
2022-07-12T19:55:30.000,1.64,13.85,7.89,44.736641,-124.096452
2022-07-12T20:10:30.000,1.7,14.31,7.88,44.736641,-124.096452
2022-07-12T20:25:30.000,1.76,14.82,7.87,44.736641,-124.096452
2022-07-12T20:40:30.000,1.83,15.43,7.87,44.736641,-124.096452
2022-07-12T20:55:30.000,1.9,15.99,7.87,44.736641,-124.096452
2022-07-12T21:10:30.000,1.93,16.28,7.85,44.736641,-124.096452
2022-07-12T21:25:30.000,1.94,16.29,7.85,44.736641,-124.096452
2022-07-12T21:40:30.000,1.93,16.2,7.85,44.736641,-124.096452
2022-07-12T21:55:30.000,1.88,15.82,7.85,44.736641,-124.096452
2022-07-12T22:10:30.000,1.86,15.61,7.84,44.736641,-124.096452
2022-07-12T22:25:30.000,1.87,15.71,7.83,44.736641,-124.096452
2022-07-12T22:40:30.000,1.97,16.6,7.83,44.736641,-124.096452
2022-07-12T22:55:30.000,1.93,16.26,7.83,44.736641,-124.096452
2022-07-12T23:10:30.000,1.84,15.43,7.82,44.736641,-124.096452
2022-07-12T23:25:30.000,1.8,15.11,7.8,44.736641,-124.096452
2022-07-12T23:40:30.000,1.76,14.79,7.8,44.736641,-124.096452
2022-07-12T23:55:30.000,1.7,14.29,7.79,44.736641,-124.096452
2022-07-13T00:10:30.000,1.56,13.08,7.78,44.736641,-124.096452
2022-07-13T00:25:30.000,1.5,12.55,7.76,44.736641,-124.096452
2022-07-13T00:40:30.000,1.48,12.43,7.75,44.736641,-124.096452
2022-07-13T00:55:30.000,1.45,12.14,7.75,44.736641,-124.096452
2022-07-13T01:10:30.000,1.37,11.48,7.75,44.736641,-124.096452
2022-07-13T01:25:30.000,1.31,11.02,7.75,44.736641,-124.096452
2022-07-13T01:40:30.000,1.3,10.9,7.75,44.736641,-124.096452
2022-07-13T01:55:30.000,1.29,10.82,7.74,44.736641,-124.096452
2022-07-13T02:10:30.000,1.24,10.4,7.73,44.736641,-124.096452
2022-07-13T02:25:30.000,1.23,10.31,7.73,44.736641,-124.096452
2022-07-13T02:40:30.000,1.24,10.38,7.73,44.736641,-124.096452
2022-07-13T02:55:30.000,1.24,10.41,7.73,44.736641,-124.096452
2022-07-13T03:10:30.000,1.25,10.49,7.73,44.736641,-124.096452
2022-07-13T03:25:30.000,1.24,10.4,7.73,44.736641,-124.096452
2022-07-13T03:40:30.000,1.25,10.52,7.72,44.736641,-124.096452
2022-07-13T03:55:30.000,1.22,10.27,7.72,44.736641,-124.096452
2022-07-13T04:10:30.000,1.24,10.42,7.71,44.736641,-124.096452
2022-07-13T04:25:30.000,1.24,10.36,7.71,44.736641,-124.096452
2022-07-13T04:40:30.000,1.19,9.98,7.72,44.736641,-124.096452
2022-07-13T04:55:30.000,1.21,10.16,7.71,44.736641,-124.096452
2022-07-13T05:10:30.000,1.2,10.04,7.71,44.736641,-124.096452
2022-07-13T05:25:30.000,1.2,10.02,7.71,44.736641,-124.096452
2022-07-13T05:40:30.000,1.19,9.97,7.72,44.736641,-124.096452
2022-07-13T05:55:30.000,1.15,9.68,7.71,44.736641,-124.096452
2022-07-13T06:10:30.000,1.24,10.4,7.71,44.736641,-124.096452
2022-07-13T06:25:30.000,1.21,10.12,7.71,44.736641,-124.096452
2022-07-13T06:40:30.000,1.26,10.57,7.71,44.736641,-124.096452
2022-07-13T06:55:30.000,1.24,10.35,7.71,44.736641,-124.096452
2022-07-13T07:10:30.000,1.28,10.73,7.71,44.736641,-124.096452
2022-07-13T07:25:30.000,0.96,8.06,7.71,44.736641,-124.096452
2022-07-13T07:40:30.000,0.96,8.07,7.71,44.736641,-124.096452
2022-07-13T07:55:30.000,1.04,8.72,7.71,44.736641,-124.096452
2022-07-13T08:10:30.000,1.06,8.93,7.7,44.736641,-124.096452
2022-07-13T08:25:30.000,1.07,8.94,7.7,44.736641,-124.096452
2022-07-13T08:40:30.000,1.3,10.85,7.68,44.736641,-124.096452
2022-07-13T08:55:30.000,1.02,8.58,7.7,44.736641,-124.096452
2022-07-13T09:10:30.000,0.94,7.92,7.71,44.736641,-124.096452
2022-07-13T09:25:30.000,0.94,7.9,7.71,44.736641,-124.096452
2022-07-13T09:40:30.000,0.96,8.04,7.71,44.736641,-124.096452
2022-07-13T09:55:30.000,0.82,6.9,7.71,44.736641,-124.096452
2022-07-13T10:10:30.000,0.74,6.19,7.71,44.736641,-124.096452
2022-07-13T10:25:30.000,0.77,6.41,7.71,44.736641,-124.096452
2022-07-13T10:40:30.000,0.76,6.34,7.71,44.736641,-124.096452
2022-07-13T10:55:30.000,0.8,6.69,7.7,44.736641,-124.096452
2022-07-13T11:10:30.000,0.77,6.48,7.7,44.736641,-124.096452
2022-07-13T11:25:30.000,0.75,6.25,7.71,44.736641,-124.096452
2022-07-13T11:40:30.000,0.77,6.46,7.7,44.736641,-124.096452
2022-07-13T11:55:30.000,0.81,6.83,7.7,44.736641,-124.096452
2022-07-13T12:10:30.000,0.86,7.18,7.7,44.736641,-124.096452
2022-07-13T12:25:30.000,0.73,6.11,7.71,44.736641,-124.096452
2022-07-13T12:40:30.000,0.67,5.59,7.71,44.736641,-124.096452
2022-07-13T12:55:30.000,0.73,6.1,7.71,44.736641,-124.096452
2022-07-13T13:10:30.000,0.69,5.81,7.71,44.736641,-124.096452
2022-07-13T13:25:30.000,0.66,5.5,7.71,44.736641,-124.096452
2022-07-13T13:40:30.000,0.65,5.45,7.71,44.736641,-124.096452
2022-07-13T13:55:30.000,0.71,5.98,7.71,44.736641,-124.096452
2022-07-13T14:10:30.000,0.81,6.76,7.71,44.736641,-124.096452
2022-07-13T14:25:30.000,0.86,7.25,7.71,44.736641,-124.096452
2022-07-13T14:40:30.000,0.8,6.73,7.71,44.736641,-124.096452
2022-07-13T14:55:30.000,0.74,6.23,7.73,44.736641,-124.096452
2022-07-13T15:10:30.000,0.77,6.47,7.73,44.736641,-124.096452
2022-07-13T15:25:30.000,0.76,6.34,7.73,44.736641,-124.096452
2022-07-13T15:40:30.000,0.87,7.3,7.74,44.736641,-124.096452
2022-07-13T15:55:30.000,0.99,8.33,7.75,44.736641,-124.096452
2022-07-13T16:10:30.000,0.93,7.81,7.75,44.736641,-124.096452
2022-07-13T16:25:30.000,1.12,9.37,7.76,44.736641,-124.096452
2022-07-13T16:40:30.000,1.07,9.02,7.78,44.736641,-124.096452
2022-07-13T16:55:30.000,1.06,8.94,7.78,44.736641,-124.096452
2022-07-13T17:10:30.000,0.95,7.95,7.78,44.736641,-124.096452
2022-07-13T17:25:30.000,0.89,7.47,7.78,44.736641,-124.096452
2022-07-13T17:40:30.000,0.86,7.25,7.78,44.736641,-124.096452
2022-07-13T17:55:30.000,0.9,7.57,7.78,44.736641,-124.096452
2022-07-13T18:10:30.000,0.94,7.9,7.8,44.736641,-124.096452
2022-07-13T18:25:30.000,0.98,8.23,7.8,44.736641,-124.096452
2022-07-13T18:40:30.000,0.89,7.5,7.8,44.736641,-124.096452
2022-07-13T18:55:30.000,0.99,8.34,7.83,44.736641,-124.096452
2022-07-13T19:10:30.000,1.17,9.86,7.85,44.736641,-124.096452
2022-07-13T19:25:30.000,1.21,10.15,7.85,44.736641,-124.096452
2022-07-13T19:40:30.000,1.13,9.53,7.85,44.736641,-124.096452
2022-07-13T19:55:30.000,1.1,9.29,7.85,44.736641,-124.096452
2022-07-13T20:10:30.000,1.08,9.06,7.86,44.736641,-124.096452
2022-07-13T20:25:30.000,1.19,10.05,7.87,44.736641,-124.096452
2022-07-13T20:40:30.000,0.68,5.76,7.85,44.736641,-124.096452
2022-07-13T20:55:30.000,1.28,10.78,7.87,44.736641,-124.096452
2022-07-13T21:10:30.000,1.25,10.55,7.87,44.736641,-124.096452
2022-07-13T21:25:30.000,1.32,11.13,7.87,44.736641,-124.096452
2022-07-13T21:40:30.000,1.25,10.52,7.87,44.736641,-124.096452
2022-07-13T21:55:30.000,1.29,10.82,7.87,44.736641,-124.096452
2022-07-13T22:10:30.000,1,8.39,7.87,44.736641,-124.096452
2022-07-13T22:25:30.000,0.5,4.24,7.86,44.736641,-124.096452
2022-07-13T22:40:30.000,0.53,4.46,7.86,44.736641,-124.096452
2022-07-13T22:55:30.000,0.75,6.28,7.86,44.736641,-124.096452
2022-07-13T23:10:30.000,0.71,5.97,7.86,44.736641,-124.096452
2022-07-13T23:25:30.000,0.74,6.2,7.86,44.736641,-124.096452
2022-07-13T23:40:30.000,0.67,5.68,7.86,44.736641,-124.096452
2022-07-13T23:55:30.000,0.77,6.49,7.85,44.736641,-124.096452
2022-07-14T00:10:30.000,0.96,8.11,7.83,44.736641,-124.096452
2022-07-14T00:25:30.000,0.89,7.5,7.82,44.736641,-124.096452
2022-07-14T00:40:30.000,0.92,7.77,7.82,44.736641,-124.096452
2022-07-14T00:55:30.000,1,8.36,7.81,44.736641,-124.096452
2022-07-14T01:10:30.000,0.96,8.06,7.82,44.736641,-124.096452
2022-07-14T01:25:30.000,0.98,8.21,7.83,44.736641,-124.096452
2022-07-14T01:40:30.000,0.9,7.58,7.85,44.736641,-124.096452
2022-07-14T01:55:30.000,0.83,7,7.85,44.736641,-124.096452
2022-07-14T02:10:30.000,0.79,6.64,7.85,44.736641,-124.096452
2022-07-14T02:25:30.000,0.74,6.26,7.85,44.736641,-124.096452
2022-07-14T02:40:30.000,0.91,7.63,7.85,44.736641,-124.096452
2022-07-14T02:55:30.000,0.91,7.66,7.83,44.736641,-124.096452
2022-07-14T03:10:30.000,0.85,7.13,7.81,44.736641,-124.096452
2022-07-14T03:25:30.000,0.87,7.31,7.8,44.736641,-124.096452
2022-07-14T03:40:30.000,0.89,7.44,7.8,44.736641,-124.096452
2022-07-14T03:55:30.000,0.85,7.12,7.78,44.736641,-124.096452
2022-07-14T04:10:30.000,0.79,6.64,7.78,44.736641,-124.096452
2022-07-14T04:25:30.000,0.73,6.14,7.78,44.736641,-124.096452
2022-07-14T04:40:30.000,0.78,6.57,7.77,44.736641,-124.096452
2022-07-14T04:55:30.000,0.77,6.44,7.76,44.736641,-124.096452
2022-07-14T05:10:30.000,0.8,6.75,7.75,44.736641,-124.096452
2022-07-14T05:25:30.000,0.79,6.61,7.76,44.736641,-124.096452
2022-07-14T05:40:30.000,0.73,6.11,7.77,44.736641,-124.096452
2022-07-14T05:55:30.000,0.74,6.2,7.78,44.736641,-124.096452
2022-07-14T06:10:30.000,0.77,6.5,7.78,44.736641,-124.096452
2022-07-14T06:25:30.000,0.74,6.2,7.78,44.736641,-124.096452
2022-07-14T06:40:30.000,0.77,6.49,7.78,44.736641,-124.096452
2022-07-14T06:55:30.000,0.82,6.86,7.79,44.736641,-124.096452
2022-07-14T07:10:30.000,0.95,8.01,7.8,44.736641,-124.096452
2022-07-14T07:25:30.000,0.92,7.74,7.8,44.736641,-124.096452
2022-07-14T07:40:30.000,1.03,8.66,7.8,44.736641,-124.096452
2022-07-14T07:55:30.000,0.92,7.73,7.8,44.736641,-124.096452
2022-07-14T08:10:30.000,0.99,8.32,7.8,44.736641,-124.096452
2022-07-14T08:25:30.000,0.95,7.96,7.8,44.736641,-124.096452
2022-07-14T08:40:30.000,1.01,8.45,7.8,44.736641,-124.096452
2022-07-14T08:55:30.000,1.02,8.59,7.8,44.736641,-124.096452
2022-07-14T09:10:30.000,1.02,8.53,7.8,44.736641,-124.096452
2022-07-14T09:25:30.000,0.98,8.2,7.8,44.736641,-124.096452
2022-07-14T09:40:30.000,0.91,7.61,7.81,44.736641,-124.096452
2022-07-14T09:55:30.000,0.87,7.28,7.82,44.736641,-124.096452
2022-07-14T10:10:30.000,0.92,7.77,7.83,44.736641,-124.096452
2022-07-14T10:25:30.000,0.9,7.59,7.84,44.736641,-124.096452
2022-07-14T10:40:30.000,0.82,6.92,7.85,44.736641,-124.096452
2022-07-14T10:55:30.000,0.98,8.28,7.87,44.736641,-124.096452
2022-07-14T11:10:30.000,1.04,8.74,7.9,44.736641,-124.096452
2022-07-14T11:25:30.000,1.07,9.04,7.91,44.736641,-124.096452
2022-07-14T11:40:30.000,1.11,9.32,7.92,44.736641,-124.096452
2022-07-14T11:55:30.000,1.16,9.78,7.92,44.736641,-124.096452
2022-07-14T12:10:30.000,1.15,9.69,7.93,44.736641,-124.096452
2022-07-14T12:25:30.000,1.16,9.82,7.93,44.736641,-124.096452
2022-07-14T12:40:30.000,1.19,9.99,7.93,44.736641,-124.096452
2022-07-14T12:55:30.000,1.24,10.42,7.94,44.736641,-124.096452
2022-07-14T13:10:30.000,1.26,10.65,7.94,44.736641,-124.096452
2022-07-14T13:25:30.000,1.3,10.97,7.95,44.736641,-124.096452
2022-07-14T13:40:30.000,1.33,11.25,7.95,44.736641,-124.096452
2022-07-14T13:55:30.000,1.36,11.47,7.95,44.736641,-124.096452
2022-07-14T14:10:30.000,1.4,11.84,7.97,44.736641,-124.096452
2022-07-14T14:25:30.000,1.41,11.91,7.97,44.736641,-124.096452
2022-07-14T14:40:30.000,1.47,12.37,7.97,44.736641,-124.096452
2022-07-14T14:55:30.000,1.45,12.27,7.99,44.736641,-124.096452
2022-07-14T15:10:30.000,1.51,12.71,7.99,44.736641,-124.096452
2022-07-14T15:25:30.000,1.57,13.24,8,44.736641,-124.096452
2022-07-14T15:40:30.000,1.66,14,8.02,44.736641,-124.096452
2022-07-14T15:55:30.000,1.64,13.83,8.02,44.736641,-124.096452
2022-07-14T16:10:30.000,1.64,13.84,8.02,44.736641,-124.096452
2022-07-14T16:25:30.000,1.64,13.83,8.03,44.736641,-124.096452
2022-07-14T16:40:30.000,1.65,13.91,8.04,44.736641,-124.096452
2022-07-14T16:55:30.000,1.66,14.01,8.04,44.736641,-124.096452
2022-07-14T17:10:30.000,1.51,12.77,8.02,44.736641,-124.096452
2022-07-14T17:25:30.000,1.62,13.73,8.04,44.736641,-124.096452
2022-07-14T17:40:30.000,1.62,13.68,8.04,44.736641,-124.096452
2022-07-14T17:55:30.000,1.58,13.38,8.04,44.736641,-124.096452
2022-07-14T18:10:30.000,1.59,13.47,8.04,44.736641,-124.096452
2022-07-14T18:25:30.000,1.63,13.76,8.05,44.736641,-124.096452
2022-07-14T18:40:30.000,1.62,13.67,8.04,44.736641,-124.096452
2022-07-14T18:55:30.000,1.61,13.64,8.05,44.736641,-124.096452
2022-07-14T19:10:30.000,1.53,12.9,8.04,44.736641,-124.096452
2022-07-14T19:25:30.000,1.53,12.96,8.04,44.736641,-124.096452
2022-07-14T19:40:30.000,1.46,12.32,8.04,44.736641,-124.096452
2022-07-14T19:55:30.000,1.4,11.84,8.03,44.736641,-124.096452
2022-07-14T20:10:30.000,1.34,11.28,8.02,44.736641,-124.096452
2022-07-14T20:25:30.000,1.29,10.92,8.02,44.736641,-124.096452
2022-07-14T20:40:30.000,1.3,11.02,8.02,44.736641,-124.096452
2022-07-14T20:55:30.000,1.3,11,8.02,44.736641,-124.096452
2022-07-14T21:10:30.000,1.28,10.84,8.02,44.736641,-124.096452
2022-07-14T21:25:30.000,1.26,10.64,8.02,44.736641,-124.096452
2022-07-14T21:40:30.000,1.28,10.84,8.02,44.736641,-124.096452
2022-07-14T21:55:30.000,1.22,10.34,8.02,44.736641,-124.096452
2022-07-14T22:10:30.000,1.19,10.03,8.02,44.736641,-124.096452
2022-07-14T22:25:30.000,1.16,9.82,8,44.736641,-124.096452
2022-07-14T22:40:30.000,1.14,9.6,7.99,44.736641,-124.096452
2022-07-14T22:55:30.000,1.14,9.65,7.99,44.736641,-124.096452
2022-07-14T23:10:30.000,1.14,9.58,7.98,44.736641,-124.096452
2022-07-14T23:25:30.000,1.19,10.06,7.98,44.736641,-124.096452
2022-07-14T23:40:30.000,1.2,10.17,7.98,44.736641,-124.096452
2022-07-14T23:55:30.000,1.19,10.01,7.99,44.736641,-124.096452
2022-07-15T00:10:30.000,1.21,10.24,7.99,44.736641,-124.096452
2022-07-15T00:25:30.000,1.18,9.98,7.99,44.736641,-124.096452
2022-07-15T00:40:30.000,1.15,9.69,7.99,44.736641,-124.096452
2022-07-15T00:55:30.000,1.16,9.79,7.99,44.736641,-124.096452
2022-07-15T01:10:30.000,1.16,9.8,7.99,44.736641,-124.096452
2022-07-15T01:25:30.000,1.22,10.33,8.02,44.736641,-124.096452
2022-07-15T01:40:30.000,1.43,12.08,8.04,44.736641,-124.096452
2022-07-15T01:55:30.000,1.58,13.4,8.06,44.736641,-124.096452
2022-07-15T02:10:30.000,1.68,14.25,8.07,44.736641,-124.096452
2022-07-15T02:25:30.000,1.76,14.9,8.09,44.736641,-124.096452
2022-07-15T02:40:30.000,1.94,16.41,8.11,44.736641,-124.096452
2022-07-15T02:55:30.000,2.09,17.74,8.14,44.736641,-124.096452
2022-07-15T03:10:30.000,2.1,17.78,8.14,44.736641,-124.096452
2022-07-15T03:25:30.000,2.04,17.28,8.14,44.736641,-124.096452
2022-07-15T03:40:30.000,2.08,17.66,8.14,44.736641,-124.096452
2022-07-15T03:55:30.000,2.16,18.34,8.14,44.736641,-124.096452
2022-07-15T04:10:30.000,1.83,15.52,8.09,44.736641,-124.096452
2022-07-15T04:25:30.000,1.48,12.48,7.99,44.736641,-124.096452
2022-07-15T04:40:30.000,1.42,12,7.99,44.736641,-124.096452
2022-07-15T04:55:30.000,1.4,11.82,7.97,44.736641,-124.096452
2022-07-15T05:10:30.000,1.39,11.7,7.97,44.736641,-124.096452
2022-07-15T05:25:30.000,1.38,11.68,7.97,44.736641,-124.096452
2022-07-15T05:40:30.000,1.37,11.54,7.95,44.736641,-124.096452
2022-07-15T05:55:30.000,1.35,11.41,7.95,44.736641,-124.096452
2022-07-15T06:10:30.000,1.35,11.37,7.95,44.736641,-124.096452
2022-07-15T06:25:30.000,1.35,11.4,7.95,44.736641,-124.096452
2022-07-15T06:40:30.000,1.34,11.27,7.95,44.736641,-124.096452
2022-07-15T06:55:30.000,1.31,11.08,7.95,44.736641,-124.096452
2022-07-15T07:10:30.000,1.28,10.76,7.95,44.736641,-124.096452
2022-07-15T07:25:30.000,1.28,10.78,7.95,44.736641,-124.096452
2022-07-15T07:40:30.000,1.31,11.02,7.95,44.736641,-124.096452
2022-07-15T07:55:30.000,1.29,10.86,7.95,44.736641,-124.096452
2022-07-15T08:10:30.000,1.23,10.4,7.95,44.736641,-124.096452
2022-07-15T08:25:30.000,1.24,10.44,7.96,44.736641,-124.096452
2022-07-15T08:40:30.000,1.22,10.26,7.97,44.736641,-124.096452
2022-07-15T08:55:30.000,1.15,9.68,7.97,44.736641,-124.096452
2022-07-15T09:10:30.000,1.1,9.28,7.96,44.736641,-124.096452
2022-07-15T09:25:30.000,1.15,9.73,7.95,44.736641,-124.096452
2022-07-15T09:40:30.000,1.15,9.67,7.95,44.736641,-124.096452
2022-07-15T09:55:30.000,1.16,9.78,7.95,44.736641,-124.096452
2022-07-15T10:10:30.000,1.16,9.78,7.95,44.736641,-124.096452
2022-07-15T10:25:30.000,1.08,9.08,7.95,44.736641,-124.096452
2022-07-15T10:40:30.000,1.13,9.54,7.95,44.736641,-124.096452
2022-07-15T10:55:30.000,1.11,9.4,7.97,44.736641,-124.096452
2022-07-15T11:10:30.000,1.15,9.67,7.97,44.736641,-124.096452
2022-07-15T11:25:30.000,1.28,10.78,7.99,44.736641,-124.096452
2022-07-15T11:40:30.000,1.36,11.45,7.99,44.736641,-124.096452
2022-07-15T11:55:30.000,1.43,12.1,7.99,44.736641,-124.096452
2022-07-15T12:10:30.000,1.48,12.47,8.01,44.736641,-124.096452
2022-07-15T12:25:30.000,1.55,13.1,8.02,44.736641,-124.096452
2022-07-15T12:40:30.000,1.66,13.99,8.03,44.736641,-124.096452
2022-07-15T12:55:30.000,1.79,15.1,8.04,44.736641,-124.096452
2022-07-15T13:10:30.000,2.1,17.79,8.1,44.736641,-124.096452
2022-07-15T13:25:30.000,2.42,20.49,8.16,44.736641,-124.096452
2022-07-15T13:40:30.000,2.52,21.37,8.19,44.736641,-124.096452
2022-07-15T13:55:30.000,2.63,22.35,8.23,44.736641,-124.096452
2022-07-15T14:10:30.000,2.84,24.17,8.26,44.736641,-124.096452
2022-07-15T14:25:30.000,3.14,26.69,8.31,44.736641,-124.096452
2022-07-15T14:40:30.000,3.16,26.85,8.32,44.736641,-124.096452
2022-07-15T14:55:30.000,3.2,27.2,8.33,44.736641,-124.096452
2022-07-15T15:10:30.000,3.2,27.24,8.33,44.736641,-124.096452
2022-07-15T15:25:30.000,3.18,27.04,8.33,44.736641,-124.096452
2022-07-15T15:40:30.000,3.2,27.26,8.33,44.736641,-124.096452
2022-07-15T15:55:30.000,3.16,26.92,8.33,44.736641,-124.096452
2022-07-15T16:10:30.000,3.03,25.74,8.31,44.736641,-124.096452
2022-07-15T16:25:30.000,2.87,24.43,8.28,44.736641,-124.096452
2022-07-15T16:40:30.000,2.83,24.08,8.26,44.736641,-124.096452
2022-07-15T16:55:30.000,2.69,22.83,8.23,44.736641,-124.096452
2022-07-15T17:10:30.000,2.61,22.17,8.22,44.736641,-124.096452
2022-07-15T17:25:30.000,2.52,21.35,8.19,44.736641,-124.096452
2022-07-15T17:40:30.000,2.35,19.91,8.16,44.736641,-124.096452
2022-07-15T17:55:30.000,2.04,17.26,8.07,44.736641,-124.096452
2022-07-15T18:10:30.000,1.85,15.63,8.04,44.736641,-124.096452
2022-07-15T18:25:30.000,1.81,15.32,8.04,44.736641,-124.096452
2022-07-15T18:40:30.000,1.74,14.69,8.03,44.736641,-124.096452
2022-07-15T18:55:30.000,1.81,15.3,8.03,44.736641,-124.096452
2022-07-15T19:10:30.000,1.71,14.41,8.04,44.736641,-124.096452
2022-07-15T19:25:30.000,1.76,14.84,8.04,44.736641,-124.096452
2022-07-15T19:40:30.000,1.72,14.53,8.03,44.736641,-124.096452
2022-07-15T19:55:30.000,1.68,14.2,8.02,44.736641,-124.096452
2022-07-15T20:10:30.000,1.69,14.32,8.02,44.736641,-124.096452
2022-07-15T20:25:30.000,1.68,14.17,8.01,44.736641,-124.096452
2022-07-15T20:40:30.000,1.67,14.13,8,44.736641,-124.096452
2022-07-15T20:55:30.000,1.63,13.76,7.99,44.736641,-124.096452
2022-07-15T21:10:30.000,1.55,13.09,7.96,44.736641,-124.096452
2022-07-15T21:25:30.000,1.54,12.96,7.95,44.736641,-124.096452
2022-07-15T21:40:30.000,1.5,12.68,7.93,44.736641,-124.096452
2022-07-15T21:55:30.000,1.51,12.72,7.92,44.736641,-124.096452
2022-07-15T22:10:30.000,1.5,12.64,7.92,44.736641,-124.096452
2022-07-15T22:25:30.000,1.5,12.63,7.92,44.736641,-124.096452
2022-07-15T22:40:30.000,1.55,13.04,7.93,44.736641,-124.096452
2022-07-15T22:55:30.000,1.59,13.45,7.95,44.736641,-124.096452
2022-07-15T23:10:30.000,1.6,13.48,7.95,44.736641,-124.096452
