Time (UTC),DO (ml/L),Dissolved Oxygen (%),Temperature (C),Latitude,Longitude
2022-07-14T17:56:50.000,1.02,8.57,7.73,44.633918,-124.199979
2022-07-14T18:11:50.000,1.01,8.46,7.71,44.633918,-124.199979
2022-07-14T18:26:50.000,1,8.42,7.7,44.633918,-124.199979
2022-07-14T18:41:50.000,1.01,8.43,7.7,44.633918,-124.199979
2022-07-14T18:56:50.000,1,8.42,7.7,44.633918,-124.199979
2022-07-14T19:11:50.000,1,8.37,7.7,44.633918,-124.199979
2022-07-14T19:26:50.000,0.99,8.29,7.7,44.633918,-124.199979
2022-07-14T19:41:50.000,0.99,8.28,7.69,44.633918,-124.199979
2022-07-14T19:56:50.000,0.99,8.28,7.69,44.633918,-124.199979
2022-07-14T20:11:50.000,0.98,8.23,7.69,44.633918,-124.199979
2022-07-14T20:26:50.000,0.98,8.25,7.68,44.633918,-124.199979
2022-07-14T20:41:50.000,0.99,8.32,7.68,44.633918,-124.199979
2022-07-14T20:56:50.000,0.97,8.11,7.68,44.633918,-124.199979
2022-07-14T21:11:50.000,0.97,8.15,7.68,44.633918,-124.199979
2022-07-14T21:26:50.000,0.97,8.15,7.68,44.633918,-124.199979
2022-07-14T21:41:50.000,0.96,8.07,7.68,44.633918,-124.199979
2022-07-14T21:56:50.000,0.96,8.07,7.68,44.633918,-124.199979
2022-07-14T22:11:50.000,0.96,8.07,7.68,44.633918,-124.199979
2022-07-14T22:26:50.000,0.95,8,7.68,44.633918,-124.199979
2022-07-14T22:41:50.000,0.95,7.99,7.69,44.633918,-124.199979
2022-07-14T22:56:50.000,0.95,7.96,7.68,44.633918,-124.199979
2022-07-14T23:11:50.000,0.94,7.88,7.69,44.633918,-124.199979
2022-07-14T23:26:50.000,0.94,7.89,7.69,44.633918,-124.199979
2022-07-14T23:41:50.000,0.94,7.87,7.69,44.633918,-124.199979
2022-07-14T23:56:50.000,0.94,7.85,7.69,44.633918,-124.199979
2022-07-15T00:11:50.000,0.93,7.78,7.69,44.633918,-124.199979
2022-07-15T00:26:50.000,0.93,7.81,7.7,44.633918,-124.199979
2022-07-15T00:41:50.000,0.93,7.81,7.7,44.633918,-124.199979
2022-07-15T00:56:50.000,0.94,7.85,7.7,44.633918,-124.199979
2022-07-15T01:11:50.000,0.93,7.84,7.7,44.633918,-124.199979
2022-07-15T01:26:50.000,0.93,7.81,7.7,44.633918,-124.199979
2022-07-15T01:41:50.000,0.93,7.79,7.7,44.633918,-124.199979
2022-07-15T01:56:50.000,0.93,7.8,7.7,44.633918,-124.199979
2022-07-15T02:11:50.000,0.92,7.7,7.7,44.633918,-124.199979
2022-07-15T02:26:50.000,0.93,7.77,7.7,44.633918,-124.199979
2022-07-15T02:41:50.000,0.93,7.79,7.7,44.633918,-124.199979
2022-07-15T02:56:50.000,0.93,7.79,7.7,44.633918,-124.199979
2022-07-15T03:11:50.000,0.93,7.82,7.7,44.633918,-124.199979
2022-07-15T03:26:50.000,0.93,7.82,7.7,44.633918,-124.199979
2022-07-15T03:41:50.000,0.93,7.77,7.7,44.633918,-124.199979
2022-07-15T03:56:50.000,0.93,7.79,7.69,44.633918,-124.199979
2022-07-15T04:11:50.000,0.93,7.76,7.69,44.633918,-124.199979
2022-07-15T04:26:50.000,0.95,7.92,7.68,44.633918,-124.199979
2022-07-15T04:41:50.000,0.96,8.03,7.68,44.633918,-124.199979
2022-07-15T04:56:50.000,0.96,8.06,7.68,44.633918,-124.199979
2022-07-15T05:11:50.000,0.97,8.09,7.68,44.633918,-124.199979
2022-07-15T05:26:50.000,0.97,8.16,7.68,44.633918,-124.199979
2022-07-15T05:41:50.000,0.98,8.19,7.68,44.633918,-124.199979
2022-07-15T05:56:50.000,0.98,8.23,7.68,44.633918,-124.199979
2022-07-15T06:11:50.000,0.98,8.23,7.68,44.633918,-124.199979
2022-07-15T06:26:50.000,0.99,8.26,7.68,44.633918,-124.199979
2022-07-15T06:41:50.000,0.99,8.28,7.68,44.633918,-124.199979
2022-07-15T06:56:50.000,0.99,8.28,7.68,44.633918,-124.199979
2022-07-15T07:11:50.000,0.99,8.29,7.68,44.633918,-124.199979
2022-07-15T07:26:50.000,1,8.35,7.68,44.633918,-124.199979
2022-07-15T07:41:50.000,1.01,8.43,7.68,44.633918,-124.199979
2022-07-15T07:56:50.000,1.02,8.53,7.68,44.633918,-124.199979
2022-07-15T08:11:50.000,1.02,8.56,7.68,44.633918,-124.199979
2022-07-15T08:26:50.000,1.03,8.59,7.68,44.633918,-124.199979
2022-07-15T08:41:50.000,1.03,8.62,7.68,44.633918,-124.199979
2022-07-15T08:56:50.000,1.05,8.8,7.68,44.633918,-124.199979
2022-07-15T09:11:50.000,1.03,8.6,7.68,44.633918,-124.199979
2022-07-15T09:26:50.000,1.05,8.78,7.68,44.633918,-124.199979
2022-07-15T09:41:50.000,1.03,8.62,7.68,44.633918,-124.199979
2022-07-15T09:56:50.000,1.03,8.59,7.68,44.633918,-124.199979
2022-07-15T10:11:50.000,1.01,8.49,7.68,44.633918,-124.199979
2022-07-15T10:26:50.000,1,8.37,7.68,44.633918,-124.199979
2022-07-15T10:41:50.000,1.02,8.58,7.68,44.633918,-124.199979
2022-07-15T10:56:50.000,1.04,8.68,7.68,44.633918,-124.199979
2022-07-15T11:11:50.000,1.02,8.52,7.68,44.633918,-124.199979
2022-07-15T11:26:50.000,1.02,8.58,7.68,44.633918,-124.199979
2022-07-15T11:41:50.000,1.01,8.47,7.68,44.633918,-124.199979
2022-07-15T11:56:50.000,1.02,8.55,7.68,44.633918,-124.199979
2022-07-15T12:11:50.000,1.01,8.48,7.68,44.633918,-124.199979
2022-07-15T12:26:50.000,1.01,8.42,7.68,44.633918,-124.199979
2022-07-15T12:41:50.000,1.01,8.45,7.68,44.633918,-124.199979
2022-07-15T12:56:50.000,1,8.35,7.68,44.633918,-124.199979
2022-07-15T13:11:50.000,0.99,8.29,7.68,44.633918,-124.199979
2022-07-15T13:26:50.000,0.98,8.25,7.68,44.633918,-124.199979
2022-07-15T13:41:50.000,0.99,8.32,7.68,44.633918,-124.199979
2022-07-15T13:56:50.000,1,8.36,7.68,44.633918,-124.199979
2022-07-15T14:11:50.000,1.01,8.46,7.68,44.633918,-124.199979
2022-07-15T14:26:50.000,1.01,8.48,7.68,44.633918,-124.199979
2022-07-15T14:41:50.000,1.01,8.45,7.68,44.633918,-124.199979
2022-07-15T14:56:50.000,1,8.41,7.68,44.633918,-124.199979
2022-07-15T15:11:50.000,0.99,8.28,7.68,44.633918,-124.199979
2022-07-15T15:26:50.000,1,8.41,7.68,44.633918,-124.199979
2022-07-15T15:41:50.000,1,8.39,7.68,44.633918,-124.199979
2022-07-15T15:56:50.000,1.01,8.49,7.68,44.633918,-124.199979
2022-07-15T16:11:50.000,1.02,8.54,7.67,44.633918,-124.199979
2022-07-15T16:26:50.000,1.02,8.54,7.67,44.633918,-124.199979
2022-07-15T16:41:50.000,1.02,8.57,7.67,44.633918,-124.199979
2022-07-15T16:56:50.000,1.02,8.53,7.66,44.633918,-124.199979
2022-07-15T17:11:50.000,1.02,8.52,7.66,44.633918,-124.199979
2022-07-15T17:26:50.000,1.02,8.55,7.66,44.633918,-124.199979
2022-07-15T17:41:50.000,1.02,8.52,7.66,44.633918,-124.199979
2022-07-15T17:56:50.000,1.02,8.5,7.66,44.633918,-124.199979
2022-07-15T18:11:50.000,1.01,8.47,7.66,44.633918,-124.199979
2022-07-15T18:26:50.000,1.02,8.52,7.66,44.633918,-124.199979
2022-07-15T18:41:50.000,1.01,8.48,7.66,44.633918,-124.199979
2022-07-15T18:56:50.000,1.01,8.45,7.65,44.633918,-124.199979
2022-07-15T19:11:50.000,1,8.38,7.65,44.633918,-124.199979
2022-07-15T19:26:50.000,1.01,8.43,7.64,44.633918,-124.199979
2022-07-15T19:41:50.000,1,8.4,7.64,44.633918,-124.199979
2022-07-15T19:56:50.000,0.99,8.31,7.64,44.633918,-124.199979
2022-07-15T20:11:50.000,1,8.33,7.64,44.633918,-124.199979
2022-07-15T20:26:50.000,1,8.33,7.64,44.633918,-124.199979
2022-07-15T20:41:50.000,1,8.39,7.64,44.633918,-124.199979
2022-07-15T20:56:50.000,0.99,8.32,7.64,44.633918,-124.199979
2022-07-15T21:11:50.000,0.99,8.33,7.64,44.633918,-124.199979
2022-07-15T21:26:50.000,0.99,8.28,7.64,44.633918,-124.199979
2022-07-15T21:41:50.000,0.98,8.19,7.65,44.633918,-124.199979
2022-07-15T21:56:50.000,0.98,8.19,7.65,44.633918,-124.199979
2022-07-15T22:11:50.000,0.97,8.09,7.65,44.633918,-124.199979
2022-07-15T22:26:50.000,0.98,8.19,7.66,44.633918,-124.199979
2022-07-15T22:41:50.000,0.98,8.19,7.66,44.633918,-124.199979
2022-07-15T22:56:50.000,0.98,8.17,7.66,44.633918,-124.199979
2022-07-15T23:11:50.000,0.97,8.11,7.66,44.633918,-124.199979
2022-07-15T23:26:50.000,0.97,8.11,7.66,44.633918,-124.199979
2022-07-15T23:41:50.000,0.98,8.23,7.66,44.633918,-124.199979
2022-07-15T23:56:50.000,0.99,8.3,7.66,44.633918,-124.199979
2022-07-16T00:11:50.000,1,8.39,7.66,44.633918,-124.199979
2022-07-16T00:26:50.000,1.01,8.49,7.66,44.633918,-124.199979
2022-07-16T00:41:50.000,1.02,8.51,7.66,44.633918,-124.199979
2022-07-16T00:56:50.000,1.02,8.57,7.66,44.633918,-124.199979
2022-07-16T01:11:50.000,1.02,8.54,7.66,44.633918,-124.199979
2022-07-16T01:26:50.000,1.02,8.54,7.66,44.633918,-124.199979
2022-07-16T01:41:50.000,1.02,8.56,7.66,44.633918,-124.199979
2022-07-16T01:56:50.000,1.01,8.49,7.66,44.633918,-124.199979
2022-07-16T02:11:50.000,1.02,8.51,7.66,44.633918,-124.199979
2022-07-16T02:26:50.000,1.01,8.42,7.66,44.633918,-124.199979
2022-07-16T02:41:50.000,1,8.37,7.67,44.633918,-124.199979
2022-07-16T02:56:50.000,1,8.41,7.67,44.633918,-124.199979
2022-07-16T03:11:50.000,0.99,8.31,7.67,44.633918,-124.199979
2022-07-16T03:26:50.000,1,8.36,7.67,44.633918,-124.199979
2022-07-16T03:41:50.000,1,8.41,7.67,44.633918,-124.199979
2022-07-16T03:56:50.000,1,8.41,7.67,44.633918,-124.199979
2022-07-16T04:11:50.000,1,8.38,7.67,44.633918,-124.199979
2022-07-16T04:26:50.000,1,8.38,7.67,44.633918,-124.199979
2022-07-16T04:41:50.000,1,8.35,7.67,44.633918,-124.199979
2022-07-16T04:56:50.000,1,8.37,7.66,44.633918,-124.199979
2022-07-16T05:11:50.000,1,8.37,7.66,44.633918,-124.199979
2022-07-16T05:26:50.000,1,8.38,7.66,44.633918,-124.199979
2022-07-16T05:41:50.000,1,8.34,7.66,44.633918,-124.199979
2022-07-16T05:56:50.000,1,8.39,7.67,44.633918,-124.199979
2022-07-16T06:11:50.000,1,8.39,7.67,44.633918,-124.199979
2022-07-16T06:26:50.000,1,8.39,7.68,44.633918,-124.199979
2022-07-16T06:41:50.000,1.01,8.47,7.68,44.633918,-124.199979
2022-07-16T06:56:50.000,1.02,8.56,7.68,44.633918,-124.199979
2022-07-16T07:11:50.000,1.03,8.65,7.68,44.633918,-124.199979
2022-07-16T07:26:50.000,1.04,8.68,7.68,44.633918,-124.199979
2022-07-16T07:41:50.000,1.04,8.7,7.68,44.633918,-124.199979
2022-07-16T07:56:50.000,1.04,8.75,7.68,44.633918,-124.199979
2022-07-16T08:11:50.000,1.05,8.79,7.68,44.633918,-124.199979
2022-07-16T08:26:50.000,1.07,8.94,7.68,44.633918,-124.199979
2022-07-16T08:41:50.000,1.07,9,7.68,44.633918,-124.199979
2022-07-16T08:56:50.000,1.09,9.17,7.68,44.633918,-124.199979
2022-07-16T09:11:50.000,1.11,9.28,7.68,44.633918,-124.199979
2022-07-16T09:26:50.000,1.11,9.34,7.68,44.633918,-124.199979
2022-07-16T09:41:50.000,1.12,9.38,7.68,44.633918,-124.199979
2022-07-16T09:56:50.000,1.12,9.41,7.68,44.633918,-124.199979
2022-07-16T10:11:50.000,1.13,9.44,7.68,44.633918,-124.199979
2022-07-16T10:26:50.000,1.14,9.52,7.68,44.633918,-124.199979
2022-07-16T10:41:50.000,1.14,9.55,7.68,44.633918,-124.199979
2022-07-16T10:56:50.000,1.16,9.7,7.68,44.633918,-124.199979
2022-07-16T11:11:50.000,1.15,9.66,7.68,44.633918,-124.199979
2022-07-16T11:26:50.000,1.15,9.6,7.68,44.633918,-124.199979
2022-07-16T11:41:50.000,1.14,9.55,7.68,44.633918,-124.199979
2022-07-16T11:56:50.000,1.13,9.46,7.68,44.633918,-124.199979
2022-07-16T12:11:50.000,1.11,9.32,7.68,44.633918,-124.199979
2022-07-16T12:26:50.000,1.12,9.35,7.68,44.633918,-124.199979
2022-07-16T12:41:50.000,1.11,9.3,7.68,44.633918,-124.199979
2022-07-16T12:56:50.000,1.11,9.28,7.68,44.633918,-124.199979
2022-07-16T13:11:50.000,1.1,9.21,7.68,44.633918,-124.199979
2022-07-16T13:26:50.000,1.1,9.18,7.67,44.633918,-124.199979
2022-07-16T13:41:50.000,1.1,9.18,7.67,44.633918,-124.199979
2022-07-16T13:56:50.000,1.1,9.18,7.66,44.633918,-124.199979
2022-07-16T14:11:50.000,1.1,9.23,7.66,44.633918,-124.199979
2022-07-16T14:26:50.000,1.11,9.27,7.66,44.633918,-124.199979
2022-07-16T14:41:50.000,1.11,9.32,7.66,44.633918,-124.199979
2022-07-16T14:56:50.000,1.12,9.41,7.66,44.633918,-124.199979
2022-07-16T15:11:50.000,1.12,9.35,7.66,44.633918,-124.199979
2022-07-16T15:26:50.000,1.11,9.3,7.64,44.633918,-124.199979
2022-07-16T15:41:50.000,1.12,9.35,7.64,44.633918,-124.199979
2022-07-16T15:56:50.000,1.11,9.31,7.63,44.633918,-124.199979
2022-07-16T16:11:50.000,1.09,9.16,7.63,44.633918,-124.199979
2022-07-16T16:26:50.000,1.07,8.95,7.63,44.633918,-124.199979
2022-07-16T16:41:50.000,1.05,8.81,7.61,44.633918,-124.199979
2022-07-16T16:56:50.000,1.03,8.65,7.61,44.633918,-124.199979
2022-07-16T17:11:50.000,1.02,8.51,7.61,44.633918,-124.199979
2022-07-16T17:26:50.000,1,8.38,7.61,44.633918,-124.199979
2022-07-16T17:41:50.000,0.99,8.29,7.61,44.633918,-124.199979
2022-07-16T17:56:50.000,0.98,8.24,7.61,44.633918,-124.199979
2022-07-16T18:11:50.000,0.98,8.21,7.61,44.633918,-124.199979
2022-07-16T18:26:50.000,0.98,8.17,7.6,44.633918,-124.199979
2022-07-16T18:41:50.000,0.98,8.15,7.6,44.633918,-124.199979
2022-07-16T18:56:50.000,0.97,8.11,7.59,44.633918,-124.199979
2022-07-16T19:11:50.000,0.96,8.03,7.59,44.633918,-124.199979
2022-07-16T19:26:50.000,0.96,8.04,7.59,44.633918,-124.199979
2022-07-16T19:41:50.000,0.95,7.95,7.59,44.633918,-124.199979
2022-07-16T19:56:50.000,0.94,7.86,7.59,44.633918,-124.199979
2022-07-16T20:11:50.000,0.94,7.85,7.59,44.633918,-124.199979
2022-07-16T20:26:50.000,0.94,7.87,7.59,44.633918,-124.199979
2022-07-16T20:41:50.000,0.93,7.81,7.59,44.633918,-124.199979
2022-07-16T20:56:50.000,0.94,7.83,7.59,44.633918,-124.199979
2022-07-16T21:11:50.000,0.93,7.77,7.59,44.633918,-124.199979
2022-07-16T21:26:50.000,0.93,7.74,7.59,44.633918,-124.199979
2022-07-16T21:41:50.000,0.93,7.75,7.59,44.633918,-124.199979
2022-07-16T21:56:50.000,0.93,7.75,7.59,44.633918,-124.199979
2022-07-16T22:11:50.000,0.93,7.74,7.59,44.633918,-124.199979
2022-07-16T22:26:50.000,0.94,7.89,7.59,44.633918,-124.199979
2022-07-16T22:41:50.000,0.94,7.89,7.59,44.633918,-124.199979
2022-07-16T22:56:50.000,0.94,7.89,7.59,44.633918,-124.199979
2022-07-16T23:11:50.000,0.95,7.94,7.6,44.633918,-124.199979
2022-07-16T23:26:50.000,0.96,8.02,7.6,44.633918,-124.199979
2022-07-16T23:41:50.000,0.96,8.04,7.61,44.633918,-124.199979
2022-07-16T23:56:50.000,0.97,8.09,7.61,44.633918,-124.199979
2022-07-17T00:11:50.000,0.96,8.06,7.61,44.633918,-124.199979
2022-07-17T00:26:50.000,0.97,8.13,7.61,44.633918,-124.199979
2022-07-17T00:41:50.000,0.97,8.1,7.61,44.633918,-124.199979
2022-07-17T00:56:50.000,0.97,8.13,7.61,44.633918,-124.199979
2022-07-17T01:11:50.000,0.97,8.13,7.61,44.633918,-124.199979
2022-07-17T01:26:50.000,0.97,8.09,7.61,44.633918,-124.199979
2022-07-17T01:41:50.000,0.97,8.1,7.61,44.633918,-124.199979
2022-07-17T01:56:50.000,0.98,8.17,7.61,44.633918,-124.199979
2022-07-17T02:11:50.000,0.99,8.31,7.61,44.633918,-124.199979
2022-07-17T02:26:50.000,0.99,8.32,7.61,44.633918,-124.199979
2022-07-17T02:41:50.000,1.01,8.41,7.61,44.633918,-124.199979
2022-07-17T02:56:50.000,1.02,8.54,7.61,44.633918,-124.199979
2022-07-17T03:11:50.000,1.02,8.54,7.62,44.633918,-124.199979
2022-07-17T03:26:50.000,1.03,8.62,7.63,44.633918,-124.199979
2022-07-17T03:41:50.000,1.04,8.71,7.63,44.633918,-124.199979
2022-07-17T03:56:50.000,1.05,8.79,7.63,44.633918,-124.199979
2022-07-17T04:11:50.000,1.06,8.88,7.63,44.633918,-124.199979
2022-07-17T04:26:50.000,1.07,8.94,7.63,44.633918,-124.199979
2022-07-17T04:41:50.000,1.07,8.95,7.64,44.633918,-124.199979
2022-07-17T04:56:50.000,1.07,8.97,7.65,44.633918,-124.199979
2022-07-17T05:11:50.000,1.07,8.94,7.65,44.633918,-124.199979
2022-07-17T05:26:50.000,1.06,8.89,7.65,44.633918,-124.199979
2022-07-17T05:41:50.000,1.06,8.9,7.65,44.633918,-124.199979
2022-07-17T05:56:50.000,1.07,8.92,7.65,44.633918,-124.199979
2022-07-17T06:11:50.000,1.06,8.84,7.65,44.633918,-124.199979
2022-07-17T06:26:50.000,1.05,8.77,7.64,44.633918,-124.199979
2022-07-17T06:41:50.000,1.05,8.79,7.64,44.633918,-124.199979
2022-07-17T06:56:50.000,1.05,8.75,7.64,44.633918,-124.199979
2022-07-17T07:11:50.000,1.05,8.78,7.63,44.633918,-124.199979
2022-07-17T07:26:50.000,1.04,8.73,7.63,44.633918,-124.199979
2022-07-17T07:41:50.000,1.05,8.76,7.63,44.633918,-124.199979
2022-07-17T07:56:50.000,1.04,8.71,7.63,44.633918,-124.199979
2022-07-17T08:11:50.000,1.05,8.75,7.63,44.633918,-124.199979
2022-07-17T08:26:50.000,1.05,8.81,7.63,44.633918,-124.199979
2022-07-17T08:41:50.000,1.06,8.84,7.63,44.633918,-124.199979
2022-07-17T08:56:50.000,1.07,8.92,7.63,44.633918,-124.199979
2022-07-17T09:11:50.000,1.08,9.07,7.63,44.633918,-124.199979
2022-07-17T09:26:50.000,1.07,8.99,7.63,44.633918,-124.199979
2022-07-17T09:41:50.000,1.08,9.04,7.63,44.633918,-124.199979
2022-07-17T09:56:50.000,1.09,9.09,7.63,44.633918,-124.199979
2022-07-17T10:11:50.000,1.07,8.98,7.64,44.633918,-124.199979
2022-07-17T10:26:50.000,1.09,9.11,7.63,44.633918,-124.199979
2022-07-17T10:41:50.000,1.08,9.05,7.64,44.633918,-124.199979
2022-07-17T10:56:50.000,1.08,9.05,7.64,44.633918,-124.199979
2022-07-17T11:11:50.000,1.09,9.09,7.64,44.633918,-124.199979
2022-07-17T11:26:50.000,1.08,9.03,7.64,44.633918,-124.199979
2022-07-17T11:41:50.000,1.07,8.96,7.64,44.633918,-124.199979
2022-07-17T11:56:50.000,1.08,9.04,7.64,44.633918,-124.199979
2022-07-17T12:11:50.000,1.08,9.04,7.64,44.633918,-124.199979
2022-07-17T12:26:50.000,1.07,8.98,7.64,44.633918,-124.199979
2022-07-17T12:41:50.000,1.07,8.96,7.64,44.633918,-124.199979
2022-07-17T12:56:50.000,1.07,8.96,7.64,44.633918,-124.199979
2022-07-17T13:11:50.000,1.07,8.92,7.64,44.633918,-124.199979
2022-07-17T13:26:50.000,1.07,8.92,7.64,44.633918,-124.199979
2022-07-17T13:41:50.000,1.07,8.98,7.64,44.633918,-124.199979
2022-07-17T13:56:50.000,1.07,8.99,7.64,44.633918,-124.199979
2022-07-17T14:11:50.000,1.07,8.97,7.64,44.633918,-124.199979
2022-07-17T14:26:50.000,1.08,9.02,7.64,44.633918,-124.199979
2022-07-17T14:41:50.000,1.08,9.05,7.64,44.633918,-124.199979
2022-07-17T14:56:50.000,1.08,9.02,7.64,44.633918,-124.199979
2022-07-17T15:11:50.000,1.08,9.03,7.65,44.633918,-124.199979
2022-07-17T15:26:50.000,1.08,9.02,7.64,44.633918,-124.199979
2022-07-17T15:41:50.000,1.08,9.05,7.64,44.633918,-124.199979
2022-07-17T15:56:50.000,1.07,8.95,7.64,44.633918,-124.199979
2022-07-17T16:11:50.000,1.05,8.82,7.64,44.633918,-124.199979
2022-07-17T16:26:50.000,1.05,8.82,7.64,44.633918,-124.199979
2022-07-17T16:41:50.000,1.05,8.76,7.63,44.633918,-124.199979
2022-07-17T16:56:50.000,1.03,8.59,7.63,44.633918,-124.199979
2022-07-17T17:11:50.000,1.04,8.69,7.63,44.633918,-124.199979
2022-07-17T17:26:50.000,1.03,8.62,7.63,44.633918,-124.199979
2022-07-17T17:41:50.000,1.02,8.53,7.63,44.633918,-124.199979
2022-07-17T17:56:50.000,1.02,8.53,7.62,44.633918,-124.199979
2022-07-17T18:11:50.000,1.02,8.52,7.62,44.633918,-124.199979
2022-07-17T18:26:50.000,1.01,8.42,7.61,44.633918,-124.199979
2022-07-17T18:41:50.000,1,8.4,7.61,44.633918,-124.199979
2022-07-17T18:56:50.000,1,8.39,7.61,44.633918,-124.199979
2022-07-17T19:11:50.000,0.99,8.3,7.61,44.633918,-124.199979
2022-07-17T19:26:50.000,0.99,8.27,7.61,44.633918,-124.199979
2022-07-17T19:41:50.000,0.97,8.14,7.61,44.633918,-124.199979
2022-07-17T19:56:50.000,0.96,8.05,7.61,44.633918,-124.199979
2022-07-17T20:11:50.000,0.95,7.97,7.6,44.633918,-124.199979
2022-07-17T20:26:50.000,0.94,7.85,7.6,44.633918,-124.199979
2022-07-17T20:41:50.000,0.93,7.78,7.6,44.633918,-124.199979
2022-07-17T20:56:50.000,0.93,7.75,7.59,44.633918,-124.199979
2022-07-17T21:11:50.000,0.92,7.7,7.59,44.633918,-124.199979
2022-07-17T21:26:50.000,0.91,7.63,7.59,44.633918,-124.199979
2022-07-17T21:41:50.000,0.9,7.56,7.58,44.633918,-124.199979
2022-07-17T21:56:50.000,0.9,7.49,7.58,44.633918,-124.199979
2022-07-17T22:11:50.000,0.89,7.42,7.59,44.633918,-124.199979
2022-07-17T22:26:50.000,0.89,7.41,7.58,44.633918,-124.199979
2022-07-17T22:41:50.000,0.88,7.38,7.58,44.633918,-124.199979
2022-07-17T22:56:50.000,0.88,7.36,7.58,44.633918,-124.199979
2022-07-17T23:11:50.000,0.89,7.4,7.58,44.633918,-124.199979
2022-07-17T23:26:50.000,0.88,7.4,7.58,44.633918,-124.199979
2022-07-17T23:41:50.000,0.89,7.4,7.58,44.633918,-124.199979
2022-07-17T23:56:50.000,0.89,7.46,7.58,44.633918,-124.199979
2022-07-18T00:11:50.000,0.89,7.46,7.58,44.633918,-124.199979
2022-07-18T00:26:50.000,0.89,7.41,7.59,44.633918,-124.199979
2022-07-18T00:41:50.000,0.89,7.43,7.59,44.633918,-124.199979
2022-07-18T00:56:50.000,0.89,7.44,7.59,44.633918,-124.199979
2022-07-18T01:11:50.000,0.89,7.41,7.59,44.633918,-124.199979
2022-07-18T01:26:50.000,0.89,7.43,7.59,44.633918,-124.199979
2022-07-18T01:41:50.000,0.89,7.48,7.59,44.633918,-124.199979
2022-07-18T01:56:50.000,0.89,7.43,7.59,44.633918,-124.199979
2022-07-18T02:11:50.000,0.88,7.4,7.59,44.633918,-124.199979
2022-07-18T02:26:50.000,0.9,7.51,7.6,44.633918,-124.199979
2022-07-18T02:41:50.000,0.89,7.41,7.6,44.633918,-124.199979
2022-07-18T02:56:50.000,0.89,7.45,7.6,44.633918,-124.199979
2022-07-18T03:11:50.000,0.89,7.45,7.6,44.633918,-124.199979
2022-07-18T03:26:50.000,0.89,7.44,7.6,44.633918,-124.199979
2022-07-18T03:41:50.000,0.88,7.34,7.6,44.633918,-124.199979
2022-07-18T03:56:50.000,0.88,7.35,7.6,44.633918,-124.199979
2022-07-18T04:11:50.000,0.89,7.45,7.6,44.633918,-124.199979
2022-07-18T04:26:50.000,0.89,7.41,7.6,44.633918,-124.199979
2022-07-18T04:41:50.000,0.89,7.45,7.6,44.633918,-124.199979
2022-07-18T04:56:50.000,0.89,7.43,7.6,44.633918,-124.199979
2022-07-18T05:11:50.000,0.9,7.49,7.61,44.633918,-124.199979
2022-07-18T05:26:50.000,0.89,7.45,7.61,44.633918,-124.199979
2022-07-18T05:41:50.000,0.9,7.52,7.61,44.633918,-124.199979
2022-07-18T05:56:50.000,0.9,7.51,7.61,44.633918,-124.199979
2022-07-18T06:11:50.000,0.9,7.55,7.61,44.633918,-124.199979
2022-07-18T06:26:50.000,0.9,7.52,7.61,44.633918,-124.199979
2022-07-18T06:41:50.000,0.9,7.53,7.61,44.633918,-124.199979
2022-07-18T06:56:50.000,0.89,7.45,7.61,44.633918,-124.199979
2022-07-18T07:11:50.000,0.89,7.48,7.61,44.633918,-124.199979
2022-07-18T07:26:50.000,0.88,7.4,7.6,44.633918,-124.199979
2022-07-18T07:41:50.000,0.88,7.37,7.6,44.633918,-124.199979
2022-07-18T07:56:50.000,0.88,7.35,7.6,44.633918,-124.199979
2022-07-18T08:11:50.000,0.87,7.28,7.6,44.633918,-124.199979
2022-07-18T08:26:50.000,0.86,7.23,7.6,44.633918,-124.199979
2022-07-18T08:41:50.000,0.87,7.25,7.59,44.633918,-124.199979
2022-07-18T08:56:50.000,0.86,7.16,7.59,44.633918,-124.199979
2022-07-18T09:11:50.000,0.85,7.12,7.59,44.633918,-124.199979
2022-07-18T09:26:50.000,0.85,7.11,7.59,44.633918,-124.199979
2022-07-18T09:41:50.000,0.85,7.1,7.59,44.633918,-124.199979
2022-07-18T09:56:50.000,0.85,7.09,7.58,44.633918,-124.199979
2022-07-18T10:11:50.000,0.84,7.06,7.58,44.633918,-124.199979
2022-07-18T10:26:50.000,0.84,7.03,7.59,44.633918,-124.199979
2022-07-18T10:41:50.000,0.84,7.03,7.58,44.633918,-124.199979
2022-07-18T10:56:50.000,0.84,7,7.59,44.633918,-124.199979
2022-07-18T11:11:50.000,0.83,6.92,7.58,44.633918,-124.199979
2022-07-18T11:26:50.000,0.83,6.94,7.59,44.633918,-124.199979
2022-07-18T11:41:50.000,0.82,6.89,7.59,44.633918,-124.199979
2022-07-18T11:56:50.000,0.82,6.87,7.59,44.633918,-124.199979
2022-07-18T12:11:50.000,0.82,6.88,7.59,44.633918,-124.199979
2022-07-18T12:26:50.000,0.82,6.89,7.59,44.633918,-124.199979
2022-07-18T12:41:50.000,0.84,7.05,7.59,44.633918,-124.199979
2022-07-18T12:56:50.000,0.86,7.15,7.59,44.633918,-124.199979
2022-07-18T13:11:50.000,0.89,7.45,7.59,44.633918,-124.199979
2022-07-18T13:26:50.000,0.91,7.59,7.59,44.633918,-124.199979
2022-07-18T13:41:50.000,0.96,7.99,7.59,44.633918,-124.199979
2022-07-18T13:56:50.000,0.97,8.1,7.59,44.633918,-124.199979
2022-07-18T14:11:50.000,0.95,7.95,7.59,44.633918,-124.199979
2022-07-18T14:26:50.000,0.92,7.73,7.59,44.633918,-124.199979
2022-07-18T14:41:50.000,0.92,7.7,7.59,44.633918,-124.199979
2022-07-18T14:56:50.000,0.91,7.63,7.6,44.633918,-124.199979
2022-07-18T15:11:50.000,0.91,7.58,7.6,44.633918,-124.199979
2022-07-18T15:26:50.000,0.93,7.75,7.6,44.633918,-124.199979
2022-07-18T15:41:50.000,0.94,7.85,7.6,44.633918,-124.199979
2022-07-18T15:56:50.000,0.95,7.96,7.6,44.633918,-124.199979
2022-07-18T16:11:50.000,0.99,8.26,7.59,44.633918,-124.199979
2022-07-18T16:26:50.000,0.99,8.3,7.6,44.633918,-124.199979
2022-07-18T16:41:50.000,0.96,8.04,7.6,44.633918,-124.199979
2022-07-18T16:56:50.000,0.94,7.88,7.6,44.633918,-124.199979
2022-07-18T17:11:50.000,0.9,7.56,7.6,44.633918,-124.199979
2022-07-18T17:26:50.000,0.87,7.26,7.6,44.633918,-124.199979
2022-07-18T17:41:50.000,0.83,6.96,7.6,44.633918,-124.199979
2022-07-18T17:56:50.000,0.82,6.89,7.6,44.633918,-124.199979
2022-07-18T18:11:50.000,0.81,6.81,7.6,44.633918,-124.199979
2022-07-18T18:26:50.000,0.81,6.8,7.6,44.633918,-124.199979
2022-07-18T18:41:50.000,0.81,6.77,7.6,44.633918,-124.199979
2022-07-18T18:56:50.000,0.82,6.87,7.61,44.633918,-124.199979
2022-07-18T19:11:50.000,0.86,7.22,7.61,44.633918,-124.199979
2022-07-18T19:26:50.000,0.98,8.19,7.61,44.633918,-124.199979
2022-07-18T19:41:50.000,1.11,9.26,7.61,44.633918,-124.199979
2022-07-18T19:56:50.000,1.33,11.09,7.61,44.633918,-124.199979
2022-07-18T20:11:50.000,1.48,12.37,7.61,44.633918,-124.199979
2022-07-18T20:26:50.000,1.54,12.86,7.61,44.633918,-124.199979
2022-07-18T20:41:50.000,1.58,13.18,7.61,44.633918,-124.199979
2022-07-18T20:56:50.000,1.52,12.67,7.61,44.633918,-124.199979
2022-07-18T21:11:50.000,1.49,12.45,7.61,44.633918,-124.199979
2022-07-18T21:26:50.000,1.47,12.32,7.61,44.633918,-124.199979
2022-07-18T21:41:50.000,1.48,12.34,7.61,44.633918,-124.199979
2022-07-18T21:56:50.000,1.45,12.17,7.6,44.633918,-124.199979
2022-07-18T22:11:50.000,1.45,12.15,7.6,44.633918,-124.199979
2022-07-18T22:26:50.000,1.45,12.14,7.6,44.633918,-124.199979
2022-07-18T22:41:50.000,1.45,12.09,7.6,44.633918,-124.199979
2022-07-18T22:56:50.000,1.44,12.07,7.59,44.633918,-124.199979
2022-07-18T23:11:50.000,1.44,12.05,7.6,44.633918,-124.199979
2022-07-18T23:26:50.000,1.46,12.18,7.59,44.633918,-124.199979
2022-07-18T23:41:50.000,1.44,12,7.59,44.633918,-124.199979
2022-07-18T23:56:50.000,1.42,11.86,7.59,44.633918,-124.199979
2022-07-19T00:11:50.000,1.42,11.86,7.59,44.633918,-124.199979
2022-07-19T00:26:50.000,1.44,12.01,7.59,44.633918,-124.199979
2022-07-19T00:41:50.000,1.45,12.09,7.59,44.633918,-124.199979
2022-07-19T00:56:50.000,1.45,12.15,7.59,44.633918,-124.199979
2022-07-19T01:11:50.000,1.51,12.59,7.6,44.633918,-124.199979
2022-07-19T01:26:50.000,1.53,12.79,7.6,44.633918,-124.199979
2022-07-19T01:41:50.000,1.6,13.34,7.61,44.633918,-124.199979
2022-07-19T01:56:50.000,1.63,13.65,7.61,44.633918,-124.199979
2022-07-19T02:11:50.000,1.65,13.83,7.61,44.633918,-124.199979
2022-07-19T02:26:50.000,1.7,14.22,7.61,44.633918,-124.199979
2022-07-19T02:41:50.000,1.7,14.26,7.61,44.633918,-124.199979
2022-07-19T02:56:50.000,1.73,14.47,7.61,44.633918,-124.199979
2022-07-19T03:11:50.000,1.75,14.66,7.61,44.633918,-124.199979
2022-07-19T03:26:50.000,1.75,14.62,7.61,44.633918,-124.199979
2022-07-19T03:41:50.000,1.79,14.94,7.61,44.633918,-124.199979
2022-07-19T03:56:50.000,1.8,15.04,7.61,44.633918,-124.199979
2022-07-19T04:11:50.000,1.79,14.94,7.61,44.633918,-124.199979
2022-07-19T04:26:50.000,1.79,15.01,7.61,44.633918,-124.199979
2022-07-19T04:41:50.000,1.78,14.85,7.61,44.633918,-124.199979
2022-07-19T04:56:50.000,1.77,14.83,7.61,44.633918,-124.199979
2022-07-19T05:11:50.000,1.8,15.03,7.61,44.633918,-124.199979
2022-07-19T05:26:50.000,1.81,15.17,7.61,44.633918,-124.199979
2022-07-19T05:41:50.000,1.84,15.35,7.61,44.633918,-124.199979
2022-07-19T05:56:50.000,1.86,15.57,7.61,44.633918,-124.199979
2022-07-19T06:11:50.000,1.91,15.95,7.61,44.633918,-124.199979
2022-07-19T06:26:50.000,1.96,16.41,7.61,44.633918,-124.199979
2022-07-19T06:41:50.000,1.99,16.66,7.61,44.633918,-124.199979
2022-07-19T06:56:50.000,2.06,17.19,7.61,44.633918,-124.199979
2022-07-19T07:11:50.000,2.11,17.65,7.61,44.633918,-124.199979
2022-07-19T07:26:50.000,2.16,18.03,7.61,44.633918,-124.199979
2022-07-19T07:41:50.000,2.18,18.27,7.61,44.633918,-124.199979
2022-07-19T07:56:50.000,2.22,18.55,7.62,44.633918,-124.199979
2022-07-19T08:11:50.000,2.24,18.77,7.62,44.633918,-124.199979
2022-07-19T08:26:50.000,2.26,18.89,7.62,44.633918,-124.199979
2022-07-19T08:41:50.000,2.27,19.03,7.62,44.633918,-124.199979
2022-07-19T08:56:50.000,2.27,19.02,7.63,44.633918,-124.199979
2022-07-19T09:11:50.000,2.28,19.08,7.63,44.633918,-124.199979
2022-07-19T09:26:50.000,2.28,19.08,7.63,44.633918,-124.199979
2022-07-19T09:41:50.000,2.29,19.14,7.63,44.633918,-124.199979
2022-07-19T09:56:50.000,2.3,19.25,7.63,44.633918,-124.199979
2022-07-19T10:11:50.000,2.3,19.28,7.63,44.633918,-124.199979
2022-07-19T10:26:50.000,2.32,19.39,7.63,44.633918,-124.199979
2022-07-19T10:41:50.000,2.32,19.4,7.63,44.633918,-124.199979
2022-07-19T10:56:50.000,2.33,19.5,7.63,44.633918,-124.199979
2022-07-19T11:11:50.000,2.35,19.68,7.63,44.633918,-124.199979
2022-07-19T11:26:50.000,2.37,19.81,7.63,44.633918,-124.199979
2022-07-19T11:41:50.000,2.42,20.21,7.63,44.633918,-124.199979
2022-07-19T11:56:50.000,2.46,20.63,7.63,44.633918,-124.199979
2022-07-19T12:11:50.000,2.5,20.91,7.63,44.633918,-124.199979
2022-07-19T12:26:50.000,2.54,21.22,7.63,44.633918,-124.199979
2022-07-19T12:41:50.000,2.55,21.31,7.63,44.633918,-124.199979
2022-07-19T12:56:50.000,2.57,21.49,7.63,44.633918,-124.199979
2022-07-19T13:11:50.000,2.57,21.55,7.63,44.633918,-124.199979
2022-07-19T13:26:50.000,2.58,21.62,7.63,44.633918,-124.199979
2022-07-19T13:41:50.000,2.59,21.65,7.63,44.633918,-124.199979
2022-07-19T13:56:50.000,2.59,21.67,7.64,44.633918,-124.199979
2022-07-19T14:11:50.000,2.6,21.77,7.64,44.633918,-124.199979
2022-07-19T14:26:50.000,2.61,21.83,7.64,44.633918,-124.199979
2022-07-19T14:41:50.000,2.61,21.81,7.64,44.633918,-124.199979
2022-07-19T14:56:50.000,2.59,21.71,7.64,44.633918,-124.199979
2022-07-19T15:11:50.000,2.61,21.82,7.64,44.633918,-124.199979
2022-07-19T15:26:50.000,2.59,21.69,7.64,44.633918,-124.199979
2022-07-19T15:41:50.000,2.6,21.78,7.64,44.633918,-124.199979
2022-07-19T15:56:50.000,2.61,21.82,7.64,44.633918,-124.199979
2022-07-19T16:11:50.000,2.6,21.8,7.64,44.633918,-124.199979
2022-07-19T16:26:50.000,2.59,21.72,7.64,44.633918,-124.199979
2022-07-19T16:41:50.000,2.6,21.77,7.64,44.633918,-124.199979
2022-07-19T16:56:50.000,2.6,21.73,7.63,44.633918,-124.199979
2022-07-19T17:11:50.000,2.6,21.72,7.63,44.633918,-124.199979
2022-07-19T17:26:50.000,2.59,21.69,7.63,44.633918,-124.199979
2022-07-19T17:41:50.000,2.59,21.68,7.63,44.633918,-124.199979
2022-07-19T17:56:50.000,2.59,21.71,7.63,44.633918,-124.199979
2022-07-19T18:11:50.000,2.59,21.66,7.63,44.633918,-124.199979
2022-07-19T18:26:50.000,2.59,21.68,7.63,44.633918,-124.199979
2022-07-19T18:41:50.000,2.59,21.67,7.63,44.633918,-124.199979
2022-07-19T18:56:50.000,2.59,21.66,7.63,44.633918,-124.199979
2022-07-19T19:11:50.000,2.57,21.53,7.63,44.633918,-124.199979
2022-07-19T19:26:50.000,2.55,21.37,7.62,44.633918,-124.199979
2022-07-19T19:41:50.000,2.54,21.23,7.61,44.633918,-124.199979
2022-07-19T19:56:50.000,2.53,21.14,7.61,44.633918,-124.199979
2022-07-19T20:11:50.000,2.51,20.98,7.61,44.633918,-124.199979
2022-07-19T20:26:50.000,2.52,21.08,7.61,44.633918,-124.199979
2022-07-19T20:41:50.000,2.5,20.88,7.61,44.633918,-124.199979
2022-07-19T20:56:50.000,2.5,20.91,7.61,44.633918,-124.199979
2022-07-19T21:11:50.000,2.49,20.84,7.61,44.633918,-124.199979
2022-07-19T21:26:50.000,2.49,20.84,7.61,44.633918,-124.199979
2022-07-19T21:41:50.000,2.48,20.76,7.61,44.633918,-124.199979
2022-07-19T21:56:50.000,2.48,20.77,7.61,44.633918,-124.199979
2022-07-19T22:11:50.000,2.47,20.64,7.61,44.633918,-124.199979
2022-07-19T22:26:50.000,2.48,20.72,7.61,44.633918,-124.199979
2022-07-19T22:41:50.000,2.48,20.74,7.61,44.633918,-124.199979
2022-07-19T22:56:50.000,2.46,20.58,7.61,44.633918,-124.199979
2022-07-19T23:11:50.000,2.44,20.44,7.61,44.633918,-124.199979
2022-07-19T23:26:50.000,2.47,20.63,7.61,44.633918,-124.199979
2022-07-19T23:41:50.000,2.49,20.79,7.61,44.633918,-124.199979
2022-07-19T23:56:50.000,2.47,20.67,7.61,44.633918,-124.199979
2022-07-20T00:11:50.000,2.48,20.72,7.61,44.633918,-124.199979
2022-07-20T00:26:50.000,2.48,20.7,7.61,44.633918,-124.199979
2022-07-20T00:41:50.000,2.47,20.63,7.61,44.633918,-124.199979
2022-07-20T00:56:50.000,2.48,20.72,7.61,44.633918,-124.199979
2022-07-20T01:11:50.000,2.47,20.69,7.61,44.633918,-124.199979
2022-07-20T01:26:50.000,2.47,20.7,7.61,44.633918,-124.199979
2022-07-20T01:41:50.000,2.47,20.62,7.61,44.633918,-124.199979
2022-07-20T01:56:50.000,2.46,20.57,7.61,44.633918,-124.199979
2022-07-20T02:11:50.000,2.47,20.64,7.62,44.633918,-124.199979
2022-07-20T02:26:50.000,2.46,20.58,7.61,44.633918,-124.199979
2022-07-20T02:41:50.000,2.46,20.56,7.62,44.633918,-124.199979
2022-07-20T02:56:50.000,2.47,20.67,7.62,44.633918,-124.199979
2022-07-20T03:11:50.000,2.49,20.79,7.63,44.633918,-124.199979
2022-07-20T03:26:50.000,2.48,20.78,7.63,44.633918,-124.199979
2022-07-20T03:41:50.000,2.51,21.02,7.63,44.633918,-124.199979
2022-07-20T03:56:50.000,2.5,20.89,7.63,44.633918,-124.199979
2022-07-20T04:11:50.000,2.5,20.95,7.63,44.633918,-124.199979
2022-07-20T04:26:50.000,2.5,20.92,7.64,44.633918,-124.199979
2022-07-20T04:41:50.000,2.52,21.09,7.64,44.633918,-124.199979
2022-07-20T04:56:50.000,2.51,20.99,7.65,44.633918,-124.199979
2022-07-20T05:11:50.000,2.5,20.91,7.65,44.633918,-124.199979
2022-07-20T05:26:50.000,2.5,20.9,7.66,44.633918,-124.199979
2022-07-20T05:41:50.000,2.48,20.75,7.66,44.633918,-124.199979
2022-07-20T05:56:50.000,2.5,20.92,7.66,44.633918,-124.199979
2022-07-20T06:11:50.000,2.48,20.8,7.66,44.633918,-124.199979
2022-07-20T06:26:50.000,2.49,20.81,7.66,44.633918,-124.199979
2022-07-20T06:41:50.000,2.48,20.75,7.66,44.633918,-124.199979
2022-07-20T06:56:50.000,2.46,20.61,7.66,44.633918,-124.199979
2022-07-20T07:11:50.000,2.46,20.62,7.66,44.633918,-124.199979
2022-07-20T07:26:50.000,2.44,20.43,7.66,44.633918,-124.199979
2022-07-20T07:41:50.000,2.44,20.46,7.66,44.633918,-124.199979
2022-07-20T07:56:50.000,2.43,20.38,7.66,44.633918,-124.199979
2022-07-20T08:11:50.000,2.42,20.28,7.66,44.633918,-124.199979
2022-07-20T08:26:50.000,2.4,20.12,7.66,44.633918,-124.199979
2022-07-20T08:41:50.000,2.39,20,7.66,44.633918,-124.199979
2022-07-20T08:56:50.000,2.39,19.99,7.66,44.633918,-124.199979
2022-07-20T09:11:50.000,2.4,20.13,7.66,44.633918,-124.199979
2022-07-20T09:26:50.000,2.39,20.05,7.66,44.633918,-124.199979
2022-07-20T09:41:50.000,2.4,20.13,7.66,44.633918,-124.199979
2022-07-20T09:56:50.000,2.4,20.08,7.66,44.633918,-124.199979
2022-07-20T10:11:50.000,2.41,20.14,7.66,44.633918,-124.199979
2022-07-20T10:26:50.000,2.41,20.18,7.66,44.633918,-124.199979
2022-07-20T10:41:50.000,2.39,20.03,7.66,44.633918,-124.199979
2022-07-20T10:56:50.000,2.4,20.13,7.66,44.633918,-124.199979
2022-07-20T11:11:50.000,2.38,19.95,7.66,44.633918,-124.199979
2022-07-20T11:26:50.000,2.38,19.91,7.66,44.633918,-124.199979
2022-07-20T11:41:50.000,2.38,19.93,7.66,44.633918,-124.199979
2022-07-20T11:56:50.000,2.36,19.76,7.66,44.633918,-124.199979
2022-07-20T12:11:50.000,2.37,19.83,7.66,44.633918,-124.199979
2022-07-20T12:26:50.000,2.36,19.74,7.66,44.633918,-124.199979
2022-07-20T12:41:50.000,2.36,19.74,7.66,44.633918,-124.199979
2022-07-20T12:56:50.000,2.35,19.69,7.66,44.633918,-124.199979
2022-07-20T13:11:50.000,2.34,19.6,7.66,44.633918,-124.199979
2022-07-20T13:26:50.000,2.35,19.64,7.66,44.633918,-124.199979
2022-07-20T13:41:50.000,2.37,19.83,7.66,44.633918,-124.199979
2022-07-20T13:56:50.000,2.34,19.61,7.66,44.633918,-124.199979
2022-07-20T14:11:50.000,2.36,19.76,7.66,44.633918,-124.199979
2022-07-20T14:26:50.000,2.34,19.63,7.66,44.633918,-124.199979
2022-07-20T14:41:50.000,2.34,19.6,7.66,44.633918,-124.199979
2022-07-20T14:56:50.000,2.34,19.61,7.66,44.633918,-124.199979
2022-07-20T15:11:50.000,2.34,19.62,7.66,44.633918,-124.199979
2022-07-20T15:26:50.000,2.33,19.48,7.66,44.633918,-124.199979
2022-07-20T15:41:50.000,2.34,19.61,7.66,44.633918,-124.199979
2022-07-20T15:56:50.000,2.33,19.51,7.66,44.633918,-124.199979
2022-07-20T16:11:50.000,2.31,19.31,7.66,44.633918,-124.199979
2022-07-20T16:26:50.000,2.29,19.18,7.66,44.633918,-124.199979
2022-07-20T16:41:50.000,2.29,19.2,7.66,44.633918,-124.199979
2022-07-20T16:56:50.000,2.29,19.18,7.66,44.633918,-124.199979
2022-07-20T17:11:50.000,2.25,18.85,7.66,44.633918,-124.199979
2022-07-20T17:26:50.000,2.26,18.91,7.66,44.633918,-124.199979
2022-07-20T17:41:50.000,2.23,18.71,7.66,44.633918,-124.199979
2022-07-20T18:11:50.000,2.26,18.96,7.68,44.633918,-124.199979
2022-07-20T18:26:50.000,2.23,18.72,7.67,44.633918,-124.199979
2022-07-20T18:41:50.000,2.18,18.28,7.66,44.633918,-124.199979
2022-07-20T18:56:50.000,2.1,17.59,7.66,44.633918,-124.199979
2022-07-20T19:11:50.000,1.98,16.57,7.66,44.633918,-124.199979
2022-07-20T19:26:50.000,1.89,15.82,7.66,44.633918,-124.199979
2022-07-20T19:41:50.000,1.84,15.38,7.66,44.633918,-124.199979
2022-07-20T19:56:50.000,1.77,14.78,7.66,44.633918,-124.199979
2022-07-20T20:11:50.000,1.73,14.52,7.66,44.633918,-124.199979
2022-07-20T20:26:50.000,1.7,14.22,7.66,44.633918,-124.199979
2022-07-20T20:41:50.000,1.7,14.27,7.66,44.633918,-124.199979
2022-07-20T20:56:50.000,1.74,14.61,7.66,44.633918,-124.199979
2022-07-20T21:11:50.000,1.76,14.75,7.66,44.633918,-124.199979
2022-07-20T21:26:50.000,1.83,15.33,7.66,44.633918,-124.199979
2022-07-20T21:41:50.000,1.87,15.66,7.66,44.633918,-124.199979
2022-07-20T21:56:50.000,1.97,16.49,7.66,44.633918,-124.199979
2022-07-20T22:11:50.000,2.04,17.05,7.66,44.633918,-124.199979
2022-07-20T22:26:50.000,2.09,17.5,7.66,44.633918,-124.199979
2022-07-20T22:41:50.000,2.11,17.63,7.66,44.633918,-124.199979
2022-07-20T22:56:50.000,2.11,17.63,7.66,44.633918,-124.199979
2022-07-20T23:11:50.000,2.1,17.58,7.66,44.633918,-124.199979
2022-07-20T23:26:50.000,2.1,17.58,7.66,44.633918,-124.199979
2022-07-20T23:41:50.000,2.1,17.58,7.66,44.633918,-124.199979
2022-07-20T23:56:50.000,2.11,17.63,7.66,44.633918,-124.199979
2022-07-21T00:11:50.000,2.14,17.93,7.66,44.633918,-124.199979
2022-07-21T00:26:50.000,2.17,18.16,7.66,44.633918,-124.199979
2022-07-21T00:41:50.000,2.18,18.28,7.66,44.633918,-124.199979
2022-07-21T00:56:50.000,2.17,18.13,7.66,44.633918,-124.199979
2022-07-21T01:11:50.000,2.16,18.1,7.66,44.633918,-124.199979
2022-07-21T01:26:50.000,2.12,17.73,7.66,44.633918,-124.199979
2022-07-21T01:41:50.000,2.11,17.68,7.66,44.633918,-124.199979
2022-07-21T01:56:50.000,2.1,17.63,7.66,44.633918,-124.199979
2022-07-21T02:11:50.000,2.09,17.49,7.66,44.633918,-124.199979
2022-07-21T02:26:50.000,2.08,17.38,7.66,44.633918,-124.199979
2022-07-21T02:41:50.000,2.05,17.19,7.66,44.633918,-124.199979
2022-07-21T02:56:50.000,2.02,16.92,7.66,44.633918,-124.199979
2022-07-21T03:11:50.000,2.01,16.83,7.66,44.633918,-124.199979
2022-07-21T03:26:50.000,2,16.76,7.66,44.633918,-124.199979
2022-07-21T03:41:50.000,2,16.71,7.66,44.633918,-124.199979
2022-07-21T03:56:50.000,1.97,16.54,7.66,44.633918,-124.199979
2022-07-21T04:11:50.000,1.95,16.33,7.66,44.633918,-124.199979
2022-07-21T04:26:50.000,1.95,16.36,7.66,44.633918,-124.199979
2022-07-21T04:41:50.000,1.93,16.18,7.66,44.633918,-124.199979
2022-07-21T04:56:50.000,1.93,16.19,7.66,44.633918,-124.199979
2022-07-21T05:11:50.000,1.92,16.11,7.66,44.633918,-124.199979
2022-07-21T05:26:50.000,1.92,16.09,7.66,44.633918,-124.199979
2022-07-21T05:41:50.000,1.92,16.12,7.66,44.633918,-124.199979
2022-07-21T05:56:50.000,1.93,16.2,7.66,44.633918,-124.199979
2022-07-21T06:11:50.000,1.96,16.4,7.66,44.633918,-124.199979
2022-07-21T06:26:50.000,1.96,16.44,7.66,44.633918,-124.199979
2022-07-21T06:41:50.000,1.94,16.21,7.66,44.633918,-124.199979
2022-07-21T06:56:50.000,1.95,16.33,7.66,44.633918,-124.199979
2022-07-21T07:11:50.000,1.92,16.12,7.66,44.633918,-124.199979
2022-07-21T07:26:50.000,1.94,16.24,7.66,44.633918,-124.199979
2022-07-21T07:41:50.000,1.94,16.22,7.66,44.633918,-124.199979
2022-07-21T07:56:50.000,1.89,15.83,7.66,44.633918,-124.199979
2022-07-21T08:11:50.000,1.88,15.78,7.66,44.633918,-124.199979
2022-07-21T08:26:50.000,1.86,15.54,7.66,44.633918,-124.199979
2022-07-21T08:41:50.000,1.83,15.3,7.66,44.633918,-124.199979
2022-07-21T08:56:50.000,1.82,15.22,7.66,44.633918,-124.199979
2022-07-21T09:11:50.000,1.81,15.18,7.66,44.633918,-124.199979
2022-07-21T09:26:50.000,1.82,15.22,7.66,44.633918,-124.199979
2022-07-21T09:41:50.000,1.78,14.9,7.66,44.633918,-124.199979
2022-07-21T09:56:50.000,1.77,14.85,7.66,44.633918,-124.199979
2022-07-21T10:11:50.000,1.8,15.05,7.66,44.633918,-124.199979
2022-07-21T10:26:50.000,1.86,15.54,7.66,44.633918,-124.199979
2022-07-21T10:41:50.000,1.88,15.72,7.66,44.633918,-124.199979
2022-07-21T10:56:50.000,1.88,15.72,7.66,44.633918,-124.199979
2022-07-21T11:11:50.000,1.9,15.91,7.66,44.633918,-124.199979
2022-07-21T11:26:50.000,1.94,16.21,7.65,44.633918,-124.199979
2022-07-21T11:41:50.000,1.96,16.37,7.65,44.633918,-124.199979
2022-07-21T11:56:50.000,1.96,16.42,7.65,44.633918,-124.199979
2022-07-21T12:11:50.000,1.96,16.4,7.65,44.633918,-124.199979
2022-07-21T12:26:50.000,1.96,16.38,7.65,44.633918,-124.199979
2022-07-21T12:41:50.000,1.97,16.48,7.65,44.633918,-124.199979
2022-07-21T12:56:50.000,1.96,16.37,7.64,44.633918,-124.199979
2022-07-21T13:11:50.000,1.93,16.13,7.64,44.633918,-124.199979
2022-07-21T13:26:50.000,1.92,16.1,7.64,44.633918,-124.199979
2022-07-21T13:41:50.000,1.9,15.88,7.64,44.633918,-124.199979
2022-07-21T13:56:50.000,1.87,15.61,7.64,44.633918,-124.199979
2022-07-21T14:11:50.000,1.82,15.22,7.64,44.633918,-124.199979
2022-07-21T14:26:50.000,1.77,14.85,7.64,44.633918,-124.199979
2022-07-21T14:41:50.000,1.75,14.68,7.64,44.633918,-124.199979
2022-07-21T14:56:50.000,1.72,14.37,7.64,44.633918,-124.199979
2022-07-21T15:11:50.000,1.66,13.92,7.64,44.633918,-124.199979
2022-07-21T15:26:50.000,1.61,13.48,7.64,44.633918,-124.199979
2022-07-21T15:41:50.000,1.54,12.92,7.64,44.633918,-124.199979
2022-07-21T15:56:50.000,1.47,12.33,7.64,44.633918,-124.199979
2022-07-21T16:11:50.000,1.43,12,7.64,44.633918,-124.199979
2022-07-21T16:26:50.000,1.34,11.22,7.64,44.633918,-124.199979
2022-07-21T16:41:50.000,1.29,10.78,7.64,44.633918,-124.199979
2022-07-21T16:56:50.000,1.26,10.52,7.64,44.633918,-124.199979
2022-07-21T17:11:50.000,1.19,10,7.64,44.633918,-124.199979
2022-07-21T17:26:50.000,1.13,9.49,7.64,44.633918,-124.199979
2022-07-21T17:41:50.000,1.1,9.23,7.64,44.633918,-124.199979
2022-07-21T17:56:50.000,1.09,9.09,7.64,44.633918,-124.199979
2022-07-21T18:11:50.000,1.05,8.78,7.64,44.633918,-124.199979
2022-07-21T18:26:50.000,1.01,8.46,7.64,44.633918,-124.199979
2022-07-21T18:41:50.000,0.94,7.9,7.64,44.633918,-124.199979
2022-07-21T18:56:50.000,0.9,7.53,7.63,44.633918,-124.199979
2022-07-21T19:11:50.000,0.86,7.23,7.63,44.633918,-124.199979
2022-07-21T19:26:50.000,0.81,6.78,7.63,44.633918,-124.199979
2022-07-21T19:41:50.000,0.78,6.57,7.63,44.633918,-124.199979
2022-07-21T19:56:50.000,0.76,6.33,7.63,44.633918,-124.199979
2022-07-21T20:11:50.000,0.74,6.23,7.63,44.633918,-124.199979
2022-07-21T20:26:50.000,0.72,6.06,7.63,44.633918,-124.199979
2022-07-21T20:41:50.000,0.73,6.08,7.63,44.633918,-124.199979
2022-07-21T20:56:50.000,0.74,6.17,7.63,44.633918,-124.199979
2022-07-21T21:11:50.000,0.75,6.24,7.63,44.633918,-124.199979
2022-07-21T21:26:50.000,0.76,6.34,7.63,44.633918,-124.199979
2022-07-21T21:41:50.000,0.77,6.43,7.63,44.633918,-124.199979
2022-07-21T21:56:50.000,0.78,6.52,7.63,44.633918,-124.199979
2022-07-21T22:11:50.000,0.79,6.62,7.63,44.633918,-124.199979
2022-07-21T22:26:50.000,0.84,7.05,7.63,44.633918,-124.199979
2022-07-21T22:41:50.000,0.86,7.22,7.63,44.633918,-124.199979
2022-07-21T22:56:50.000,0.89,7.48,7.63,44.633918,-124.199979
2022-07-21T23:11:50.000,0.91,7.65,7.63,44.633918,-124.199979
2022-07-21T23:26:50.000,0.97,8.08,7.62,44.633918,-124.199979
2022-07-21T23:41:50.000,0.97,8.11,7.62,44.633918,-124.199979
2022-07-21T23:56:50.000,0.97,8.15,7.62,44.633918,-124.199979
2022-07-22T00:11:50.000,1,8.33,7.61,44.633918,-124.199979
2022-07-22T00:26:50.000,0.99,8.31,7.61,44.633918,-124.199979
2022-07-22T00:41:50.000,1.02,8.53,7.61,44.633918,-124.199979
2022-07-22T00:56:50.000,1.01,8.41,7.61,44.633918,-124.199979
2022-07-22T01:11:50.000,1,8.36,7.61,44.633918,-124.199979
2022-07-22T01:26:50.000,1,8.4,7.61,44.633918,-124.199979
2022-07-22T01:41:50.000,1.01,8.45,7.61,44.633918,-124.199979
2022-07-22T01:56:50.000,1.01,8.41,7.61,44.633918,-124.199979
2022-07-22T02:11:50.000,0.97,8.14,7.61,44.633918,-124.199979
2022-07-22T02:26:50.000,0.96,8.06,7.61,44.633918,-124.199979
2022-07-22T02:41:50.000,0.94,7.83,7.61,44.633918,-124.199979
2022-07-22T02:56:50.000,0.96,8.06,7.61,44.633918,-124.199979
2022-07-22T03:11:50.000,1.02,8.49,7.61,44.633918,-124.199979
2022-07-22T03:26:50.000,1.02,8.51,7.61,44.633918,-124.199979
2022-07-22T03:41:50.000,1.02,8.51,7.6,44.633918,-124.199979
2022-07-22T03:56:50.000,1.02,8.56,7.59,44.633918,-124.199979
2022-07-22T04:11:50.000,1.03,8.6,7.59,44.633918,-124.199979
2022-07-22T04:26:50.000,1.01,8.46,7.6,44.633918,-124.199979
2022-07-22T04:41:50.000,1.01,8.48,7.6,44.633918,-124.199979
2022-07-22T04:56:50.000,1.01,8.42,7.6,44.633918,-124.199979
2022-07-22T05:11:50.000,1.02,8.55,7.61,44.633918,-124.199979
2022-07-22T05:26:50.000,1,8.35,7.61,44.633918,-124.199979
2022-07-22T05:41:50.000,1,8.4,7.61,44.633918,-124.199979
2022-07-22T05:56:50.000,1,8.34,7.61,44.633918,-124.199979
2022-07-22T06:11:50.000,0.99,8.3,7.61,44.633918,-124.199979
2022-07-22T06:26:50.000,0.98,8.2,7.61,44.633918,-124.199979
2022-07-22T06:41:50.000,0.96,8.05,7.61,44.633918,-124.199979
2022-07-22T06:56:50.000,0.96,8.04,7.61,44.633918,-124.199979
2022-07-22T07:11:50.000,0.98,8.2,7.61,44.633918,-124.199979
2022-07-22T07:26:50.000,0.97,8.08,7.61,44.633918,-124.199979
2022-07-22T07:41:50.000,0.95,7.94,7.61,44.633918,-124.199979
2022-07-22T07:56:50.000,0.94,7.88,7.61,44.633918,-124.199979
2022-07-22T08:11:50.000,0.95,7.91,7.61,44.633918,-124.199979
2022-07-22T08:26:50.000,0.95,7.94,7.61,44.633918,-124.199979
2022-07-22T08:41:50.000,0.95,7.95,7.61,44.633918,-124.199979
2022-07-22T08:56:50.000,0.95,7.96,7.61,44.633918,-124.199979
2022-07-22T09:11:50.000,0.96,8.03,7.61,44.633918,-124.199979
2022-07-22T09:26:50.000,0.97,8.08,7.61,44.633918,-124.199979
2022-07-22T09:41:50.000,0.97,8.09,7.61,44.633918,-124.199979
2022-07-22T09:56:50.000,0.97,8.1,7.61,44.633918,-124.199979
2022-07-22T10:11:50.000,0.97,8.1,7.61,44.633918,-124.199979
2022-07-22T10:26:50.000,0.96,8.04,7.6,44.633918,-124.199979
2022-07-22T10:41:50.000,0.97,8.11,7.6,44.633918,-124.199979
2022-07-22T10:56:50.000,0.95,7.97,7.6,44.633918,-124.199979
2022-07-22T11:11:50.000,0.95,7.98,7.59,44.633918,-124.199979
2022-07-22T11:26:50.000,0.95,7.92,7.59,44.633918,-124.199979
2022-07-22T11:41:50.000,0.96,7.98,7.59,44.633918,-124.199979
2022-07-22T11:56:50.000,0.95,7.96,7.59,44.633918,-124.199979
2022-07-22T12:11:50.000,0.95,7.95,7.59,44.633918,-124.199979
2022-07-22T12:26:50.000,0.95,7.91,7.59,44.633918,-124.199979
2022-07-22T12:41:50.000,0.95,7.96,7.59,44.633918,-124.199979
2022-07-22T12:56:50.000,0.95,7.93,7.59,44.633918,-124.199979
2022-07-22T13:11:50.000,0.94,7.9,7.59,44.633918,-124.199979
2022-07-22T13:26:50.000,0.95,7.94,7.59,44.633918,-124.199979
2022-07-22T13:41:50.000,0.95,7.95,7.59,44.633918,-124.199979
2022-07-22T13:56:50.000,0.94,7.86,7.59,44.633918,-124.199979
2022-07-22T14:11:50.000,0.94,7.85,7.59,44.633918,-124.199979
2022-07-22T14:26:50.000,0.94,7.87,7.59,44.633918,-124.199979
2022-07-22T14:41:50.000,0.96,8.03,7.59,44.633918,-124.199979
2022-07-22T14:56:50.000,0.95,7.95,7.59,44.633918,-124.199979
2022-07-22T15:11:50.000,0.95,7.91,7.59,44.633918,-124.199979
2022-07-22T15:26:50.000,0.94,7.88,7.59,44.633918,-124.199979
2022-07-22T15:41:50.000,0.95,7.94,7.59,44.633918,-124.199979
2022-07-22T15:56:50.000,0.93,7.8,7.59,44.633918,-124.199979
2022-07-22T16:11:50.000,0.95,7.98,7.59,44.633918,-124.199979
2022-07-22T16:26:50.000,0.97,8.07,7.59,44.633918,-124.199979
2022-07-22T16:41:50.000,0.98,8.17,7.59,44.633918,-124.199979
2022-07-22T16:56:50.000,0.97,8.08,7.59,44.633918,-124.199979
2022-07-22T17:11:50.000,0.96,8.06,7.59,44.633918,-124.199979
2022-07-22T17:26:50.000,0.97,8.08,7.59,44.633918,-124.199979
2022-07-22T17:41:50.000,0.95,7.95,7.59,44.633918,-124.199979
2022-07-22T17:56:50.000,0.96,8.05,7.59,44.633918,-124.199979
2022-07-22T18:11:50.000,0.98,8.18,7.59,44.633918,-124.199979
2022-07-22T18:26:50.000,0.97,8.1,7.59,44.633918,-124.199979
2022-07-22T18:41:50.000,0.98,8.21,7.6,44.633918,-124.199979
2022-07-22T18:56:50.000,0.98,8.23,7.6,44.633918,-124.199979
2022-07-22T19:11:50.000,0.97,8.15,7.6,44.633918,-124.199979
2022-07-22T19:26:50.000,0.97,8.12,7.61,44.633918,-124.199979
2022-07-22T19:41:50.000,0.96,8.05,7.61,44.633918,-124.199979
2022-07-22T19:56:50.000,0.95,7.97,7.61,44.633918,-124.199979
2022-07-22T20:11:50.000,0.94,7.85,7.61,44.633918,-124.199979
2022-07-22T20:26:50.000,0.91,7.63,7.61,44.633918,-124.199979
2022-07-22T20:41:50.000,0.9,7.51,7.61,44.633918,-124.199979
2022-07-22T20:56:50.000,0.91,7.63,7.61,44.633918,-124.199979
2022-07-22T21:11:50.000,0.93,7.78,7.61,44.633918,-124.199979
2022-07-22T21:26:50.000,0.93,7.82,7.61,44.633918,-124.199979
2022-07-22T21:41:50.000,0.94,7.89,7.61,44.633918,-124.199979
2022-07-22T21:56:50.000,0.93,7.75,7.61,44.633918,-124.199979
2022-07-22T22:11:50.000,0.94,7.85,7.61,44.633918,-124.199979
2022-07-22T22:26:50.000,0.94,7.84,7.61,44.633918,-124.199979
2022-07-22T22:41:50.000,0.89,7.46,7.6,44.633918,-124.199979
2022-07-22T22:56:50.000,0.93,7.82,7.6,44.633918,-124.199979
2022-07-22T23:11:50.000,0.91,7.62,7.6,44.633918,-124.199979
2022-07-22T23:26:50.000,0.92,7.68,7.6,44.633918,-124.199979
2022-07-22T23:41:50.000,0.91,7.57,7.59,44.633918,-124.199979
2022-07-22T23:56:50.000,0.91,7.63,7.59,44.633918,-124.199979
2022-07-23T00:11:50.000,0.88,7.39,7.59,44.633918,-124.199979
2022-07-23T00:26:50.000,0.88,7.37,7.59,44.633918,-124.199979
2022-07-23T00:41:50.000,0.9,7.53,7.59,44.633918,-124.199979
2022-07-23T00:56:50.000,0.88,7.38,7.59,44.633918,-124.199979
2022-07-23T01:11:50.000,0.89,7.44,7.59,44.633918,-124.199979
2022-07-23T01:26:50.000,0.85,7.15,7.59,44.633918,-124.199979
2022-07-23T01:41:50.000,0.89,7.47,7.59,44.633918,-124.199979
2022-07-23T01:56:50.000,0.88,7.35,7.59,44.633918,-124.199979
2022-07-23T02:11:50.000,0.89,7.44,7.59,44.633918,-124.199979
2022-07-23T02:26:50.000,0.88,7.32,7.59,44.633918,-124.199979
2022-07-23T02:41:50.000,0.87,7.29,7.6,44.633918,-124.199979
2022-07-23T02:56:50.000,0.87,7.26,7.6,44.633918,-124.199979
2022-07-23T03:11:50.000,0.87,7.31,7.6,44.633918,-124.199979
2022-07-23T03:26:50.000,0.87,7.23,7.6,44.633918,-124.199979
2022-07-23T03:41:50.000,0.86,7.2,7.6,44.633918,-124.199979
2022-07-23T03:56:50.000,0.86,7.16,7.6,44.633918,-124.199979
2022-07-23T04:11:50.000,0.86,7.19,7.6,44.633918,-124.199979
2022-07-23T04:26:50.000,0.86,7.21,7.6,44.633918,-124.199979
2022-07-23T04:41:50.000,0.85,7.11,7.6,44.633918,-124.199979
2022-07-23T04:56:50.000,0.84,7.05,7.6,44.633918,-124.199979
2022-07-23T05:11:50.000,0.86,7.19,7.6,44.633918,-124.199979
2022-07-23T05:26:50.000,0.88,7.37,7.61,44.633918,-124.199979
2022-07-23T05:41:50.000,0.9,7.5,7.61,44.633918,-124.199979
2022-07-23T05:56:50.000,0.91,7.6,7.61,44.633918,-124.199979
2022-07-23T06:11:50.000,0.91,7.59,7.61,44.633918,-124.199979
2022-07-23T06:26:50.000,0.91,7.63,7.61,44.633918,-124.199979
2022-07-23T06:41:50.000,0.91,7.57,7.61,44.633918,-124.199979
2022-07-23T06:56:50.000,0.9,7.5,7.61,44.633918,-124.199979
2022-07-23T07:11:50.000,0.89,7.41,7.61,44.633918,-124.199979
2022-07-23T07:26:50.000,0.89,7.47,7.61,44.633918,-124.199979
2022-07-23T07:41:50.000,0.91,7.59,7.61,44.633918,-124.199979
2022-07-23T07:56:50.000,0.92,7.7,7.61,44.633918,-124.199979
2022-07-23T08:11:50.000,0.9,7.56,7.61,44.633918,-124.199979
2022-07-23T08:26:50.000,0.89,7.47,7.61,44.633918,-124.199979
2022-07-23T08:41:50.000,0.93,7.74,7.61,44.633918,-124.199979
2022-07-23T08:56:50.000,0.91,7.61,7.61,44.633918,-124.199979
2022-07-23T09:11:50.000,0.92,7.66,7.61,44.633918,-124.199979
2022-07-23T09:26:50.000,0.91,7.59,7.61,44.633918,-124.199979
2022-07-23T09:41:50.000,0.92,7.67,7.61,44.633918,-124.199979
2022-07-23T09:56:50.000,0.91,7.59,7.61,44.633918,-124.199979
2022-07-23T10:11:50.000,0.91,7.64,7.61,44.633918,-124.199979
2022-07-23T10:26:50.000,0.91,7.6,7.61,44.633918,-124.199979
2022-07-23T10:41:50.000,0.92,7.68,7.61,44.633918,-124.199979
2022-07-23T10:56:50.000,0.92,7.69,7.61,44.633918,-124.199979
2022-07-23T11:11:50.000,0.92,7.7,7.61,44.633918,-124.199979
2022-07-23T11:26:50.000,0.93,7.79,7.61,44.633918,-124.199979
2022-07-23T11:41:50.000,0.94,7.87,7.6,44.633918,-124.199979
2022-07-23T11:56:50.000,0.95,7.9,7.6,44.633918,-124.199979
2022-07-23T12:11:50.000,0.94,7.87,7.61,44.633918,-124.199979
2022-07-23T12:26:50.000,0.96,8.05,7.61,44.633918,-124.199979
2022-07-23T12:41:50.000,0.96,8.03,7.61,44.633918,-124.199979
2022-07-23T12:56:50.000,0.97,8.08,7.61,44.633918,-124.199979
2022-07-23T13:11:50.000,0.97,8.13,7.61,44.633918,-124.199979
2022-07-23T13:26:50.000,0.98,8.16,7.6,44.633918,-124.199979
2022-07-23T13:41:50.000,0.98,8.23,7.6,44.633918,-124.199979
2022-07-23T13:56:50.000,0.98,8.2,7.61,44.633918,-124.199979
2022-07-23T14:11:50.000,0.99,8.27,7.61,44.633918,-124.199979
2022-07-23T14:26:50.000,0.96,8.06,7.6,44.633918,-124.199979
2022-07-23T14:41:50.000,0.99,8.29,7.61,44.633918,-124.199979
2022-07-23T14:56:50.000,0.99,8.31,7.61,44.633918,-124.199979
2022-07-23T15:11:50.000,1,8.33,7.61,44.633918,-124.199979
2022-07-23T15:26:50.000,0.98,8.2,7.61,44.633918,-124.199979
2022-07-23T15:41:50.000,0.99,8.31,7.61,44.633918,-124.199979
2022-07-23T15:56:50.000,1,8.37,7.61,44.633918,-124.199979
2022-07-23T16:11:50.000,1,8.37,7.61,44.633918,-124.199979
2022-07-23T16:26:50.000,1,8.36,7.61,44.633918,-124.199979
2022-07-23T16:41:50.000,1.04,8.67,7.61,44.633918,-124.199979
2022-07-23T16:56:50.000,1.04,8.72,7.61,44.633918,-124.199979
2022-07-23T17:11:50.000,1.07,8.94,7.61,44.633918,-124.199979
2022-07-23T17:26:50.000,1.1,9.22,7.61,44.633918,-124.199979
2022-07-23T17:41:50.000,1.09,9.14,7.61,44.633918,-124.199979
2022-07-23T17:56:50.000,1.1,9.2,7.61,44.633918,-124.199979
2022-07-23T18:11:50.000,1.07,8.97,7.61,44.633918,-124.199979
2022-07-23T18:26:50.000,1.06,8.85,7.61,44.633918,-124.199979
2022-07-23T18:41:50.000,1.04,8.73,7.61,44.633918,-124.199979
2022-07-23T18:56:50.000,1.04,8.68,7.61,44.633918,-124.199979
2022-07-23T19:11:50.000,1.02,8.54,7.61,44.633918,-124.199979
2022-07-23T19:26:50.000,1.04,8.7,7.61,44.633918,-124.199979
2022-07-23T19:41:50.000,1.01,8.41,7.61,44.633918,-124.199979
2022-07-23T19:56:50.000,0.98,8.21,7.61,44.633918,-124.199979
2022-07-23T20:11:50.000,0.99,8.25,7.61,44.633918,-124.199979
2022-07-23T20:26:50.000,0.97,8.13,7.61,44.633918,-124.199979
2022-07-23T20:41:50.000,0.94,7.85,7.62,44.633918,-124.199979
2022-07-23T20:56:50.000,0.94,7.84,7.62,44.633918,-124.199979
2022-07-23T21:11:50.000,0.9,7.53,7.62,44.633918,-124.199979
2022-07-23T21:26:50.000,0.91,7.63,7.62,44.633918,-124.199979
2022-07-23T21:41:50.000,0.94,7.89,7.62,44.633918,-124.199979
2022-07-23T21:56:50.000,0.93,7.75,7.62,44.633918,-124.199979
2022-07-23T22:11:50.000,0.98,8.16,7.62,44.633918,-124.199979
2022-07-23T22:26:50.000,0.95,7.96,7.62,44.633918,-124.199979
2022-07-23T22:41:50.000,0.98,8.18,7.62,44.633918,-124.199979
2022-07-23T22:56:50.000,0.95,7.94,7.62,44.633918,-124.199979
2022-07-23T23:11:50.000,0.97,8.13,7.62,44.633918,-124.199979
2022-07-23T23:26:50.000,0.97,8.08,7.62,44.633918,-124.199979
2022-07-23T23:41:50.000,0.97,8.09,7.62,44.633918,-124.199979
2022-07-23T23:56:50.000,1.01,8.42,7.62,44.633918,-124.199979
2022-07-24T00:11:50.000,1.02,8.55,7.62,44.633918,-124.199979
2022-07-24T00:26:50.000,1.03,8.59,7.61,44.633918,-124.199979
2022-07-24T00:41:50.000,1.06,8.86,7.61,44.633918,-124.199979
2022-07-24T00:56:50.000,1.05,8.81,7.61,44.633918,-124.199979
2022-07-24T01:11:50.000,1.06,8.91,7.61,44.633918,-124.199979
2022-07-24T01:26:50.000,1.07,8.95,7.61,44.633918,-124.199979
2022-07-24T01:41:50.000,1.09,9.08,7.61,44.633918,-124.199979
2022-07-24T01:56:50.000,1.09,9.13,7.61,44.633918,-124.199979
2022-07-24T02:11:50.000,1.12,9.34,7.61,44.633918,-124.199979
2022-07-24T02:26:50.000,1.09,9.13,7.61,44.633918,-124.199979
2022-07-24T02:41:50.000,1.12,9.38,7.61,44.633918,-124.199979
2022-07-24T02:56:50.000,1.13,9.45,7.61,44.633918,-124.199979
2022-07-24T03:11:50.000,1.12,9.41,7.61,44.633918,-124.199979
2022-07-24T03:26:50.000,1.14,9.52,7.61,44.633918,-124.199979
2022-07-24T03:41:50.000,1.15,9.66,7.61,44.633918,-124.199979
2022-07-24T03:56:50.000,1.16,9.69,7.61,44.633918,-124.199979
2022-07-24T04:11:50.000,1.14,9.55,7.61,44.633918,-124.199979
2022-07-24T04:26:50.000,1.16,9.7,7.62,44.633918,-124.199979
2022-07-24T04:41:50.000,1.16,9.69,7.62,44.633918,-124.199979
2022-07-24T04:56:50.000,1.21,10.08,7.62,44.633918,-124.199979
2022-07-24T05:11:50.000,1.19,9.95,7.62,44.633918,-124.199979
2022-07-24T05:26:50.000,1.23,10.28,7.62,44.633918,-124.199979
2022-07-24T05:41:50.000,1.21,10.08,7.62,44.633918,-124.199979
2022-07-24T05:56:50.000,1.21,10.14,7.62,44.633918,-124.199979
2022-07-24T06:11:50.000,1.22,10.19,7.62,44.633918,-124.199979
2022-07-24T06:26:50.000,1.22,10.22,7.62,44.633918,-124.199979
2022-07-24T06:41:50.000,1.22,10.19,7.62,44.633918,-124.199979
2022-07-24T06:56:50.000,1.22,10.21,7.63,44.633918,-124.199979
2022-07-24T07:11:50.000,1.22,10.17,7.63,44.633918,-124.199979
2022-07-24T07:26:50.000,1.2,10.05,7.63,44.633918,-124.199979
2022-07-24T07:41:50.000,1.21,10.09,7.63,44.633918,-124.199979
2022-07-24T07:56:50.000,1.12,9.4,7.63,44.633918,-124.199979
2022-07-24T08:11:50.000,1.04,8.7,7.63,44.633918,-124.199979
2022-07-24T08:26:50.000,0.95,7.92,7.63,44.633918,-124.199979
2022-07-24T08:41:50.000,0.88,7.36,7.63,44.633918,-124.199979
2022-07-24T08:56:50.000,0.9,7.5,7.63,44.633918,-124.199979
2022-07-24T09:11:50.000,0.91,7.62,7.63,44.633918,-124.199979
2022-07-24T09:26:50.000,0.95,7.92,7.63,44.633918,-124.199979
2022-07-24T09:41:50.000,0.99,8.3,7.63,44.633918,-124.199979
2022-07-24T09:56:50.000,1.11,9.31,7.63,44.633918,-124.199979
2022-07-24T10:11:50.000,1.2,10.06,7.63,44.633918,-124.199979
2022-07-24T10:26:50.000,1.31,10.98,7.63,44.633918,-124.199979
2022-07-24T10:41:50.000,1.37,11.43,7.63,44.633918,-124.199979
2022-07-24T10:56:50.000,1.4,11.75,7.63,44.633918,-124.199979
2022-07-24T11:11:50.000,1.42,11.86,7.63,44.633918,-124.199979
2022-07-24T11:26:50.000,1.42,11.87,7.62,44.633918,-124.199979
2022-07-24T11:41:50.000,1.41,11.83,7.62,44.633918,-124.199979
2022-07-24T11:56:50.000,1.45,12.12,7.61,44.633918,-124.199979
2022-07-24T12:11:50.000,1.48,12.38,7.61,44.633918,-124.199979
2022-07-24T12:26:50.000,1.53,12.83,7.61,44.633918,-124.199979
2022-07-24T12:41:50.000,1.57,13.16,7.61,44.633918,-124.199979
2022-07-24T12:56:50.000,1.61,13.44,7.62,44.633918,-124.199979
2022-07-24T13:11:50.000,1.67,13.99,7.62,44.633918,-124.199979
2022-07-24T13:26:50.000,1.74,14.57,7.62,44.633918,-124.199979
2022-07-24T13:41:50.000,1.85,15.44,7.62,44.633918,-124.199979
2022-07-24T13:56:50.000,1.93,16.17,7.61,44.633918,-124.199979
2022-07-24T14:11:50.000,1.98,16.52,7.61,44.633918,-124.199979
2022-07-24T14:26:50.000,2.06,17.22,7.61,44.633918,-124.199979
2022-07-24T14:41:50.000,2.08,17.4,7.6,44.633918,-124.199979
2022-07-24T14:56:50.000,2.08,17.36,7.6,44.633918,-124.199979
2022-07-24T15:11:50.000,2.08,17.37,7.6,44.633918,-124.199979
2022-07-24T15:26:50.000,2.07,17.32,7.6,44.633918,-124.199979
2022-07-24T15:41:50.000,2.07,17.35,7.6,44.633918,-124.199979
2022-07-24T15:56:50.000,2.07,17.34,7.6,44.633918,-124.199979
2022-07-24T16:11:50.000,2.09,17.48,7.6,44.633918,-124.199979
2022-07-24T16:26:50.000,2.1,17.55,7.6,44.633918,-124.199979
2022-07-24T16:41:50.000,2.1,17.58,7.6,44.633918,-124.199979
2022-07-24T16:56:50.000,2.09,17.5,7.6,44.633918,-124.199979
2022-07-24T17:11:50.000,2.06,17.21,7.6,44.633918,-124.199979
2022-07-24T17:26:50.000,2.09,17.43,7.59,44.633918,-124.199979
2022-07-24T17:41:50.000,2.07,17.32,7.58,44.633918,-124.199979
2022-07-24T17:56:50.000,2.05,17.12,7.58,44.633918,-124.199979
2022-07-24T18:11:50.000,1.99,16.63,7.58,44.633918,-124.199979
2022-07-24T18:26:50.000,1.98,16.58,7.58,44.633918,-124.199979
2022-07-24T18:41:50.000,2.03,16.96,7.58,44.633918,-124.199979
2022-07-24T18:56:50.000,2.03,16.95,7.58,44.633918,-124.199979
2022-07-24T19:11:50.000,2.02,16.86,7.59,44.633918,-124.199979
2022-07-24T19:26:50.000,2.02,16.87,7.58,44.633918,-124.199979
2022-07-24T19:41:50.000,2.03,16.98,7.58,44.633918,-124.199979
2022-07-24T19:56:50.000,2.03,16.97,7.58,44.633918,-124.199979
2022-07-24T20:11:50.000,2.03,16.93,7.58,44.633918,-124.199979
2022-07-24T20:26:50.000,2.04,17.07,7.58,44.633918,-124.199979
2022-07-24T20:41:50.000,2.06,17.18,7.58,44.633918,-124.199979
2022-07-24T20:56:50.000,2.09,17.46,7.58,44.633918,-124.199979
2022-07-24T21:11:50.000,2.05,17.1,7.58,44.633918,-124.199979
2022-07-24T21:26:50.000,2.02,16.9,7.58,44.633918,-124.199979
2022-07-24T21:41:50.000,2.09,17.46,7.58,44.633918,-124.199979
2022-07-24T21:56:50.000,2.08,17.37,7.57,44.633918,-124.199979
2022-07-24T22:11:50.000,2.07,17.31,7.56,44.633918,-124.199979
2022-07-24T22:26:50.000,2.09,17.46,7.56,44.633918,-124.199979
2022-07-24T22:41:50.000,2.08,17.4,7.56,44.633918,-124.199979
2022-07-24T22:56:50.000,2.1,17.53,7.56,44.633918,-124.199979
2022-07-24T23:11:50.000,2.08,17.39,7.56,44.633918,-124.199979
2022-07-24T23:26:50.000,2.08,17.41,7.56,44.633918,-124.199979
2022-07-24T23:41:50.000,2.08,17.38,7.56,44.633918,-124.199979
2022-07-24T23:56:50.000,2.06,17.2,7.56,44.633918,-124.199979
2022-07-25T00:11:50.000,2.06,17.19,7.56,44.633918,-124.199979
2022-07-25T00:26:50.000,2.04,17.06,7.56,44.633918,-124.199979
2022-07-25T00:41:50.000,2.04,17.03,7.55,44.633918,-124.199979
2022-07-25T00:56:50.000,2.03,16.96,7.55,44.633918,-124.199979
2022-07-25T01:11:50.000,2.03,16.98,7.55,44.633918,-124.199979
2022-07-25T01:26:50.000,1.98,16.54,7.55,44.633918,-124.199979
2022-07-25T01:41:50.000,2.03,16.92,7.55,44.633918,-124.199979
2022-07-25T01:56:50.000,2,16.7,7.55,44.633918,-124.199979
2022-07-25T02:11:50.000,1.99,16.62,7.55,44.633918,-124.199979
2022-07-25T02:26:50.000,1.99,16.59,7.55,44.633918,-124.199979
2022-07-25T02:41:50.000,1.94,16.23,7.54,44.633918,-124.199979
2022-07-25T02:56:50.000,1.93,16.14,7.54,44.633918,-124.199979
2022-07-25T03:11:50.000,1.95,16.31,7.54,44.633918,-124.199979
2022-07-25T03:26:50.000,1.94,16.2,7.54,44.633918,-124.199979
2022-07-25T03:41:50.000,1.93,16.1,7.54,44.633918,-124.199979
2022-07-25T03:56:50.000,1.92,16.01,7.54,44.633918,-124.199979
2022-07-25T04:11:50.000,1.91,15.94,7.54,44.633918,-124.199979
2022-07-25T04:26:50.000,1.86,15.57,7.54,44.633918,-124.199979
2022-07-25T04:41:50.000,1.9,15.83,7.54,44.633918,-124.199979
2022-07-25T04:56:50.000,1.84,15.36,7.54,44.633918,-124.199979
2022-07-25T05:11:50.000,1.85,15.45,7.54,44.633918,-124.199979
2022-07-25T05:26:50.000,1.85,15.48,7.54,44.633918,-124.199979
2022-07-25T05:41:50.000,1.85,15.47,7.53,44.633918,-124.199979
2022-07-25T05:56:50.000,1.83,15.28,7.53,44.633918,-124.199979
2022-07-25T06:11:50.000,1.81,15.08,7.53,44.633918,-124.199979
2022-07-25T06:26:50.000,1.79,14.9,7.52,44.633918,-124.199979
2022-07-25T06:41:50.000,1.77,14.74,7.52,44.633918,-124.199979
2022-07-25T06:56:50.000,1.76,14.7,7.51,44.633918,-124.199979
2022-07-25T07:11:50.000,1.75,14.61,7.51,44.633918,-124.199979
2022-07-25T07:26:50.000,1.74,14.53,7.51,44.633918,-124.199979
2022-07-25T07:41:50.000,1.72,14.34,7.51,44.633918,-124.199979
2022-07-25T07:56:50.000,1.7,14.22,7.51,44.633918,-124.199979
2022-07-25T08:11:50.000,1.71,14.28,7.51,44.633918,-124.199979
2022-07-25T08:26:50.000,1.68,14.03,7.51,44.633918,-124.199979
2022-07-25T08:41:50.000,1.67,13.93,7.51,44.633918,-124.199979
2022-07-25T08:56:50.000,1.63,13.59,7.51,44.633918,-124.199979
2022-07-25T09:11:50.000,1.71,14.26,7.51,44.633918,-124.199979
2022-07-25T09:26:50.000,1.71,14.26,7.51,44.633918,-124.199979
2022-07-25T09:41:50.000,1.71,14.23,7.51,44.633918,-124.199979
2022-07-25T09:56:50.000,1.73,14.43,7.51,44.633918,-124.199979
2022-07-25T10:11:50.000,1.72,14.32,7.51,44.633918,-124.199979
2022-07-25T10:26:50.000,1.72,14.39,7.51,44.633918,-124.199979
2022-07-25T10:41:50.000,1.7,14.18,7.51,44.633918,-124.199979
2022-07-25T10:56:50.000,1.69,14.13,7.51,44.633918,-124.199979
2022-07-25T11:11:50.000,1.77,14.78,7.51,44.633918,-124.199979
2022-07-25T11:26:50.000,1.77,14.76,7.51,44.633918,-124.199979
2022-07-25T11:41:50.000,1.81,15.08,7.51,44.633918,-124.199979
2022-07-25T11:56:50.000,1.86,15.55,7.5,44.633918,-124.199979
2022-07-25T12:11:50.000,1.9,15.86,7.5,44.633918,-124.199979
2022-07-25T12:26:50.000,1.92,16.01,7.5,44.633918,-124.199979
2022-07-25T12:41:50.000,1.96,16.32,7.5,44.633918,-124.199979
2022-07-25T12:56:50.000,1.98,16.49,7.49,44.633918,-124.199979
2022-07-25T13:11:50.000,2,16.65,7.49,44.633918,-124.199979
2022-07-25T13:26:50.000,2,16.7,7.49,44.633918,-124.199979
2022-07-25T13:41:50.000,1.99,16.61,7.48,44.633918,-124.199979
2022-07-25T13:56:50.000,2,16.64,7.48,44.633918,-124.199979
2022-07-25T14:11:50.000,2,16.68,7.48,44.633918,-124.199979
2022-07-25T14:26:50.000,1.99,16.6,7.48,44.633918,-124.199979
2022-07-25T14:41:50.000,1.98,16.51,7.47,44.633918,-124.199979
2022-07-25T14:56:50.000,1.98,16.49,7.46,44.633918,-124.199979
2022-07-25T15:11:50.000,1.96,16.36,7.46,44.633918,-124.199979
2022-07-25T15:26:50.000,1.98,16.46,7.46,44.633918,-124.199979
2022-07-25T15:41:50.000,1.99,16.61,7.46,44.633918,-124.199979
2022-07-25T15:56:50.000,1.99,16.57,7.46,44.633918,-124.199979
2022-07-25T16:11:50.000,1.99,16.56,7.46,44.633918,-124.199979
2022-07-25T16:26:50.000,2,16.68,7.46,44.633918,-124.199979
2022-07-25T16:41:50.000,1.98,16.49,7.46,44.633918,-124.199979
2022-07-25T16:56:50.000,1.99,16.59,7.46,44.633918,-124.199979
2022-07-25T17:11:50.000,1.99,16.56,7.46,44.633918,-124.199979
2022-07-25T17:26:50.000,1.99,16.62,7.46,44.633918,-124.199979
2022-07-25T17:41:50.000,2.02,16.83,7.46,44.633918,-124.199979
2022-07-25T17:56:50.000,1.98,16.53,7.46,44.633918,-124.199979
2022-07-25T18:11:50.000,2,16.66,7.46,44.633918,-124.199979
2022-07-25T18:26:50.000,2.01,16.78,7.46,44.633918,-124.199979
2022-07-25T18:41:50.000,1.97,16.39,7.46,44.633918,-124.199979
2022-07-25T18:56:50.000,2.04,16.96,7.46,44.633918,-124.199979
2022-07-25T19:11:50.000,2.03,16.93,7.46,44.633918,-124.199979
2022-07-25T19:26:50.000,2,16.7,7.46,44.633918,-124.199979
2022-07-25T19:41:50.000,2.03,16.92,7.46,44.633918,-124.199979
2022-07-25T19:56:50.000,2.02,16.82,7.46,44.633918,-124.199979
2022-07-25T20:11:50.000,2.03,16.89,7.46,44.633918,-124.199979
2022-07-25T20:26:50.000,2.02,16.86,7.46,44.633918,-124.199979
2022-07-25T20:41:50.000,2.01,16.77,7.46,44.633918,-124.199979
2022-07-25T20:56:50.000,2.01,16.77,7.46,44.633918,-124.199979
2022-07-25T21:11:50.000,1.99,16.61,7.46,44.633918,-124.199979
2022-07-25T21:26:50.000,1.99,16.62,7.46,44.633918,-124.199979
2022-07-25T21:41:50.000,2.01,16.79,7.46,44.633918,-124.199979
2022-07-25T21:56:50.000,2.01,16.78,7.46,44.633918,-124.199979
2022-07-25T22:11:50.000,2.04,16.96,7.46,44.633918,-124.199979
2022-07-25T22:26:50.000,2.03,16.89,7.46,44.633918,-124.199979
2022-07-25T22:41:50.000,1.96,16.34,7.46,44.633918,-124.199979
2022-07-25T22:56:50.000,2.02,16.82,7.46,44.633918,-124.199979
2022-07-25T23:11:50.000,1.93,16.12,7.46,44.633918,-124.199979
2022-07-25T23:26:50.000,1.99,16.58,7.47,44.633918,-124.199979
2022-07-25T23:41:50.000,1.97,16.39,7.47,44.633918,-124.199979
2022-07-25T23:56:50.000,1.98,16.54,7.47,44.633918,-124.199979
2022-07-26T00:11:50.000,1.99,16.58,7.47,44.633918,-124.199979
2022-07-26T00:26:50.000,1.99,16.59,7.47,44.633918,-124.199979
2022-07-26T00:41:50.000,1.98,16.52,7.47,44.633918,-124.199979
2022-07-26T00:56:50.000,1.87,15.62,7.47,44.633918,-124.199979
2022-07-26T01:11:50.000,1.89,15.71,7.47,44.633918,-124.199979
2022-07-26T01:26:50.000,1.87,15.58,7.47,44.633918,-124.199979
2022-07-26T01:41:50.000,1.8,14.97,7.47,44.633918,-124.199979
2022-07-26T01:56:50.000,1.93,16.06,7.47,44.633918,-124.199979
2022-07-26T02:11:50.000,1.98,16.46,7.46,44.633918,-124.199979
2022-07-26T02:26:50.000,1.83,15.23,7.46,44.633918,-124.199979
2022-07-26T02:41:50.000,1.9,15.86,7.46,44.633918,-124.199979
2022-07-26T02:56:50.000,1.89,15.77,7.46,44.633918,-124.199979
2022-07-26T03:11:50.000,1.91,15.92,7.46,44.633918,-124.199979
2022-07-26T03:26:50.000,1.9,15.85,7.46,44.633918,-124.199979
2022-07-26T03:41:50.000,1.87,15.62,7.46,44.633918,-124.199979
2022-07-26T03:56:50.000,1.93,16.12,7.46,44.633918,-124.199979
2022-07-26T04:11:50.000,1.91,15.89,7.46,44.633918,-124.199979
2022-07-26T04:26:50.000,1.97,16.41,7.46,44.633918,-124.199979
2022-07-26T04:41:50.000,1.91,15.93,7.46,44.633918,-124.199979
2022-07-26T04:56:50.000,1.77,14.72,7.46,44.633918,-124.199979
2022-07-26T05:11:50.000,1.75,14.61,7.46,44.633918,-124.199979
2022-07-26T05:26:50.000,1.87,15.57,7.46,44.633918,-124.199979
2022-07-26T05:41:50.000,1.89,15.73,7.46,44.633918,-124.199979
2022-07-26T05:56:50.000,1.97,16.38,7.46,44.633918,-124.199979
2022-07-26T06:11:50.000,1.98,16.54,7.46,44.633918,-124.199979
2022-07-26T06:26:50.000,1.88,15.64,7.46,44.633918,-124.199979
2022-07-26T06:41:50.000,1.86,15.54,7.46,44.633918,-124.199979
2022-07-26T06:56:50.000,1.92,15.97,7.46,44.633918,-124.199979
2022-07-26T07:11:50.000,1.89,15.72,7.46,44.633918,-124.199979
2022-07-26T07:26:50.000,1.95,16.21,7.46,44.633918,-124.199979
2022-07-26T07:41:50.000,1.91,15.92,7.46,44.633918,-124.199979
2022-07-26T07:56:50.000,1.96,16.34,7.47,44.633918,-124.199979
2022-07-26T08:11:50.000,1.97,16.45,7.47,44.633918,-124.199979
2022-07-26T08:26:50.000,1.96,16.36,7.47,44.633918,-124.199979
2022-07-26T08:41:50.000,1.88,15.65,7.47,44.633918,-124.199979
2022-07-26T08:56:50.000,1.97,16.44,7.48,44.633918,-124.199979
2022-07-26T09:11:50.000,1.88,15.68,7.48,44.633918,-124.199979
2022-07-26T09:26:50.000,1.83,15.23,7.48,44.633918,-124.199979
2022-07-26T09:41:50.000,1.74,14.54,7.48,44.633918,-124.199979
2022-07-26T09:56:50.000,1.9,15.86,7.48,44.633918,-124.199979
2022-07-26T10:11:50.000,1.91,15.93,7.48,44.633918,-124.199979
2022-07-26T10:26:50.000,1.85,15.47,7.48,44.633918,-124.199979
2022-07-26T10:41:50.000,1.86,15.52,7.48,44.633918,-124.199979
2022-07-26T10:56:50.000,1.86,15.54,7.48,44.633918,-124.199979
2022-07-26T11:11:50.000,1.92,16.04,7.48,44.633918,-124.199979
2022-07-26T11:26:50.000,1.98,16.49,7.48,44.633918,-124.199979
2022-07-26T11:41:50.000,1.89,15.74,7.48,44.633918,-124.199979
2022-07-26T11:56:50.000,1.87,15.55,7.48,44.633918,-124.199979
2022-07-26T12:11:50.000,1.88,15.66,7.48,44.633918,-124.199979
2022-07-26T12:26:50.000,1.87,15.6,7.48,44.633918,-124.199979
2022-07-26T12:41:50.000,1.92,15.98,7.48,44.633918,-124.199979
2022-07-26T12:56:50.000,1.85,15.45,7.47,44.633918,-124.199979
2022-07-26T13:11:50.000,1.79,14.94,7.47,44.633918,-124.199979
2022-07-26T13:26:50.000,1.79,14.89,7.47,44.633918,-124.199979
2022-07-26T13:41:50.000,1.83,15.27,7.47,44.633918,-124.199979
2022-07-26T13:56:50.000,1.75,14.62,7.48,44.633918,-124.199979
2022-07-26T14:11:50.000,1.85,15.41,7.47,44.633918,-124.199979
2022-07-26T14:26:50.000,1.82,15.21,7.48,44.633918,-124.199979
2022-07-26T14:41:50.000,1.67,13.91,7.48,44.633918,-124.199979
2022-07-26T14:56:50.000,1.72,14.36,7.48,44.633918,-124.199979
2022-07-26T15:11:50.000,1.83,15.28,7.48,44.633918,-124.199979
2022-07-26T15:26:50.000,1.77,14.74,7.48,44.633918,-124.199979
2022-07-26T15:41:50.000,1.77,14.73,7.48,44.633918,-124.199979
2022-07-26T15:56:50.000,1.82,15.17,7.48,44.633918,-124.199979
2022-07-26T16:11:50.000,1.84,15.38,7.48,44.633918,-124.199979
2022-07-26T16:26:50.000,1.83,15.22,7.48,44.633918,-124.199979
2022-07-26T16:41:50.000,1.8,15.04,7.47,44.633918,-124.199979
2022-07-26T16:56:50.000,1.79,14.95,7.47,44.633918,-124.199979
2022-07-26T17:11:50.000,1.81,15.11,7.47,44.633918,-124.199979
2022-07-26T17:26:50.000,1.81,15.07,7.47,44.633918,-124.199979
2022-07-26T17:41:50.000,1.77,14.74,7.47,44.633918,-124.199979
2022-07-26T17:56:50.000,1.69,14.05,7.47,44.633918,-124.199979
2022-07-26T18:11:50.000,1.8,14.99,7.47,44.633918,-124.199979
2022-07-26T18:26:50.000,1.73,14.46,7.47,44.633918,-124.199979
2022-07-26T18:41:50.000,1.66,13.81,7.47,44.633918,-124.199979
2022-07-26T18:56:50.000,1.59,13.29,7.48,44.633918,-124.199979
2022-07-26T19:11:50.000,1.64,13.65,7.47,44.633918,-124.199979
2022-07-26T19:26:50.000,1.62,13.53,7.47,44.633918,-124.199979
2022-07-26T19:41:50.000,1.68,14.04,7.47,44.633918,-124.199979
2022-07-26T19:56:50.000,1.75,14.61,7.48,44.633918,-124.199979
2022-07-26T20:11:50.000,1.7,14.2,7.48,44.633918,-124.199979
2022-07-26T20:26:50.000,1.77,14.77,7.48,44.633918,-124.199979
2022-07-26T20:41:50.000,1.79,14.91,7.48,44.633918,-124.199979
2022-07-26T20:56:50.000,1.73,14.38,7.48,44.633918,-124.199979
2022-07-26T21:11:50.000,1.74,14.47,7.48,44.633918,-124.199979
2022-07-26T21:26:50.000,1.77,14.79,7.48,44.633918,-124.199979
2022-07-26T21:41:50.000,1.68,14.02,7.48,44.633918,-124.199979
2022-07-26T21:56:50.000,1.8,15.04,7.49,44.633918,-124.199979
2022-07-26T22:11:50.000,1.85,15.43,7.49,44.633918,-124.199979
2022-07-26T22:26:50.000,1.87,15.58,7.49,44.633918,-124.199979
2022-07-26T22:41:50.000,1.9,15.85,7.49,44.633918,-124.199979
2022-07-26T22:56:50.000,1.92,15.97,7.49,44.633918,-124.199979
2022-07-26T23:11:50.000,1.91,15.91,7.5,44.633918,-124.199979
2022-07-26T23:26:50.000,1.95,16.29,7.51,44.633918,-124.199979
2022-07-26T23:41:50.000,1.94,16.22,7.51,44.633918,-124.199979
2022-07-26T23:56:50.000,1.98,16.49,7.51,44.633918,-124.199979
2022-07-27T00:11:50.000,1.96,16.36,7.51,44.633918,-124.199979
2022-07-27T00:26:50.000,1.95,16.3,7.51,44.633918,-124.199979
2022-07-27T00:41:50.000,1.95,16.25,7.51,44.633918,-124.199979
2022-07-27T00:56:50.000,1.94,16.21,7.51,44.633918,-124.199979
2022-07-27T01:11:50.000,1.94,16.15,7.51,44.633918,-124.199979
2022-07-27T01:26:50.000,1.97,16.46,7.52,44.633918,-124.199979
2022-07-27T01:41:50.000,1.97,16.48,7.53,44.633918,-124.199979
2022-07-27T01:56:50.000,1.96,16.4,7.53,44.633918,-124.199979
2022-07-27T02:11:50.000,1.95,16.31,7.53,44.633918,-124.199979
2022-07-27T02:26:50.000,1.97,16.41,7.53,44.633918,-124.199979
2022-07-27T02:41:50.000,1.96,16.39,7.54,44.633918,-124.199979
2022-07-27T02:56:50.000,1.95,16.25,7.54,44.633918,-124.199979
2022-07-27T03:11:50.000,1.95,16.29,7.54,44.633918,-124.199979
2022-07-27T03:26:50.000,1.94,16.18,7.54,44.633918,-124.199979
2022-07-27T03:41:50.000,1.93,16.09,7.54,44.633918,-124.199979
2022-07-27T03:56:50.000,1.92,16.07,7.55,44.633918,-124.199979
2022-07-27T04:11:50.000,1.92,16.05,7.55,44.633918,-124.199979
2022-07-27T04:26:50.000,1.94,16.17,7.55,44.633918,-124.199979
2022-07-27T04:41:50.000,1.95,16.28,7.56,44.633918,-124.199979
2022-07-27T04:56:50.000,1.94,16.24,7.56,44.633918,-124.199979
2022-07-27T05:11:50.000,1.99,16.63,7.56,44.633918,-124.199979
2022-07-27T05:26:50.000,1.97,16.43,7.56,44.633918,-124.199979
2022-07-27T05:41:50.000,1.95,16.29,7.56,44.633918,-124.199979
2022-07-27T05:56:50.000,1.9,15.84,7.56,44.633918,-124.199979
2022-07-27T06:11:50.000,1.91,15.91,7.55,44.633918,-124.199979
2022-07-27T06:26:50.000,1.9,15.9,7.55,44.633918,-124.199979
2022-07-27T06:41:50.000,1.89,15.77,7.55,44.633918,-124.199979
2022-07-27T06:56:50.000,1.86,15.5,7.55,44.633918,-124.199979
2022-07-27T07:11:50.000,1.87,15.61,7.55,44.633918,-124.199979
2022-07-27T07:26:50.000,1.88,15.72,7.55,44.633918,-124.199979
2022-07-27T07:41:50.000,1.87,15.62,7.55,44.633918,-124.199979
2022-07-27T07:56:50.000,1.89,15.76,7.55,44.633918,-124.199979
2022-07-27T08:11:50.000,1.88,15.72,7.55,44.633918,-124.199979
2022-07-27T08:26:50.000,1.82,15.17,7.54,44.633918,-124.199979
2022-07-27T08:41:50.000,1.82,15.2,7.54,44.633918,-124.199979
2022-07-27T08:56:50.000,1.83,15.24,7.54,44.633918,-124.199979
2022-07-27T09:11:50.000,1.8,15.05,7.54,44.633918,-124.199979
2022-07-27T09:26:50.000,1.77,14.76,7.54,44.633918,-124.199979
2022-07-27T09:41:50.000,1.7,14.17,7.54,44.633918,-124.199979
2022-07-27T09:56:50.000,1.72,14.4,7.54,44.633918,-124.199979
2022-07-27T10:11:50.000,1.69,14.13,7.54,44.633918,-124.199979
2022-07-27T10:26:50.000,1.78,14.85,7.54,44.633918,-124.199979
2022-07-27T10:41:50.000,1.76,14.73,7.54,44.633918,-124.199979
2022-07-27T10:56:50.000,1.75,14.65,7.54,44.633918,-124.199979
2022-07-27T11:11:50.000,1.78,14.85,7.54,44.633918,-124.199979
2022-07-27T11:26:50.000,1.74,14.54,7.54,44.633918,-124.199979
2022-07-27T11:41:50.000,1.69,14.09,7.54,44.633918,-124.199979
2022-07-27T11:56:50.000,1.83,15.3,7.54,44.633918,-124.199979
2022-07-27T12:11:50.000,1.84,15.36,7.54,44.633918,-124.199979
2022-07-27T12:26:50.000,1.83,15.26,7.55,44.633918,-124.199979
2022-07-27T12:41:50.000,1.85,15.45,7.55,44.633918,-124.199979
2022-07-27T12:56:50.000,1.86,15.51,7.55,44.633918,-124.199979
2022-07-27T13:11:50.000,1.87,15.61,7.55,44.633918,-124.199979
2022-07-27T13:26:50.000,1.87,15.61,7.55,44.633918,-124.199979
2022-07-27T13:41:50.000,1.83,15.26,7.56,44.633918,-124.199979
2022-07-27T13:56:50.000,1.91,15.96,7.56,44.633918,-124.199979
2022-07-27T14:11:50.000,1.86,15.52,7.56,44.633918,-124.199979
2022-07-27T14:26:50.000,1.9,15.91,7.56,44.633918,-124.199979
2022-07-27T14:41:50.000,1.9,15.85,7.56,44.633918,-124.199979
2022-07-27T14:56:50.000,1.91,15.94,7.56,44.633918,-124.199979
2022-07-27T15:11:50.000,1.89,15.81,7.56,44.633918,-124.199979
2022-07-27T15:26:50.000,1.86,15.49,7.56,44.633918,-124.199979
2022-07-27T15:41:50.000,1.87,15.6,7.56,44.633918,-124.199979
2022-07-27T15:56:50.000,1.85,15.43,7.55,44.633918,-124.199979
2022-07-27T16:11:50.000,1.87,15.64,7.55,44.633918,-124.199979
2022-07-27T16:26:50.000,1.9,15.87,7.55,44.633918,-124.199979
2022-07-27T16:41:50.000,1.88,15.66,7.55,44.633918,-124.199979
2022-07-27T16:56:50.000,1.85,15.43,7.55,44.633918,-124.199979
2022-07-27T17:11:50.000,1.87,15.62,7.55,44.633918,-124.199979
2022-07-27T17:26:50.000,1.92,16.01,7.55,44.633918,-124.199979
2022-07-27T17:41:50.000,1.9,15.85,7.55,44.633918,-124.199979
2022-07-27T17:56:50.000,1.9,15.84,7.55,44.633918,-124.199979
2022-07-27T18:11:50.000,1.91,15.99,7.54,44.633918,-124.199979
2022-07-27T18:26:50.000,1.92,16.02,7.54,44.633918,-124.199979
2022-07-27T18:41:50.000,1.92,16.04,7.54,44.633918,-124.199979
2022-07-27T18:56:50.000,1.9,15.86,7.54,44.633918,-124.199979
2022-07-27T19:11:50.000,1.87,15.6,7.54,44.633918,-124.199979
2022-07-27T19:26:50.000,1.88,15.7,7.54,44.633918,-124.199979
2022-07-27T19:41:50.000,1.82,15.17,7.54,44.633918,-124.199979
2022-07-27T19:56:50.000,1.86,15.56,7.54,44.633918,-124.199979
2022-07-27T20:11:50.000,1.8,15.07,7.55,44.633918,-124.199979
2022-07-27T20:26:50.000,1.8,14.99,7.55,44.633918,-124.199979
2022-07-27T20:41:50.000,1.78,14.85,7.55,44.633918,-124.199979
2022-07-27T20:56:50.000,1.81,15.1,7.55,44.633918,-124.199979
2022-07-27T21:11:50.000,1.72,14.34,7.55,44.633918,-124.199979
2022-07-27T21:26:50.000,1.62,13.56,7.55,44.633918,-124.199979
2022-07-27T21:41:50.000,1.8,15.01,7.55,44.633918,-124.199979
2022-07-27T21:56:50.000,1.79,14.92,7.55,44.633918,-124.199979
2022-07-27T22:11:50.000,1.77,14.81,7.56,44.633918,-124.199979
2022-07-27T22:26:50.000,1.88,15.67,7.56,44.633918,-124.199979
2022-07-27T22:41:50.000,1.89,15.77,7.56,44.633918,-124.199979
2022-07-27T22:56:50.000,1.92,16.03,7.56,44.633918,-124.199979
2022-07-27T23:11:50.000,1.94,16.21,7.56,44.633918,-124.199979
2022-07-27T23:26:50.000,1.95,16.3,7.56,44.633918,-124.199979
2022-07-27T23:41:50.000,1.96,16.36,7.57,44.633918,-124.199979
2022-07-27T23:56:50.000,1.96,16.39,7.57,44.633918,-124.199979
2022-07-28T00:11:50.000,1.98,16.52,7.58,44.633918,-124.199979
2022-07-28T00:26:50.000,1.99,16.61,7.58,44.633918,-124.199979
2022-07-28T00:41:50.000,1.91,15.99,7.58,44.633918,-124.199979
2022-07-28T00:56:50.000,1.99,16.62,7.58,44.633918,-124.199979
2022-07-28T01:11:50.000,1.97,16.49,7.58,44.633918,-124.199979
2022-07-28T01:26:50.000,1.98,16.51,7.58,44.633918,-124.199979
2022-07-28T01:41:50.000,1.95,16.29,7.58,44.633918,-124.199979
2022-07-28T01:56:50.000,1.98,16.58,7.58,44.633918,-124.199979
2022-07-28T02:11:50.000,2,16.74,7.58,44.633918,-124.199979
2022-07-28T02:26:50.000,2,16.69,7.58,44.633918,-124.199979
2022-07-28T02:41:50.000,2.01,16.8,7.58,44.633918,-124.199979
2022-07-28T02:56:50.000,2.01,16.81,7.58,44.633918,-124.199979
2022-07-28T03:11:50.000,1.99,16.62,7.58,44.633918,-124.199979
2022-07-28T03:26:50.000,2.01,16.83,7.59,44.633918,-124.199979
2022-07-28T03:41:50.000,2.01,16.79,7.59,44.633918,-124.199979
2022-07-28T03:56:50.000,2.04,17.08,7.59,44.633918,-124.199979
2022-07-28T04:11:50.000,2.01,16.77,7.59,44.633918,-124.199979
2022-07-28T04:26:50.000,2.04,17.07,7.6,44.633918,-124.199979
2022-07-28T04:41:50.000,1.94,16.24,7.6,44.633918,-124.199979
2022-07-28T04:56:50.000,2.06,17.26,7.61,44.633918,-124.199979
2022-07-28T05:11:50.000,2.04,17.04,7.61,44.633918,-124.199979
2022-07-28T05:26:50.000,2,16.71,7.61,44.633918,-124.199979
2022-07-28T05:41:50.000,2.04,17.06,7.61,44.633918,-124.199979
2022-07-28T05:56:50.000,2.04,17.08,7.61,44.633918,-124.199979
2022-07-28T06:11:50.000,2.06,17.2,7.61,44.633918,-124.199979
2022-07-28T06:26:50.000,2.06,17.22,7.61,44.633918,-124.199979
2022-07-28T06:41:50.000,2.06,17.22,7.61,44.633918,-124.199979
2022-07-28T06:56:50.000,2.06,17.2,7.61,44.633918,-124.199979
2022-07-28T07:11:50.000,2.02,16.88,7.61,44.633918,-124.199979
2022-07-28T07:26:50.000,2.07,17.35,7.62,44.633918,-124.199979
2022-07-28T07:41:50.000,2.04,17.07,7.62,44.633918,-124.199979
2022-07-28T07:56:50.000,2.02,16.91,7.62,44.633918,-124.199979
2022-07-28T08:11:50.000,2.04,17.1,7.62,44.633918,-124.199979
2022-07-28T08:26:50.000,2.02,16.88,7.63,44.633918,-124.199979
2022-07-28T08:41:50.000,2.03,16.96,7.63,44.633918,-124.199979
2022-07-28T08:56:50.000,2.02,16.88,7.63,44.633918,-124.199979
2022-07-28T09:11:50.000,1.91,15.98,7.63,44.633918,-124.199979
2022-07-28T09:26:50.000,1.88,15.76,7.63,44.633918,-124.199979
2022-07-28T09:41:50.000,1.86,15.56,7.63,44.633918,-124.199979
2022-07-28T09:56:50.000,1.89,15.79,7.63,44.633918,-124.199979
2022-07-28T10:11:50.000,1.9,15.91,7.63,44.633918,-124.199979
2022-07-28T10:26:50.000,1.91,15.99,7.63,44.633918,-124.199979
2022-07-28T10:41:50.000,2.01,16.81,7.63,44.633918,-124.199979
2022-07-28T10:56:50.000,2.04,17.11,7.63,44.633918,-124.199979
2022-07-28T11:11:50.000,2.06,17.21,7.63,44.633918,-124.199979
2022-07-28T11:26:50.000,2.01,16.79,7.63,44.633918,-124.199979
2022-07-28T11:41:50.000,1.98,16.55,7.63,44.633918,-124.199979
2022-07-28T11:56:50.000,1.86,15.59,7.63,44.633918,-124.199979
2022-07-28T12:11:50.000,1.85,15.49,7.63,44.633918,-124.199979
2022-07-28T12:26:50.000,1.98,16.59,7.63,44.633918,-124.199979
2022-07-28T12:41:50.000,1.82,15.24,7.64,44.633918,-124.199979
2022-07-28T12:56:50.000,1.89,15.8,7.63,44.633918,-124.199979
2022-07-28T13:11:50.000,2,16.75,7.63,44.633918,-124.199979
2022-07-28T13:26:50.000,1.97,16.46,7.63,44.633918,-124.199979
2022-07-28T13:41:50.000,2.01,16.79,7.63,44.633918,-124.199979
2022-07-28T13:56:50.000,2.02,16.91,7.63,44.633918,-124.199979
2022-07-28T14:11:50.000,2.01,16.79,7.63,44.633918,-124.199979
2022-07-28T14:26:50.000,2.03,16.99,7.63,44.633918,-124.199979
2022-07-28T14:41:50.000,2,16.73,7.63,44.633918,-124.199979
2022-07-28T14:56:50.000,2.03,16.96,7.63,44.633918,-124.199979
2022-07-28T15:11:50.000,1.99,16.61,7.62,44.633918,-124.199979
2022-07-28T15:26:50.000,2,16.71,7.61,44.633918,-124.199979
2022-07-28T15:41:50.000,2.02,16.89,7.61,44.633918,-124.199979
2022-07-28T15:56:50.000,1.96,16.38,7.61,44.633918,-124.199979
2022-07-28T16:11:50.000,1.93,16.13,7.61,44.633918,-124.199979
2022-07-28T16:26:50.000,1.97,16.46,7.61,44.633918,-124.199979
2022-07-28T16:41:50.000,1.9,15.9,7.61,44.633918,-124.199979
2022-07-28T16:56:50.000,1.99,16.61,7.61,44.633918,-124.199979
2022-07-28T17:11:50.000,1.92,16.03,7.61,44.633918,-124.199979
2022-07-28T17:26:50.000,1.92,16.05,7.61,44.633918,-124.199979
2022-07-28T17:41:50.000,1.98,16.57,7.61,44.633918,-124.199979
2022-07-28T17:56:50.000,1.94,16.2,7.61,44.633918,-124.199979
2022-07-28T18:11:50.000,1.96,16.4,7.61,44.633918,-124.199979
2022-07-28T18:26:50.000,1.96,16.41,7.6,44.633918,-124.199979
2022-07-28T18:41:50.000,1.96,16.39,7.61,44.633918,-124.199979
2022-07-28T18:56:50.000,1.97,16.48,7.6,44.633918,-124.199979
2022-07-28T19:11:50.000,1.95,16.33,7.6,44.633918,-124.199979
2022-07-28T19:26:50.000,1.94,16.21,7.6,44.633918,-124.199979
2022-07-28T19:41:50.000,1.97,16.46,7.61,44.633918,-124.199979
2022-07-28T19:56:50.000,1.96,16.4,7.6,44.633918,-124.199979
2022-07-28T20:11:50.000,1.96,16.38,7.61,44.633918,-124.199979
2022-07-28T20:26:50.000,1.98,16.53,7.61,44.633918,-124.199979
2022-07-28T20:41:50.000,1.99,16.62,7.61,44.633918,-124.199979
2022-07-28T20:56:50.000,1.98,16.57,7.61,44.633918,-124.199979
2022-07-28T21:11:50.000,2,16.71,7.61,44.633918,-124.199979
2022-07-28T21:26:50.000,1.97,16.5,7.61,44.633918,-124.199979
2022-07-28T21:41:50.000,1.96,16.43,7.61,44.633918,-124.199979
2022-07-28T21:56:50.000,1.96,16.43,7.61,44.633918,-124.199979
2022-07-28T22:11:50.000,1.99,16.66,7.61,44.633918,-124.199979
2022-07-28T22:26:50.000,1.99,16.62,7.61,44.633918,-124.199979
2022-07-28T22:41:50.000,2.01,16.79,7.62,44.633918,-124.199979
2022-07-28T22:56:50.000,2.01,16.78,7.62,44.633918,-124.199979
2022-07-28T23:11:50.000,1.99,16.66,7.63,44.633918,-124.199979
2022-07-28T23:26:50.000,1.99,16.62,7.63,44.633918,-124.199979
2022-07-28T23:41:50.000,1.97,16.51,7.63,44.633918,-124.199979
2022-07-28T23:56:50.000,2,16.75,7.63,44.633918,-124.199979
2022-07-29T00:11:50.000,2.01,16.78,7.63,44.633918,-124.199979
2022-07-29T00:26:50.000,1.99,16.62,7.63,44.633918,-124.199979
2022-07-29T00:41:50.000,1.99,16.62,7.63,44.633918,-124.199979
2022-07-29T00:56:50.000,2.01,16.82,7.63,44.633918,-124.199979
2022-07-29T01:11:50.000,2.01,16.78,7.64,44.633918,-124.199979
2022-07-29T01:26:50.000,2.01,16.83,7.64,44.633918,-124.199979
2022-07-29T01:41:50.000,1.98,16.61,7.64,44.633918,-124.199979
2022-07-29T01:56:50.000,2,16.76,7.65,44.633918,-124.199979
2022-07-29T02:11:50.000,2,16.75,7.65,44.633918,-124.199979
2022-07-29T02:26:50.000,1.98,16.6,7.65,44.633918,-124.199979
2022-07-29T02:41:50.000,1.95,16.36,7.65,44.633918,-124.199979
2022-07-29T02:56:50.000,1.89,15.85,7.66,44.633918,-124.199979
2022-07-29T03:11:50.000,1.97,16.53,7.66,44.633918,-124.199979
2022-07-29T03:26:50.000,1.97,16.5,7.66,44.633918,-124.199979
2022-07-29T03:41:50.000,1.94,16.28,7.66,44.633918,-124.199979
2022-07-29T03:56:50.000,1.94,16.28,7.66,44.633918,-124.199979
2022-07-29T04:11:50.000,1.93,16.17,7.66,44.633918,-124.199979
2022-07-29T04:26:50.000,1.9,15.94,7.66,44.633918,-124.199979
2022-07-29T04:41:50.000,1.91,15.96,7.66,44.633918,-124.199979
2022-07-29T04:56:50.000,1.87,15.68,7.66,44.633918,-124.199979
2022-07-29T05:11:50.000,1.86,15.56,7.66,44.633918,-124.199979
2022-07-29T05:26:50.000,1.82,15.26,7.66,44.633918,-124.199979
2022-07-29T05:41:50.000,1.82,15.26,7.66,44.633918,-124.199979
2022-07-29T05:56:50.000,1.77,14.84,7.66,44.633918,-124.199979
2022-07-29T06:11:50.000,1.74,14.55,7.66,44.633918,-124.199979
2022-07-29T06:26:50.000,1.74,14.61,7.66,44.633918,-124.199979
2022-07-29T06:41:50.000,1.7,14.2,7.66,44.633918,-124.199979
2022-07-29T06:56:50.000,1.65,13.82,7.66,44.633918,-124.199979
2022-07-29T07:11:50.000,1.64,13.76,7.66,44.633918,-124.199979
2022-07-29T07:26:50.000,1.56,13.04,7.66,44.633918,-124.199979
2022-07-29T07:41:50.000,1.59,13.34,7.66,44.633918,-124.199979
2022-07-29T07:56:50.000,1.58,13.27,7.66,44.633918,-124.199979
2022-07-29T08:11:50.000,1.55,12.97,7.66,44.633918,-124.199979
2022-07-29T08:26:50.000,1.52,12.74,7.66,44.633918,-124.199979
2022-07-29T08:41:50.000,1.5,12.58,7.66,44.633918,-124.199979
2022-07-29T08:56:50.000,1.5,12.55,7.66,44.633918,-124.199979
2022-07-29T09:11:50.000,1.43,11.93,7.66,44.633918,-124.199979
2022-07-29T09:26:50.000,1.37,11.46,7.66,44.633918,-124.199979
2022-07-29T09:41:50.000,1.32,11.05,7.66,44.633918,-124.199979
2022-07-29T09:56:50.000,1.41,11.79,7.66,44.633918,-124.199979
2022-07-29T10:11:50.000,1.39,11.65,7.66,44.633918,-124.199979
2022-07-29T10:26:50.000,1.4,11.73,7.66,44.633918,-124.199979
2022-07-29T10:41:50.000,1.47,12.28,7.66,44.633918,-124.199979
2022-07-29T10:56:50.000,1.45,12.17,7.66,44.633918,-124.199979
2022-07-29T11:11:50.000,1.42,11.87,7.66,44.633918,-124.199979
2022-07-29T11:26:50.000,1.41,11.84,7.66,44.633918,-124.199979
2022-07-29T11:41:50.000,1.4,11.75,7.66,44.633918,-124.199979
2022-07-29T11:56:50.000,1.35,11.32,7.66,44.633918,-124.199979
2022-07-29T12:11:50.000,1.37,11.46,7.66,44.633918,-124.199979
2022-07-29T12:26:50.000,1.36,11.43,7.66,44.633918,-124.199979
2022-07-29T12:41:50.000,1.34,11.19,7.67,44.633918,-124.199979
2022-07-29T12:56:50.000,1.36,11.43,7.67,44.633918,-124.199979
2022-07-29T13:11:50.000,1.33,11.12,7.67,44.633918,-124.199979
2022-07-29T13:26:50.000,1.38,11.52,7.67,44.633918,-124.199979
2022-07-29T13:41:50.000,1.35,11.31,7.67,44.633918,-124.199979
2022-07-29T13:56:50.000,1.31,10.99,7.67,44.633918,-124.199979
2022-07-29T14:11:50.000,1.36,11.39,7.67,44.633918,-124.199979
2022-07-29T14:26:50.000,1.22,10.24,7.67,44.633918,-124.199979
2022-07-29T14:41:50.000,1.38,11.59,7.66,44.633918,-124.199979
2022-07-29T14:56:50.000,1.46,12.2,7.66,44.633918,-124.199979
2022-07-29T15:11:50.000,1.49,12.48,7.66,44.633918,-124.199979
2022-07-29T15:26:50.000,1.53,12.84,7.66,44.633918,-124.199979
2022-07-29T15:41:50.000,1.51,12.68,7.66,44.633918,-124.199979
2022-07-29T15:56:50.000,1.55,12.97,7.66,44.633918,-124.199979
2022-07-29T16:11:50.000,1.5,12.6,7.65,44.633918,-124.199979
2022-07-29T16:26:50.000,1.51,12.68,7.65,44.633918,-124.199979
2022-07-29T16:41:50.000,1.52,12.7,7.65,44.633918,-124.199979
2022-07-29T16:56:50.000,1.52,12.69,7.64,44.633918,-124.199979
2022-07-29T17:11:50.000,1.49,12.49,7.64,44.633918,-124.199979
2022-07-29T17:26:50.000,1.51,12.6,7.64,44.633918,-124.199979
2022-07-29T17:41:50.000,1.5,12.57,7.64,44.633918,-124.199979
2022-07-29T17:56:50.000,1.52,12.73,7.64,44.633918,-124.199979
2022-07-29T18:11:50.000,1.52,12.74,7.63,44.633918,-124.199979
