Time (UTC),DO (ml/L),Dissolved Oxygen (%),Temperature (C),Latitude,Longitude
2022-06-17T00:30:09.000,4.5,38.73,8.82,44.688471,-124.096014
2022-06-17T00:45:09.000,4.61,39.72,8.81,44.688471,-124.096014
2022-06-17T01:00:09.000,4.63,39.87,8.81,44.688471,-124.096014
2022-06-17T01:15:09.000,4.65,40.01,8.81,44.688471,-124.096014
2022-06-17T01:30:09.000,4.65,40.04,8.81,44.688471,-124.096014
2022-06-17T01:45:09.000,4.74,40.79,8.82,44.688471,-124.096014
2022-06-17T02:00:09.000,4.7,40.5,8.83,44.688471,-124.096014
2022-06-17T02:15:09.000,4.66,40.19,8.88,44.688471,-124.096014
2022-06-17T02:30:09.000,4.77,41.18,8.95,44.688471,-124.096014
2022-06-17T02:45:09.000,4.87,42.14,9.02,44.688471,-124.096014
2022-06-17T03:00:09.000,5.48,47.73,9.31,44.688471,-124.096014
2022-06-17T03:15:09.000,5.88,51.48,9.49,44.688471,-124.096014
2022-06-17T03:30:09.000,6.4,56.4,9.77,44.688471,-124.096014
2022-06-17T03:45:09.000,6.74,59.65,9.98,44.688471,-124.096014
2022-06-17T04:00:09.000,6.84,60.63,10.06,44.688471,-124.096014
2022-06-17T04:15:09.000,6.75,59.79,10.01,44.688471,-124.096014
2022-06-17T04:30:09.000,5.61,48.88,9.34,44.688471,-124.096014
2022-06-17T04:45:09.000,5.48,47.65,9.24,44.688471,-124.096014
2022-06-17T05:00:09.000,5.36,46.58,9.21,44.688471,-124.096014
2022-06-17T05:15:09.000,5.6,48.78,9.28,44.688471,-124.096014
2022-06-17T05:30:09.000,5.74,50.06,9.33,44.688471,-124.096014
2022-06-17T05:45:09.000,5.82,50.77,9.37,44.688471,-124.096014
2022-06-17T06:00:09.000,5.86,51.12,9.37,44.688471,-124.096014
2022-06-17T06:15:09.000,5.91,51.61,9.4,44.688471,-124.096014
2022-06-17T06:30:09.000,6.13,53.63,9.45,44.688471,-124.096014
2022-06-17T06:45:09.000,6.16,53.85,9.47,44.688471,-124.096014
2022-06-17T07:00:09.000,6.21,54.42,9.52,44.688471,-124.096014
2022-06-17T07:15:09.000,6.2,54.32,9.54,44.688471,-124.096014
2022-06-17T07:30:09.000,6.17,54.04,9.54,44.688471,-124.096014
2022-06-17T07:45:09.000,6.12,53.6,9.49,44.688471,-124.096014
2022-06-17T08:00:09.000,5.62,48.95,9.26,44.688471,-124.096014
2022-06-17T08:15:09.000,4.9,42.39,8.98,44.688471,-124.096014
2022-06-17T08:30:09.000,4.67,40.31,8.88,44.688471,-124.096014
2022-06-17T08:45:09.000,4.55,39.19,8.83,44.688471,-124.096014
2022-06-17T09:00:09.000,4.48,38.59,8.81,44.688471,-124.096014
2022-06-17T09:15:09.000,4.44,38.21,8.81,44.688471,-124.096014
2022-06-17T09:30:09.000,4.41,37.92,8.78,44.688471,-124.096014
2022-06-17T09:45:09.000,4.41,37.96,8.76,44.688471,-124.096014
2022-06-17T10:00:09.000,4.49,38.65,8.8,44.688471,-124.096014
2022-06-17T10:15:09.000,4.52,38.93,8.81,44.688471,-124.096014
2022-06-17T10:30:09.000,4.5,38.72,8.81,44.688471,-124.096014
2022-06-17T10:45:09.000,4.6,39.64,8.85,44.688471,-124.096014
2022-06-17T11:00:09.000,4.61,39.78,8.9,44.688471,-124.096014
2022-06-17T11:15:09.000,4.81,41.62,9,44.688471,-124.096014
2022-06-17T11:30:09.000,4.69,40.51,8.97,44.688471,-124.096014
2022-06-17T11:45:09.000,4.52,38.97,8.9,44.688471,-124.096014
2022-06-17T12:00:09.000,4.41,38.03,8.86,44.688471,-124.096014
2022-06-17T12:15:09.000,4.36,37.6,8.86,44.688471,-124.096014
2022-06-17T12:30:09.000,4.35,37.52,8.88,44.688471,-124.096014
2022-06-17T12:45:09.000,4.47,38.6,8.92,44.688471,-124.096014
2022-06-17T13:00:09.000,4.61,39.88,8.99,44.688471,-124.096014
2022-06-17T13:15:09.000,4.71,40.81,9.04,44.688471,-124.096014
2022-06-17T13:30:09.000,4.49,38.81,8.98,44.688471,-124.096014
2022-06-17T13:45:09.000,4.55,39.32,9,44.688471,-124.096014
2022-06-17T14:00:09.000,4.94,42.87,9.1,44.688471,-124.096014
2022-06-17T14:15:09.000,5.7,49.79,9.37,44.688471,-124.096014
2022-06-17T14:30:09.000,6.21,54.33,9.5,44.688471,-124.096014
2022-06-17T14:45:09.000,6.09,53.39,9.54,44.688471,-124.096014
2022-06-17T15:00:09.000,5.96,52.02,9.4,44.688471,-124.096014
2022-06-17T15:15:09.000,5.01,43.36,9,44.688471,-124.096014
2022-06-17T15:30:09.000,4.77,41.1,8.81,44.688471,-124.096014
2022-06-17T15:45:09.000,4.77,41.09,8.78,44.688471,-124.096014
2022-06-17T16:00:09.000,4.82,41.5,8.78,44.688471,-124.096014
2022-06-17T16:15:09.000,4.87,41.95,8.78,44.688471,-124.096014
2022-06-17T16:30:09.000,4.83,41.54,8.79,44.688471,-124.096014
2022-06-17T16:45:09.000,4.71,40.52,8.78,44.688471,-124.096014
2022-06-17T17:00:09.000,4.69,40.41,8.8,44.688471,-124.096014
2022-06-17T17:15:09.000,4.73,40.74,8.81,44.688471,-124.096014
2022-06-17T17:30:09.000,5.12,44.26,8.99,44.688471,-124.096014
2022-06-17T17:45:09.000,5.2,45.02,9,44.688471,-124.096014
2022-06-17T18:00:09.000,4.86,41.91,8.85,44.688471,-124.096014
2022-06-17T18:15:09.000,4.53,38.97,8.73,44.688471,-124.096014
2022-06-17T18:30:09.000,4.08,34.98,8.63,44.688471,-124.096014
2022-06-17T18:45:09.000,4.05,34.74,8.61,44.688471,-124.096014
2022-06-17T19:00:09.000,3.91,33.47,8.57,44.688471,-124.096014
2022-06-17T19:15:09.000,3.87,33.16,8.57,44.688471,-124.096014
2022-06-17T19:30:09.000,3.85,32.97,8.56,44.688471,-124.096014
2022-06-17T19:45:09.000,3.86,33.06,8.56,44.688471,-124.096014
2022-06-17T20:00:09.000,3.36,28.68,8.5,44.688471,-124.096014
2022-06-17T20:15:09.000,3.05,26.09,8.47,44.688471,-124.096014
2022-06-17T20:30:09.000,3.1,26.44,8.47,44.688471,-124.096014
2022-06-17T20:45:09.000,3.22,27.51,8.5,44.688471,-124.096014
2022-06-17T21:00:09.000,3.2,27.33,8.5,44.688471,-124.096014
2022-06-17T21:15:09.000,3.37,28.8,8.53,44.688471,-124.096014
2022-06-17T21:30:09.000,3.24,27.68,8.53,44.688471,-124.096014
2022-06-17T21:45:09.000,2.92,24.99,8.5,44.688471,-124.096014
2022-06-17T22:00:09.000,2.86,24.41,8.47,44.688471,-124.096014
2022-06-17T22:15:09.000,2.93,25.05,8.47,44.688471,-124.096014
2022-06-17T22:30:09.000,3.03,25.92,8.49,44.688471,-124.096014
2022-06-17T22:45:09.000,3.13,26.78,8.52,44.688471,-124.096014
2022-06-17T23:00:09.000,4.37,37.71,8.93,44.688471,-124.096014
2022-06-17T23:15:09.000,5.29,46.02,9.27,44.688471,-124.096014
2022-06-17T23:30:09.000,3.88,33.39,8.79,44.688471,-124.096014
2022-06-17T23:45:09.000,3.27,27.97,8.56,44.688471,-124.096014
2022-06-18T00:00:09.000,3.27,27.93,8.53,44.688471,-124.096014
2022-06-18T00:15:09.000,3.52,30.11,8.58,44.688471,-124.096014
2022-06-18T00:30:09.000,3.59,30.74,8.61,44.688471,-124.096014
2022-06-18T00:45:09.000,3.63,31.12,8.64,44.688471,-124.096014
2022-06-18T01:00:09.000,3.75,32.15,8.67,44.688471,-124.096014
2022-06-18T01:15:09.000,3.89,33.39,8.71,44.688471,-124.096014
2022-06-18T01:30:09.000,3.99,34.3,8.76,44.688471,-124.096014
2022-06-18T01:45:09.000,4.12,35.5,8.81,44.688471,-124.096014
2022-06-18T02:00:09.000,4.05,34.89,8.82,44.688471,-124.096014
2022-06-18T02:15:09.000,3.67,31.49,8.7,44.688471,-124.096014
2022-06-18T02:30:09.000,3.52,30.24,8.66,44.688471,-124.096014
2022-06-18T02:45:09.000,3.58,30.73,8.69,44.688471,-124.096014
2022-06-18T03:00:09.000,3.64,31.31,8.71,44.688471,-124.096014
2022-06-18T03:15:09.000,3.72,32.03,8.76,44.688471,-124.096014
2022-06-18T03:30:09.000,3.8,32.77,8.82,44.688471,-124.096014
2022-06-18T03:45:09.000,3.92,33.82,8.89,44.688471,-124.096014
2022-06-18T04:00:09.000,4.06,35.09,8.93,44.688471,-124.096014
2022-06-18T04:15:09.000,3.84,33.09,8.87,44.688471,-124.096014
2022-06-18T04:30:09.000,3.9,33.6,8.84,44.688471,-124.096014
2022-06-18T04:45:09.000,4.53,39.07,8.9,44.688471,-124.096014
2022-06-18T05:00:09.000,4.05,34.99,8.9,44.688471,-124.096014
2022-06-18T05:15:09.000,4.19,36.19,8.95,44.688471,-124.096014
2022-06-18T05:30:09.000,4.35,37.66,9.02,44.688471,-124.096014
2022-06-18T05:45:09.000,4.24,36.68,9,44.688471,-124.096014
2022-06-18T06:00:09.000,4.21,36.45,9.01,44.688471,-124.096014
2022-06-18T06:15:09.000,4.2,36.33,9,44.688471,-124.096014
2022-06-18T06:30:09.000,4.21,36.43,9.01,44.688471,-124.096014
2022-06-18T06:45:09.000,5,43.64,9.37,44.688471,-124.096014
2022-06-18T07:00:09.000,5.39,47.31,9.59,44.688471,-124.096014
2022-06-18T07:15:09.000,4.78,41.65,9.28,44.688471,-124.096014
2022-06-18T07:30:09.000,4.68,40.63,9.18,44.688471,-124.096014
2022-06-18T07:45:09.000,4.67,40.53,9.16,44.688471,-124.096014
2022-06-18T08:00:09.000,4.55,39.35,8.98,44.688471,-124.096014
2022-06-18T08:15:09.000,4.67,40.25,8.84,44.688471,-124.096014
2022-06-18T08:30:09.000,4.42,37.99,8.76,44.688471,-124.096014
2022-06-18T08:45:09.000,4.1,35.22,8.71,44.688471,-124.096014
2022-06-18T09:00:09.000,3.92,33.66,8.69,44.688471,-124.096014
2022-06-18T09:15:09.000,3.89,33.39,8.69,44.688471,-124.096014
2022-06-18T09:30:09.000,3.83,32.87,8.68,44.688471,-124.096014
2022-06-18T09:45:09.000,3.82,32.76,8.68,44.688471,-124.096014
2022-06-18T10:00:09.000,3.81,32.72,8.69,44.688471,-124.096014
2022-06-18T10:15:09.000,3.78,32.45,8.69,44.688471,-124.096014
2022-06-18T10:30:09.000,3.7,31.76,8.67,44.688471,-124.096014
2022-06-18T10:45:09.000,3.58,30.67,8.64,44.688471,-124.096014
2022-06-18T11:00:09.000,3.29,28.15,8.58,44.688471,-124.096014
2022-06-18T11:15:09.000,3.2,27.37,8.55,44.688471,-124.096014
2022-06-18T11:30:09.000,3.17,27.09,8.54,44.688471,-124.096014
2022-06-18T11:45:09.000,3.17,27.12,8.54,44.688471,-124.096014
2022-06-18T12:00:09.000,3.21,27.43,8.55,44.688471,-124.096014
2022-06-18T12:15:09.000,3.07,26.29,8.54,44.688471,-124.096014
2022-06-18T12:30:09.000,3.12,26.74,8.56,44.688471,-124.096014
2022-06-18T12:45:09.000,3.69,31.73,8.69,44.688471,-124.096014
2022-06-18T13:00:09.000,4.2,36.13,8.78,44.688471,-124.096014
2022-06-18T13:15:09.000,4.43,38.18,8.87,44.688471,-124.096014
2022-06-18T13:30:09.000,4.74,40.96,8.97,44.688471,-124.096014
2022-06-18T13:45:09.000,4.55,39.29,8.92,44.688471,-124.096014
2022-06-18T14:00:09.000,4.53,39.08,8.92,44.688471,-124.096014
2022-06-18T14:15:09.000,4.36,37.57,8.87,44.688471,-124.096014
2022-06-18T14:30:09.000,4.21,36.29,8.83,44.688471,-124.096014
2022-06-18T14:45:09.000,4.07,35.02,8.81,44.688471,-124.096014
2022-06-18T15:00:09.000,4.38,37.78,8.9,44.688471,-124.096014
2022-06-18T15:15:09.000,4.57,39.52,8.95,44.688471,-124.096014
2022-06-18T15:30:09.000,4.7,40.65,9,44.688471,-124.096014
2022-06-18T15:45:09.000,4.7,40.62,8.98,44.688471,-124.096014
2022-06-18T16:00:09.000,4.47,38.63,8.92,44.688471,-124.096014
2022-06-18T16:15:09.000,4.55,39.31,8.93,44.688471,-124.096014
2022-06-18T16:30:09.000,4.68,40.49,8.97,44.688471,-124.096014
2022-06-18T16:45:09.000,4.63,39.99,8.95,44.688471,-124.096014
2022-06-18T17:00:09.000,4.73,40.9,9,44.688471,-124.096014
2022-06-18T17:15:09.000,5.04,43.69,9.09,44.688471,-124.096014
2022-06-18T17:30:09.000,5.06,43.88,9.07,44.688471,-124.096014
2022-06-18T17:45:09.000,5.18,44.89,9.09,44.688471,-124.096014
2022-06-18T18:00:09.000,4.73,40.89,8.97,44.688471,-124.096014
2022-06-18T18:15:09.000,4.3,37.07,8.83,44.688471,-124.096014
2022-06-18T18:30:09.000,3.87,33.28,8.71,44.688471,-124.096014
2022-06-18T18:45:09.000,3.94,33.83,8.71,44.688471,-124.096014
2022-06-18T19:00:09.000,3.78,32.44,8.64,44.688471,-124.096014
2022-06-18T19:15:09.000,3.57,30.54,8.59,44.688471,-124.096014
2022-06-18T19:30:09.000,3.4,29.12,8.54,44.688471,-124.096014
2022-06-18T19:45:09.000,3.16,27.03,8.48,44.688471,-124.096014
2022-06-18T20:00:09.000,3.13,26.71,8.47,44.688471,-124.096014
2022-06-18T20:15:09.000,3.09,26.42,8.44,44.688471,-124.096014
2022-06-18T20:30:09.000,2.99,25.54,8.41,44.688471,-124.096014
2022-06-18T20:45:09.000,3.02,25.79,8.4,44.688471,-124.096014
2022-06-18T21:00:09.000,3.02,25.77,8.4,44.688471,-124.096014
2022-06-18T21:15:09.000,3.01,25.69,8.4,44.688471,-124.096014
2022-06-18T21:30:09.000,3.01,25.67,8.4,44.688471,-124.096014
2022-06-18T21:45:09.000,2.97,25.31,8.4,44.688471,-124.096014
2022-06-18T22:00:09.000,2.93,25.02,8.4,44.688471,-124.096014
2022-06-18T22:15:09.000,2.9,24.73,8.4,44.688471,-124.096014
2022-06-18T22:30:09.000,2.95,25.15,8.4,44.688471,-124.096014
2022-06-18T22:45:09.000,2.89,24.68,8.4,44.688471,-124.096014
2022-06-18T23:00:09.000,2.94,25.1,8.4,44.688471,-124.096014
2022-06-18T23:15:09.000,2.88,24.6,8.4,44.688471,-124.096014
2022-06-18T23:30:09.000,2.9,24.76,8.41,44.688471,-124.096014
2022-06-18T23:45:09.000,2.89,24.63,8.42,44.688471,-124.096014
2022-06-19T00:00:09.000,2.94,25.04,8.42,44.688471,-124.096014
2022-06-19T00:15:09.000,3.03,25.88,8.42,44.688471,-124.096014
2022-06-19T00:30:09.000,3.04,25.96,8.43,44.688471,-124.096014
2022-06-19T00:45:09.000,3.01,25.68,8.45,44.688471,-124.096014
2022-06-19T01:00:09.000,3,25.59,8.46,44.688471,-124.096014
2022-06-19T01:15:09.000,2.96,25.31,8.45,44.688471,-124.096014
2022-06-19T01:30:09.000,2.93,25.01,8.45,44.688471,-124.096014
2022-06-19T01:45:09.000,2.86,24.46,8.47,44.688471,-124.096014
2022-06-19T02:00:09.000,2.83,24.19,8.47,44.688471,-124.096014
2022-06-19T02:15:09.000,2.77,23.65,8.47,44.688471,-124.096014
2022-06-19T02:30:09.000,2.41,20.6,8.45,44.688471,-124.096014
2022-06-19T02:45:09.000,2.26,19.27,8.42,44.688471,-124.096014
2022-06-19T03:00:09.000,2.24,19.11,8.42,44.688471,-124.096014
2022-06-19T03:15:09.000,2.34,19.98,8.42,44.688471,-124.096014
2022-06-19T03:30:09.000,2.28,19.49,8.43,44.688471,-124.096014
2022-06-19T03:45:09.000,2.42,20.65,8.45,44.688471,-124.096014
2022-06-19T04:00:09.000,2.66,22.77,8.5,44.688471,-124.096014
2022-06-19T04:15:09.000,2.95,25.21,8.56,44.688471,-124.096014
2022-06-19T04:30:09.000,3.19,27.37,8.61,44.688471,-124.096014
2022-06-19T04:45:09.000,3.38,28.98,8.64,44.688471,-124.096014
2022-06-19T05:00:09.000,3.47,29.79,8.68,44.688471,-124.096014
2022-06-19T05:15:09.000,4.2,36.13,8.81,44.688471,-124.096014
2022-06-19T05:30:09.000,4.35,37.51,8.83,44.688471,-124.096014
2022-06-19T05:45:09.000,4.25,36.57,8.81,44.688471,-124.096014
2022-06-19T06:00:09.000,4.02,34.58,8.73,44.688471,-124.096014
2022-06-19T06:15:09.000,4.03,34.66,8.73,44.688471,-124.096014
2022-06-19T06:30:09.000,4.05,34.78,8.73,44.688471,-124.096014
2022-06-19T06:45:09.000,3.95,33.98,8.71,44.688471,-124.096014
2022-06-19T07:00:09.000,4.07,35,8.73,44.688471,-124.096014
2022-06-19T07:15:09.000,4.02,34.54,8.73,44.688471,-124.096014
2022-06-19T07:30:09.000,4.14,35.59,8.78,44.688471,-124.096014
2022-06-19T07:45:09.000,4,34.39,8.76,44.688471,-124.096014
2022-06-19T08:00:09.000,4.08,35.12,8.77,44.688471,-124.096014
2022-06-19T08:15:09.000,4.12,35.44,8.78,44.688471,-124.096014
2022-06-19T08:30:09.000,4.1,35.28,8.77,44.688471,-124.096014
2022-06-19T08:45:09.000,3.54,30.41,8.67,44.688471,-124.096014
2022-06-19T09:00:09.000,3.46,29.71,8.66,44.688471,-124.096014
2022-06-19T09:15:09.000,3.52,30.18,8.66,44.688471,-124.096014
2022-06-19T09:30:09.000,3.69,31.66,8.66,44.688471,-124.096014
2022-06-19T09:45:09.000,3.61,31,8.64,44.688471,-124.096014
2022-06-19T10:00:09.000,3.62,31.07,8.64,44.688471,-124.096014
2022-06-19T10:15:09.000,3.7,31.69,8.64,44.688471,-124.096014
2022-06-19T10:30:09.000,3.67,31.49,8.64,44.688471,-124.096014
2022-06-19T10:45:09.000,3.82,32.82,8.66,44.688471,-124.096014
2022-06-19T11:00:09.000,3.88,33.31,8.67,44.688471,-124.096014
2022-06-19T11:15:09.000,3.94,33.8,8.69,44.688471,-124.096014
2022-06-19T11:30:09.000,4.04,34.7,8.71,44.688471,-124.096014
2022-06-19T11:45:09.000,4.03,34.62,8.71,44.688471,-124.096014
2022-06-19T12:00:09.000,4.03,34.65,8.71,44.688471,-124.096014
2022-06-19T12:15:09.000,3.85,33.01,8.69,44.688471,-124.096014
2022-06-19T12:30:09.000,3.4,29.12,8.62,44.688471,-124.096014
2022-06-19T12:45:09.000,3.26,27.95,8.6,44.688471,-124.096014
2022-06-19T13:00:09.000,3.12,26.74,8.58,44.688471,-124.096014
2022-06-19T13:15:09.000,2.88,24.67,8.54,44.688471,-124.096014
2022-06-19T13:30:09.000,3.21,27.49,8.61,44.688471,-124.096014
2022-06-19T13:45:09.000,3.15,26.98,8.59,44.688471,-124.096014
2022-06-19T14:00:09.000,2.76,23.63,8.52,44.688471,-124.096014
2022-06-19T14:15:09.000,2.68,22.9,8.49,44.688471,-124.096014
2022-06-19T14:30:09.000,2.63,22.48,8.48,44.688471,-124.096014
2022-06-19T14:45:09.000,2.71,23.14,8.49,44.688471,-124.096014
2022-06-19T15:00:09.000,2.7,23.09,8.49,44.688471,-124.096014
2022-06-19T15:15:09.000,2.67,22.79,8.49,44.688471,-124.096014
2022-06-19T15:30:09.000,2.72,23.23,8.5,44.688471,-124.096014
2022-06-19T15:45:09.000,2.83,24.17,8.5,44.688471,-124.096014
2022-06-19T16:00:09.000,2.87,24.52,8.51,44.688471,-124.096014
2022-06-19T16:15:09.000,2.96,25.27,8.51,44.688471,-124.096014
2022-06-19T16:30:09.000,2.94,25.17,8.51,44.688471,-124.096014
2022-06-19T16:45:09.000,2.97,25.37,8.52,44.688471,-124.096014
2022-06-19T17:00:09.000,3.07,26.3,8.54,44.688471,-124.096014
2022-06-19T17:15:09.000,3.36,28.75,8.61,44.688471,-124.096014
2022-06-19T17:30:09.000,3.71,31.82,8.66,44.688471,-124.096014
2022-06-19T17:45:09.000,3.57,30.63,8.65,44.688471,-124.096014
2022-06-19T18:00:09.000,3.94,33.86,8.72,44.688471,-124.096014
2022-06-19T18:15:09.000,4.03,34.62,8.73,44.688471,-124.096014
2022-06-19T18:30:09.000,4.33,37.19,8.73,44.688471,-124.096014
2022-06-19T18:45:09.000,4.26,36.61,8.73,44.688471,-124.096014
2022-06-19T19:00:09.000,4.18,35.89,8.73,44.688471,-124.096014
2022-06-19T19:15:09.000,4.39,37.83,8.83,44.688471,-124.096014
2022-06-19T19:30:09.000,4.58,39.6,8.95,44.688471,-124.096014
2022-06-19T19:45:09.000,4.59,39.56,8.88,44.688471,-124.096014
2022-06-19T20:00:09.000,4.38,37.65,8.76,44.688471,-124.096014
2022-06-19T20:15:09.000,4.03,34.64,8.69,44.688471,-124.096014
2022-06-19T20:30:09.000,3.94,33.82,8.64,44.688471,-124.096014
2022-06-19T20:45:09.000,3.83,32.82,8.62,44.688471,-124.096014
2022-06-19T21:00:09.000,3.82,32.71,8.62,44.688471,-124.096014
2022-06-19T21:15:09.000,4.01,34.45,8.68,44.688471,-124.096014
2022-06-19T21:30:09.000,3.66,31.38,8.62,44.688471,-124.096014
2022-06-19T21:45:09.000,3.54,30.3,8.59,44.688471,-124.096014
2022-06-19T22:00:09.000,3.5,29.99,8.57,44.688471,-124.096014
2022-06-19T22:15:09.000,3.2,27.32,8.51,44.688471,-124.096014
2022-06-19T22:30:09.000,3,25.63,8.47,44.688471,-124.096014
2022-06-19T22:45:09.000,2.89,24.65,8.45,44.688471,-124.096014
2022-06-19T23:00:09.000,2.82,24.05,8.45,44.688471,-124.096014
2022-06-19T23:15:09.000,2.55,21.76,8.4,44.688471,-124.096014
2022-06-19T23:30:09.000,2.49,21.24,8.4,44.688471,-124.096014
2022-06-19T23:45:09.000,2.43,20.76,8.4,44.688471,-124.096014
2022-06-20T00:00:09.000,2.42,20.59,8.4,44.688471,-124.096014
2022-06-20T00:15:09.000,2.38,20.27,8.4,44.688471,-124.096014
2022-06-20T00:30:09.000,2.37,20.17,8.4,44.688471,-124.096014
2022-06-20T00:45:09.000,2.35,20.02,8.4,44.688471,-124.096014
2022-06-20T01:00:09.000,2.33,19.84,8.4,44.688471,-124.096014
2022-06-20T01:15:09.000,2.26,19.28,8.38,44.688471,-124.096014
2022-06-20T01:30:09.000,2.24,19.09,8.38,44.688471,-124.096014
2022-06-20T01:45:09.000,2.28,19.4,8.4,44.688471,-124.096014
2022-06-20T02:00:09.000,2.32,19.81,8.4,44.688471,-124.096014
2022-06-20T02:15:09.000,2.43,20.73,8.42,44.688471,-124.096014
2022-06-20T02:30:09.000,2.71,23.13,8.46,44.688471,-124.096014
2022-06-20T02:45:09.000,3.22,27.56,8.59,44.688471,-124.096014
2022-06-20T03:00:09.000,3.64,31.3,8.74,44.688471,-124.096014
2022-06-20T03:15:09.000,3.92,33.82,8.88,44.688471,-124.096014
2022-06-20T03:30:09.000,3.67,31.61,8.78,44.688471,-124.096014
2022-06-20T03:45:09.000,3.14,26.94,8.62,44.688471,-124.096014
2022-06-20T04:00:09.000,2.92,25.01,8.54,44.688471,-124.096014
2022-06-20T04:15:09.000,2.68,22.87,8.49,44.688471,-124.096014
2022-06-20T04:30:09.000,2.61,22.33,8.47,44.688471,-124.096014
2022-06-20T04:45:09.000,2.47,21.09,8.45,44.688471,-124.096014
2022-06-20T05:00:09.000,2.47,21.12,8.46,44.688471,-124.096014
2022-06-20T05:15:09.000,2.52,21.55,8.46,44.688471,-124.096014
2022-06-20T05:30:09.000,2.55,21.8,8.46,44.688471,-124.096014
2022-06-20T05:45:09.000,2.56,21.84,8.46,44.688471,-124.096014
2022-06-20T06:00:09.000,2.58,22,8.47,44.688471,-124.096014
2022-06-20T06:15:09.000,2.69,23,8.48,44.688471,-124.096014
2022-06-20T06:30:09.000,2.87,24.54,8.5,44.688471,-124.096014
2022-06-20T06:45:09.000,2.9,24.81,8.5,44.688471,-124.096014
2022-06-20T07:00:09.000,2.93,25.09,8.51,44.688471,-124.096014
2022-06-20T07:15:09.000,2.96,25.28,8.51,44.688471,-124.096014
2022-06-20T07:30:09.000,2.95,25.19,8.52,44.688471,-124.096014
2022-06-20T07:45:09.000,2.93,25.09,8.52,44.688471,-124.096014
2022-06-20T08:00:09.000,2.88,24.66,8.5,44.688471,-124.096014
2022-06-20T08:15:09.000,2.94,25.15,8.5,44.688471,-124.096014
2022-06-20T08:30:09.000,2.92,24.95,8.5,44.688471,-124.096014
2022-06-20T08:45:09.000,2.98,25.46,8.5,44.688471,-124.096014
2022-06-20T09:00:09.000,2.91,24.87,8.5,44.688471,-124.096014
2022-06-20T09:15:09.000,2.94,25.13,8.51,44.688471,-124.096014
2022-06-20T09:30:09.000,2.93,25.08,8.52,44.688471,-124.096014
2022-06-20T09:45:09.000,2.88,24.62,8.52,44.688471,-124.096014
2022-06-20T10:00:09.000,2.93,25.09,8.55,44.688471,-124.096014
2022-06-20T10:15:09.000,2.87,24.55,8.55,44.688471,-124.096014
2022-06-20T10:30:09.000,2.88,24.62,8.57,44.688471,-124.096014
2022-06-20T10:45:09.000,2.98,25.54,8.6,44.688471,-124.096014
2022-06-20T11:00:09.000,3.26,27.97,8.66,44.688471,-124.096014
2022-06-20T11:15:09.000,3.56,30.64,8.76,44.688471,-124.096014
2022-06-20T11:30:09.000,3.37,28.95,8.68,44.688471,-124.096014
2022-06-20T11:45:09.000,3.17,27.1,8.57,44.688471,-124.096014
2022-06-20T12:00:09.000,3.15,26.99,8.56,44.688471,-124.096014
2022-06-20T12:15:09.000,3.18,27.2,8.52,44.688471,-124.096014
2022-06-20T12:30:09.000,3.12,26.67,8.5,44.688471,-124.096014
2022-06-20T12:45:09.000,2.87,24.48,8.47,44.688471,-124.096014
2022-06-20T13:00:09.000,2.83,24.18,8.45,44.688471,-124.096014
2022-06-20T13:15:09.000,2.85,24.3,8.45,44.688471,-124.096014
2022-06-20T13:30:09.000,2.82,24.06,8.45,44.688471,-124.096014
2022-06-20T13:45:09.000,2.52,21.52,8.42,44.688471,-124.096014
2022-06-20T14:00:09.000,2.47,21.03,8.42,44.688471,-124.096014
2022-06-20T14:15:09.000,2.46,21.03,8.42,44.688471,-124.096014
2022-06-20T14:30:09.000,2.47,21.11,8.42,44.688471,-124.096014
2022-06-20T14:45:09.000,2.5,21.36,8.42,44.688471,-124.096014
2022-06-20T15:00:09.000,2.54,21.71,8.43,44.688471,-124.096014
2022-06-20T15:15:09.000,2.45,20.94,8.42,44.688471,-124.096014
2022-06-20T15:30:09.000,2.4,20.49,8.42,44.688471,-124.096014
2022-06-20T15:45:09.000,2.37,20.18,8.41,44.688471,-124.096014
2022-06-20T16:00:09.000,2.33,19.88,8.4,44.688471,-124.096014
2022-06-20T16:15:09.000,2.38,20.34,8.41,44.688471,-124.096014
2022-06-20T16:30:09.000,2.4,20.43,8.42,44.688471,-124.096014
2022-06-20T16:45:09.000,2.44,20.84,8.42,44.688471,-124.096014
2022-06-20T17:00:09.000,2.74,23.44,8.47,44.688471,-124.096014
2022-06-20T17:15:09.000,2.92,24.92,8.5,44.688471,-124.096014
2022-06-20T17:30:09.000,3.19,27.31,8.58,44.688471,-124.096014
2022-06-20T17:45:09.000,3.62,31.08,8.71,44.688471,-124.096014
2022-06-20T18:00:09.000,3.98,34.34,8.85,44.688471,-124.096014
2022-06-20T18:15:09.000,3.55,30.48,8.74,44.688471,-124.096014
2022-06-20T18:30:09.000,3.83,32.96,8.82,44.688471,-124.096014
2022-06-20T18:45:09.000,3.77,32.47,8.81,44.688471,-124.096014
2022-06-20T19:00:09.000,3.63,31.16,8.62,44.688471,-124.096014
2022-06-20T19:15:09.000,3.03,25.92,8.54,44.688471,-124.096014
2022-06-20T19:30:09.000,2.69,23.01,8.45,44.688471,-124.096014
2022-06-20T19:45:09.000,3.05,26.08,8.52,44.688471,-124.096014
2022-06-20T20:00:09.000,3.19,27.27,8.57,44.688471,-124.096014
2022-06-20T20:15:09.000,2.72,23.22,8.47,44.688471,-124.096014
2022-06-20T20:30:09.000,2.31,19.66,8.38,44.688471,-124.096014
2022-06-20T20:45:09.000,2.36,20.12,8.38,44.688471,-124.096014
2022-06-20T21:00:09.000,2.31,19.66,8.37,44.688471,-124.096014
2022-06-20T21:15:09.000,2.3,19.57,8.36,44.688471,-124.096014
2022-06-20T21:30:09.000,2.28,19.4,8.36,44.688471,-124.096014
2022-06-20T21:45:09.000,2.22,18.87,8.35,44.688471,-124.096014
2022-06-20T22:00:09.000,2.2,18.7,8.35,44.688471,-124.096014
2022-06-20T22:15:09.000,2.15,18.27,8.35,44.688471,-124.096014
2022-06-20T22:30:09.000,2.1,17.84,8.34,44.688471,-124.096014
2022-06-20T22:45:09.000,2.07,17.59,8.33,44.688471,-124.096014
2022-06-20T23:00:09.000,2.06,17.5,8.33,44.688471,-124.096014
2022-06-20T23:15:09.000,2.05,17.41,8.33,44.688471,-124.096014
2022-06-20T23:30:09.000,2.01,17.1,8.33,44.688471,-124.096014
2022-06-20T23:45:09.000,1.99,16.92,8.32,44.688471,-124.096014
2022-06-21T00:00:09.000,1.94,16.54,8.31,44.688471,-124.096014
2022-06-21T00:15:09.000,1.94,16.46,8.3,44.688471,-124.096014
2022-06-21T00:30:09.000,1.89,16.09,8.3,44.688471,-124.096014
2022-06-21T00:45:09.000,1.87,15.91,8.28,44.688471,-124.096014
2022-06-21T01:00:09.000,1.82,15.51,8.28,44.688471,-124.096014
2022-06-21T01:15:09.000,1.78,15.17,8.26,44.688471,-124.096014
2022-06-21T01:30:09.000,1.77,15.08,8.26,44.688471,-124.096014
2022-06-21T01:45:09.000,1.77,15.03,8.26,44.688471,-124.096014
2022-06-21T02:00:09.000,1.76,14.97,8.26,44.688471,-124.096014
2022-06-21T02:15:09.000,1.75,14.91,8.26,44.688471,-124.096014
2022-06-21T02:30:09.000,1.75,14.87,8.26,44.688471,-124.096014
2022-06-21T02:45:09.000,1.73,14.74,8.26,44.688471,-124.096014
2022-06-21T03:00:09.000,1.77,15.04,8.26,44.688471,-124.096014
2022-06-21T03:15:09.000,1.83,15.53,8.28,44.688471,-124.096014
2022-06-21T03:30:09.000,1.83,15.57,8.28,44.688471,-124.096014
2022-06-21T03:45:09.000,1.9,16.2,8.29,44.688471,-124.096014
2022-06-21T04:00:09.000,1.93,16.46,8.31,44.688471,-124.096014
2022-06-21T04:15:09.000,1.95,16.57,8.31,44.688471,-124.096014
2022-06-21T04:30:09.000,1.97,16.78,8.33,44.688471,-124.096014
2022-06-21T04:45:09.000,2.16,18.37,8.37,44.688471,-124.096014
2022-06-21T05:00:09.000,2.47,21.12,8.47,44.688471,-124.096014
2022-06-21T05:15:09.000,2.3,19.62,8.41,44.688471,-124.096014
2022-06-21T05:30:09.000,2.18,18.59,8.4,44.688471,-124.096014
2022-06-21T05:45:09.000,2.01,17.15,8.37,44.688471,-124.096014
2022-06-21T06:00:09.000,1.87,15.87,8.33,44.688471,-124.096014
2022-06-21T06:15:09.000,2.05,17.5,8.35,44.688471,-124.096014
2022-06-21T06:30:09.000,1.8,15.3,8.3,44.688471,-124.096014
2022-06-21T06:45:09.000,1.77,15.03,8.28,44.688471,-124.096014
2022-06-21T07:00:09.000,1.76,14.94,8.28,44.688471,-124.096014
2022-06-21T07:15:09.000,1.77,15.08,8.28,44.688471,-124.096014
2022-06-21T07:30:09.000,1.73,14.75,8.28,44.688471,-124.096014
2022-06-21T07:45:09.000,1.68,14.27,8.27,44.688471,-124.096014
2022-06-21T08:00:09.000,1.69,14.4,8.26,44.688471,-124.096014
2022-06-21T08:15:09.000,1.69,14.39,8.26,44.688471,-124.096014
2022-06-21T08:30:09.000,1.7,14.42,8.26,44.688471,-124.096014
2022-06-21T08:45:09.000,1.7,14.41,8.26,44.688471,-124.096014
2022-06-21T09:00:09.000,1.68,14.24,8.26,44.688471,-124.096014
2022-06-21T09:15:09.000,1.68,14.27,8.26,44.688471,-124.096014
2022-06-21T09:30:09.000,1.66,14.11,8.25,44.688471,-124.096014
2022-06-21T09:45:09.000,1.65,14.04,8.26,44.688471,-124.096014
2022-06-21T10:00:09.000,1.68,14.23,8.26,44.688471,-124.096014
2022-06-21T10:15:09.000,1.62,13.77,8.26,44.688471,-124.096014
2022-06-21T10:30:09.000,1.63,13.82,8.26,44.688471,-124.096014
2022-06-21T10:45:09.000,1.63,13.88,8.26,44.688471,-124.096014
2022-06-21T11:00:09.000,1.61,13.71,8.26,44.688471,-124.096014
2022-06-21T11:15:09.000,1.57,13.31,8.26,44.688471,-124.096014
2022-06-21T11:30:09.000,1.57,13.36,8.26,44.688471,-124.096014
2022-06-21T11:45:09.000,1.56,13.29,8.26,44.688471,-124.096014
2022-06-21T12:00:09.000,1.57,13.37,8.26,44.688471,-124.096014
2022-06-21T12:15:09.000,1.57,13.32,8.26,44.688471,-124.096014
2022-06-21T12:30:09.000,1.53,13.04,8.26,44.688471,-124.096014
2022-06-21T12:45:09.000,1.59,13.47,8.26,44.688471,-124.096014
2022-06-21T13:00:09.000,0.37,3.12,8.26,44.688471,-124.096014
2022-06-21T13:15:09.000,1.4,11.88,8.26,44.688471,-124.096014
2022-06-21T13:30:09.000,1.53,13.03,8.26,44.688471,-124.096014
2022-06-21T13:45:09.000,1.39,11.84,8.26,44.688471,-124.096014
2022-06-21T14:00:09.000,0.92,7.81,8.26,44.688471,-124.096014
2022-06-21T14:15:09.000,0.64,5.43,8.26,44.688471,-124.096014
2022-06-21T14:30:09.000,1.49,12.64,8.26,44.688471,-124.096014
2022-06-21T14:45:09.000,0.69,5.89,8.26,44.688471,-124.096014
2022-06-21T15:00:09.000,0.94,8,8.26,44.688471,-124.096014
2022-06-21T15:15:09.000,0.87,7.36,8.26,44.688471,-124.096014
2022-06-21T15:30:09.000,0.84,7.11,8.26,44.688471,-124.096014
2022-06-21T15:45:09.000,1.46,12.4,8.25,44.688471,-124.096014
2022-06-21T16:00:09.000,1.48,12.56,8.24,44.688471,-124.096014
2022-06-21T16:15:09.000,1.48,12.56,8.23,44.688471,-124.096014
2022-06-21T16:30:09.000,1.49,12.65,8.23,44.688471,-124.096014
2022-06-21T16:45:09.000,1.52,12.92,8.23,44.688471,-124.096014
2022-06-21T17:00:09.000,1.54,13.06,8.23,44.688471,-124.096014
2022-06-21T17:15:09.000,1.58,13.38,8.24,44.688471,-124.096014
2022-06-21T17:30:09.000,1.6,13.57,8.26,44.688471,-124.096014
2022-06-21T17:45:09.000,1.62,13.75,8.26,44.688471,-124.096014
2022-06-21T18:00:09.000,1.62,13.8,8.26,44.688471,-124.096014
2022-06-21T18:15:09.000,1.63,13.84,8.26,44.688471,-124.096014
2022-06-21T18:30:09.000,1.7,14.43,8.26,44.688471,-124.096014
2022-06-21T18:45:09.000,1.72,14.63,8.26,44.688471,-124.096014
2022-06-21T19:00:09.000,1.74,14.77,8.27,44.688471,-124.096014
2022-06-21T19:15:09.000,1.66,14.13,8.26,44.688471,-124.096014
2022-06-21T19:30:09.000,1.64,13.9,8.26,44.688471,-124.096014
2022-06-21T19:45:09.000,1.59,13.53,8.23,44.688471,-124.096014
2022-06-21T20:00:09.000,1.58,13.37,8.23,44.688471,-124.096014
2022-06-21T20:15:09.000,1.56,13.28,8.21,44.688471,-124.096014
2022-06-21T20:30:09.000,1.54,13.05,8.21,44.688471,-124.096014
2022-06-21T20:45:09.000,1.54,13.04,8.2,44.688471,-124.096014
2022-06-21T21:00:09.000,1.53,12.94,8.19,44.688471,-124.096014
2022-06-21T21:15:09.000,1.51,12.83,8.19,44.688471,-124.096014
2022-06-21T21:30:09.000,1.51,12.79,8.19,44.688471,-124.096014
2022-06-21T21:45:09.000,1.5,12.76,8.19,44.688471,-124.096014
2022-06-21T22:00:09.000,1.52,12.87,8.19,44.688471,-124.096014
2022-06-21T22:15:09.000,1.51,12.78,8.19,44.688471,-124.096014
2022-06-21T22:30:09.000,1.47,12.44,8.17,44.688471,-124.096014
2022-06-21T22:45:09.000,1.47,12.48,8.16,44.688471,-124.096014
2022-06-21T23:00:09.000,1.47,12.47,8.16,44.688471,-124.096014
2022-06-21T23:15:09.000,1.49,12.61,8.16,44.688471,-124.096014
2022-06-21T23:30:09.000,1.5,12.68,8.16,44.688471,-124.096014
2022-06-21T23:45:09.000,1.5,12.74,8.16,44.688471,-124.096014
2022-06-22T00:00:09.000,1.51,12.82,8.16,44.688471,-124.096014
2022-06-22T00:15:09.000,1.51,12.84,8.16,44.688471,-124.096014
2022-06-22T00:30:09.000,1.5,12.75,8.16,44.688471,-124.096014
2022-06-22T00:45:09.000,1.49,12.61,8.16,44.688471,-124.096014
2022-06-22T01:00:09.000,1.48,12.54,8.16,44.688471,-124.096014
2022-06-22T01:15:09.000,1.49,12.62,8.16,44.688471,-124.096014
2022-06-22T01:30:09.000,1.46,12.38,8.16,44.688471,-124.096014
2022-06-22T01:45:09.000,1.42,12,8.16,44.688471,-124.096014
2022-06-22T02:00:09.000,1.39,11.75,8.15,44.688471,-124.096014
2022-06-22T02:15:09.000,1.45,12.24,8.12,44.688471,-124.096014
2022-06-22T02:30:09.000,1.47,12.48,8.11,44.688471,-124.096014
2022-06-22T02:45:09.000,1.52,12.82,8.09,44.688471,-124.096014
2022-06-22T03:00:09.000,1.55,13.11,8.07,44.688471,-124.096014
2022-06-22T03:15:09.000,1.59,13.45,8.06,44.688471,-124.096014
2022-06-22T03:30:09.000,1.63,13.8,8.04,44.688471,-124.096014
2022-06-22T03:45:09.000,1.66,13.99,8.04,44.688471,-124.096014
2022-06-22T04:00:09.000,1.68,14.19,8.02,44.688471,-124.096014
2022-06-22T04:15:09.000,1.67,14.1,8.02,44.688471,-124.096014
2022-06-22T04:30:09.000,1.69,14.27,8.02,44.688471,-124.096014
2022-06-22T04:45:09.000,1.7,14.37,8.02,44.688471,-124.096014
2022-06-22T05:00:09.000,1.67,14.14,8.02,44.688471,-124.096014
2022-06-22T05:15:09.000,1.73,14.65,8,44.688471,-124.096014
2022-06-22T05:30:09.000,1.7,14.37,8.01,44.688471,-124.096014
2022-06-22T05:45:09.000,1.74,14.73,8,44.688471,-124.096014
2022-06-22T06:00:09.000,1.7,14.39,8.01,44.688471,-124.096014
2022-06-22T06:15:09.000,1.71,14.42,8.01,44.688471,-124.096014
2022-06-22T06:30:09.000,1.69,14.27,8.02,44.688471,-124.096014
2022-06-22T06:45:09.000,1.69,14.29,8.01,44.688471,-124.096014
2022-06-22T07:00:09.000,1.67,14.08,8.02,44.688471,-124.096014
2022-06-22T07:15:09.000,1.65,13.96,8.02,44.688471,-124.096014
2022-06-22T07:30:09.000,1.61,13.57,8.02,44.688471,-124.096014
2022-06-22T07:45:09.000,1.6,13.54,8.03,44.688471,-124.096014
2022-06-22T08:00:09.000,1.6,13.55,8.03,44.688471,-124.096014
2022-06-22T08:15:09.000,1.59,13.42,8.04,44.688471,-124.096014
2022-06-22T08:30:09.000,1.57,13.3,8.04,44.688471,-124.096014
2022-06-22T08:45:09.000,1.59,13.43,8.04,44.688471,-124.096014
2022-06-22T09:00:09.000,1.55,13.11,8.04,44.688471,-124.096014
2022-06-22T09:15:09.000,1.62,13.74,8.06,44.688471,-124.096014
2022-06-22T09:30:09.000,1.6,13.5,8.06,44.688471,-124.096014
2022-06-22T09:45:09.000,1.65,13.99,8.04,44.688471,-124.096014
2022-06-22T10:00:09.000,1.63,13.81,8.07,44.688471,-124.096014
2022-06-22T10:15:09.000,1.62,13.7,8.09,44.688471,-124.096014
2022-06-22T10:30:09.000,1.66,14.03,8.07,44.688471,-124.096014
2022-06-22T10:45:09.000,1.74,14.69,8.04,44.688471,-124.096014
2022-06-22T11:00:09.000,1.77,14.94,8.02,44.688471,-124.096014
2022-06-22T11:15:09.000,1.85,15.64,7.99,44.688471,-124.096014
2022-06-22T11:30:09.000,1.89,15.92,7.98,44.688471,-124.096014
2022-06-22T11:45:09.000,1.94,16.36,7.97,44.688471,-124.096014
2022-06-22T12:00:09.000,2,16.88,7.95,44.688471,-124.096014
2022-06-22T12:15:09.000,2.01,16.93,7.95,44.688471,-124.096014
2022-06-22T12:30:09.000,2.05,17.28,7.94,44.688471,-124.096014
2022-06-22T12:45:09.000,2.14,18.06,7.92,44.688471,-124.096014
2022-06-22T13:00:09.000,2.19,18.44,7.9,44.688471,-124.096014
2022-06-22T13:15:09.000,2.23,18.78,7.9,44.688471,-124.096014
2022-06-22T13:30:09.000,2.28,19.16,7.89,44.688471,-124.096014
2022-06-22T13:45:09.000,2.18,18.37,7.88,44.688471,-124.096014
2022-06-22T14:00:09.000,2.17,18.27,7.87,44.688471,-124.096014
2022-06-22T14:15:09.000,2.38,20,7.86,44.688471,-124.096014
2022-06-22T14:30:09.000,2.39,20.14,7.85,44.688471,-124.096014
2022-06-22T14:45:09.000,2.39,20.07,7.85,44.688471,-124.096014
2022-06-22T15:00:09.000,2.39,20.15,7.85,44.688471,-124.096014
2022-06-22T15:15:09.000,2.39,20.15,7.85,44.688471,-124.096014
2022-06-22T15:30:09.000,2.38,20.04,7.85,44.688471,-124.096014
2022-06-22T15:45:09.000,2.36,19.84,7.87,44.688471,-124.096014
2022-06-22T16:00:09.000,2.34,19.68,7.87,44.688471,-124.096014
2022-06-22T16:15:09.000,2.31,19.42,7.87,44.688471,-124.096014
2022-06-22T16:30:09.000,2.28,19.17,7.89,44.688471,-124.096014
2022-06-22T16:45:09.000,2.25,18.92,7.9,44.688471,-124.096014
2022-06-22T17:00:09.000,2.22,18.69,7.91,44.688471,-124.096014
2022-06-22T17:15:09.000,2.2,18.56,7.92,44.688471,-124.096014
2022-06-22T17:30:09.000,2.17,18.32,7.94,44.688471,-124.096014
2022-06-22T17:45:09.000,2.19,18.48,7.92,44.688471,-124.096014
2022-06-22T18:00:09.000,2.22,18.73,7.91,44.688471,-124.096014
2022-06-22T18:15:09.000,2.28,19.19,7.89,44.688471,-124.096014
2022-06-22T18:30:09.000,2.32,19.55,7.87,44.688471,-124.096014
2022-06-22T18:45:09.000,2.32,19.55,7.87,44.688471,-124.096014
2022-06-22T19:00:09.000,2.35,19.75,7.87,44.688471,-124.096014
2022-06-22T19:15:09.000,2.34,19.67,7.86,44.688471,-124.096014
2022-06-22T19:30:09.000,2.36,19.85,7.86,44.688471,-124.096014
2022-06-22T19:45:09.000,2.36,19.88,7.86,44.688471,-124.096014
2022-06-22T20:00:09.000,2.35,19.77,7.85,44.688471,-124.096014
2022-06-22T20:15:09.000,2.34,19.71,7.85,44.688471,-124.096014
2022-06-22T20:30:09.000,2.34,19.65,7.85,44.688471,-124.096014
2022-06-22T20:45:09.000,2.33,19.63,7.85,44.688471,-124.096014
2022-06-22T21:00:09.000,2.32,19.52,7.85,44.688471,-124.096014
2022-06-22T21:15:09.000,2.33,19.64,7.85,44.688471,-124.096014
2022-06-22T21:30:09.000,2.33,19.58,7.86,44.688471,-124.096014
2022-06-22T21:45:09.000,2.31,19.47,7.86,44.688471,-124.096014
2022-06-22T22:00:09.000,2.29,19.26,7.86,44.688471,-124.096014
2022-06-22T22:15:09.000,2.28,19.17,7.87,44.688471,-124.096014
2022-06-22T22:30:09.000,2.27,19.09,7.87,44.688471,-124.096014
2022-06-22T22:45:09.000,2.27,19.13,7.87,44.688471,-124.096014
2022-06-22T23:00:09.000,2.25,18.93,7.87,44.688471,-124.096014
2022-06-22T23:15:09.000,2.22,18.73,7.87,44.688471,-124.096014
2022-06-22T23:30:09.000,2.23,18.76,7.87,44.688471,-124.096014
2022-06-22T23:45:09.000,2.21,18.63,7.87,44.688471,-124.096014
2022-06-23T00:00:09.000,2.22,18.71,7.87,44.688471,-124.096014
2022-06-23T00:15:09.000,2.21,18.63,7.87,44.688471,-124.096014
2022-06-23T00:30:09.000,2.21,18.58,7.87,44.688471,-124.096014
2022-06-23T00:45:09.000,2.2,18.55,7.87,44.688471,-124.096014
2022-06-23T01:00:09.000,2.21,18.61,7.88,44.688471,-124.096014
2022-06-23T01:15:09.000,2.19,18.46,7.89,44.688471,-124.096014
2022-06-23T01:30:09.000,2.17,18.32,7.9,44.688471,-124.096014
2022-06-23T01:45:09.000,2.16,18.2,7.9,44.688471,-124.096014
2022-06-23T02:00:09.000,2.1,17.66,7.92,44.688471,-124.096014
2022-06-23T02:15:09.000,2.06,17.39,7.92,44.688471,-124.096014
2022-06-23T02:30:09.000,2.09,17.59,7.9,44.688471,-124.096014
2022-06-23T02:45:09.000,2.12,17.83,7.9,44.688471,-124.096014
2022-06-23T03:00:09.000,2.16,18.17,7.88,44.688471,-124.096014
2022-06-23T03:15:09.000,2.18,18.33,7.87,44.688471,-124.096014
2022-06-23T03:30:09.000,2.2,18.49,7.87,44.688471,-124.096014
2022-06-23T03:45:09.000,2.21,18.62,7.87,44.688471,-124.096014
2022-06-23T04:00:09.000,2.23,18.73,7.87,44.688471,-124.096014
2022-06-23T04:15:09.000,2.24,18.86,7.86,44.688471,-124.096014
2022-06-23T04:30:09.000,2.24,18.85,7.86,44.688471,-124.096014
2022-06-23T04:45:09.000,2.23,18.79,7.86,44.688471,-124.096014
2022-06-23T05:00:09.000,2.24,18.82,7.86,44.688471,-124.096014
2022-06-23T05:15:09.000,2.23,18.79,7.85,44.688471,-124.096014
2022-06-23T05:30:09.000,2.22,18.7,7.86,44.688471,-124.096014
2022-06-23T05:45:09.000,2.21,18.58,7.86,44.688471,-124.096014
2022-06-23T06:00:09.000,2.19,18.41,7.86,44.688471,-124.096014
2022-06-23T06:15:09.000,2.17,18.3,7.86,44.688471,-124.096014
2022-06-23T06:30:09.000,2.17,18.26,7.87,44.688471,-124.096014
2022-06-23T06:45:09.000,2.15,18.13,7.87,44.688471,-124.096014
2022-06-23T07:00:09.000,2.13,17.92,7.87,44.688471,-124.096014
2022-06-23T07:15:09.000,2.09,17.62,7.87,44.688471,-124.096014
2022-06-23T07:30:09.000,2.09,17.58,7.87,44.688471,-124.096014
2022-06-23T07:45:09.000,2.09,17.56,7.87,44.688471,-124.096014
2022-06-23T08:00:09.000,2.08,17.52,7.87,44.688471,-124.096014
2022-06-23T08:15:09.000,2.08,17.55,7.87,44.688471,-124.096014
2022-06-23T08:30:09.000,2.1,17.64,7.87,44.688471,-124.096014
2022-06-23T08:45:09.000,2.08,17.54,7.88,44.688471,-124.096014
2022-06-23T09:00:09.000,2.04,17.22,7.9,44.688471,-124.096014
2022-06-23T09:15:09.000,2.04,17.22,7.9,44.688471,-124.096014
2022-06-23T09:30:09.000,2.04,17.15,7.9,44.688471,-124.096014
2022-06-23T09:45:09.000,2.06,17.37,7.9,44.688471,-124.096014
2022-06-23T10:00:09.000,2.03,17.08,7.9,44.688471,-124.096014
2022-06-23T10:15:09.000,1.98,16.69,7.9,44.688471,-124.096014
2022-06-23T10:30:09.000,1.93,16.28,7.92,44.688471,-124.096014
2022-06-23T10:45:09.000,1.88,15.87,7.92,44.688471,-124.096014
2022-06-23T11:00:09.000,1.86,15.64,7.93,44.688471,-124.096014
2022-06-23T11:15:09.000,1.83,15.42,7.94,44.688471,-124.096014
2022-06-23T11:30:09.000,1.88,15.82,7.94,44.688471,-124.096014
2022-06-23T11:45:09.000,2.18,18.39,7.9,44.688471,-124.096014
2022-06-23T12:00:09.000,2.25,18.92,7.87,44.688471,-124.096014
2022-06-23T12:15:09.000,2.31,19.4,7.85,44.688471,-124.096014
2022-06-23T12:30:09.000,2.35,19.77,7.8,44.688471,-124.096014
2022-06-23T12:45:09.000,2.35,19.72,7.81,44.688471,-124.096014
2022-06-23T13:00:09.000,2.34,19.66,7.82,44.688471,-124.096014
2022-06-23T13:15:09.000,2.32,19.53,7.82,44.688471,-124.096014
2022-06-23T13:30:09.000,2.33,19.58,7.83,44.688471,-124.096014
2022-06-23T13:45:09.000,2.32,19.5,7.83,44.688471,-124.096014
2022-06-23T14:00:09.000,2.31,19.4,7.83,44.688471,-124.096014
2022-06-23T14:15:09.000,2.29,19.28,7.83,44.688471,-124.096014
2022-06-23T14:30:09.000,2.31,19.41,7.81,44.688471,-124.096014
2022-06-23T14:45:09.000,2.29,19.28,7.81,44.688471,-124.096014
2022-06-23T15:00:09.000,2.32,19.49,7.81,44.688471,-124.096014
2022-06-23T15:15:09.000,2.27,19.1,7.8,44.688471,-124.096014
2022-06-23T15:30:09.000,2.31,19.42,7.8,44.688471,-124.096014
2022-06-23T15:45:09.000,2.31,19.42,7.8,44.688471,-124.096014
2022-06-23T16:00:09.000,2.3,19.33,7.8,44.688471,-124.096014
2022-06-23T16:15:09.000,2.28,19.18,7.81,44.688471,-124.096014
2022-06-23T16:30:09.000,2.3,19.38,7.83,44.688471,-124.096014
2022-06-23T16:45:09.000,2.34,19.67,7.85,44.688471,-124.096014
2022-06-23T17:00:09.000,2.35,19.8,7.86,44.688471,-124.096014
2022-06-23T17:15:09.000,2.44,20.52,7.88,44.688471,-124.096014
2022-06-23T17:30:09.000,2.61,21.99,7.9,44.688471,-124.096014
2022-06-23T17:45:09.000,2.76,23.27,7.93,44.688471,-124.096014
2022-06-23T18:00:09.000,2.72,22.93,7.94,44.688471,-124.096014
2022-06-23T18:15:09.000,2.87,24.18,7.95,44.688471,-124.096014
2022-06-23T18:30:09.000,2.31,19.5,7.9,44.688471,-124.096014
2022-06-23T18:45:09.000,2.14,18.04,7.89,44.688471,-124.096014
2022-06-23T19:00:09.000,2.12,17.87,7.88,44.688471,-124.096014
2022-06-23T19:15:09.000,2.13,17.9,7.89,44.688471,-124.096014
2022-06-23T19:30:09.000,2.15,18.1,7.89,44.688471,-124.096014
2022-06-23T19:45:09.000,2.17,18.32,7.9,44.688471,-124.096014
2022-06-23T20:00:09.000,2.21,18.64,7.91,44.688471,-124.096014
2022-06-23T20:15:09.000,2.24,18.87,7.92,44.688471,-124.096014
2022-06-23T20:30:09.000,2.23,18.82,7.92,44.688471,-124.096014
2022-06-23T20:45:09.000,2.21,18.66,7.93,44.688471,-124.096014
2022-06-23T21:00:09.000,2.29,19.31,7.95,44.688471,-124.096014
2022-06-23T21:15:09.000,2.32,19.54,7.96,44.688471,-124.096014
2022-06-23T21:30:09.000,2.32,19.59,7.97,44.688471,-124.096014
2022-06-23T21:45:09.000,2.27,19.17,7.97,44.688471,-124.096014
2022-06-23T22:00:09.000,2.32,19.58,7.97,44.688471,-124.096014
2022-06-23T22:15:09.000,2.3,19.38,7.97,44.688471,-124.096014
2022-06-23T22:30:09.000,2.28,19.25,8.01,44.688471,-124.096014
2022-06-23T22:45:09.000,2.35,19.87,8.04,44.688471,-124.096014
2022-06-23T23:00:09.000,2.46,20.78,8.07,44.688471,-124.096014
2022-06-23T23:15:09.000,2.47,20.87,8.07,44.688471,-124.096014
2022-06-23T23:30:09.000,2.44,20.66,8.07,44.688471,-124.096014
2022-06-23T23:45:09.000,2.4,20.31,8.07,44.688471,-124.096014
2022-06-24T00:00:09.000,2.42,20.43,8.07,44.688471,-124.096014
2022-06-24T00:15:09.000,2.46,20.84,8.08,44.688471,-124.096014
2022-06-24T00:30:09.000,2.28,19.27,7.99,44.688471,-124.096014
2022-06-24T00:45:09.000,2.2,18.59,7.95,44.688471,-124.096014
2022-06-24T01:00:09.000,2.13,17.99,7.94,44.688471,-124.096014
2022-06-24T01:15:09.000,2.11,17.75,7.92,44.688471,-124.096014
2022-06-24T01:30:09.000,2.08,17.51,7.92,44.688471,-124.096014
2022-06-24T01:45:09.000,2.07,17.44,7.9,44.688471,-124.096014
2022-06-24T02:00:09.000,2,16.84,7.92,44.688471,-124.096014
2022-06-24T02:15:09.000,1.99,16.74,7.92,44.688471,-124.096014
2022-06-24T02:30:09.000,1.99,16.78,7.92,44.688471,-124.096014
2022-06-24T02:45:09.000,1.98,16.71,7.92,44.688471,-124.096014
2022-06-24T03:00:09.000,1.96,16.52,7.92,44.688471,-124.096014
2022-06-24T03:15:09.000,1.9,15.99,7.96,44.688471,-124.096014
2022-06-24T03:30:09.000,1.84,15.57,7.99,44.688471,-124.096014
2022-06-24T03:45:09.000,1.8,15.23,8.02,44.688471,-124.096014
2022-06-24T04:00:09.000,1.78,15.02,8.04,44.688471,-124.096014
2022-06-24T04:15:09.000,1.76,14.87,8.07,44.688471,-124.096014
2022-06-24T04:30:09.000,1.76,14.85,8.07,44.688471,-124.096014
2022-06-24T04:45:09.000,1.75,14.8,8.08,44.688471,-124.096014
2022-06-24T05:00:09.000,1.73,14.62,8.09,44.688471,-124.096014
2022-06-24T05:15:09.000,1.71,14.48,8.08,44.688471,-124.096014
2022-06-24T05:30:09.000,1.7,14.42,8.08,44.688471,-124.096014
2022-06-24T05:45:09.000,1.71,14.44,8.09,44.688471,-124.096014
2022-06-24T06:00:09.000,1.71,14.47,8.09,44.688471,-124.096014
2022-06-24T06:15:09.000,1.74,14.7,8.09,44.688471,-124.096014
2022-06-24T06:30:09.000,1.73,14.61,8.09,44.688471,-124.096014
2022-06-24T06:45:09.000,1.72,14.55,8.09,44.688471,-124.096014
2022-06-24T07:00:09.000,1.74,14.72,8.09,44.688471,-124.096014
2022-06-24T07:15:09.000,1.73,14.66,8.08,44.688471,-124.096014
2022-06-24T07:30:09.000,1.74,14.71,8.08,44.688471,-124.096014
2022-06-24T07:45:09.000,1.74,14.71,8.07,44.688471,-124.096014
2022-06-24T08:00:09.000,1.74,14.69,8.07,44.688471,-124.096014
2022-06-24T08:15:09.000,1.73,14.67,8.08,44.688471,-124.096014
2022-06-24T08:30:09.000,1.72,14.59,8.09,44.688471,-124.096014
2022-06-24T08:45:09.000,1.72,14.59,8.09,44.688471,-124.096014
2022-06-24T09:00:09.000,1.73,14.62,8.09,44.688471,-124.096014
2022-06-24T09:15:09.000,1.72,14.59,8.08,44.688471,-124.096014
2022-06-24T09:30:09.000,1.71,14.47,8.07,44.688471,-124.096014
2022-06-24T09:45:09.000,1.71,14.44,8.07,44.688471,-124.096014
2022-06-24T10:00:09.000,1.71,14.42,8.07,44.688471,-124.096014
2022-06-24T10:15:09.000,1.7,14.39,8.07,44.688471,-124.096014
2022-06-24T10:30:09.000,1.69,14.27,8.07,44.688471,-124.096014
2022-06-24T10:45:09.000,1.7,14.38,8.06,44.688471,-124.096014
2022-06-24T11:00:09.000,1.79,15.14,8.02,44.688471,-124.096014
2022-06-24T11:15:09.000,1.8,15.22,8,44.688471,-124.096014
2022-06-24T11:30:09.000,1.84,15.53,7.98,44.688471,-124.096014
2022-06-24T11:45:09.000,1.86,15.68,7.97,44.688471,-124.096014
2022-06-24T12:00:09.000,1.85,15.59,7.97,44.688471,-124.096014
2022-06-24T12:15:09.000,1.86,15.73,7.95,44.688471,-124.096014
2022-06-24T12:30:09.000,1.85,15.64,7.95,44.688471,-124.096014
2022-06-24T12:45:09.000,1.86,15.71,7.95,44.688471,-124.096014
2022-06-24T13:00:09.000,1.87,15.75,7.94,44.688471,-124.096014
2022-06-24T13:15:09.000,1.93,16.3,7.95,44.688471,-124.096014
2022-06-24T13:30:09.000,1.91,16.08,7.95,44.688471,-124.096014
2022-06-24T13:45:09.000,1.9,16.03,7.95,44.688471,-124.096014
2022-06-24T14:00:09.000,1.9,15.99,7.95,44.688471,-124.096014
2022-06-24T14:15:09.000,1.91,16.1,7.96,44.688471,-124.096014
2022-06-24T14:30:09.000,1.9,16.07,7.96,44.688471,-124.096014
2022-06-24T14:45:09.000,1.98,16.67,7.96,44.688471,-124.096014
2022-06-24T15:00:09.000,1.99,16.8,7.93,44.688471,-124.096014
2022-06-24T15:15:09.000,1.99,16.74,7.93,44.688471,-124.096014
2022-06-24T15:30:09.000,2,16.88,7.9,44.688471,-124.096014
2022-06-24T15:45:09.000,2.02,17.03,7.88,44.688471,-124.096014
2022-06-24T16:00:09.000,2.03,17.09,7.89,44.688471,-124.096014
2022-06-24T16:15:09.000,2.02,17.02,7.92,44.688471,-124.096014
2022-06-24T16:30:09.000,2.01,16.93,7.94,44.688471,-124.096014
2022-06-24T16:45:09.000,2.05,17.26,7.97,44.688471,-124.096014
2022-06-24T17:00:09.000,2.03,17.13,7.98,44.688471,-124.096014
2022-06-24T17:15:09.000,2.02,17.07,7.99,44.688471,-124.096014
2022-06-24T17:30:09.000,2,16.92,7.99,44.688471,-124.096014
2022-06-24T17:45:09.000,1.99,16.8,8,44.688471,-124.096014
2022-06-24T18:00:09.000,2.02,17.07,8.02,44.688471,-124.096014
2022-06-24T18:15:09.000,2.02,17.1,8.02,44.688471,-124.096014
2022-06-24T18:30:09.000,2.07,17.53,8.04,44.688471,-124.096014
2022-06-24T18:45:09.000,2.15,18.19,8.07,44.688471,-124.096014
2022-06-24T19:00:09.000,2.26,19.13,8.09,44.688471,-124.096014
2022-06-24T19:15:09.000,2.42,20.49,8.12,44.688471,-124.096014
2022-06-24T19:30:09.000,2.65,22.45,8.16,44.688471,-124.096014
2022-06-24T19:45:09.000,2.96,25.09,8.21,44.688471,-124.096014
2022-06-24T20:00:09.000,3.32,28.19,8.28,44.688471,-124.096014
2022-06-24T20:15:09.000,3.7,31.56,8.36,44.688471,-124.096014
2022-06-24T20:30:09.000,3.92,33.41,8.42,44.688471,-124.096014
2022-06-24T20:45:09.000,4.05,34.57,8.47,44.688471,-124.096014
2022-06-24T21:00:09.000,4.16,35.6,8.52,44.688471,-124.096014
2022-06-24T21:15:09.000,4.14,35.39,8.54,44.688471,-124.096014
2022-06-24T21:30:09.000,4.05,34.66,8.55,44.688471,-124.096014
2022-06-24T21:45:09.000,3.83,32.81,8.54,44.688471,-124.096014
2022-06-24T22:00:09.000,2.98,25.39,8.32,44.688471,-124.096014
2022-06-24T22:15:09.000,2.79,23.67,8.26,44.688471,-124.096014
2022-06-24T22:30:09.000,2.56,21.71,8.21,44.688471,-124.096014
2022-06-24T22:45:09.000,2.5,21.23,8.2,44.688471,-124.096014
2022-06-24T23:00:09.000,2.48,21.04,8.21,44.688471,-124.096014
2022-06-24T23:15:09.000,2.43,20.61,8.2,44.688471,-124.096014
2022-06-24T23:30:09.000,2.35,19.96,8.21,44.688471,-124.096014
2022-06-24T23:45:09.000,2.28,19.38,8.19,44.688471,-124.096014
2022-06-25T00:00:09.000,2.24,19.01,8.17,44.688471,-124.096014
2022-06-25T00:15:09.000,2.12,17.95,8.14,44.688471,-124.096014
2022-06-25T00:30:09.000,2.01,17.05,8.12,44.688471,-124.096014
2022-06-25T00:45:09.000,1.97,16.67,8.11,44.688471,-124.096014
2022-06-25T01:00:09.000,1.94,16.43,8.1,44.688471,-124.096014
2022-06-25T01:15:09.000,1.98,16.71,8.08,44.688471,-124.096014
2022-06-25T01:30:09.000,2.09,17.67,8.07,44.688471,-124.096014
2022-06-25T01:45:09.000,2.12,17.91,8.05,44.688471,-124.096014
2022-06-25T02:00:09.000,2.16,18.23,8.04,44.688471,-124.096014
2022-06-25T02:15:09.000,2.16,18.28,8.04,44.688471,-124.096014
2022-06-25T02:30:09.000,2.19,18.5,8.04,44.688471,-124.096014
2022-06-25T02:45:09.000,2.21,18.69,8.02,44.688471,-124.096014
2022-06-25T03:00:09.000,2.24,18.9,8.01,44.688471,-124.096014
2022-06-25T03:15:09.000,2.24,18.91,8,44.688471,-124.096014
2022-06-25T03:30:09.000,2.24,18.94,8,44.688471,-124.096014
2022-06-25T03:45:09.000,2.25,18.99,7.99,44.688471,-124.096014
2022-06-25T04:00:09.000,2.25,18.97,7.99,44.688471,-124.096014
2022-06-25T04:15:09.000,2.24,18.92,7.99,44.688471,-124.096014
2022-06-25T04:30:09.000,2.23,18.86,7.99,44.688471,-124.096014
2022-06-25T04:45:09.000,2.24,18.87,7.99,44.688471,-124.096014
2022-06-25T05:00:09.000,2.22,18.71,7.99,44.688471,-124.096014
2022-06-25T05:15:09.000,2.23,18.82,7.99,44.688471,-124.096014
2022-06-25T05:30:09.000,2.22,18.77,7.99,44.688471,-124.096014
2022-06-25T05:45:09.000,2.21,18.68,7.99,44.688471,-124.096014
2022-06-25T06:00:09.000,2.21,18.7,7.99,44.688471,-124.096014
2022-06-25T06:15:09.000,2.22,18.77,7.99,44.688471,-124.096014
2022-06-25T06:30:09.000,2.23,18.83,7.99,44.688471,-124.096014
2022-06-25T06:45:09.000,2.23,18.86,7.99,44.688471,-124.096014
2022-06-25T07:00:09.000,2.25,18.98,7.99,44.688471,-124.096014
2022-06-25T07:15:09.000,2.23,18.84,7.99,44.688471,-124.096014
2022-06-25T07:30:09.000,2.23,18.83,7.99,44.688471,-124.096014
2022-06-25T07:45:09.000,2.23,18.82,7.98,44.688471,-124.096014
2022-06-25T08:00:09.000,2.24,18.92,7.98,44.688471,-124.096014
2022-06-25T08:15:09.000,2.22,18.77,7.98,44.688471,-124.096014
2022-06-25T08:30:09.000,2.2,18.56,7.97,44.688471,-124.096014
2022-06-25T08:45:09.000,2.24,18.92,7.97,44.688471,-124.096014
2022-06-25T09:00:09.000,2.2,18.56,7.96,44.688471,-124.096014
2022-06-25T09:15:09.000,2.19,18.48,7.95,44.688471,-124.096014
2022-06-25T09:30:09.000,2.17,18.26,7.95,44.688471,-124.096014
2022-06-25T09:45:09.000,2.15,18.17,7.95,44.688471,-124.096014
2022-06-25T10:00:09.000,2.17,18.26,7.95,44.688471,-124.096014
2022-06-25T10:15:09.000,2.16,18.26,7.95,44.688471,-124.096014
2022-06-25T10:30:09.000,2.17,18.28,7.95,44.688471,-124.096014
2022-06-25T10:45:09.000,2.13,17.99,7.92,44.688471,-124.096014
2022-06-25T11:00:09.000,2.11,17.81,7.92,44.688471,-124.096014
2022-06-25T11:15:09.000,2.11,17.78,7.91,44.688471,-124.096014
2022-06-25T11:30:09.000,2.11,17.78,7.91,44.688471,-124.096014
2022-06-25T11:45:09.000,2.1,17.73,7.91,44.688471,-124.096014
2022-06-25T12:00:09.000,2.09,17.64,7.91,44.688471,-124.096014
2022-06-25T12:15:09.000,2.1,17.73,7.91,44.688471,-124.096014
2022-06-25T12:30:09.000,2.11,17.81,7.91,44.688471,-124.096014
2022-06-25T12:45:09.000,2.09,17.58,7.91,44.688471,-124.096014
2022-06-25T13:00:09.000,2.1,17.69,7.91,44.688471,-124.096014
2022-06-25T13:15:09.000,2.12,17.85,7.9,44.688471,-124.096014
2022-06-25T13:30:09.000,2.11,17.81,7.91,44.688471,-124.096014
2022-06-25T13:45:09.000,2.11,17.75,7.92,44.688471,-124.096014
2022-06-25T14:00:09.000,2.14,18.05,7.92,44.688471,-124.096014
2022-06-25T14:15:09.000,2.15,18.1,7.92,44.688471,-124.096014
2022-06-25T14:30:09.000,2.15,18.12,7.93,44.688471,-124.096014
2022-06-25T14:45:09.000,2.15,18.16,7.94,44.688471,-124.096014
2022-06-25T15:00:09.000,2.14,18,7.94,44.688471,-124.096014
2022-06-25T15:15:09.000,2.14,18.05,7.95,44.688471,-124.096014
2022-06-25T15:30:09.000,2.13,17.95,7.95,44.688471,-124.096014
2022-06-25T15:45:09.000,2.12,17.89,7.95,44.688471,-124.096014
2022-06-25T16:00:09.000,2.11,17.83,7.95,44.688471,-124.096014
2022-06-25T16:15:09.000,2.08,17.57,7.95,44.688471,-124.096014
2022-06-25T16:30:09.000,2.09,17.65,7.95,44.688471,-124.096014
2022-06-25T16:45:09.000,2.08,17.5,7.94,44.688471,-124.096014
2022-06-25T17:00:09.000,2.07,17.45,7.95,44.688471,-124.096014
2022-06-25T17:15:09.000,2.06,17.37,7.94,44.688471,-124.096014
2022-06-25T17:30:09.000,2.08,17.51,7.93,44.688471,-124.096014
2022-06-25T17:45:09.000,2.07,17.43,7.93,44.688471,-124.096014
2022-06-25T18:00:09.000,2.06,17.36,7.93,44.688471,-124.096014
2022-06-25T18:15:09.000,2.05,17.31,7.93,44.688471,-124.096014
2022-06-25T18:30:09.000,2.06,17.35,7.94,44.688471,-124.096014
2022-06-25T18:45:09.000,2.07,17.42,7.95,44.688471,-124.096014
2022-06-25T19:00:09.000,2.09,17.61,7.95,44.688471,-124.096014
2022-06-25T19:15:09.000,2.12,17.91,7.96,44.688471,-124.096014
2022-06-25T19:30:09.000,2.15,18.16,7.97,44.688471,-124.096014
2022-06-25T19:45:09.000,2.18,18.39,7.97,44.688471,-124.096014
2022-06-25T20:00:09.000,2.17,18.3,7.97,44.688471,-124.096014
2022-06-25T20:15:09.000,2.16,18.24,7.97,44.688471,-124.096014
2022-06-25T20:30:09.000,2.16,18.2,7.97,44.688471,-124.096014
2022-06-25T20:45:09.000,2.13,17.96,7.96,44.688471,-124.096014
2022-06-25T21:00:09.000,2.12,17.85,7.95,44.688471,-124.096014
2022-06-25T21:15:09.000,2.13,17.97,7.95,44.688471,-124.096014
2022-06-25T21:30:09.000,2.12,17.88,7.95,44.688471,-124.096014
2022-06-25T21:45:09.000,2.12,17.86,7.95,44.688471,-124.096014
2022-06-25T22:00:09.000,2.11,17.78,7.94,44.688471,-124.096014
2022-06-25T22:15:09.000,2.1,17.75,7.95,44.688471,-124.096014
2022-06-25T22:30:09.000,2.12,17.88,7.95,44.688471,-124.096014
2022-06-25T22:45:09.000,2.12,17.9,7.95,44.688471,-124.096014
2022-06-25T23:00:09.000,2.1,17.75,7.95,44.688471,-124.096014
2022-06-25T23:15:09.000,2.14,18.03,7.97,44.688471,-124.096014
2022-06-25T23:30:09.000,2.11,17.83,7.97,44.688471,-124.096014
2022-06-25T23:45:09.000,2.14,18.03,7.98,44.688471,-124.096014
2022-06-26T00:00:09.000,2.19,18.49,7.99,44.688471,-124.096014
2022-06-26T00:15:09.000,2.21,18.67,8.01,44.688471,-124.096014
2022-06-26T00:30:09.000,2.31,19.48,8.03,44.688471,-124.096014
2022-06-26T00:45:09.000,2.39,20.21,8.04,44.688471,-124.096014
2022-06-26T01:00:09.000,2.46,20.82,8.07,44.688471,-124.096014
2022-06-26T01:15:09.000,2.5,21.15,8.08,44.688471,-124.096014
2022-06-26T01:30:09.000,2.54,21.47,8.09,44.688471,-124.096014
2022-06-26T01:45:09.000,2.54,21.53,8.09,44.688471,-124.096014
2022-06-26T02:00:09.000,2.56,21.66,8.1,44.688471,-124.096014
2022-06-26T02:15:09.000,2.35,19.89,8.04,44.688471,-124.096014
2022-06-26T02:30:09.000,2.19,18.48,7.97,44.688471,-124.096014
2022-06-26T02:45:09.000,2.29,19.34,7.95,44.688471,-124.096014
2022-06-26T03:00:09.000,2.38,20.07,7.95,44.688471,-124.096014
2022-06-26T03:15:09.000,2.35,19.84,7.95,44.688471,-124.096014
2022-06-26T03:30:09.000,2.44,20.61,7.97,44.688471,-124.096014
2022-06-26T03:45:09.000,2.46,20.77,7.98,44.688471,-124.096014
2022-06-26T04:00:09.000,2.46,20.8,7.98,44.688471,-124.096014
2022-06-26T04:15:09.000,2.5,21.11,7.97,44.688471,-124.096014
2022-06-26T04:30:09.000,2.58,21.75,7.98,44.688471,-124.096014
2022-06-26T04:45:09.000,2.55,21.55,7.97,44.688471,-124.096014
2022-06-26T05:00:09.000,2.47,20.82,7.96,44.688471,-124.096014
2022-06-26T05:15:09.000,2.44,20.54,7.95,44.688471,-124.096014
2022-06-26T05:30:09.000,2.46,20.72,7.95,44.688471,-124.096014
2022-06-26T05:45:09.000,2.48,20.9,7.97,44.688471,-124.096014
2022-06-26T06:00:09.000,2.51,21.21,7.97,44.688471,-124.096014
2022-06-26T06:15:09.000,2.54,21.45,7.99,44.688471,-124.096014
2022-06-26T06:30:09.000,2.55,21.53,7.99,44.688471,-124.096014
2022-06-26T06:45:09.000,2.53,21.37,7.99,44.688471,-124.096014
2022-06-26T07:00:09.000,2.59,21.86,8.02,44.688471,-124.096014
2022-06-26T07:15:09.000,2.67,22.55,8.02,44.688471,-124.096014
2022-06-26T07:30:09.000,2.64,22.28,8.02,44.688471,-124.096014
2022-06-26T07:45:09.000,2.67,22.6,8.02,44.688471,-124.096014
2022-06-26T08:00:09.000,2.71,22.87,8,44.688471,-124.096014
2022-06-26T08:15:09.000,2.67,22.55,7.99,44.688471,-124.096014
2022-06-26T08:30:09.000,2.68,22.65,7.99,44.688471,-124.096014
2022-06-26T08:45:09.000,2.69,22.69,7.99,44.688471,-124.096014
2022-06-26T09:00:09.000,2.67,22.52,7.98,44.688471,-124.096014
2022-06-26T09:15:09.000,2.67,22.5,7.97,44.688471,-124.096014
2022-06-26T09:30:09.000,2.64,22.25,7.89,44.688471,-124.096014
2022-06-26T09:45:09.000,2.64,22.22,7.88,44.688471,-124.096014
2022-06-26T10:00:09.000,2.61,21.99,7.88,44.688471,-124.096014
2022-06-26T10:15:09.000,2.62,22.06,7.87,44.688471,-124.096014
2022-06-26T10:30:09.000,2.63,22.12,7.87,44.688471,-124.096014
2022-06-26T10:45:09.000,2.62,22.04,7.86,44.688471,-124.096014
2022-06-26T11:00:09.000,2.62,22.03,7.86,44.688471,-124.096014
2022-06-26T11:15:09.000,2.61,21.96,7.87,44.688471,-124.096014
2022-06-26T11:30:09.000,2.61,21.94,7.86,44.688471,-124.096014
2022-06-26T11:45:09.000,2.61,21.93,7.85,44.688471,-124.096014
2022-06-26T12:00:09.000,2.61,21.94,7.85,44.688471,-124.096014
2022-06-26T12:15:09.000,2.56,21.55,7.83,44.688471,-124.096014
2022-06-26T12:30:09.000,2.53,21.24,7.81,44.688471,-124.096014
2022-06-26T12:45:09.000,2.5,20.97,7.8,44.688471,-124.096014
2022-06-26T13:00:09.000,2.49,20.95,7.8,44.688471,-124.096014
2022-06-26T13:15:09.000,2.45,20.57,7.79,44.688471,-124.096014
2022-06-26T13:30:09.000,2.45,20.55,7.8,44.688471,-124.096014
2022-06-26T13:45:09.000,2.44,20.53,7.79,44.688471,-124.096014
2022-06-26T14:00:09.000,2.44,20.46,7.78,44.688471,-124.096014
2022-06-26T14:15:09.000,2.45,20.58,7.78,44.688471,-124.096014
2022-06-26T14:30:09.000,2.41,20.23,7.78,44.688471,-124.096014
2022-06-26T14:45:09.000,2.43,20.39,7.78,44.688471,-124.096014
2022-06-26T15:00:09.000,2.44,20.45,7.78,44.688471,-124.096014
2022-06-26T15:15:09.000,2.46,20.63,7.79,44.688471,-124.096014
2022-06-26T15:30:09.000,2.48,20.8,7.8,44.688471,-124.096014
2022-06-26T15:45:09.000,2.53,21.25,7.82,44.688471,-124.096014
2022-06-26T16:00:09.000,2.58,21.69,7.85,44.688471,-124.096014
2022-06-26T16:15:09.000,2.62,22.03,7.87,44.688471,-124.096014
2022-06-26T16:30:09.000,2.66,22.46,7.92,44.688471,-124.096014
2022-06-26T16:45:09.000,2.79,23.58,7.99,44.688471,-124.096014
2022-06-26T17:00:09.000,3.03,25.59,8.07,44.688471,-124.096014
2022-06-26T17:15:09.000,3.33,28.21,8.19,44.688471,-124.096014
2022-06-26T17:30:09.000,3.54,30.11,8.28,44.688471,-124.096014
2022-06-26T17:45:09.000,3.66,31.19,8.33,44.688471,-124.096014
2022-06-26T18:00:09.000,3.88,33.15,8.45,44.688471,-124.096014
2022-06-26T18:15:09.000,4.08,34.93,8.52,44.688471,-124.096014
2022-06-26T18:30:09.000,4.09,34.98,8.52,44.688471,-124.096014
2022-06-26T18:45:09.000,4.14,35.47,8.56,44.688471,-124.096014
2022-06-26T19:00:09.000,4.12,35.22,8.55,44.688471,-124.096014
2022-06-26T19:15:09.000,3.85,32.86,8.45,44.688471,-124.096014
2022-06-26T19:30:09.000,3.71,31.66,8.4,44.688471,-124.096014
2022-06-26T19:45:09.000,3.3,28.03,8.23,44.688471,-124.096014
2022-06-26T20:00:09.000,3.44,29.29,8.3,44.688471,-124.096014
2022-06-26T20:15:09.000,3.37,28.61,8.24,44.688471,-124.096014
2022-06-26T20:30:09.000,2.91,24.61,8.06,44.688471,-124.096014
2022-06-26T20:45:09.000,2.72,22.91,7.95,44.688471,-124.096014
2022-06-26T21:00:09.000,2.5,21.02,7.85,44.688471,-124.096014
2022-06-26T21:15:09.000,2.44,20.49,7.81,44.688471,-124.096014
2022-06-26T21:30:09.000,2.45,20.57,7.8,44.688471,-124.096014
2022-06-26T21:45:09.000,2.41,20.26,7.78,44.688471,-124.096014
2022-06-26T22:00:09.000,2.38,19.95,7.75,44.688471,-124.096014
2022-06-26T22:15:09.000,2.32,19.5,7.75,44.688471,-124.096014
2022-06-26T22:30:09.000,2.33,19.58,7.75,44.688471,-124.096014
2022-06-26T22:45:09.000,2.34,19.62,7.73,44.688471,-124.096014
2022-06-26T23:00:09.000,2.34,19.6,7.73,44.688471,-124.096014
2022-06-26T23:15:09.000,2.31,19.35,7.73,44.688471,-124.096014
2022-06-26T23:30:09.000,2.31,19.41,7.73,44.688471,-124.096014
2022-06-26T23:45:09.000,2.3,19.27,7.74,44.688471,-124.096014
2022-06-27T00:00:09.000,2.3,19.33,7.75,44.688471,-124.096014
2022-06-27T00:15:09.000,2.31,19.41,7.75,44.688471,-124.096014
2022-06-27T00:30:09.000,2.34,19.61,7.75,44.688471,-124.096014
2022-06-27T00:45:09.000,2.33,19.54,7.74,44.688471,-124.096014
2022-06-27T01:00:09.000,2.32,19.43,7.75,44.688471,-124.096014
2022-06-27T01:15:09.000,2.32,19.44,7.75,44.688471,-124.096014
2022-06-27T01:30:09.000,2.37,19.93,7.75,44.688471,-124.096014
2022-06-27T01:45:09.000,2.37,19.88,7.76,44.688471,-124.096014
2022-06-27T02:00:09.000,2.41,20.28,7.8,44.688471,-124.096014
2022-06-27T02:15:09.000,2.44,20.53,7.81,44.688471,-124.096014
2022-06-27T02:30:09.000,2.38,19.99,7.8,44.688471,-124.096014
2022-06-27T02:45:09.000,2.42,20.34,7.8,44.688471,-124.096014
2022-06-27T03:00:09.000,2.41,20.23,7.83,44.688471,-124.096014
2022-06-27T03:15:09.000,2.58,21.78,7.93,44.688471,-124.096014
2022-06-27T03:30:09.000,3.12,26.49,8.17,44.688471,-124.096014
2022-06-27T03:45:09.000,3.41,29.01,8.31,44.688471,-124.096014
2022-06-27T04:00:09.000,3.59,30.63,8.4,44.688471,-124.096014
2022-06-27T04:15:09.000,3.77,32.21,8.47,44.688471,-124.096014
2022-06-27T04:30:09.000,3.91,33.48,8.54,44.688471,-124.096014
2022-06-27T04:45:09.000,4.16,35.66,8.65,44.688471,-124.096014
2022-06-27T05:00:09.000,4.38,37.63,8.76,44.688471,-124.096014
2022-06-27T05:15:09.000,4.75,41.01,8.93,44.688471,-124.096014
2022-06-27T05:30:09.000,4.94,42.8,9.04,44.688471,-124.096014
2022-06-27T05:45:09.000,4.67,40.35,8.94,44.688471,-124.096014
2022-06-27T06:00:09.000,4.88,42.21,9.02,44.688471,-124.096014
2022-06-27T06:15:09.000,5.14,44.66,9.19,44.688471,-124.096014
2022-06-27T06:30:09.000,5.25,45.77,9.33,44.688471,-124.096014
2022-06-27T06:45:09.000,5.21,45.42,9.35,44.688471,-124.096014
2022-06-27T07:00:09.000,4.09,35.15,8.74,44.688471,-124.096014
2022-06-27T07:15:09.000,3.14,26.71,8.26,44.688471,-124.096014
2022-06-27T07:30:09.000,3.19,27.11,8.23,44.688471,-124.096014
2022-06-27T07:45:09.000,3.23,27.44,8.25,44.688471,-124.096014
2022-06-27T08:00:09.000,3.27,27.76,8.26,44.688471,-124.096014
2022-06-27T08:15:09.000,3.23,27.46,8.26,44.688471,-124.096014
2022-06-27T08:30:09.000,3.27,27.8,8.28,44.688471,-124.096014
2022-06-27T08:45:09.000,3.39,28.89,8.33,44.688471,-124.096014
2022-06-27T09:00:09.000,3.48,29.65,8.36,44.688471,-124.096014
2022-06-27T09:15:09.000,3.47,29.6,8.36,44.688471,-124.096014
2022-06-27T09:30:09.000,3.45,29.4,8.33,44.688471,-124.096014
2022-06-27T09:45:09.000,3.39,28.84,8.31,44.688471,-124.096014
2022-06-27T10:00:09.000,3.38,28.71,8.29,44.688471,-124.096014
2022-06-27T10:15:09.000,3.36,28.55,8.28,44.688471,-124.096014
2022-06-27T10:30:09.000,3.32,28.2,8.28,44.688471,-124.096014
2022-06-27T10:45:09.000,3.26,27.68,8.23,44.688471,-124.096014
2022-06-27T11:00:09.000,3.17,26.88,8.21,44.688471,-124.096014
2022-06-27T11:15:09.000,3.15,26.72,8.19,44.688471,-124.096014
2022-06-27T11:30:09.000,3.13,26.58,8.19,44.688471,-124.096014
2022-06-27T11:45:09.000,3.12,26.44,8.18,44.688471,-124.096014
2022-06-27T12:00:09.000,3.22,27.34,8.23,44.688471,-124.096014
2022-06-27T12:15:09.000,3.13,26.56,8.21,44.688471,-124.096014
2022-06-27T12:30:09.000,3.07,26.01,8.19,44.688471,-124.096014
2022-06-27T12:45:09.000,3.11,26.34,8.19,44.688471,-124.096014
2022-06-27T13:00:09.000,3.1,26.32,8.19,44.688471,-124.096014
2022-06-27T13:15:09.000,3.1,26.28,8.19,44.688471,-124.096014
2022-06-27T13:30:09.000,3.08,26.14,8.19,44.688471,-124.096014
2022-06-27T13:45:09.000,3.05,25.87,8.18,44.688471,-124.096014
2022-06-27T14:00:09.000,3.08,26.13,8.18,44.688471,-124.096014
2022-06-27T14:15:09.000,3.08,26.1,8.18,44.688471,-124.096014
2022-06-27T14:30:09.000,3.02,25.63,8.17,44.688471,-124.096014
2022-06-27T14:45:09.000,3.05,25.83,8.18,44.688471,-124.096014
2022-06-27T15:00:09.000,3.16,26.79,8.23,44.688471,-124.096014
2022-06-27T15:15:09.000,3.33,28.38,8.33,44.688471,-124.096014
2022-06-27T15:30:09.000,3.59,30.59,8.42,44.688471,-124.096014
2022-06-27T15:45:09.000,3.74,31.96,8.5,44.688471,-124.096014
2022-06-27T16:00:09.000,3.89,33.33,8.58,44.688471,-124.096014
2022-06-27T16:15:09.000,4.01,34.45,8.66,44.688471,-124.096014
2022-06-27T16:30:09.000,4.27,36.74,8.76,44.688471,-124.096014
2022-06-27T16:45:09.000,4.8,41.47,8.95,44.688471,-124.096014
2022-06-27T17:00:09.000,4.98,43.14,9.02,44.688471,-124.096014
2022-06-27T17:15:09.000,5.56,48.35,9.23,44.688471,-124.096014
2022-06-27T17:30:09.000,3.92,33.65,8.68,44.688471,-124.096014
2022-06-27T17:45:09.000,3.8,32.51,8.58,44.688471,-124.096014
2022-06-27T18:00:09.000,3.61,30.8,8.48,44.688471,-124.096014
2022-06-27T18:15:09.000,4.06,34.86,8.66,44.688471,-124.096014
2022-06-27T18:30:09.000,4.41,37.95,8.8,44.688471,-124.096014
2022-06-27T18:45:09.000,4.55,39.21,8.85,44.688471,-124.096014
2022-06-27T19:00:09.000,4.79,41.36,8.9,44.688471,-124.096014
2022-06-27T19:15:09.000,3.77,32.26,8.57,44.688471,-124.096014
2022-06-27T19:30:09.000,3.69,31.52,8.52,44.688471,-124.096014
2022-06-27T19:45:09.000,3.53,30.15,8.44,44.688471,-124.096014
2022-06-27T20:00:09.000,3.55,30.32,8.42,44.688471,-124.096014
2022-06-27T20:15:09.000,3.46,29.48,8.38,44.688471,-124.096014
2022-06-27T20:30:09.000,3.37,28.65,8.33,44.688471,-124.096014
2022-06-27T20:45:09.000,3.31,28.13,8.31,44.688471,-124.096014
2022-06-27T21:00:09.000,3.31,28.17,8.3,44.688471,-124.096014
2022-06-27T21:15:09.000,3.3,28.07,8.32,44.688471,-124.096014
2022-06-27T21:30:09.000,3.22,27.39,8.28,44.688471,-124.096014
2022-06-27T21:45:09.000,3.22,27.4,8.27,44.688471,-124.096014
2022-06-27T22:00:09.000,3.28,27.9,8.32,44.688471,-124.096014
2022-06-27T22:15:09.000,3.41,29.06,8.38,44.688471,-124.096014
2022-06-27T22:30:09.000,3.51,29.91,8.43,44.688471,-124.096014
2022-06-27T22:45:09.000,3.53,30.16,8.45,44.688471,-124.096014
2022-06-27T23:00:09.000,3.56,30.43,8.47,44.688471,-124.096014
2022-06-27T23:15:09.000,3.61,30.88,8.5,44.688471,-124.096014
2022-06-27T23:30:09.000,3.6,30.78,8.51,44.688471,-124.096014
2022-06-27T23:45:09.000,4.35,37.41,8.71,44.688471,-124.096014
2022-06-28T00:00:09.000,3.79,32.49,8.59,44.688471,-124.096014
2022-06-28T00:15:09.000,5.87,50.92,9.09,44.688471,-124.096014
