Time (UTC),DO (ml/L),Dissolved Oxygen (%),Temperature (C),Latitude,Longitude
2022-06-08T02:33:44.000,2.37,19.99,7.97,44.631778,-124.202753
2022-06-08T02:48:44.000,2.38,20.02,7.92,44.631778,-124.202753
2022-06-08T03:03:44.000,2.38,20.03,7.92,44.631778,-124.202753
2022-06-08T03:18:44.000,2.38,20.08,7.91,44.631778,-124.202753
2022-06-08T03:33:44.000,2.39,20.16,7.9,44.631778,-124.202753
2022-06-08T03:48:44.000,2.41,20.31,7.9,44.631778,-124.202753
2022-06-08T04:03:44.000,2.42,20.37,7.9,44.631778,-124.202753
2022-06-08T04:18:44.000,2.43,20.47,7.9,44.631778,-124.202753
2022-06-08T04:33:44.000,2.44,20.58,7.88,44.631778,-124.202753
2022-06-08T04:48:44.000,2.45,20.6,7.87,44.631778,-124.202753
2022-06-08T05:03:44.000,2.45,20.59,7.87,44.631778,-124.202753
2022-06-08T05:18:44.000,2.44,20.57,7.87,44.631778,-124.202753
2022-06-08T05:33:44.000,2.44,20.55,7.87,44.631778,-124.202753
2022-06-08T05:48:44.000,2.43,20.49,7.87,44.631778,-124.202753
2022-06-08T06:03:44.000,2.39,20.14,7.87,44.631778,-124.202753
2022-06-08T06:18:44.000,2.44,20.51,7.87,44.631778,-124.202753
2022-06-08T06:33:44.000,2.42,20.39,7.87,44.631778,-124.202753
2022-06-08T06:48:44.000,2.41,20.32,7.87,44.631778,-124.202753
2022-06-08T07:03:44.000,2.39,20.16,7.87,44.631778,-124.202753
2022-06-08T07:18:44.000,2.4,20.23,7.87,44.631778,-124.202753
2022-06-08T07:33:44.000,2.42,20.35,7.87,44.631778,-124.202753
2022-06-08T07:48:44.000,2.33,19.64,7.87,44.631778,-124.202753
2022-06-08T08:03:44.000,2.41,20.3,7.87,44.631778,-124.202753
2022-06-08T08:18:44.000,2.39,20.15,7.87,44.631778,-124.202753
2022-06-08T08:33:44.000,2.4,20.21,7.87,44.631778,-124.202753
2022-06-08T08:48:44.000,2.37,19.98,7.87,44.631778,-124.202753
2022-06-08T09:03:44.000,2.4,20.19,7.87,44.631778,-124.202753
2022-06-08T09:18:44.000,2.37,19.94,7.87,44.631778,-124.202753
2022-06-08T09:33:44.000,2.41,20.26,7.86,44.631778,-124.202753
2022-06-08T09:48:44.000,2.39,20.14,7.87,44.631778,-124.202753
2022-06-08T10:03:44.000,2.38,20,7.87,44.631778,-124.202753
2022-06-08T10:18:44.000,2.37,19.93,7.87,44.631778,-124.202753
2022-06-08T10:33:44.000,2.36,19.88,7.87,44.631778,-124.202753
2022-06-08T10:48:44.000,2.37,19.97,7.87,44.631778,-124.202753
2022-06-08T11:03:44.000,2.35,19.77,7.88,44.631778,-124.202753
2022-06-08T11:18:44.000,2.35,19.81,7.88,44.631778,-124.202753
2022-06-08T11:33:44.000,2.34,19.74,7.89,44.631778,-124.202753
2022-06-08T11:48:44.000,2.34,19.74,7.9,44.631778,-124.202753
2022-06-08T12:03:44.000,2.33,19.64,7.9,44.631778,-124.202753
2022-06-08T12:18:44.000,2.32,19.53,7.9,44.631778,-124.202753
2022-06-08T12:33:44.000,2.31,19.48,7.9,44.631778,-124.202753
2022-06-08T12:48:44.000,2.32,19.53,7.92,44.631778,-124.202753
2022-06-08T13:03:44.000,2.3,19.34,7.92,44.631778,-124.202753
2022-06-08T13:18:44.000,2.31,19.47,7.92,44.631778,-124.202753
2022-06-08T13:33:44.000,2.33,19.6,7.93,44.631778,-124.202753
2022-06-08T13:48:44.000,2.3,19.41,7.94,44.631778,-124.202753
2022-06-08T14:03:44.000,2.3,19.36,7.95,44.631778,-124.202753
2022-06-08T14:18:44.000,2.26,19.05,7.95,44.631778,-124.202753
2022-06-08T14:33:44.000,2.25,19.01,7.95,44.631778,-124.202753
2022-06-08T14:48:44.000,2.29,19.29,7.95,44.631778,-124.202753
2022-06-08T15:03:44.000,2.28,19.25,7.95,44.631778,-124.202753
2022-06-08T15:18:44.000,2.26,19.02,7.95,44.631778,-124.202753
2022-06-08T15:33:44.000,2.3,19.36,7.95,44.631778,-124.202753
2022-06-08T15:48:44.000,2.23,18.83,7.95,44.631778,-124.202753
2022-06-08T16:03:44.000,2.26,19.09,7.95,44.631778,-124.202753
2022-06-08T16:18:44.000,2.2,18.53,7.95,44.631778,-124.202753
2022-06-08T16:33:44.000,2.2,18.54,7.95,44.631778,-124.202753
2022-06-08T16:48:44.000,2.11,17.81,7.95,44.631778,-124.202753
2022-06-08T17:03:44.000,2.19,18.5,7.95,44.631778,-124.202753
2022-06-08T17:18:44.000,2.2,18.54,7.95,44.631778,-124.202753
2022-06-08T17:33:44.000,2.13,17.98,7.95,44.631778,-124.202753
2022-06-08T17:48:44.000,2.17,18.31,7.95,44.631778,-124.202753
2022-06-08T18:03:44.000,2.14,18.03,7.95,44.631778,-124.202753
2022-06-08T18:18:44.000,2.19,18.5,7.95,44.631778,-124.202753
2022-06-08T18:33:44.000,2.22,18.73,7.95,44.631778,-124.202753
2022-06-08T18:48:44.000,2.22,18.74,7.95,44.631778,-124.202753
2022-06-08T19:03:44.000,2.25,18.95,7.95,44.631778,-124.202753
2022-06-08T19:18:44.000,2.25,18.98,7.97,44.631778,-124.202753
2022-06-08T19:33:44.000,2.25,19.01,7.97,44.631778,-124.202753
2022-06-08T19:48:44.000,2.26,19.1,7.98,44.631778,-124.202753
2022-06-08T20:03:44.000,2.26,19.05,7.99,44.631778,-124.202753
2022-06-08T20:18:44.000,2.25,19,7.99,44.631778,-124.202753
2022-06-08T20:33:44.000,2.25,19.02,8,44.631778,-124.202753
2022-06-08T20:48:44.000,2.24,18.94,8.01,44.631778,-124.202753
2022-06-08T21:03:44.000,2.24,18.96,8.02,44.631778,-124.202753
2022-06-08T21:18:44.000,2.23,18.83,8.02,44.631778,-124.202753
2022-06-08T21:33:44.000,2.24,18.93,8.02,44.631778,-124.202753
2022-06-08T21:48:44.000,2.24,18.92,8.02,44.631778,-124.202753
2022-06-08T22:03:44.000,2.23,18.88,8.02,44.631778,-124.202753
2022-06-08T22:18:44.000,2.24,18.93,8.03,44.631778,-124.202753
2022-06-08T22:33:44.000,2.24,18.95,8.04,44.631778,-124.202753
2022-06-08T22:48:44.000,2.25,18.98,8.04,44.631778,-124.202753
2022-06-08T23:03:44.000,2.22,18.81,8.04,44.631778,-124.202753
2022-06-08T23:18:44.000,2.25,19.01,8.04,44.631778,-124.202753
2022-06-08T23:33:44.000,2.23,18.88,8.04,44.631778,-124.202753
2022-06-08T23:48:44.000,2.24,18.96,8.04,44.631778,-124.202753
2022-06-09T00:03:44.000,2.25,19.03,8.04,44.631778,-124.202753
2022-06-09T00:18:44.000,2.22,18.8,8.04,44.631778,-124.202753
2022-06-09T00:33:44.000,2.17,18.35,8.04,44.631778,-124.202753
2022-06-09T00:48:44.000,2.25,19,8.04,44.631778,-124.202753
2022-06-09T01:03:44.000,2.21,18.68,8.04,44.631778,-124.202753
2022-06-09T01:18:44.000,2.25,19.01,8.04,44.631778,-124.202753
2022-06-09T01:33:44.000,2.27,19.16,8.04,44.631778,-124.202753
2022-06-09T01:48:44.000,2.27,19.17,8.04,44.631778,-124.202753
2022-06-09T02:03:44.000,2.26,19.08,8.04,44.631778,-124.202753
2022-06-09T02:18:44.000,2.23,18.84,8.04,44.631778,-124.202753
2022-06-09T02:33:44.000,2.23,18.86,8.04,44.631778,-124.202753
2022-06-09T02:48:44.000,2.22,18.77,8.04,44.631778,-124.202753
2022-06-09T03:03:44.000,2.24,18.93,8.03,44.631778,-124.202753
2022-06-09T03:18:44.000,2.25,19.02,8.02,44.631778,-124.202753
2022-06-09T03:33:44.000,2.25,19.03,8.02,44.631778,-124.202753
2022-06-09T03:48:44.000,2.23,18.82,8.01,44.631778,-124.202753
2022-06-09T04:03:44.000,2.26,19.12,7.99,44.631778,-124.202753
2022-06-09T04:18:44.000,2.26,19.04,7.97,44.631778,-124.202753
2022-06-09T04:33:44.000,2.26,19.1,7.97,44.631778,-124.202753
2022-06-09T04:48:44.000,2.26,19.07,7.96,44.631778,-124.202753
2022-06-09T05:03:44.000,2.19,18.47,7.95,44.631778,-124.202753
2022-06-09T05:18:44.000,2.27,19.16,7.95,44.631778,-124.202753
2022-06-09T05:33:44.000,2.28,19.22,7.95,44.631778,-124.202753
2022-06-09T05:48:44.000,2.28,19.21,7.95,44.631778,-124.202753
2022-06-09T06:03:44.000,2.28,19.23,7.95,44.631778,-124.202753
2022-06-09T06:18:44.000,2.28,19.24,7.95,44.631778,-124.202753
2022-06-09T06:33:44.000,2.28,19.21,7.94,44.631778,-124.202753
2022-06-09T06:48:44.000,2.25,19,7.94,44.631778,-124.202753
2022-06-09T07:03:44.000,2.17,18.34,7.94,44.631778,-124.202753
2022-06-09T07:18:44.000,2.22,18.7,7.94,44.631778,-124.202753
2022-06-09T07:33:44.000,2.28,19.21,7.93,44.631778,-124.202753
2022-06-09T07:48:44.000,2.22,18.72,7.93,44.631778,-124.202753
2022-06-09T08:03:44.000,2.26,19.07,7.93,44.631778,-124.202753
2022-06-09T08:18:44.000,2.19,18.44,7.93,44.631778,-124.202753
2022-06-09T08:33:44.000,2.14,18.07,7.93,44.631778,-124.202753
2022-06-09T08:48:44.000,2.17,18.26,7.93,44.631778,-124.202753
2022-06-09T09:03:44.000,2.17,18.26,7.93,44.631778,-124.202753
2022-06-09T09:18:44.000,2.13,17.95,7.94,44.631778,-124.202753
2022-06-09T09:33:44.000,2.23,18.77,7.94,44.631778,-124.202753
2022-06-09T09:48:44.000,2.19,18.51,7.94,44.631778,-124.202753
2022-06-09T10:03:44.000,2.23,18.81,7.94,44.631778,-124.202753
2022-06-09T10:18:44.000,2.23,18.78,7.95,44.631778,-124.202753
2022-06-09T10:33:44.000,2.23,18.84,7.95,44.631778,-124.202753
2022-06-09T10:48:44.000,2.22,18.74,7.95,44.631778,-124.202753
2022-06-09T11:03:44.000,2.22,18.7,7.95,44.631778,-124.202753
2022-06-09T11:18:44.000,2.23,18.79,7.95,44.631778,-124.202753
2022-06-09T11:33:44.000,2.21,18.61,7.97,44.631778,-124.202753
2022-06-09T11:48:44.000,2.17,18.3,7.97,44.631778,-124.202753
2022-06-09T12:03:44.000,2.21,18.64,7.97,44.631778,-124.202753
2022-06-09T12:18:44.000,2.18,18.38,7.97,44.631778,-124.202753
2022-06-09T12:33:44.000,2.16,18.22,7.97,44.631778,-124.202753
2022-06-09T12:48:44.000,2.19,18.51,7.97,44.631778,-124.202753
2022-06-09T13:03:44.000,2.21,18.62,7.97,44.631778,-124.202753
2022-06-09T13:18:44.000,2.16,18.2,7.98,44.631778,-124.202753
2022-06-09T13:33:44.000,2.11,17.83,7.98,44.631778,-124.202753
2022-06-09T13:48:44.000,2.13,17.96,7.98,44.631778,-124.202753
2022-06-09T14:03:44.000,2.09,17.68,7.98,44.631778,-124.202753
2022-06-09T14:18:44.000,2.15,18.14,7.98,44.631778,-124.202753
2022-06-09T14:33:44.000,2.19,18.48,7.98,44.631778,-124.202753
2022-06-09T14:48:44.000,2.18,18.4,7.98,44.631778,-124.202753
2022-06-09T15:03:44.000,2.15,18.17,7.97,44.631778,-124.202753
2022-06-09T15:18:44.000,2.13,17.95,7.97,44.631778,-124.202753
2022-06-09T15:33:44.000,2.16,18.22,7.97,44.631778,-124.202753
2022-06-09T15:48:44.000,2.13,17.95,7.97,44.631778,-124.202753
2022-06-09T16:03:44.000,2.15,18.18,7.97,44.631778,-124.202753
2022-06-09T16:18:44.000,2.17,18.28,7.97,44.631778,-124.202753
2022-06-09T16:33:44.000,2.19,18.45,7.97,44.631778,-124.202753
2022-06-09T16:48:44.000,2.19,18.45,7.97,44.631778,-124.202753
2022-06-09T17:03:44.000,2.19,18.45,7.97,44.631778,-124.202753
2022-06-09T17:18:44.000,2.18,18.42,7.97,44.631778,-124.202753
2022-06-09T17:33:44.000,2.16,18.24,7.97,44.631778,-124.202753
2022-06-09T17:48:44.000,2.17,18.33,7.97,44.631778,-124.202753
2022-06-09T18:03:44.000,2.16,18.21,7.97,44.631778,-124.202753
2022-06-09T18:18:44.000,2.21,18.62,7.96,44.631778,-124.202753
2022-06-09T18:33:44.000,2.21,18.68,7.96,44.631778,-124.202753
2022-06-09T18:48:44.000,2.21,18.65,7.95,44.631778,-124.202753
2022-06-09T19:03:44.000,2.22,18.75,7.95,44.631778,-124.202753
2022-06-09T19:18:44.000,2.2,18.55,7.95,44.631778,-124.202753
2022-06-09T19:33:44.000,2.19,18.49,7.95,44.631778,-124.202753
2022-06-09T19:48:44.000,2.21,18.63,7.95,44.631778,-124.202753
2022-06-09T20:03:44.000,2.23,18.77,7.95,44.631778,-124.202753
2022-06-09T20:18:44.000,2.25,18.94,7.94,44.631778,-124.202753
2022-06-09T20:33:44.000,2.24,18.85,7.93,44.631778,-124.202753
2022-06-09T20:48:44.000,2.25,18.96,7.93,44.631778,-124.202753
2022-06-09T21:03:44.000,2.26,19.01,7.92,44.631778,-124.202753
2022-06-09T21:18:44.000,2.22,18.7,7.92,44.631778,-124.202753
2022-06-09T21:33:44.000,2.2,18.5,7.92,44.631778,-124.202753
2022-06-09T21:48:44.000,2.24,18.88,7.92,44.631778,-124.202753
2022-06-09T22:03:44.000,2.22,18.72,7.92,44.631778,-124.202753
2022-06-09T22:18:44.000,2.21,18.64,7.92,44.631778,-124.202753
2022-06-09T22:33:44.000,2.23,18.79,7.92,44.631778,-124.202753
2022-06-09T22:48:44.000,2.21,18.6,7.92,44.631778,-124.202753
2022-06-09T23:03:44.000,2.2,18.55,7.92,44.631778,-124.202753
2022-06-09T23:18:44.000,2.22,18.71,7.93,44.631778,-124.202753
2022-06-09T23:33:44.000,2.21,18.63,7.94,44.631778,-124.202753
2022-06-09T23:48:44.000,2.2,18.56,7.94,44.631778,-124.202753
2022-06-10T00:03:44.000,2.2,18.57,7.95,44.631778,-124.202753
2022-06-10T00:18:44.000,2.21,18.6,7.95,44.631778,-124.202753
2022-06-10T00:33:44.000,2.22,18.7,7.95,44.631778,-124.202753
2022-06-10T00:48:44.000,2.2,18.6,7.96,44.631778,-124.202753
2022-06-10T01:03:44.000,2.2,18.55,7.97,44.631778,-124.202753
2022-06-10T01:18:44.000,2.2,18.56,7.97,44.631778,-124.202753
2022-06-10T01:33:44.000,2.19,18.51,7.97,44.631778,-124.202753
2022-06-10T01:48:44.000,2.2,18.57,7.97,44.631778,-124.202753
2022-06-10T02:03:44.000,2.18,18.4,7.98,44.631778,-124.202753
2022-06-10T02:18:44.000,2.18,18.42,7.97,44.631778,-124.202753
2022-06-10T02:33:44.000,2.18,18.42,7.97,44.631778,-124.202753
2022-06-10T02:48:44.000,2.16,18.26,7.97,44.631778,-124.202753
2022-06-10T03:03:44.000,2.18,18.44,7.97,44.631778,-124.202753
2022-06-10T03:18:44.000,2.19,18.46,7.97,44.631778,-124.202753
2022-06-10T03:33:44.000,2.18,18.4,7.97,44.631778,-124.202753
2022-06-10T03:48:44.000,2.17,18.29,7.97,44.631778,-124.202753
2022-06-10T04:03:44.000,2.18,18.37,7.97,44.631778,-124.202753
2022-06-10T04:18:44.000,2.18,18.36,7.97,44.631778,-124.202753
2022-06-10T04:33:44.000,2.19,18.44,7.96,44.631778,-124.202753
2022-06-10T04:48:44.000,2.18,18.39,7.95,44.631778,-124.202753
2022-06-10T05:03:44.000,2.18,18.35,7.95,44.631778,-124.202753
2022-06-10T05:18:44.000,2.18,18.38,7.95,44.631778,-124.202753
2022-06-10T05:33:44.000,2.11,17.82,7.95,44.631778,-124.202753
2022-06-10T05:48:44.000,2.19,18.5,7.94,44.631778,-124.202753
2022-06-10T06:03:44.000,2.22,18.67,7.92,44.631778,-124.202753
2022-06-10T06:18:44.000,2.23,18.8,7.92,44.631778,-124.202753
2022-06-10T06:33:44.000,2.24,18.89,7.9,44.631778,-124.202753
2022-06-10T06:48:44.000,2.21,18.63,7.9,44.631778,-124.202753
2022-06-10T07:03:44.000,2.23,18.76,7.9,44.631778,-124.202753
2022-06-10T07:18:44.000,2.23,18.77,7.9,44.631778,-124.202753
2022-06-10T07:33:44.000,2.23,18.77,7.9,44.631778,-124.202753
2022-06-10T07:48:44.000,2.23,18.77,7.9,44.631778,-124.202753
2022-06-10T08:03:44.000,2.21,18.62,7.9,44.631778,-124.202753
2022-06-10T08:18:44.000,2.18,18.33,7.9,44.631778,-124.202753
2022-06-10T08:33:44.000,2.2,18.49,7.9,44.631778,-124.202753
2022-06-10T08:48:44.000,2.2,18.56,7.9,44.631778,-124.202753
2022-06-10T09:03:44.000,2.2,18.55,7.9,44.631778,-124.202753
2022-06-10T09:18:44.000,2.19,18.47,7.91,44.631778,-124.202753
2022-06-10T09:33:44.000,2.18,18.37,7.92,44.631778,-124.202753
2022-06-10T09:48:44.000,2.16,18.19,7.92,44.631778,-124.202753
2022-06-10T10:03:44.000,2.16,18.23,7.94,44.631778,-124.202753
2022-06-10T10:18:44.000,2.16,18.19,7.95,44.631778,-124.202753
2022-06-10T10:33:44.000,2.16,18.26,7.96,44.631778,-124.202753
2022-06-10T10:48:44.000,2.16,18.26,7.97,44.631778,-124.202753
2022-06-10T11:03:44.000,2.17,18.3,7.99,44.631778,-124.202753
2022-06-10T11:18:44.000,2.17,18.32,7.99,44.631778,-124.202753
2022-06-10T11:33:44.000,2.16,18.25,8.02,44.631778,-124.202753
2022-06-10T11:48:44.000,2.17,18.34,8.02,44.631778,-124.202753
2022-06-10T12:03:44.000,2.18,18.42,8.03,44.631778,-124.202753
2022-06-10T12:18:44.000,2.19,18.52,8.04,44.631778,-124.202753
2022-06-10T12:33:44.000,2.21,18.72,8.05,44.631778,-124.202753
2022-06-10T12:48:44.000,2.23,18.89,8.06,44.631778,-124.202753
2022-06-10T13:03:44.000,2.24,18.94,8.07,44.631778,-124.202753
2022-06-10T13:18:44.000,2.25,19.04,8.07,44.631778,-124.202753
2022-06-10T13:33:44.000,2.26,19.1,8.07,44.631778,-124.202753
2022-06-10T13:48:44.000,2.26,19.12,8.08,44.631778,-124.202753
2022-06-10T14:03:44.000,2.26,19.14,8.08,44.631778,-124.202753
2022-06-10T14:18:44.000,2.26,19.15,8.08,44.631778,-124.202753
2022-06-10T14:33:44.000,2.26,19.08,8.07,44.631778,-124.202753
2022-06-10T14:48:44.000,2.28,19.28,8.07,44.631778,-124.202753
2022-06-10T15:03:44.000,2.3,19.47,8.07,44.631778,-124.202753
2022-06-10T15:18:44.000,2.3,19.45,8.07,44.631778,-124.202753
2022-06-10T15:33:44.000,2.31,19.52,8.07,44.631778,-124.202753
2022-06-10T15:48:44.000,2.31,19.56,8.07,44.631778,-124.202753
2022-06-10T16:03:44.000,2.3,19.45,8.07,44.631778,-124.202753
2022-06-10T16:18:44.000,2.32,19.63,8.07,44.631778,-124.202753
2022-06-10T16:33:44.000,2.3,19.44,8.07,44.631778,-124.202753
2022-06-10T16:48:44.000,2.3,19.48,8.06,44.631778,-124.202753
2022-06-10T17:03:44.000,2.29,19.35,8.06,44.631778,-124.202753
2022-06-10T17:18:44.000,2.32,19.58,8.06,44.631778,-124.202753
2022-06-10T17:33:44.000,2.29,19.38,8.05,44.631778,-124.202753
2022-06-10T17:48:44.000,2.29,19.37,8.05,44.631778,-124.202753
2022-06-10T18:03:44.000,2.24,18.95,8.04,44.631778,-124.202753
2022-06-10T18:18:44.000,2.28,19.24,8.04,44.631778,-124.202753
2022-06-10T18:33:44.000,2.29,19.36,8.04,44.631778,-124.202753
2022-06-10T18:48:44.000,2.28,19.3,8.04,44.631778,-124.202753
2022-06-10T19:03:44.000,2.24,18.93,8.04,44.631778,-124.202753
2022-06-10T19:18:44.000,2.26,19.11,8.04,44.631778,-124.202753
2022-06-10T19:33:44.000,2.26,19.12,8.04,44.631778,-124.202753
2022-06-10T19:48:44.000,2.28,19.27,8.04,44.631778,-124.202753
2022-06-10T20:03:44.000,2.26,19.09,8.04,44.631778,-124.202753
2022-06-10T20:18:44.000,2.19,18.51,8.04,44.631778,-124.202753
2022-06-10T20:33:44.000,2.26,19.1,8.04,44.631778,-124.202753
2022-06-10T20:48:44.000,2.23,18.82,8.04,44.631778,-124.202753
2022-06-10T21:03:44.000,2.24,18.93,8.05,44.631778,-124.202753
2022-06-10T21:18:44.000,2.27,19.23,8.05,44.631778,-124.202753
2022-06-10T21:33:44.000,2.17,18.32,8.05,44.631778,-124.202753
2022-06-10T21:48:44.000,2.21,18.65,8.05,44.631778,-124.202753
2022-06-10T22:03:44.000,2.24,18.94,8.05,44.631778,-124.202753
2022-06-10T22:18:44.000,2.21,18.7,8.05,44.631778,-124.202753
2022-06-10T22:33:44.000,2.24,18.91,8.05,44.631778,-124.202753
2022-06-10T22:48:44.000,2.22,18.77,8.05,44.631778,-124.202753
2022-06-10T23:03:44.000,2.21,18.65,8.05,44.631778,-124.202753
2022-06-10T23:18:44.000,2.2,18.63,8.05,44.631778,-124.202753
2022-06-10T23:33:44.000,2.25,19.02,8.05,44.631778,-124.202753
2022-06-10T23:48:44.000,2.24,18.98,8.05,44.631778,-124.202753
2022-06-11T00:03:44.000,2.22,18.79,8.05,44.631778,-124.202753
2022-06-11T00:18:44.000,2.22,18.75,8.05,44.631778,-124.202753
2022-06-11T00:33:44.000,2.23,18.89,8.05,44.631778,-124.202753
2022-06-11T00:48:44.000,2.23,18.82,8.05,44.631778,-124.202753
2022-06-11T01:03:44.000,2.24,18.92,8.06,44.631778,-124.202753
2022-06-11T01:18:44.000,2.26,19.14,8.06,44.631778,-124.202753
2022-06-11T01:33:44.000,2.27,19.21,8.06,44.631778,-124.202753
2022-06-11T01:48:44.000,2.27,19.17,8.06,44.631778,-124.202753
2022-06-11T02:03:44.000,2.25,19,8.05,44.631778,-124.202753
2022-06-11T02:18:44.000,2.26,19.09,8.05,44.631778,-124.202753
2022-06-11T02:33:44.000,2.27,19.21,8.04,44.631778,-124.202753
2022-06-11T02:48:44.000,2.26,19.14,8.04,44.631778,-124.202753
2022-06-11T03:03:44.000,2.26,19.14,8.04,44.631778,-124.202753
2022-06-11T03:18:44.000,2.25,19,8.04,44.631778,-124.202753
2022-06-11T03:33:44.000,2.25,19.02,8.04,44.631778,-124.202753
2022-06-11T03:48:44.000,2.23,18.86,8.04,44.631778,-124.202753
2022-06-11T04:03:44.000,2.22,18.8,8.03,44.631778,-124.202753
2022-06-11T04:18:44.000,2.2,18.6,8.02,44.631778,-124.202753
2022-06-11T04:33:44.000,2.22,18.76,8.02,44.631778,-124.202753
2022-06-11T04:48:44.000,2.21,18.64,8.02,44.631778,-124.202753
2022-06-11T05:03:44.000,2.21,18.66,8.02,44.631778,-124.202753
2022-06-11T05:18:44.000,2.17,18.36,8.01,44.631778,-124.202753
2022-06-11T05:33:44.000,2.19,18.48,8,44.631778,-124.202753
2022-06-11T05:48:44.000,2.19,18.53,7.99,44.631778,-124.202753
2022-06-11T06:03:44.000,2.17,18.34,7.99,44.631778,-124.202753
2022-06-11T06:18:44.000,2.16,18.25,7.99,44.631778,-124.202753
2022-06-11T06:33:44.000,2.19,18.52,7.99,44.631778,-124.202753
2022-06-11T06:48:44.000,2.18,18.44,7.99,44.631778,-124.202753
2022-06-11T07:03:44.000,2.14,18.06,7.99,44.631778,-124.202753
2022-06-11T07:18:44.000,2.16,18.23,7.99,44.631778,-124.202753
2022-06-11T07:33:44.000,2.17,18.32,7.99,44.631778,-124.202753
2022-06-11T07:48:44.000,2.05,17.3,7.99,44.631778,-124.202753
2022-06-11T08:03:44.000,2.16,18.22,7.99,44.631778,-124.202753
2022-06-11T08:18:44.000,2.14,18.06,7.99,44.631778,-124.202753
2022-06-11T08:33:44.000,2.11,17.84,7.99,44.631778,-124.202753
2022-06-11T08:48:44.000,1.99,16.76,7.99,44.631778,-124.202753
2022-06-11T09:03:44.000,2.06,17.36,7.99,44.631778,-124.202753
2022-06-11T09:18:44.000,2.04,17.2,7.99,44.631778,-124.202753
2022-06-11T09:33:44.000,1.97,16.61,7.99,44.631778,-124.202753
2022-06-11T09:48:44.000,2.06,17.41,7.99,44.631778,-124.202753
2022-06-11T10:03:44.000,2.03,17.1,7.99,44.631778,-124.202753
2022-06-11T10:18:44.000,2.05,17.32,7.99,44.631778,-124.202753
2022-06-11T10:33:44.000,2.04,17.23,7.99,44.631778,-124.202753
2022-06-11T10:48:44.000,2.11,17.77,7.99,44.631778,-124.202753
2022-06-11T11:03:44.000,2.14,18.04,8.01,44.631778,-124.202753
2022-06-11T11:18:44.000,2.15,18.14,8.02,44.631778,-124.202753
2022-06-11T11:33:44.000,2.13,18,8.02,44.631778,-124.202753
2022-06-11T11:48:44.000,2.16,18.23,8.02,44.631778,-124.202753
2022-06-11T12:03:44.000,2.17,18.34,8.02,44.631778,-124.202753
2022-06-11T12:18:44.000,2.17,18.33,8.04,44.631778,-124.202753
2022-06-11T12:33:44.000,2.18,18.4,8.04,44.631778,-124.202753
2022-06-11T12:48:44.000,2.17,18.32,8.04,44.631778,-124.202753
2022-06-11T13:03:44.000,2.15,18.2,8.04,44.631778,-124.202753
2022-06-11T13:18:44.000,2.14,18.13,8.04,44.631778,-124.202753
2022-06-11T13:33:44.000,2.17,18.36,8.04,44.631778,-124.202753
2022-06-11T13:48:44.000,2.19,18.55,8.04,44.631778,-124.202753
2022-06-11T14:03:44.000,2.18,18.43,8.04,44.631778,-124.202753
2022-06-11T14:18:44.000,2.12,17.9,8.04,44.631778,-124.202753
2022-06-11T14:33:44.000,2.17,18.32,8.04,44.631778,-124.202753
2022-06-11T14:48:44.000,2.14,18.07,8.05,44.631778,-124.202753
2022-06-11T15:03:44.000,2.18,18.45,8.05,44.631778,-124.202753
2022-06-11T15:18:44.000,2.18,18.41,8.04,44.631778,-124.202753
2022-06-11T15:33:44.000,2.13,18.04,8.04,44.631778,-124.202753
2022-06-11T15:48:44.000,2.13,18.01,8.04,44.631778,-124.202753
2022-06-11T16:03:44.000,2.1,17.78,8.04,44.631778,-124.202753
2022-06-11T16:18:44.000,2.15,18.16,8.04,44.631778,-124.202753
2022-06-11T16:33:44.000,2.13,18,8.04,44.631778,-124.202753
2022-06-11T16:48:44.000,2.13,17.99,8.04,44.631778,-124.202753
2022-06-11T17:03:44.000,2.05,17.31,8.04,44.631778,-124.202753
2022-06-11T17:18:44.000,2.14,18.07,8.04,44.631778,-124.202753
2022-06-11T17:33:44.000,2.12,17.91,8.04,44.631778,-124.202753
2022-06-11T17:48:44.000,2.15,18.15,8.04,44.631778,-124.202753
2022-06-11T18:03:44.000,2.15,18.13,8.04,44.631778,-124.202753
2022-06-11T18:18:44.000,2.14,18.06,8.03,44.631778,-124.202753
2022-06-11T18:33:44.000,2.14,18.06,8.02,44.631778,-124.202753
2022-06-11T18:48:44.000,2.14,18.05,8.02,44.631778,-124.202753
2022-06-11T19:03:44.000,2.14,18.07,8.02,44.631778,-124.202753
2022-06-11T19:18:44.000,2.13,18.02,8.02,44.631778,-124.202753
2022-06-11T19:33:44.000,2.15,18.16,8.02,44.631778,-124.202753
2022-06-11T19:48:44.000,2.15,18.13,8.02,44.631778,-124.202753
2022-06-11T20:03:44.000,2.14,18.11,8.01,44.631778,-124.202753
2022-06-11T20:18:44.000,2.16,18.26,8.01,44.631778,-124.202753
2022-06-11T20:33:44.000,2.17,18.3,8,44.631778,-124.202753
2022-06-11T20:48:44.000,2.17,18.28,7.99,44.631778,-124.202753
2022-06-11T21:03:44.000,2.16,18.23,7.99,44.631778,-124.202753
2022-06-11T21:18:44.000,2.16,18.24,7.99,44.631778,-124.202753
2022-06-11T21:33:44.000,2.15,18.16,7.99,44.631778,-124.202753
2022-06-11T21:48:44.000,2.16,18.24,7.99,44.631778,-124.202753
2022-06-11T22:03:44.000,2.14,18.04,7.99,44.631778,-124.202753
2022-06-11T22:18:44.000,2.14,18.1,7.99,44.631778,-124.202753
2022-06-11T22:33:44.000,2.17,18.31,7.99,44.631778,-124.202753
2022-06-11T22:48:44.000,2.18,18.39,7.99,44.631778,-124.202753
2022-06-11T23:03:44.000,2.07,17.51,7.99,44.631778,-124.202753
2022-06-11T23:18:44.000,2.08,17.56,8,44.631778,-124.202753
2022-06-11T23:33:44.000,2.18,18.42,8.01,44.631778,-124.202753
2022-06-11T23:48:44.000,2.18,18.45,8.02,44.631778,-124.202753
2022-06-12T00:03:44.000,2.18,18.43,8.02,44.631778,-124.202753
2022-06-12T00:18:44.000,2.18,18.44,8.02,44.631778,-124.202753
2022-06-12T00:33:44.000,2.17,18.36,8.02,44.631778,-124.202753
2022-06-12T00:48:44.000,2.18,18.46,8.02,44.631778,-124.202753
2022-06-12T01:03:44.000,2.18,18.41,8.03,44.631778,-124.202753
2022-06-12T01:18:44.000,2.18,18.43,8.03,44.631778,-124.202753
2022-06-12T01:33:44.000,2.17,18.35,8.04,44.631778,-124.202753
2022-06-12T01:48:44.000,2.18,18.43,8.04,44.631778,-124.202753
2022-06-12T02:03:44.000,2.19,18.53,8.04,44.631778,-124.202753
2022-06-12T02:18:44.000,2.18,18.44,8.04,44.631778,-124.202753
2022-06-12T02:33:44.000,2.2,18.61,8.04,44.631778,-124.202753
2022-06-12T02:48:44.000,2.08,17.56,8.04,44.631778,-124.202753
2022-06-12T03:03:44.000,2.18,18.42,8.04,44.631778,-124.202753
2022-06-12T03:18:44.000,2.18,18.43,8.05,44.631778,-124.202753
2022-06-12T03:33:44.000,2.2,18.62,8.05,44.631778,-124.202753
2022-06-12T03:48:44.000,2.18,18.39,8.04,44.631778,-124.202753
2022-06-12T04:03:44.000,2.02,17.05,8.04,44.631778,-124.202753
2022-06-12T04:18:44.000,2.11,17.8,8.04,44.631778,-124.202753
2022-06-12T04:33:44.000,2.21,18.7,8.05,44.631778,-124.202753
2022-06-12T04:48:44.000,2.19,18.55,8.04,44.631778,-124.202753
2022-06-12T05:03:44.000,2.19,18.52,8.05,44.631778,-124.202753
2022-06-12T05:18:44.000,2.13,17.99,8.04,44.631778,-124.202753
2022-06-12T05:33:44.000,2.15,18.18,8.04,44.631778,-124.202753
2022-06-12T05:48:44.000,2.18,18.42,8.04,44.631778,-124.202753
2022-06-12T06:03:44.000,2.16,18.24,8.04,44.631778,-124.202753
2022-06-12T06:18:44.000,2.17,18.35,8.04,44.631778,-124.202753
2022-06-12T06:33:44.000,2.14,18.07,8.04,44.631778,-124.202753
2022-06-12T06:48:44.000,2.08,17.54,8.04,44.631778,-124.202753
2022-06-12T07:03:44.000,2.1,17.72,8.04,44.631778,-124.202753
2022-06-12T07:18:44.000,2.16,18.24,8.04,44.631778,-124.202753
2022-06-12T07:33:44.000,2.17,18.36,8.04,44.631778,-124.202753
2022-06-12T07:48:44.000,2.13,18.01,8.04,44.631778,-124.202753
2022-06-12T08:03:44.000,2.16,18.24,8.04,44.631778,-124.202753
2022-06-12T08:18:44.000,2.14,18.12,8.04,44.631778,-124.202753
2022-06-12T08:33:44.000,2.17,18.32,8.04,44.631778,-124.202753
2022-06-12T08:48:44.000,2.06,17.44,8.04,44.631778,-124.202753
2022-06-12T09:03:44.000,2.08,17.56,8.03,44.631778,-124.202753
2022-06-12T09:18:44.000,2.1,17.71,8.03,44.631778,-124.202753
2022-06-12T09:33:44.000,2.13,17.98,8.03,44.631778,-124.202753
2022-06-12T09:48:44.000,2.09,17.64,8.04,44.631778,-124.202753
2022-06-12T10:03:44.000,2.14,18.07,8.04,44.631778,-124.202753
2022-06-12T10:18:44.000,2.14,18.07,8.04,44.631778,-124.202753
2022-06-12T10:33:44.000,2.13,18.02,8.04,44.631778,-124.202753
2022-06-12T10:48:44.000,2.11,17.83,8.04,44.631778,-124.202753
2022-06-12T11:03:44.000,2.13,17.98,8.04,44.631778,-124.202753
2022-06-12T11:18:44.000,2.13,18.04,8.04,44.631778,-124.202753
2022-06-12T11:33:44.000,2.14,18.08,8.04,44.631778,-124.202753
2022-06-12T11:48:44.000,2.15,18.2,8.04,44.631778,-124.202753
2022-06-12T12:03:44.000,2.11,17.8,8.04,44.631778,-124.202753
2022-06-12T12:18:44.000,2.14,18.05,8.04,44.631778,-124.202753
2022-06-12T12:33:44.000,2.13,17.97,8.04,44.631778,-124.202753
2022-06-12T12:48:44.000,2.1,17.77,8.04,44.631778,-124.202753
2022-06-12T13:03:44.000,2.15,18.17,8.04,44.631778,-124.202753
2022-06-12T13:18:44.000,2.17,18.35,8.05,44.631778,-124.202753
2022-06-12T13:33:44.000,2.15,18.16,8.06,44.631778,-124.202753
2022-06-12T13:48:44.000,2.17,18.33,8.07,44.631778,-124.202753
2022-06-12T14:03:44.000,2.19,18.48,8.07,44.631778,-124.202753
2022-06-12T14:18:44.000,2.18,18.47,8.07,44.631778,-124.202753
2022-06-12T14:33:44.000,2.18,18.48,8.07,44.631778,-124.202753
2022-06-12T14:48:44.000,2.2,18.62,8.07,44.631778,-124.202753
2022-06-12T15:03:44.000,2.16,18.31,8.08,44.631778,-124.202753
2022-06-12T15:18:44.000,2.17,18.33,8.08,44.631778,-124.202753
2022-06-12T15:33:44.000,2.18,18.44,8.08,44.631778,-124.202753
2022-06-12T15:48:44.000,2.17,18.33,8.08,44.631778,-124.202753
2022-06-12T16:03:44.000,2.18,18.41,8.08,44.631778,-124.202753
2022-06-12T16:18:44.000,2.2,18.6,8.08,44.631778,-124.202753
2022-06-12T16:33:44.000,2.21,18.71,8.08,44.631778,-124.202753
2022-06-12T16:48:44.000,2.18,18.41,8.08,44.631778,-124.202753
2022-06-12T17:03:44.000,2.17,18.38,8.08,44.631778,-124.202753
2022-06-12T17:18:44.000,2.19,18.5,8.07,44.631778,-124.202753
2022-06-12T17:33:44.000,2.19,18.51,8.07,44.631778,-124.202753
2022-06-12T17:48:44.000,2.16,18.29,8.07,44.631778,-124.202753
2022-06-12T18:03:44.000,2.18,18.47,8.07,44.631778,-124.202753
2022-06-12T18:18:44.000,2.17,18.38,8.07,44.631778,-124.202753
2022-06-12T18:33:44.000,2.16,18.3,8.07,44.631778,-124.202753
2022-06-12T18:48:44.000,2.17,18.33,8.07,44.631778,-124.202753
2022-06-12T19:03:44.000,2.18,18.44,8.07,44.631778,-124.202753
2022-06-12T19:18:44.000,2.16,18.25,8.07,44.631778,-124.202753
2022-06-12T19:33:44.000,2.15,18.18,8.06,44.631778,-124.202753
2022-06-12T19:48:44.000,2.17,18.37,8.06,44.631778,-124.202753
2022-06-12T20:03:44.000,2.17,18.35,8.06,44.631778,-124.202753
2022-06-12T20:18:44.000,2.15,18.21,8.06,44.631778,-124.202753
2022-06-12T20:33:44.000,2.18,18.44,8.05,44.631778,-124.202753
2022-06-12T20:48:44.000,2.15,18.2,8.05,44.631778,-124.202753
2022-06-12T21:03:44.000,2.15,18.19,8.05,44.631778,-124.202753
2022-06-12T21:18:44.000,2.15,18.19,8.04,44.631778,-124.202753
2022-06-12T21:33:44.000,2.15,18.15,8.04,44.631778,-124.202753
2022-06-12T21:48:44.000,2.16,18.23,8.04,44.631778,-124.202753
2022-06-12T22:03:44.000,2.15,18.15,8.04,44.631778,-124.202753
2022-06-12T22:18:44.000,2.11,17.82,8.04,44.631778,-124.202753
2022-06-12T22:33:44.000,2.11,17.84,8.04,44.631778,-124.202753
2022-06-12T22:48:44.000,2.1,17.72,8.04,44.631778,-124.202753
2022-06-12T23:03:44.000,2.09,17.7,8.04,44.631778,-124.202753
2022-06-12T23:18:44.000,1.91,16.15,8.04,44.631778,-124.202753
2022-06-12T23:33:44.000,2.13,17.98,8.04,44.631778,-124.202753
2022-06-12T23:48:44.000,2.1,17.75,8.04,44.631778,-124.202753
2022-06-13T00:03:44.000,1.99,16.79,8.04,44.631778,-124.202753
2022-06-13T00:18:44.000,1.91,16.13,8.04,44.631778,-124.202753
2022-06-13T00:33:44.000,2.04,17.21,8.04,44.631778,-124.202753
2022-06-13T00:48:44.000,2.09,17.67,8.04,44.631778,-124.202753
2022-06-13T01:03:44.000,1.97,16.66,8.04,44.631778,-124.202753
2022-06-13T01:18:44.000,2.07,17.47,8.04,44.631778,-124.202753
2022-06-13T01:33:44.000,2.07,17.53,8.04,44.631778,-124.202753
2022-06-13T01:48:44.000,2.01,16.99,8.04,44.631778,-124.202753
2022-06-13T02:03:44.000,1.91,16.15,8.04,44.631778,-124.202753
2022-06-13T02:18:44.000,1.93,16.35,8.04,44.631778,-124.202753
2022-06-13T02:33:44.000,2.04,17.27,8.04,44.631778,-124.202753
2022-06-13T02:48:44.000,2.07,17.49,8.04,44.631778,-124.202753
2022-06-13T03:03:44.000,2.05,17.32,8.04,44.631778,-124.202753
2022-06-13T03:18:44.000,1.94,16.42,8.04,44.631778,-124.202753
2022-06-13T03:33:44.000,1.94,16.36,8.04,44.631778,-124.202753
2022-06-13T03:48:44.000,2.04,17.22,8.04,44.631778,-124.202753
2022-06-13T04:03:44.000,1.97,16.64,8.04,44.631778,-124.202753
2022-06-13T04:18:44.000,2.04,17.27,8.04,44.631778,-124.202753
2022-06-13T04:33:44.000,1.99,16.78,8.04,44.631778,-124.202753
2022-06-13T04:48:44.000,2.04,17.21,8.04,44.631778,-124.202753
2022-06-13T05:03:44.000,2.05,17.31,8.04,44.631778,-124.202753
2022-06-13T05:18:44.000,2.02,17.04,8.04,44.631778,-124.202753
2022-06-13T05:33:44.000,2,16.92,8.03,44.631778,-124.202753
2022-06-13T05:48:44.000,1.98,16.73,8.03,44.631778,-124.202753
2022-06-13T06:03:44.000,2.03,17.17,8.03,44.631778,-124.202753
2022-06-13T06:18:44.000,2.06,17.44,8.02,44.631778,-124.202753
2022-06-13T06:33:44.000,2.08,17.6,8.02,44.631778,-124.202753
2022-06-13T06:48:44.000,2.03,17.12,8.02,44.631778,-124.202753
2022-06-13T07:03:44.000,2.06,17.42,8.02,44.631778,-124.202753
2022-06-13T07:18:44.000,2.05,17.35,8.02,44.631778,-124.202753
2022-06-13T07:33:44.000,1.99,16.83,8.02,44.631778,-124.202753
2022-06-13T07:48:44.000,2,16.88,8.02,44.631778,-124.202753
2022-06-13T08:03:44.000,2.05,17.32,8.02,44.631778,-124.202753
2022-06-13T08:18:44.000,2.04,17.2,8.02,44.631778,-124.202753
2022-06-13T08:33:44.000,2.04,17.25,8.02,44.631778,-124.202753
2022-06-13T08:48:44.000,1.99,16.83,8.02,44.631778,-124.202753
2022-06-13T09:03:44.000,2.04,17.26,8.02,44.631778,-124.202753
2022-06-13T09:18:44.000,1.97,16.68,8.02,44.631778,-124.202753
2022-06-13T09:33:44.000,2.06,17.39,8.02,44.631778,-124.202753
2022-06-13T09:48:44.000,2.05,17.31,8.02,44.631778,-124.202753
2022-06-13T10:03:44.000,2.06,17.37,8.02,44.631778,-124.202753
2022-06-13T10:18:44.000,2.01,16.97,8.02,44.631778,-124.202753
2022-06-13T10:33:44.000,2.03,17.17,8.02,44.631778,-124.202753
2022-06-13T10:48:44.000,1.93,16.33,8.02,44.631778,-124.202753
2022-06-13T11:03:44.000,2.01,16.95,8.02,44.631778,-124.202753
2022-06-13T11:18:44.000,1.99,16.83,8.02,44.631778,-124.202753
2022-06-13T11:33:44.000,1.89,15.97,7.97,44.631778,-124.202753
2022-06-13T11:48:44.000,1.86,15.72,7.97,44.631778,-124.202753
2022-06-13T12:03:44.000,1.89,15.93,7.97,44.631778,-124.202753
2022-06-13T12:18:44.000,1.9,16,7.96,44.631778,-124.202753
2022-06-13T12:33:44.000,1.93,16.29,7.96,44.631778,-124.202753
2022-06-13T12:48:44.000,1.92,16.18,7.97,44.631778,-124.202753
2022-06-13T13:03:44.000,1.93,16.24,7.97,44.631778,-124.202753
2022-06-13T13:18:44.000,1.9,16.05,7.97,44.631778,-124.202753
2022-06-13T13:33:44.000,1.91,16.09,7.97,44.631778,-124.202753
2022-06-13T13:48:44.000,1.91,16.11,7.97,44.631778,-124.202753
2022-06-13T14:03:44.000,1.92,16.24,7.98,44.631778,-124.202753
2022-06-13T14:18:44.000,1.89,15.95,7.99,44.631778,-124.202753
2022-06-13T14:33:44.000,1.86,15.74,7.99,44.631778,-124.202753
2022-06-13T14:48:44.000,1.88,15.85,8.01,44.631778,-124.202753
2022-06-13T15:03:44.000,1.89,15.95,8.02,44.631778,-124.202753
2022-06-13T15:18:44.000,1.87,15.84,8.04,44.631778,-124.202753
2022-06-13T15:33:44.000,1.9,16.04,8.04,44.631778,-124.202753
2022-06-13T15:48:44.000,1.89,15.94,8.04,44.631778,-124.202753
2022-06-13T16:03:44.000,1.85,15.62,8.04,44.631778,-124.202753
2022-06-13T16:18:44.000,1.94,16.39,8.04,44.631778,-124.202753
2022-06-13T16:33:44.000,1.94,16.37,8.04,44.631778,-124.202753
2022-06-13T16:48:44.000,1.9,16.06,8.04,44.631778,-124.202753
2022-06-13T17:03:44.000,1.9,16.05,8.04,44.631778,-124.202753
2022-06-13T17:18:44.000,1.79,15.13,8.04,44.631778,-124.202753
2022-06-13T17:33:44.000,1.86,15.71,8.04,44.631778,-124.202753
2022-06-13T17:48:44.000,1.85,15.59,8.03,44.631778,-124.202753
2022-06-13T18:03:44.000,1.94,16.42,8.04,44.631778,-124.202753
2022-06-13T18:18:44.000,2,16.9,8.06,44.631778,-124.202753
2022-06-13T18:33:44.000,1.98,16.75,8.05,44.631778,-124.202753
2022-06-13T18:48:44.000,2.02,17.08,8.06,44.631778,-124.202753
2022-06-13T19:03:44.000,2,16.92,8.06,44.631778,-124.202753
2022-06-13T19:18:44.000,1.94,16.43,8.04,44.631778,-124.202753
2022-06-13T19:33:44.000,1.87,15.82,8.02,44.631778,-124.202753
2022-06-13T19:48:44.000,1.9,16.02,8,44.631778,-124.202753
2022-06-13T20:03:44.000,1.91,16.1,7.99,44.631778,-124.202753
2022-06-13T20:18:44.000,1.94,16.4,7.99,44.631778,-124.202753
2022-06-13T20:33:44.000,1.95,16.42,7.99,44.631778,-124.202753
2022-06-13T20:48:44.000,1.95,16.43,8,44.631778,-124.202753
2022-06-13T21:03:44.000,1.87,15.81,8,44.631778,-124.202753
2022-06-13T21:18:44.000,1.95,16.43,8,44.631778,-124.202753
2022-06-13T21:33:44.000,1.97,16.68,8.01,44.631778,-124.202753
2022-06-13T21:48:44.000,1.98,16.71,8.01,44.631778,-124.202753
2022-06-13T22:03:44.000,1.98,16.76,8.02,44.631778,-124.202753
2022-06-13T22:18:44.000,2,16.9,8.02,44.631778,-124.202753
2022-06-13T22:33:44.000,2,16.89,8.01,44.631778,-124.202753
2022-06-13T22:48:44.000,1.99,16.84,8.01,44.631778,-124.202753
2022-06-13T23:03:44.000,1.9,16.02,8.01,44.631778,-124.202753
2022-06-13T23:18:44.000,1.99,16.78,8,44.631778,-124.202753
2022-06-13T23:33:44.000,1.97,16.66,7.99,44.631778,-124.202753
2022-06-13T23:48:44.000,1.98,16.72,7.99,44.631778,-124.202753
2022-06-14T00:03:44.000,1.86,15.72,7.97,44.631778,-124.202753
2022-06-14T00:18:44.000,1.93,16.32,7.97,44.631778,-124.202753
2022-06-14T00:33:44.000,1.75,14.8,7.97,44.631778,-124.202753
2022-06-14T00:48:44.000,1.91,16.13,7.97,44.631778,-124.202753
2022-06-14T01:03:44.000,1.92,16.2,7.97,44.631778,-124.202753
2022-06-14T01:18:44.000,1.85,15.64,7.96,44.631778,-124.202753
2022-06-14T01:33:44.000,1.9,16.05,7.95,44.631778,-124.202753
2022-06-14T01:48:44.000,1.92,16.23,7.95,44.631778,-124.202753
2022-06-14T02:03:44.000,1.9,15.99,7.95,44.631778,-124.202753
2022-06-14T02:18:44.000,1.93,16.31,7.96,44.631778,-124.202753
2022-06-14T02:33:44.000,1.92,16.18,7.96,44.631778,-124.202753
2022-06-14T02:48:44.000,1.89,15.98,7.97,44.631778,-124.202753
2022-06-14T03:03:44.000,1.88,15.83,7.97,44.631778,-124.202753
2022-06-14T03:18:44.000,1.94,16.39,7.97,44.631778,-124.202753
2022-06-14T03:33:44.000,1.89,15.93,7.97,44.631778,-124.202753
2022-06-14T03:48:44.000,1.94,16.41,7.97,44.631778,-124.202753
2022-06-14T04:03:44.000,1.94,16.41,7.97,44.631778,-124.202753
2022-06-14T04:18:44.000,1.95,16.49,7.97,44.631778,-124.202753
2022-06-14T04:33:44.000,1.91,16.13,7.97,44.631778,-124.202753
2022-06-14T04:48:44.000,1.93,16.32,7.97,44.631778,-124.202753
2022-06-14T05:03:44.000,1.95,16.44,7.97,44.631778,-124.202753
2022-06-14T05:18:44.000,1.94,16.39,7.97,44.631778,-124.202753
2022-06-14T05:33:44.000,1.92,16.19,7.97,44.631778,-124.202753
2022-06-14T05:48:44.000,1.94,16.37,7.97,44.631778,-124.202753
2022-06-14T06:03:44.000,1.93,16.27,7.97,44.631778,-124.202753
2022-06-14T06:18:44.000,1.93,16.24,7.97,44.631778,-124.202753
2022-06-14T06:33:44.000,1.93,16.29,7.97,44.631778,-124.202753
2022-06-14T06:48:44.000,1.9,15.99,7.97,44.631778,-124.202753
2022-06-14T07:03:44.000,1.92,16.2,7.97,44.631778,-124.202753
2022-06-14T07:18:44.000,1.9,16,7.98,44.631778,-124.202753
2022-06-14T07:33:44.000,1.89,16,7.99,44.631778,-124.202753
2022-06-14T07:48:44.000,1.92,16.24,7.99,44.631778,-124.202753
2022-06-14T08:03:44.000,1.9,16.03,7.99,44.631778,-124.202753
2022-06-14T08:18:44.000,1.89,15.96,7.99,44.631778,-124.202753
2022-06-14T08:33:44.000,1.89,15.96,7.99,44.631778,-124.202753
2022-06-14T08:48:44.000,1.89,16,7.99,44.631778,-124.202753
2022-06-14T09:03:44.000,1.88,15.89,7.99,44.631778,-124.202753
2022-06-14T09:18:44.000,1.91,16.14,7.99,44.631778,-124.202753
2022-06-14T09:33:44.000,1.9,16.05,7.99,44.631778,-124.202753
2022-06-14T09:48:44.000,1.8,15.23,7.99,44.631778,-124.202753
2022-06-14T10:03:44.000,1.87,15.82,7.99,44.631778,-124.202753
2022-06-14T10:18:44.000,1.9,16.07,7.99,44.631778,-124.202753
2022-06-14T10:33:44.000,1.87,15.82,7.99,44.631778,-124.202753
2022-06-14T10:48:44.000,1.86,15.7,7.99,44.631778,-124.202753
2022-06-14T11:03:44.000,1.86,15.69,7.99,44.631778,-124.202753
2022-06-14T11:18:44.000,1.86,15.67,7.99,44.631778,-124.202753
2022-06-14T11:33:44.000,1.86,15.72,7.99,44.631778,-124.202753
2022-06-14T11:48:44.000,1.88,15.85,8.01,44.631778,-124.202753
2022-06-14T12:03:44.000,1.86,15.67,7.99,44.631778,-124.202753
2022-06-14T12:18:44.000,1.86,15.7,7.99,44.631778,-124.202753
2022-06-14T12:33:44.000,1.84,15.52,7.99,44.631778,-124.202753
2022-06-14T12:48:44.000,1.88,15.83,7.99,44.631778,-124.202753
2022-06-14T13:03:44.000,1.86,15.71,7.99,44.631778,-124.202753
2022-06-14T13:18:44.000,1.82,15.38,8.02,44.631778,-124.202753
2022-06-14T13:33:44.000,1.86,15.68,8.02,44.631778,-124.202753
2022-06-14T13:48:44.000,1.9,16.06,8.04,44.631778,-124.202753
2022-06-14T14:03:44.000,1.89,15.98,8.04,44.631778,-124.202753
2022-06-14T14:18:44.000,1.95,16.45,8.04,44.631778,-124.202753
2022-06-14T14:33:44.000,1.96,16.6,8.05,44.631778,-124.202753
2022-06-14T14:48:44.000,1.99,16.84,8.06,44.631778,-124.202753
2022-06-14T15:03:44.000,2.03,17.16,8.07,44.631778,-124.202753
2022-06-14T15:18:44.000,2.01,17.02,8.07,44.631778,-124.202753
2022-06-14T15:33:44.000,2.05,17.35,8.07,44.631778,-124.202753
2022-06-14T15:48:44.000,2.06,17.41,8.08,44.631778,-124.202753
2022-06-14T16:03:44.000,2.03,17.15,8.09,44.631778,-124.202753
2022-06-14T16:18:44.000,2.07,17.53,8.09,44.631778,-124.202753
2022-06-14T16:33:44.000,2.07,17.5,8.09,44.631778,-124.202753
2022-06-14T16:48:44.000,2.06,17.44,8.09,44.631778,-124.202753
2022-06-14T17:03:44.000,2.07,17.5,8.09,44.631778,-124.202753
2022-06-14T17:18:44.000,2.07,17.52,8.1,44.631778,-124.202753
2022-06-14T17:33:44.000,2.06,17.46,8.1,44.631778,-124.202753
2022-06-14T17:48:44.000,2.08,17.62,8.11,44.631778,-124.202753
2022-06-14T18:03:44.000,2.06,17.4,8.11,44.631778,-124.202753
2022-06-14T18:18:44.000,2.07,17.49,8.11,44.631778,-124.202753
2022-06-14T18:33:44.000,2.07,17.52,8.11,44.631778,-124.202753
2022-06-14T18:48:44.000,2.06,17.44,8.11,44.631778,-124.202753
2022-06-14T19:03:44.000,2.07,17.55,8.11,44.631778,-124.202753
2022-06-14T19:18:44.000,2.1,17.75,8.11,44.631778,-124.202753
2022-06-14T19:33:44.000,2.07,17.55,8.1,44.631778,-124.202753
2022-06-14T19:48:44.000,2.02,17.06,8.09,44.631778,-124.202753
2022-06-14T20:03:44.000,2.05,17.37,8.09,44.631778,-124.202753
2022-06-14T20:18:44.000,2.05,17.31,8.09,44.631778,-124.202753
2022-06-14T20:33:44.000,2.02,17.13,8.09,44.631778,-124.202753
2022-06-14T20:48:44.000,2.02,17.08,8.08,44.631778,-124.202753
2022-06-14T21:03:44.000,2,16.91,8.07,44.631778,-124.202753
2022-06-14T21:18:44.000,1.97,16.67,8.06,44.631778,-124.202753
2022-06-14T21:33:44.000,1.97,16.67,8.06,44.631778,-124.202753
2022-06-14T21:48:44.000,1.98,16.71,8.06,44.631778,-124.202753
2022-06-14T22:03:44.000,1.96,16.62,8.07,44.631778,-124.202753
2022-06-14T22:18:44.000,2,16.9,8.07,44.631778,-124.202753
2022-06-14T22:33:44.000,1.95,16.48,8.06,44.631778,-124.202753
2022-06-14T22:48:44.000,1.96,16.6,8.05,44.631778,-124.202753
2022-06-14T23:03:44.000,1.94,16.41,8.04,44.631778,-124.202753
2022-06-14T23:18:44.000,1.93,16.31,8.04,44.631778,-124.202753
2022-06-14T23:33:44.000,1.93,16.3,8.02,44.631778,-124.202753
2022-06-14T23:48:44.000,1.94,16.41,8.02,44.631778,-124.202753
2022-06-15T00:03:44.000,1.95,16.48,8,44.631778,-124.202753
2022-06-15T00:18:44.000,1.95,16.47,7.99,44.631778,-124.202753
2022-06-15T00:33:44.000,1.95,16.43,7.99,44.631778,-124.202753
2022-06-15T00:48:44.000,1.96,16.53,7.98,44.631778,-124.202753
2022-06-15T01:03:44.000,1.96,16.56,7.97,44.631778,-124.202753
2022-06-15T01:18:44.000,1.94,16.4,7.97,44.631778,-124.202753
2022-06-15T01:33:44.000,1.95,16.46,7.97,44.631778,-124.202753
2022-06-15T01:48:44.000,1.97,16.63,7.97,44.631778,-124.202753
2022-06-15T02:03:44.000,1.96,16.52,7.97,44.631778,-124.202753
2022-06-15T02:18:44.000,1.96,16.51,7.97,44.631778,-124.202753
2022-06-15T02:33:44.000,1.94,16.38,7.97,44.631778,-124.202753
2022-06-15T02:48:44.000,1.95,16.44,7.98,44.631778,-124.202753
2022-06-15T03:03:44.000,1.94,16.35,7.99,44.631778,-124.202753
2022-06-15T03:18:44.000,1.92,16.22,7.99,44.631778,-124.202753
2022-06-15T03:33:44.000,1.92,16.25,7.99,44.631778,-124.202753
2022-06-15T03:48:44.000,1.89,15.97,7.99,44.631778,-124.202753
2022-06-15T04:03:44.000,1.89,15.96,7.99,44.631778,-124.202753
2022-06-15T04:18:44.000,1.88,15.89,7.99,44.631778,-124.202753
2022-06-15T04:33:44.000,1.91,16.09,8,44.631778,-124.202753
2022-06-15T04:48:44.000,1.89,16,8.01,44.631778,-124.202753
2022-06-15T05:03:44.000,1.9,16.06,8.02,44.631778,-124.202753
2022-06-15T05:18:44.000,1.85,15.64,8.02,44.631778,-124.202753
2022-06-15T05:33:44.000,1.84,15.52,8.02,44.631778,-124.202753
2022-06-15T05:48:44.000,1.86,15.73,8.02,44.631778,-124.202753
2022-06-15T06:03:44.000,1.88,15.86,8.02,44.631778,-124.202753
2022-06-15T06:18:44.000,1.84,15.56,8.02,44.631778,-124.202753
2022-06-15T06:33:44.000,1.88,15.86,8.02,44.631778,-124.202753
2022-06-15T06:48:44.000,1.88,15.87,8.02,44.631778,-124.202753
2022-06-15T07:03:44.000,1.79,15.15,8.02,44.631778,-124.202753
2022-06-15T07:18:44.000,1.87,15.82,8.02,44.631778,-124.202753
2022-06-15T07:33:44.000,1.86,15.7,8.02,44.631778,-124.202753
2022-06-15T07:48:44.000,1.87,15.77,8.02,44.631778,-124.202753
2022-06-15T08:03:44.000,1.9,16.03,8.02,44.631778,-124.202753
2022-06-15T08:18:44.000,1.88,15.89,8.02,44.631778,-124.202753
2022-06-15T08:33:44.000,1.87,15.81,8.02,44.631778,-124.202753
2022-06-15T08:48:44.000,1.87,15.81,8.02,44.631778,-124.202753
2022-06-15T09:03:44.000,1.78,15.04,8.02,44.631778,-124.202753
2022-06-15T09:18:44.000,1.85,15.59,8.02,44.631778,-124.202753
2022-06-15T09:33:44.000,1.83,15.43,8.01,44.631778,-124.202753
2022-06-15T09:48:44.000,1.86,15.7,8,44.631778,-124.202753
2022-06-15T10:03:44.000,1.85,15.64,7.99,44.631778,-124.202753
2022-06-15T10:18:44.000,1.87,15.8,7.99,44.631778,-124.202753
2022-06-15T10:33:44.000,1.85,15.6,7.99,44.631778,-124.202753
2022-06-15T10:48:44.000,1.74,14.68,7.99,44.631778,-124.202753
2022-06-15T11:03:44.000,1.85,15.59,7.99,44.631778,-124.202753
2022-06-15T11:18:44.000,1.89,15.95,7.98,44.631778,-124.202753
2022-06-15T11:33:44.000,1.9,16,7.98,44.631778,-124.202753
2022-06-15T11:48:44.000,1.89,15.98,7.97,44.631778,-124.202753
2022-06-15T12:03:44.000,1.82,15.39,7.97,44.631778,-124.202753
2022-06-15T12:18:44.000,1.89,15.98,7.97,44.631778,-124.202753
2022-06-15T12:33:44.000,1.63,13.78,7.97,44.631778,-124.202753
2022-06-15T12:48:44.000,1.89,15.97,7.97,44.631778,-124.202753
2022-06-15T13:03:44.000,1.87,15.76,7.97,44.631778,-124.202753
2022-06-15T13:18:44.000,1.85,15.63,7.97,44.631778,-124.202753
2022-06-15T13:33:44.000,1.88,15.85,7.97,44.631778,-124.202753
2022-06-15T13:48:44.000,1.83,15.42,7.97,44.631778,-124.202753
2022-06-15T14:03:44.000,1.84,15.52,7.97,44.631778,-124.202753
2022-06-15T14:18:44.000,1.78,14.98,7.97,44.631778,-124.202753
2022-06-15T14:33:44.000,1.86,15.66,7.97,44.631778,-124.202753
2022-06-15T14:48:44.000,1.85,15.58,7.97,44.631778,-124.202753
2022-06-15T15:03:44.000,1.8,15.22,7.97,44.631778,-124.202753
2022-06-15T15:18:44.000,1.82,15.36,7.97,44.631778,-124.202753
2022-06-15T15:33:44.000,1.85,15.57,7.98,44.631778,-124.202753
2022-06-15T15:48:44.000,1.88,15.83,7.99,44.631778,-124.202753
2022-06-15T16:03:44.000,1.87,15.8,7.99,44.631778,-124.202753
2022-06-15T16:18:44.000,1.86,15.72,8,44.631778,-124.202753
2022-06-15T16:33:44.000,1.85,15.61,8.01,44.631778,-124.202753
2022-06-15T16:48:44.000,1.87,15.77,8.02,44.631778,-124.202753
2022-06-15T17:03:44.000,1.9,16.01,8.02,44.631778,-124.202753
2022-06-15T17:18:44.000,1.89,15.99,8.02,44.631778,-124.202753
2022-06-15T17:33:44.000,1.88,15.88,8.02,44.631778,-124.202753
2022-06-15T17:48:44.000,1.89,16,8.02,44.631778,-124.202753
2022-06-15T18:03:44.000,1.9,16.05,8.03,44.631778,-124.202753
2022-06-15T18:18:44.000,1.9,16.04,8.03,44.631778,-124.202753
2022-06-15T18:33:44.000,1.87,15.8,8.03,44.631778,-124.202753
2022-06-15T18:48:44.000,1.88,15.9,8.02,44.631778,-124.202753
2022-06-15T19:03:44.000,1.87,15.8,8.02,44.631778,-124.202753
2022-06-15T19:18:44.000,1.86,15.69,8.02,44.631778,-124.202753
2022-06-15T19:33:44.000,1.86,15.72,8.01,44.631778,-124.202753
2022-06-15T19:48:44.000,1.87,15.81,8.01,44.631778,-124.202753
2022-06-15T20:03:44.000,1.87,15.82,8,44.631778,-124.202753
2022-06-15T20:18:44.000,1.87,15.77,7.99,44.631778,-124.202753
2022-06-15T20:33:44.000,1.87,15.8,7.99,44.631778,-124.202753
2022-06-15T20:48:44.000,1.86,15.68,7.99,44.631778,-124.202753
2022-06-15T21:03:44.000,1.85,15.58,7.99,44.631778,-124.202753
2022-06-15T21:18:44.000,1.83,15.48,7.98,44.631778,-124.202753
2022-06-15T21:33:44.000,1.81,15.28,7.97,44.631778,-124.202753
2022-06-15T21:48:44.000,1.79,15.08,7.97,44.631778,-124.202753
2022-06-15T22:03:44.000,1.76,14.89,7.97,44.631778,-124.202753
2022-06-15T22:18:44.000,1.76,14.82,7.96,44.631778,-124.202753
2022-06-15T22:33:44.000,1.76,14.84,7.95,44.631778,-124.202753
2022-06-15T22:48:44.000,1.78,15,7.95,44.631778,-124.202753
2022-06-15T23:03:44.000,1.81,15.27,7.95,44.631778,-124.202753
2022-06-15T23:18:44.000,1.84,15.51,7.95,44.631778,-124.202753
2022-06-15T23:33:44.000,1.85,15.61,7.95,44.631778,-124.202753
2022-06-15T23:48:44.000,1.86,15.66,7.95,44.631778,-124.202753
2022-06-16T00:03:44.000,1.87,15.76,7.95,44.631778,-124.202753
2022-06-16T00:18:44.000,1.87,15.75,7.95,44.631778,-124.202753
2022-06-16T00:33:44.000,1.89,15.96,7.95,44.631778,-124.202753
2022-06-16T00:48:44.000,1.94,16.4,7.95,44.631778,-124.202753
2022-06-16T01:03:44.000,1.97,16.6,7.95,44.631778,-124.202753
2022-06-16T01:18:44.000,1.99,16.8,7.95,44.631778,-124.202753
2022-06-16T01:33:44.000,2.02,17.04,7.94,44.631778,-124.202753
