Time (UTC),DO (ml/L),Dissolved Oxygen (%),Temperature (C),Latitude,Longitude
2022-06-15T17:50:29.000,2.06,17.4,7.95,44.631352,-124.201993
2022-06-15T18:05:29.000,2.07,17.45,7.92,44.631352,-124.201993
2022-06-15T18:20:29.000,2.07,17.46,7.92,44.631352,-124.201993
2022-06-15T18:35:29.000,2.07,17.42,7.92,44.631352,-124.201993
2022-06-15T18:50:29.000,2.07,17.43,7.92,44.631352,-124.201993
2022-06-15T19:05:29.000,2.08,17.51,7.92,44.631352,-124.201993
2022-06-15T19:20:29.000,2.09,17.6,7.92,44.631352,-124.201993
2022-06-15T19:35:29.000,2.1,17.68,7.92,44.631352,-124.201993
2022-06-15T19:50:29.000,2.11,17.74,7.92,44.631352,-124.201993
2022-06-15T20:05:29.000,2.12,17.88,7.92,44.631352,-124.201993
2022-06-15T20:20:29.000,2.12,17.9,7.92,44.631352,-124.201993
2022-06-15T20:35:29.000,2.13,17.98,7.92,44.631352,-124.201993
2022-06-15T20:50:29.000,2.15,18.1,7.92,44.631352,-124.201993
2022-06-15T21:05:29.000,2.17,18.24,7.91,44.631352,-124.201993
2022-06-15T21:20:29.000,2.17,18.27,7.91,44.631352,-124.201993
2022-06-15T21:35:29.000,2.17,18.3,7.9,44.631352,-124.201993
2022-06-15T21:50:29.000,2.18,18.37,7.9,44.631352,-124.201993
2022-06-15T22:05:29.000,2.2,18.53,7.9,44.631352,-124.201993
2022-06-15T22:20:29.000,2.22,18.67,7.9,44.631352,-124.201993
2022-06-15T22:35:29.000,2.23,18.78,7.9,44.631352,-124.201993
2022-06-15T22:50:29.000,2.23,18.81,7.9,44.631352,-124.201993
2022-06-15T23:05:29.000,2.24,18.85,7.9,44.631352,-124.201993
2022-06-15T23:20:29.000,2.24,18.88,7.9,44.631352,-124.201993
2022-06-15T23:35:29.000,2.24,18.88,7.89,44.631352,-124.201993
2022-06-15T23:50:29.000,2.24,18.85,7.9,44.631352,-124.201993
2022-06-16T00:05:29.000,2.23,18.76,7.9,44.631352,-124.201993
2022-06-16T00:20:29.000,2.21,18.61,7.9,44.631352,-124.201993
2022-06-16T00:35:29.000,2.2,18.54,7.9,44.631352,-124.201993
2022-06-16T00:50:29.000,2.2,18.52,7.9,44.631352,-124.201993
2022-06-16T01:05:29.000,2.2,18.52,7.9,44.631352,-124.201993
2022-06-16T01:20:29.000,2.19,18.44,7.9,44.631352,-124.201993
2022-06-16T01:35:29.000,2.18,18.4,7.9,44.631352,-124.201993
2022-06-16T01:50:29.000,2.18,18.37,7.9,44.631352,-124.201993
2022-06-16T02:05:29.000,2.18,18.37,7.9,44.631352,-124.201993
2022-06-16T02:20:29.000,2.16,18.18,7.9,44.631352,-124.201993
2022-06-16T02:35:29.000,2.13,17.95,7.9,44.631352,-124.201993
2022-06-16T02:50:29.000,2.15,18.07,7.9,44.631352,-124.201993
2022-06-16T03:05:29.000,2.12,17.86,7.9,44.631352,-124.201993
2022-06-16T03:20:29.000,2.1,17.67,7.9,44.631352,-124.201993
2022-06-16T03:35:29.000,2.12,17.85,7.91,44.631352,-124.201993
2022-06-16T03:50:29.000,2.13,17.97,7.91,44.631352,-124.201993
2022-06-16T04:05:29.000,2.14,18.02,7.91,44.631352,-124.201993
2022-06-16T04:20:29.000,2.13,17.9,7.91,44.631352,-124.201993
2022-06-16T04:35:29.000,2.11,17.76,7.91,44.631352,-124.201993
2022-06-16T04:50:29.000,2.12,17.9,7.9,44.631352,-124.201993
2022-06-16T05:05:29.000,2.11,17.78,7.9,44.631352,-124.201993
2022-06-16T05:20:29.000,2.12,17.89,7.9,44.631352,-124.201993
2022-06-16T05:35:29.000,2.09,17.6,7.9,44.631352,-124.201993
2022-06-16T05:50:29.000,2.11,17.78,7.9,44.631352,-124.201993
2022-06-16T06:05:29.000,2.11,17.78,7.9,44.631352,-124.201993
2022-06-16T06:20:29.000,2.12,17.83,7.9,44.631352,-124.201993
2022-06-16T06:35:29.000,2.07,17.45,7.9,44.631352,-124.201993
2022-06-16T06:50:29.000,2.07,17.41,7.9,44.631352,-124.201993
2022-06-16T07:05:29.000,2.09,17.61,7.91,44.631352,-124.201993
2022-06-16T07:20:29.000,2.07,17.42,7.91,44.631352,-124.201993
2022-06-16T07:35:29.000,2.07,17.45,7.91,44.631352,-124.201993
2022-06-16T07:50:29.000,2.06,17.33,7.91,44.631352,-124.201993
2022-06-16T08:05:29.000,2.04,17.18,7.91,44.631352,-124.201993
2022-06-16T08:20:29.000,2.08,17.49,7.92,44.631352,-124.201993
2022-06-16T08:35:29.000,2.07,17.47,7.92,44.631352,-124.201993
2022-06-16T08:50:29.000,2.05,17.26,7.92,44.631352,-124.201993
2022-06-16T09:05:29.000,2.06,17.39,7.92,44.631352,-124.201993
2022-06-16T09:20:29.000,2.05,17.24,7.92,44.631352,-124.201993
2022-06-16T09:35:29.000,2.04,17.17,7.92,44.631352,-124.201993
2022-06-16T09:50:29.000,2.06,17.36,7.92,44.631352,-124.201993
2022-06-16T10:05:29.000,2.07,17.45,7.92,44.631352,-124.201993
2022-06-16T10:20:29.000,2.05,17.29,7.92,44.631352,-124.201993
2022-06-16T10:35:29.000,2.05,17.24,7.92,44.631352,-124.201993
2022-06-16T10:50:29.000,2.04,17.16,7.92,44.631352,-124.201993
2022-06-16T11:05:29.000,2.04,17.16,7.92,44.631352,-124.201993
2022-06-16T11:20:29.000,2.03,17.09,7.92,44.631352,-124.201993
2022-06-16T11:35:29.000,2.02,17,7.92,44.631352,-124.201993
2022-06-16T11:50:29.000,2,16.82,7.93,44.631352,-124.201993
2022-06-16T12:05:29.000,1.98,16.74,7.94,44.631352,-124.201993
2022-06-16T12:20:29.000,1.98,16.7,7.95,44.631352,-124.201993
2022-06-16T12:35:29.000,1.98,16.71,7.95,44.631352,-124.201993
2022-06-16T12:50:29.000,1.99,16.83,7.96,44.631352,-124.201993
2022-06-16T13:05:29.000,1.97,16.65,7.97,44.631352,-124.201993
2022-06-16T13:20:29.000,1.96,16.55,7.97,44.631352,-124.201993
2022-06-16T13:35:29.000,1.94,16.35,7.97,44.631352,-124.201993
2022-06-16T13:50:29.000,1.93,16.25,7.97,44.631352,-124.201993
2022-06-16T14:05:29.000,1.92,16.18,7.97,44.631352,-124.201993
2022-06-16T14:20:29.000,1.92,16.17,7.97,44.631352,-124.201993
2022-06-16T14:35:29.000,1.91,16.1,7.97,44.631352,-124.201993
2022-06-16T14:50:29.000,1.9,16.07,7.97,44.631352,-124.201993
2022-06-16T15:05:29.000,1.9,16.05,7.97,44.631352,-124.201993
2022-06-16T15:20:29.000,1.91,16.1,7.97,44.631352,-124.201993
2022-06-16T15:35:29.000,1.91,16.11,7.97,44.631352,-124.201993
2022-06-16T15:50:29.000,1.91,16.12,7.97,44.631352,-124.201993
2022-06-16T16:05:29.000,1.9,16.07,7.97,44.631352,-124.201993
2022-06-16T16:20:29.000,1.9,16.04,7.96,44.631352,-124.201993
2022-06-16T16:35:29.000,1.9,16.02,7.95,44.631352,-124.201993
2022-06-16T16:50:29.000,1.91,16.08,7.95,44.631352,-124.201993
2022-06-16T17:05:29.000,1.91,16.11,7.95,44.631352,-124.201993
2022-06-16T17:20:29.000,1.93,16.24,7.95,44.631352,-124.201993
2022-06-16T17:35:29.000,1.95,16.46,7.95,44.631352,-124.201993
2022-06-16T17:50:29.000,1.98,16.67,7.95,44.631352,-124.201993
2022-06-16T18:05:29.000,1.98,16.74,7.95,44.631352,-124.201993
2022-06-16T18:20:29.000,1.99,16.77,7.95,44.631352,-124.201993
2022-06-16T18:35:29.000,1.99,16.78,7.95,44.631352,-124.201993
2022-06-16T18:50:29.000,1.99,16.79,7.95,44.631352,-124.201993
2022-06-16T19:05:29.000,2.02,17.02,7.95,44.631352,-124.201993
2022-06-16T19:20:29.000,2.02,17.01,7.95,44.631352,-124.201993
2022-06-16T19:35:29.000,2.02,17.03,7.95,44.631352,-124.201993
2022-06-16T19:50:29.000,2.03,17.14,7.95,44.631352,-124.201993
2022-06-16T20:05:29.000,2.01,16.91,7.95,44.631352,-124.201993
2022-06-16T20:20:29.000,2.03,17.13,7.95,44.631352,-124.201993
2022-06-16T20:35:29.000,2.04,17.24,7.95,44.631352,-124.201993
2022-06-16T20:50:29.000,1.97,16.61,7.95,44.631352,-124.201993
2022-06-16T21:05:29.000,2.02,17.05,7.95,44.631352,-124.201993
2022-06-16T21:20:29.000,2.06,17.39,7.95,44.631352,-124.201993
2022-06-16T21:35:29.000,2.01,16.98,7.95,44.631352,-124.201993
2022-06-16T21:50:29.000,2.06,17.38,7.95,44.631352,-124.201993
2022-06-16T22:05:29.000,2.05,17.3,7.95,44.631352,-124.201993
2022-06-16T22:20:29.000,2.04,17.18,7.95,44.631352,-124.201993
2022-06-16T22:35:29.000,2.09,17.6,7.95,44.631352,-124.201993
2022-06-16T22:50:29.000,2.13,17.94,7.95,44.631352,-124.201993
2022-06-16T23:05:29.000,2.11,17.83,7.95,44.631352,-124.201993
2022-06-16T23:20:29.000,2.12,17.84,7.95,44.631352,-124.201993
2022-06-16T23:35:29.000,2.1,17.7,7.95,44.631352,-124.201993
2022-06-16T23:50:29.000,2.13,18,7.95,44.631352,-124.201993
2022-06-17T00:05:29.000,2.16,18.2,7.95,44.631352,-124.201993
2022-06-17T00:20:29.000,2.15,18.17,7.95,44.631352,-124.201993
2022-06-17T00:35:29.000,2.14,18.05,7.95,44.631352,-124.201993
2022-06-17T00:50:29.000,2.13,17.97,7.95,44.631352,-124.201993
2022-06-17T01:05:29.000,2.11,17.79,7.95,44.631352,-124.201993
2022-06-17T01:20:29.000,2.08,17.54,7.95,44.631352,-124.201993
2022-06-17T01:35:29.000,2.06,17.37,7.95,44.631352,-124.201993
2022-06-17T01:50:29.000,2.03,17.15,7.95,44.631352,-124.201993
2022-06-17T02:05:29.000,2.03,17.14,7.95,44.631352,-124.201993
2022-06-17T02:20:29.000,1.99,16.8,7.95,44.631352,-124.201993
2022-06-17T02:35:29.000,2.01,16.92,7.95,44.631352,-124.201993
2022-06-17T02:50:29.000,2.04,17.16,7.95,44.631352,-124.201993
2022-06-17T03:05:29.000,1.99,16.79,7.95,44.631352,-124.201993
2022-06-17T03:20:29.000,1.94,16.34,7.95,44.631352,-124.201993
2022-06-17T03:35:29.000,1.95,16.46,7.95,44.631352,-124.201993
2022-06-17T03:50:29.000,1.98,16.7,7.95,44.631352,-124.201993
2022-06-17T04:05:29.000,1.95,16.42,7.95,44.631352,-124.201993
2022-06-17T04:20:29.000,1.96,16.52,7.95,44.631352,-124.201993
2022-06-17T04:35:29.000,1.94,16.38,7.95,44.631352,-124.201993
2022-06-17T04:50:29.000,1.96,16.52,7.95,44.631352,-124.201993
2022-06-17T05:05:29.000,1.98,16.72,7.95,44.631352,-124.201993
2022-06-17T05:20:29.000,1.97,16.65,7.95,44.631352,-124.201993
2022-06-17T05:35:29.000,1.98,16.74,7.95,44.631352,-124.201993
2022-06-17T05:50:29.000,1.93,16.29,7.95,44.631352,-124.201993
2022-06-17T06:05:29.000,1.96,16.57,7.96,44.631352,-124.201993
2022-06-17T06:20:29.000,1.91,16.07,7.96,44.631352,-124.201993
2022-06-17T06:35:29.000,1.94,16.35,7.96,44.631352,-124.201993
2022-06-17T06:50:29.000,1.92,16.17,7.96,44.631352,-124.201993
2022-06-17T07:05:29.000,1.94,16.38,7.96,44.631352,-124.201993
2022-06-17T07:20:29.000,1.93,16.26,7.96,44.631352,-124.201993
2022-06-17T07:35:29.000,1.88,15.89,7.96,44.631352,-124.201993
2022-06-17T07:50:29.000,1.87,15.79,7.97,44.631352,-124.201993
2022-06-17T08:05:29.000,1.8,15.2,7.97,44.631352,-124.201993
2022-06-17T08:20:29.000,1.84,15.56,7.97,44.631352,-124.201993
2022-06-17T08:35:29.000,1.83,15.46,7.97,44.631352,-124.201993
2022-06-17T08:50:29.000,1.81,15.24,7.97,44.631352,-124.201993
2022-06-17T09:05:29.000,1.8,15.16,7.97,44.631352,-124.201993
2022-06-17T09:20:29.000,1.77,14.93,7.97,44.631352,-124.201993
2022-06-17T09:35:29.000,1.71,14.47,7.97,44.631352,-124.201993
2022-06-17T09:50:29.000,1.75,14.8,7.98,44.631352,-124.201993
2022-06-17T10:05:29.000,1.77,14.95,7.98,44.631352,-124.201993
2022-06-17T10:20:29.000,1.76,14.89,7.98,44.631352,-124.201993
2022-06-17T10:35:29.000,1.76,14.84,7.99,44.631352,-124.201993
2022-06-17T10:50:29.000,1.73,14.62,7.99,44.631352,-124.201993
2022-06-17T11:05:29.000,1.72,14.54,7.99,44.631352,-124.201993
2022-06-17T11:20:29.000,1.73,14.64,7.99,44.631352,-124.201993
2022-06-17T11:35:29.000,1.74,14.73,7.99,44.631352,-124.201993
2022-06-17T11:50:29.000,1.72,14.56,7.99,44.631352,-124.201993
2022-06-17T12:05:29.000,1.73,14.63,8,44.631352,-124.201993
2022-06-17T12:20:29.000,1.72,14.52,8,44.631352,-124.201993
2022-06-17T12:35:29.000,1.72,14.56,8.01,44.631352,-124.201993
2022-06-17T12:50:29.000,1.74,14.72,8.01,44.631352,-124.201993
2022-06-17T13:05:29.000,1.71,14.47,8.01,44.631352,-124.201993
2022-06-17T13:20:29.000,1.72,14.56,8.01,44.631352,-124.201993
2022-06-17T13:35:29.000,1.73,14.6,8,44.631352,-124.201993
2022-06-17T13:50:29.000,1.74,14.72,8,44.631352,-124.201993
2022-06-17T14:05:29.000,1.75,14.79,7.99,44.631352,-124.201993
2022-06-17T14:20:29.000,1.76,14.87,7.99,44.631352,-124.201993
2022-06-17T14:35:29.000,1.76,14.85,7.99,44.631352,-124.201993
2022-06-17T14:50:29.000,1.76,14.89,7.99,44.631352,-124.201993
2022-06-17T15:05:29.000,1.78,15.04,7.99,44.631352,-124.201993
2022-06-17T15:20:29.000,1.8,15.21,7.97,44.631352,-124.201993
2022-06-17T15:35:29.000,1.84,15.52,7.97,44.631352,-124.201993
2022-06-17T15:50:29.000,1.9,16,7.97,44.631352,-124.201993
2022-06-17T16:05:29.000,2.05,17.28,7.96,44.631352,-124.201993
2022-06-17T16:20:29.000,2.13,17.92,7.95,44.631352,-124.201993
2022-06-17T16:35:29.000,2.25,18.99,7.95,44.631352,-124.201993
2022-06-17T16:50:29.000,2.33,19.67,7.95,44.631352,-124.201993
2022-06-17T17:05:29.000,2.52,21.24,7.94,44.631352,-124.201993
2022-06-17T17:20:29.000,2.63,22.14,7.93,44.631352,-124.201993
2022-06-17T17:35:29.000,2.72,22.95,7.92,44.631352,-124.201993
2022-06-17T17:50:29.000,2.78,23.42,7.92,44.631352,-124.201993
2022-06-17T18:05:29.000,2.81,23.71,7.92,44.631352,-124.201993
2022-06-17T18:20:29.000,2.86,24.12,7.9,44.631352,-124.201993
2022-06-17T18:35:29.000,2.89,24.32,7.9,44.631352,-124.201993
2022-06-17T18:50:29.000,2.89,24.33,7.9,44.631352,-124.201993
2022-06-17T19:05:29.000,2.87,24.19,7.89,44.631352,-124.201993
2022-06-17T19:20:29.000,2.87,24.13,7.88,44.631352,-124.201993
2022-06-17T19:35:29.000,2.86,24.04,7.87,44.631352,-124.201993
2022-06-17T19:50:29.000,2.85,23.99,7.87,44.631352,-124.201993
2022-06-17T20:05:29.000,2.84,23.89,7.87,44.631352,-124.201993
2022-06-17T20:20:29.000,2.83,23.84,7.87,44.631352,-124.201993
2022-06-17T20:35:29.000,2.76,23.22,7.87,44.631352,-124.201993
2022-06-17T20:50:29.000,2.79,23.5,7.87,44.631352,-124.201993
2022-06-17T21:05:29.000,2.75,23.12,7.87,44.631352,-124.201993
2022-06-17T21:20:29.000,2.78,23.36,7.87,44.631352,-124.201993
2022-06-17T21:35:29.000,2.75,23.16,7.87,44.631352,-124.201993
2022-06-17T21:50:29.000,2.68,22.57,7.87,44.631352,-124.201993
2022-06-17T22:05:29.000,2.75,23.15,7.87,44.631352,-124.201993
2022-06-17T22:20:29.000,2.76,23.23,7.87,44.631352,-124.201993
2022-06-17T22:35:29.000,2.72,22.87,7.87,44.631352,-124.201993
2022-06-17T22:50:29.000,2.76,23.26,7.87,44.631352,-124.201993
2022-06-17T23:05:29.000,2.76,23.22,7.87,44.631352,-124.201993
2022-06-17T23:20:29.000,2.78,23.4,7.87,44.631352,-124.201993
2022-06-17T23:35:29.000,2.73,22.94,7.87,44.631352,-124.201993
2022-06-17T23:50:29.000,2.79,23.51,7.87,44.631352,-124.201993
2022-06-18T00:05:29.000,2.75,23.14,7.87,44.631352,-124.201993
2022-06-18T00:20:29.000,2.77,23.28,7.87,44.631352,-124.201993
2022-06-18T00:35:29.000,2.67,22.5,7.87,44.631352,-124.201993
2022-06-18T00:50:29.000,2.71,22.81,7.87,44.631352,-124.201993
2022-06-18T01:05:29.000,2.73,23,7.87,44.631352,-124.201993
2022-06-18T01:20:29.000,2.71,22.83,7.87,44.631352,-124.201993
2022-06-18T01:35:29.000,2.75,23.12,7.87,44.631352,-124.201993
2022-06-18T01:50:29.000,2.73,23,7.87,44.631352,-124.201993
2022-06-18T02:05:29.000,2.73,22.97,7.87,44.631352,-124.201993
2022-06-18T02:20:29.000,2.72,22.88,7.87,44.631352,-124.201993
2022-06-18T02:35:29.000,2.66,22.37,7.87,44.631352,-124.201993
2022-06-18T02:50:29.000,2.66,22.4,7.87,44.631352,-124.201993
2022-06-18T03:05:29.000,2.66,22.38,7.87,44.631352,-124.201993
2022-06-18T03:20:29.000,2.73,22.97,7.87,44.631352,-124.201993
2022-06-18T03:35:29.000,2.67,22.44,7.87,44.631352,-124.201993
2022-06-18T03:50:29.000,2.64,22.26,7.87,44.631352,-124.201993
2022-06-18T04:05:29.000,2.63,22.12,7.87,44.631352,-124.201993
2022-06-18T04:20:29.000,2.7,22.75,7.87,44.631352,-124.201993
2022-06-18T04:35:29.000,2.68,22.54,7.87,44.631352,-124.201993
2022-06-18T04:50:29.000,2.71,22.78,7.87,44.631352,-124.201993
2022-06-18T05:05:29.000,2.67,22.47,7.88,44.631352,-124.201993
2022-06-18T05:20:29.000,2.66,22.4,7.88,44.631352,-124.201993
2022-06-18T05:35:29.000,2.68,22.53,7.89,44.631352,-124.201993
2022-06-18T05:50:29.000,2.51,21.16,7.89,44.631352,-124.201993
2022-06-18T06:05:29.000,2.67,22.48,7.89,44.631352,-124.201993
2022-06-18T06:20:29.000,2.67,22.47,7.9,44.631352,-124.201993
2022-06-18T06:35:29.000,2.72,22.88,7.9,44.631352,-124.201993
2022-06-18T06:50:29.000,2.68,22.54,7.9,44.631352,-124.201993
2022-06-18T07:05:29.000,2.68,22.59,7.9,44.631352,-124.201993
2022-06-18T07:20:29.000,2.67,22.46,7.9,44.631352,-124.201993
2022-06-18T07:35:29.000,2.67,22.51,7.91,44.631352,-124.201993
2022-06-18T07:50:29.000,2.64,22.21,7.92,44.631352,-124.201993
2022-06-18T08:05:29.000,2.63,22.19,7.92,44.631352,-124.201993
2022-06-18T08:20:29.000,2.63,22.17,7.92,44.631352,-124.201993
2022-06-18T08:35:29.000,2.55,21.5,7.93,44.631352,-124.201993
2022-06-18T08:50:29.000,2.52,21.22,7.94,44.631352,-124.201993
2022-06-18T09:05:29.000,2.41,20.33,7.94,44.631352,-124.201993
2022-06-18T09:20:29.000,2.25,19,7.95,44.631352,-124.201993
2022-06-18T09:35:29.000,2.05,17.28,7.97,44.631352,-124.201993
2022-06-18T09:50:29.000,1.94,16.35,7.97,44.631352,-124.201993
2022-06-18T10:05:29.000,1.84,15.52,7.97,44.631352,-124.201993
2022-06-18T10:20:29.000,1.81,15.26,7.98,44.631352,-124.201993
2022-06-18T10:35:29.000,1.77,14.91,7.98,44.631352,-124.201993
2022-06-18T10:50:29.000,1.8,15.22,7.98,44.631352,-124.201993
2022-06-18T11:05:29.000,1.8,15.23,7.99,44.631352,-124.201993
2022-06-18T11:20:29.000,1.8,15.19,7.99,44.631352,-124.201993
2022-06-18T11:35:29.000,1.81,15.24,7.99,44.631352,-124.201993
2022-06-18T11:50:29.000,1.8,15.24,7.99,44.631352,-124.201993
2022-06-18T12:05:29.000,1.79,15.15,7.98,44.631352,-124.201993
2022-06-18T12:20:29.000,1.8,15.23,7.98,44.631352,-124.201993
2022-06-18T12:35:29.000,1.77,14.98,7.98,44.631352,-124.201993
2022-06-18T12:50:29.000,1.82,15.34,7.98,44.631352,-124.201993
2022-06-18T13:05:29.000,1.77,14.91,7.98,44.631352,-124.201993
2022-06-18T13:20:29.000,1.79,15.08,7.97,44.631352,-124.201993
2022-06-18T13:35:29.000,1.8,15.17,7.97,44.631352,-124.201993
2022-06-18T13:50:29.000,1.86,15.68,7.97,44.631352,-124.201993
2022-06-18T14:05:29.000,1.88,15.9,7.97,44.631352,-124.201993
2022-06-18T14:20:29.000,1.92,16.22,7.97,44.631352,-124.201993
2022-06-18T14:35:29.000,1.89,15.92,7.97,44.631352,-124.201993
2022-06-18T14:50:29.000,2.03,17.11,7.97,44.631352,-124.201993
2022-06-18T15:05:29.000,2.05,17.29,7.97,44.631352,-124.201993
2022-06-18T15:20:29.000,2.11,17.83,7.96,44.631352,-124.201993
2022-06-18T15:35:29.000,2.09,17.67,7.95,44.631352,-124.201993
2022-06-18T15:50:29.000,2.22,18.68,7.95,44.631352,-124.201993
2022-06-18T16:05:29.000,2.24,18.9,7.95,44.631352,-124.201993
2022-06-18T16:20:29.000,2.3,19.44,7.95,44.631352,-124.201993
2022-06-18T16:35:29.000,2.38,20.03,7.95,44.631352,-124.201993
2022-06-18T16:50:29.000,2.47,20.83,7.94,44.631352,-124.201993
2022-06-18T17:05:29.000,2.46,20.73,7.94,44.631352,-124.201993
2022-06-18T17:20:29.000,2.56,21.55,7.92,44.631352,-124.201993
2022-06-18T17:35:29.000,2.58,21.7,7.92,44.631352,-124.201993
2022-06-18T17:50:29.000,2.65,22.37,7.92,44.631352,-124.201993
2022-06-18T18:05:29.000,2.68,22.6,7.9,44.631352,-124.201993
2022-06-18T18:20:29.000,2.71,22.83,7.9,44.631352,-124.201993
2022-06-18T18:35:29.000,2.71,22.85,7.89,44.631352,-124.201993
2022-06-18T18:50:29.000,2.73,23,7.87,44.631352,-124.201993
2022-06-18T19:05:29.000,2.73,22.98,7.87,44.631352,-124.201993
2022-06-18T19:20:29.000,2.73,22.96,7.87,44.631352,-124.201993
2022-06-18T19:35:29.000,2.72,22.89,7.86,44.631352,-124.201993
2022-06-18T19:50:29.000,2.63,22.17,7.85,44.631352,-124.201993
2022-06-18T20:05:29.000,2.71,22.79,7.85,44.631352,-124.201993
2022-06-18T20:20:29.000,2.7,22.74,7.85,44.631352,-124.201993
2022-06-18T20:35:29.000,2.67,22.43,7.85,44.631352,-124.201993
2022-06-18T20:50:29.000,2.66,22.35,7.85,44.631352,-124.201993
2022-06-18T21:05:29.000,2.62,22.05,7.85,44.631352,-124.201993
2022-06-18T21:20:29.000,2.67,22.48,7.85,44.631352,-124.201993
2022-06-18T21:35:29.000,2.67,22.48,7.84,44.631352,-124.201993
2022-06-18T21:50:29.000,2.68,22.55,7.84,44.631352,-124.201993
2022-06-18T22:05:29.000,2.68,22.5,7.83,44.631352,-124.201993
2022-06-18T22:20:29.000,2.66,22.37,7.83,44.631352,-124.201993
2022-06-18T22:35:29.000,2.66,22.36,7.83,44.631352,-124.201993
2022-06-18T22:50:29.000,2.63,22.08,7.83,44.631352,-124.201993
2022-06-18T23:05:29.000,2.63,22.14,7.82,44.631352,-124.201993
2022-06-18T23:20:29.000,2.63,22.14,7.81,44.631352,-124.201993
2022-06-18T23:35:29.000,2.5,21.04,7.81,44.631352,-124.201993
2022-06-18T23:50:29.000,2.59,21.78,7.82,44.631352,-124.201993
2022-06-19T00:05:29.000,2.6,21.85,7.82,44.631352,-124.201993
2022-06-19T00:20:29.000,2.58,21.71,7.82,44.631352,-124.201993
2022-06-19T00:35:29.000,2.57,21.64,7.83,44.631352,-124.201993
2022-06-19T00:50:29.000,2.59,21.8,7.83,44.631352,-124.201993
2022-06-19T01:05:29.000,2.63,22.11,7.83,44.631352,-124.201993
2022-06-19T01:20:29.000,2.65,22.26,7.83,44.631352,-124.201993
2022-06-19T01:35:29.000,2.64,22.19,7.83,44.631352,-124.201993
2022-06-19T01:50:29.000,2.63,22.09,7.85,44.631352,-124.201993
2022-06-19T02:05:29.000,2.63,22.11,7.85,44.631352,-124.201993
2022-06-19T02:20:29.000,2.64,22.22,7.85,44.631352,-124.201993
2022-06-19T02:35:29.000,2.62,22.04,7.86,44.631352,-124.201993
2022-06-19T02:50:29.000,2.62,22.06,7.87,44.631352,-124.201993
2022-06-19T03:05:29.000,2.64,22.26,7.87,44.631352,-124.201993
2022-06-19T03:20:29.000,2.64,22.26,7.87,44.631352,-124.201993
2022-06-19T03:35:29.000,2.62,22.1,7.87,44.631352,-124.201993
2022-06-19T03:50:29.000,2.62,22.1,7.89,44.631352,-124.201993
2022-06-19T04:05:29.000,2.59,21.82,7.9,44.631352,-124.201993
2022-06-19T04:20:29.000,2.64,22.2,7.9,44.631352,-124.201993
2022-06-19T04:35:29.000,2.63,22.14,7.9,44.631352,-124.201993
2022-06-19T04:50:29.000,2.63,22.16,7.9,44.631352,-124.201993
2022-06-19T05:05:29.000,2.64,22.22,7.9,44.631352,-124.201993
2022-06-19T05:20:29.000,2.63,22.16,7.9,44.631352,-124.201993
2022-06-19T05:35:29.000,2.64,22.24,7.9,44.631352,-124.201993
2022-06-19T05:50:29.000,2.65,22.32,7.9,44.631352,-124.201993
2022-06-19T06:05:29.000,2.63,22.13,7.9,44.631352,-124.201993
2022-06-19T06:20:29.000,2.59,21.84,7.9,44.631352,-124.201993
2022-06-19T06:35:29.000,2.62,22.07,7.9,44.631352,-124.201993
2022-06-19T06:50:29.000,2.64,22.23,7.9,44.631352,-124.201993
2022-06-19T07:05:29.000,2.63,22.15,7.9,44.631352,-124.201993
2022-06-19T07:20:29.000,2.62,22.04,7.9,44.631352,-124.201993
2022-06-19T07:35:29.000,2.57,21.65,7.9,44.631352,-124.201993
2022-06-19T07:50:29.000,2.64,22.2,7.9,44.631352,-124.201993
2022-06-19T08:05:29.000,2.57,21.65,7.89,44.631352,-124.201993
2022-06-19T08:20:29.000,2.54,21.37,7.89,44.631352,-124.201993
2022-06-19T08:35:29.000,2.65,22.28,7.89,44.631352,-124.201993
2022-06-19T08:50:29.000,2.62,22.09,7.89,44.631352,-124.201993
2022-06-19T09:05:29.000,2.65,22.35,7.88,44.631352,-124.201993
2022-06-19T09:20:29.000,2.63,22.12,7.88,44.631352,-124.201993
2022-06-19T09:35:29.000,2.62,22.09,7.88,44.631352,-124.201993
2022-06-19T09:50:29.000,2.58,21.76,7.89,44.631352,-124.201993
2022-06-19T10:05:29.000,2.58,21.71,7.89,44.631352,-124.201993
2022-06-19T10:20:29.000,2.63,22.15,7.89,44.631352,-124.201993
2022-06-19T10:35:29.000,2.63,22.11,7.89,44.631352,-124.201993
2022-06-19T10:50:29.000,2.63,22.19,7.9,44.631352,-124.201993
2022-06-19T11:05:29.000,2.62,22.09,7.9,44.631352,-124.201993
2022-06-19T11:20:29.000,2.56,21.56,7.9,44.631352,-124.201993
2022-06-19T11:35:29.000,2.61,21.96,7.9,44.631352,-124.201993
2022-06-19T11:50:29.000,2.6,21.93,7.9,44.631352,-124.201993
2022-06-19T12:05:29.000,2.56,21.53,7.9,44.631352,-124.201993
2022-06-19T12:20:29.000,2.57,21.63,7.91,44.631352,-124.201993
2022-06-19T12:35:29.000,2.57,21.62,7.92,44.631352,-124.201993
2022-06-19T12:50:29.000,2.53,21.33,7.92,44.631352,-124.201993
2022-06-19T13:05:29.000,2.5,21.08,7.92,44.631352,-124.201993
2022-06-19T13:20:29.000,2.5,21.09,7.92,44.631352,-124.201993
2022-06-19T13:35:29.000,2.47,20.84,7.92,44.631352,-124.201993
2022-06-19T13:50:29.000,2.48,20.89,7.92,44.631352,-124.201993
2022-06-19T14:05:29.000,2.5,21.07,7.92,44.631352,-124.201993
2022-06-19T14:20:29.000,2.48,20.91,7.93,44.631352,-124.201993
2022-06-19T14:35:29.000,2.45,20.64,7.93,44.631352,-124.201993
2022-06-19T14:50:29.000,2.49,20.96,7.93,44.631352,-124.201993
2022-06-19T15:05:29.000,2.47,20.82,7.93,44.631352,-124.201993
2022-06-19T15:20:29.000,2.37,19.96,7.93,44.631352,-124.201993
2022-06-19T15:35:29.000,2.46,20.7,7.93,44.631352,-124.201993
2022-06-19T15:50:29.000,2.43,20.51,7.93,44.631352,-124.201993
2022-06-19T16:05:29.000,2.41,20.28,7.93,44.631352,-124.201993
2022-06-19T16:20:29.000,2.44,20.59,7.93,44.631352,-124.201993
2022-06-19T16:35:29.000,2.45,20.69,7.93,44.631352,-124.201993
2022-06-19T16:50:29.000,2.46,20.71,7.93,44.631352,-124.201993
2022-06-19T17:05:29.000,2.48,20.91,7.92,44.631352,-124.201993
2022-06-19T17:20:29.000,2.5,21.05,7.92,44.631352,-124.201993
2022-06-19T17:35:29.000,2.48,20.89,7.92,44.631352,-124.201993
2022-06-19T17:50:29.000,2.46,20.75,7.92,44.631352,-124.201993
2022-06-19T18:05:29.000,2.5,21.1,7.92,44.631352,-124.201993
2022-06-19T18:20:29.000,2.51,21.13,7.92,44.631352,-124.201993
2022-06-19T18:35:29.000,2.57,21.62,7.92,44.631352,-124.201993
2022-06-19T18:50:29.000,2.59,21.78,7.9,44.631352,-124.201993
2022-06-19T19:05:29.000,2.61,22,7.9,44.631352,-124.201993
2022-06-19T19:20:29.000,2.63,22.11,7.89,44.631352,-124.201993
2022-06-19T19:35:29.000,2.63,22.16,7.87,44.631352,-124.201993
2022-06-19T19:50:29.000,2.63,22.16,7.87,44.631352,-124.201993
2022-06-19T20:05:29.000,2.63,22.12,7.85,44.631352,-124.201993
2022-06-19T20:20:29.000,2.61,21.94,7.85,44.631352,-124.201993
2022-06-19T20:35:29.000,2.56,21.55,7.85,44.631352,-124.201993
2022-06-19T20:50:29.000,2.55,21.47,7.83,44.631352,-124.201993
2022-06-19T21:05:29.000,2.54,21.38,7.83,44.631352,-124.201993
2022-06-19T21:20:29.000,2.54,21.32,7.82,44.631352,-124.201993
2022-06-19T21:35:29.000,2.53,21.26,7.82,44.631352,-124.201993
2022-06-19T21:50:29.000,2.51,21.13,7.81,44.631352,-124.201993
2022-06-19T22:05:29.000,2.49,20.92,7.8,44.631352,-124.201993
2022-06-19T22:20:29.000,2.46,20.7,7.8,44.631352,-124.201993
2022-06-19T22:35:29.000,2.43,20.45,7.8,44.631352,-124.201993
2022-06-19T22:50:29.000,2.44,20.51,7.8,44.631352,-124.201993
2022-06-19T23:05:29.000,2.43,20.39,7.8,44.631352,-124.201993
2022-06-19T23:20:29.000,2.41,20.26,7.8,44.631352,-124.201993
2022-06-19T23:35:29.000,2.44,20.46,7.8,44.631352,-124.201993
2022-06-19T23:50:29.000,2.41,20.24,7.8,44.631352,-124.201993
2022-06-20T00:05:29.000,2.4,20.21,7.8,44.631352,-124.201993
2022-06-20T00:20:29.000,2.42,20.32,7.8,44.631352,-124.201993
2022-06-20T00:35:29.000,2.43,20.44,7.8,44.631352,-124.201993
2022-06-20T00:50:29.000,2.44,20.49,7.8,44.631352,-124.201993
2022-06-20T01:05:29.000,2.43,20.42,7.8,44.631352,-124.201993
2022-06-20T01:20:29.000,2.44,20.47,7.8,44.631352,-124.201993
2022-06-20T01:35:29.000,2.42,20.32,7.81,44.631352,-124.201993
2022-06-20T01:50:29.000,2.45,20.59,7.81,44.631352,-124.201993
2022-06-20T02:05:29.000,2.42,20.37,7.82,44.631352,-124.201993
2022-06-20T02:20:29.000,2.44,20.53,7.82,44.631352,-124.201993
2022-06-20T02:35:29.000,2.43,20.47,7.83,44.631352,-124.201993
2022-06-20T02:50:29.000,2.42,20.38,7.83,44.631352,-124.201993
2022-06-20T03:05:29.000,2.45,20.59,7.83,44.631352,-124.201993
2022-06-20T03:20:29.000,2.42,20.36,7.83,44.631352,-124.201993
2022-06-20T03:35:29.000,2.46,20.71,7.83,44.631352,-124.201993
2022-06-20T03:50:29.000,2.46,20.65,7.83,44.631352,-124.201993
2022-06-20T04:05:29.000,2.47,20.76,7.83,44.631352,-124.201993
2022-06-20T04:20:29.000,2.46,20.7,7.84,44.631352,-124.201993
2022-06-20T04:35:29.000,2.47,20.76,7.85,44.631352,-124.201993
2022-06-20T04:50:29.000,2.49,20.93,7.85,44.631352,-124.201993
2022-06-20T05:05:29.000,2.51,21.16,7.85,44.631352,-124.201993
2022-06-20T05:20:29.000,2.51,21.15,7.87,44.631352,-124.201993
2022-06-20T05:35:29.000,2.53,21.31,7.87,44.631352,-124.201993
2022-06-20T05:50:29.000,2.52,21.25,7.87,44.631352,-124.201993
2022-06-20T06:05:29.000,2.53,21.33,7.87,44.631352,-124.201993
2022-06-20T06:20:29.000,2.54,21.36,7.88,44.631352,-124.201993
2022-06-20T06:35:29.000,2.55,21.43,7.88,44.631352,-124.201993
2022-06-20T06:50:29.000,2.54,21.41,7.89,44.631352,-124.201993
2022-06-20T07:05:29.000,2.53,21.3,7.89,44.631352,-124.201993
2022-06-20T07:20:29.000,2.54,21.41,7.89,44.631352,-124.201993
2022-06-20T07:35:29.000,2.55,21.45,7.9,44.631352,-124.201993
2022-06-20T07:50:29.000,2.55,21.48,7.9,44.631352,-124.201993
2022-06-20T08:05:29.000,2.54,21.4,7.9,44.631352,-124.201993
2022-06-20T08:20:29.000,2.55,21.47,7.9,44.631352,-124.201993
2022-06-20T08:35:29.000,2.54,21.42,7.9,44.631352,-124.201993
2022-06-20T08:50:29.000,2.53,21.34,7.89,44.631352,-124.201993
2022-06-20T09:05:29.000,2.54,21.39,7.89,44.631352,-124.201993
2022-06-20T09:20:29.000,2.53,21.27,7.88,44.631352,-124.201993
2022-06-20T09:35:29.000,2.56,21.56,7.88,44.631352,-124.201993
2022-06-20T09:50:29.000,2.51,21.12,7.87,44.631352,-124.201993
2022-06-20T10:05:29.000,2.56,21.51,7.87,44.631352,-124.201993
2022-06-20T10:20:29.000,2.54,21.35,7.87,44.631352,-124.201993
2022-06-20T10:35:29.000,2.54,21.39,7.87,44.631352,-124.201993
2022-06-20T10:50:29.000,2.52,21.19,7.87,44.631352,-124.201993
2022-06-20T11:05:29.000,2.5,21.07,7.87,44.631352,-124.201993
2022-06-20T11:20:29.000,2.5,21.04,7.87,44.631352,-124.201993
2022-06-20T11:35:29.000,2.47,20.79,7.87,44.631352,-124.201993
2022-06-20T11:50:29.000,2.48,20.85,7.87,44.631352,-124.201993
2022-06-20T12:05:29.000,2.5,21.03,7.87,44.631352,-124.201993
2022-06-20T12:20:29.000,2.47,20.79,7.87,44.631352,-124.201993
2022-06-20T12:35:29.000,2.49,20.92,7.87,44.631352,-124.201993
2022-06-20T12:50:29.000,2.49,20.94,7.87,44.631352,-124.201993
2022-06-20T13:05:29.000,2.48,20.84,7.87,44.631352,-124.201993
2022-06-20T13:20:29.000,2.48,20.89,7.87,44.631352,-124.201993
2022-06-20T13:35:29.000,2.49,20.94,7.87,44.631352,-124.201993
2022-06-20T13:50:29.000,2.49,20.93,7.87,44.631352,-124.201993
2022-06-20T14:05:29.000,2.45,20.65,7.87,44.631352,-124.201993
2022-06-20T14:20:29.000,2.48,20.88,7.87,44.631352,-124.201993
2022-06-20T14:35:29.000,2.49,20.94,7.87,44.631352,-124.201993
2022-06-20T14:50:29.000,2.46,20.67,7.87,44.631352,-124.201993
2022-06-20T15:05:29.000,2.48,20.87,7.87,44.631352,-124.201993
2022-06-20T15:20:29.000,2.47,20.81,7.87,44.631352,-124.201993
2022-06-20T15:35:29.000,2.48,20.89,7.87,44.631352,-124.201993
2022-06-20T15:50:29.000,2.49,20.93,7.87,44.631352,-124.201993
2022-06-20T16:05:29.000,2.49,20.97,7.87,44.631352,-124.201993
2022-06-20T16:20:29.000,2.48,20.86,7.87,44.631352,-124.201993
2022-06-20T16:35:29.000,2.49,20.95,7.87,44.631352,-124.201993
2022-06-20T16:50:29.000,2.45,20.66,7.87,44.631352,-124.201993
2022-06-20T17:05:29.000,2.47,20.79,7.87,44.631352,-124.201993
2022-06-20T17:20:29.000,2.47,20.83,7.87,44.631352,-124.201993
2022-06-20T17:35:29.000,2.44,20.57,7.87,44.631352,-124.201993
2022-06-20T17:50:29.000,2.42,20.4,7.87,44.631352,-124.201993
2022-06-20T18:05:29.000,2.41,20.26,7.87,44.631352,-124.201993
2022-06-20T18:20:29.000,2.45,20.63,7.87,44.631352,-124.201993
2022-06-20T18:35:29.000,2.44,20.54,7.87,44.631352,-124.201993
2022-06-20T18:50:29.000,2.43,20.46,7.87,44.631352,-124.201993
2022-06-20T19:05:29.000,2.42,20.35,7.87,44.631352,-124.201993
2022-06-20T19:20:29.000,2.43,20.46,7.86,44.631352,-124.201993
2022-06-20T19:35:29.000,2.43,20.47,7.86,44.631352,-124.201993
2022-06-20T19:50:29.000,2.43,20.4,7.85,44.631352,-124.201993
2022-06-20T20:05:29.000,2.43,20.43,7.85,44.631352,-124.201993
2022-06-20T20:20:29.000,2.42,20.37,7.85,44.631352,-124.201993
2022-06-20T20:35:29.000,2.42,20.33,7.85,44.631352,-124.201993
2022-06-20T20:50:29.000,2.42,20.33,7.85,44.631352,-124.201993
2022-06-20T21:05:29.000,2.41,20.26,7.85,44.631352,-124.201993
2022-06-20T21:20:29.000,2.4,20.23,7.85,44.631352,-124.201993
2022-06-20T21:35:29.000,2.39,20.14,7.84,44.631352,-124.201993
2022-06-20T21:50:29.000,2.39,20.12,7.83,44.631352,-124.201993
2022-06-20T22:05:29.000,2.39,20.07,7.83,44.631352,-124.201993
2022-06-20T22:20:29.000,2.38,20.03,7.83,44.631352,-124.201993
2022-06-20T22:35:29.000,2.37,19.89,7.82,44.631352,-124.201993
2022-06-20T22:50:29.000,2.37,19.92,7.81,44.631352,-124.201993
2022-06-20T23:05:29.000,2.37,19.9,7.8,44.631352,-124.201993
2022-06-20T23:20:29.000,2.37,19.91,7.8,44.631352,-124.201993
2022-06-20T23:35:29.000,2.35,19.77,7.8,44.631352,-124.201993
2022-06-20T23:50:29.000,2.37,19.93,7.8,44.631352,-124.201993
2022-06-21T00:05:29.000,2.37,19.95,7.8,44.631352,-124.201993
2022-06-21T00:20:29.000,2.35,19.73,7.8,44.631352,-124.201993
2022-06-21T00:35:29.000,2.36,19.83,7.8,44.631352,-124.201993
2022-06-21T00:50:29.000,2.34,19.63,7.8,44.631352,-124.201993
2022-06-21T01:05:29.000,2.33,19.62,7.8,44.631352,-124.201993
2022-06-21T01:20:29.000,2.32,19.47,7.8,44.631352,-124.201993
2022-06-21T01:35:29.000,2.34,19.63,7.8,44.631352,-124.201993
2022-06-21T01:50:29.000,2.32,19.47,7.8,44.631352,-124.201993
2022-06-21T02:05:29.000,2.31,19.41,7.8,44.631352,-124.201993
2022-06-21T02:20:29.000,2.31,19.43,7.8,44.631352,-124.201993
2022-06-21T02:35:29.000,2.27,19.09,7.8,44.631352,-124.201993
2022-06-21T02:50:29.000,2.26,19.03,7.8,44.631352,-124.201993
2022-06-21T03:05:29.000,2.31,19.41,7.8,44.631352,-124.201993
2022-06-21T03:20:29.000,2.3,19.32,7.8,44.631352,-124.201993
2022-06-21T03:35:29.000,2.31,19.43,7.8,44.631352,-124.201993
2022-06-21T03:50:29.000,2.29,19.24,7.8,44.631352,-124.201993
2022-06-21T04:05:29.000,2.3,19.32,7.8,44.631352,-124.201993
2022-06-21T04:20:29.000,2.29,19.23,7.8,44.631352,-124.201993
2022-06-21T04:35:29.000,2.31,19.42,7.8,44.631352,-124.201993
2022-06-21T04:50:29.000,2.29,19.24,7.8,44.631352,-124.201993
2022-06-21T05:05:29.000,2.26,19.02,7.8,44.631352,-124.201993
2022-06-21T05:20:29.000,2.31,19.37,7.8,44.631352,-124.201993
2022-06-21T05:35:29.000,2.3,19.28,7.79,44.631352,-124.201993
2022-06-21T05:50:29.000,2.3,19.33,7.79,44.631352,-124.201993
2022-06-21T06:05:29.000,2.27,19.08,7.79,44.631352,-124.201993
2022-06-21T06:20:29.000,2.3,19.33,7.78,44.631352,-124.201993
2022-06-21T06:35:29.000,2.31,19.44,7.78,44.631352,-124.201993
2022-06-21T06:50:29.000,2.31,19.4,7.78,44.631352,-124.201993
2022-06-21T07:05:29.000,2.31,19.43,7.78,44.631352,-124.201993
2022-06-21T07:20:29.000,2.3,19.28,7.78,44.631352,-124.201993
2022-06-21T07:35:29.000,2.31,19.41,7.78,44.631352,-124.201993
2022-06-21T07:50:29.000,2.32,19.47,7.78,44.631352,-124.201993
2022-06-21T08:05:29.000,2.33,19.56,7.78,44.631352,-124.201993
2022-06-21T08:20:29.000,2.33,19.53,7.78,44.631352,-124.201993
2022-06-21T08:35:29.000,2.33,19.53,7.78,44.631352,-124.201993
2022-06-21T08:50:29.000,2.33,19.57,7.78,44.631352,-124.201993
2022-06-21T09:05:29.000,2.36,19.8,7.78,44.631352,-124.201993
2022-06-21T09:20:29.000,2.37,19.93,7.78,44.631352,-124.201993
2022-06-21T09:35:29.000,2.39,20.08,7.78,44.631352,-124.201993
2022-06-21T09:50:29.000,2.4,20.17,7.78,44.631352,-124.201993
2022-06-21T10:05:29.000,2.45,20.59,7.78,44.631352,-124.201993
2022-06-21T10:20:29.000,2.48,20.86,7.78,44.631352,-124.201993
2022-06-21T10:35:29.000,2.53,21.25,7.78,44.631352,-124.201993
2022-06-21T10:50:29.000,2.58,21.68,7.78,44.631352,-124.201993
2022-06-21T11:05:29.000,2.61,21.93,7.78,44.631352,-124.201993
2022-06-21T11:20:29.000,2.65,22.24,7.78,44.631352,-124.201993
2022-06-21T11:35:29.000,2.7,22.68,7.79,44.631352,-124.201993
2022-06-21T11:50:29.000,2.76,23.15,7.8,44.631352,-124.201993
2022-06-21T12:05:29.000,2.78,23.4,7.8,44.631352,-124.201993
2022-06-21T12:20:29.000,2.82,23.7,7.8,44.631352,-124.201993
2022-06-21T12:35:29.000,2.85,23.98,7.8,44.631352,-124.201993
2022-06-21T12:50:29.000,2.87,24.14,7.81,44.631352,-124.201993
2022-06-21T13:05:29.000,2.88,24.2,7.81,44.631352,-124.201993
2022-06-21T13:20:29.000,2.86,24.08,7.81,44.631352,-124.201993
2022-06-21T13:35:29.000,2.88,24.22,7.81,44.631352,-124.201993
2022-06-21T13:50:29.000,2.89,24.28,7.81,44.631352,-124.201993
2022-06-21T14:05:29.000,2.89,24.3,7.81,44.631352,-124.201993
2022-06-21T14:20:29.000,2.88,24.17,7.81,44.631352,-124.201993
2022-06-21T14:35:29.000,2.87,24.08,7.8,44.631352,-124.201993
2022-06-21T14:50:29.000,2.86,24.02,7.8,44.631352,-124.201993
2022-06-21T15:05:29.000,2.85,23.94,7.8,44.631352,-124.201993
2022-06-21T15:20:29.000,2.84,23.9,7.8,44.631352,-124.201993
2022-06-21T15:35:29.000,2.84,23.84,7.8,44.631352,-124.201993
2022-06-21T15:50:29.000,2.83,23.82,7.8,44.631352,-124.201993
2022-06-21T16:05:29.000,2.83,23.77,7.8,44.631352,-124.201993
2022-06-21T16:20:29.000,2.83,23.79,7.8,44.631352,-124.201993
2022-06-21T16:35:29.000,2.82,23.73,7.8,44.631352,-124.201993
2022-06-21T16:50:29.000,2.81,23.61,7.79,44.631352,-124.201993
2022-06-21T17:05:29.000,2.81,23.56,7.79,44.631352,-124.201993
2022-06-21T17:20:29.000,2.81,23.61,7.78,44.631352,-124.201993
2022-06-21T17:35:29.000,2.82,23.69,7.78,44.631352,-124.201993
2022-06-21T17:50:29.000,2.83,23.77,7.79,44.631352,-124.201993
2022-06-21T18:05:29.000,2.85,23.91,7.8,44.631352,-124.201993
2022-06-21T18:20:29.000,2.86,24.01,7.8,44.631352,-124.201993
2022-06-21T18:35:29.000,2.87,24.08,7.8,44.631352,-124.201993
2022-06-21T18:50:29.000,2.88,24.2,7.8,44.631352,-124.201993
2022-06-21T19:05:29.000,2.91,24.47,7.8,44.631352,-124.201993
2022-06-21T19:20:29.000,2.96,24.84,7.82,44.631352,-124.201993
2022-06-21T19:35:29.000,3.04,25.53,7.83,44.631352,-124.201993
2022-06-21T19:50:29.000,3.11,26.15,7.85,44.631352,-124.201993
2022-06-21T20:05:29.000,3.16,26.63,7.85,44.631352,-124.201993
2022-06-21T20:20:29.000,3.23,27.14,7.86,44.631352,-124.201993
2022-06-21T20:35:29.000,3.24,27.29,7.87,44.631352,-124.201993
2022-06-21T20:50:29.000,3.24,27.31,7.87,44.631352,-124.201993
2022-06-21T21:05:29.000,3.25,27.32,7.87,44.631352,-124.201993
2022-06-21T21:20:29.000,3.24,27.25,7.87,44.631352,-124.201993
2022-06-21T21:35:29.000,3.23,27.19,7.87,44.631352,-124.201993
2022-06-21T21:50:29.000,3.22,27.09,7.87,44.631352,-124.201993
2022-06-21T22:05:29.000,3.2,26.97,7.87,44.631352,-124.201993
2022-06-21T22:20:29.000,3.2,26.92,7.86,44.631352,-124.201993
2022-06-21T22:35:29.000,3.2,26.93,7.86,44.631352,-124.201993
2022-06-21T22:50:29.000,3.2,26.95,7.86,44.631352,-124.201993
2022-06-21T23:05:29.000,3.2,26.9,7.86,44.631352,-124.201993
2022-06-21T23:20:29.000,3.18,26.73,7.85,44.631352,-124.201993
2022-06-21T23:35:29.000,3.16,26.55,7.85,44.631352,-124.201993
2022-06-21T23:50:29.000,3.14,26.44,7.85,44.631352,-124.201993
2022-06-22T00:05:29.000,3.13,26.34,7.85,44.631352,-124.201993
2022-06-22T00:20:29.000,3.12,26.23,7.84,44.631352,-124.201993
2022-06-22T00:35:29.000,3.11,26.18,7.84,44.631352,-124.201993
2022-06-22T00:50:29.000,3.1,26.09,7.83,44.631352,-124.201993
2022-06-22T01:05:29.000,3.1,26.06,7.83,44.631352,-124.201993
2022-06-22T01:20:29.000,3.1,26.06,7.83,44.631352,-124.201993
2022-06-22T01:35:29.000,3.09,26,7.83,44.631352,-124.201993
2022-06-22T01:50:29.000,3.09,26,7.83,44.631352,-124.201993
2022-06-22T02:05:29.000,3.08,25.89,7.83,44.631352,-124.201993
2022-06-22T02:20:29.000,3.07,25.84,7.82,44.631352,-124.201993
2022-06-22T02:35:29.000,3.07,25.76,7.81,44.631352,-124.201993
2022-06-22T02:50:29.000,3.06,25.69,7.81,44.631352,-124.201993
2022-06-22T03:05:29.000,3.06,25.67,7.8,44.631352,-124.201993
2022-06-22T03:20:29.000,3.06,25.7,7.8,44.631352,-124.201993
2022-06-22T03:35:29.000,3.05,25.66,7.8,44.631352,-124.201993
2022-06-22T03:50:29.000,3.05,25.66,7.8,44.631352,-124.201993
2022-06-22T04:05:29.000,3.05,25.62,7.8,44.631352,-124.201993
2022-06-22T04:20:29.000,3.05,25.6,7.79,44.631352,-124.201993
2022-06-22T04:35:29.000,3.05,25.65,7.79,44.631352,-124.201993
2022-06-22T04:50:29.000,3.05,25.6,7.79,44.631352,-124.201993
2022-06-22T05:05:29.000,3.04,25.56,7.79,44.631352,-124.201993
2022-06-22T05:20:29.000,3.04,25.57,7.79,44.631352,-124.201993
2022-06-22T05:35:29.000,3.05,25.6,7.79,44.631352,-124.201993
2022-06-22T05:50:29.000,3.05,25.62,7.79,44.631352,-124.201993
2022-06-22T06:05:29.000,3.04,25.55,7.78,44.631352,-124.201993
2022-06-22T06:20:29.000,3.05,25.64,7.78,44.631352,-124.201993
2022-06-22T06:35:29.000,3.06,25.68,7.78,44.631352,-124.201993
2022-06-22T06:50:29.000,3.06,25.72,7.78,44.631352,-124.201993
2022-06-22T07:05:29.000,3.06,25.72,7.78,44.631352,-124.201993
2022-06-22T07:20:29.000,3.07,25.76,7.78,44.631352,-124.201993
2022-06-22T07:35:29.000,3.06,25.74,7.78,44.631352,-124.201993
2022-06-22T07:50:29.000,3.06,25.66,7.78,44.631352,-124.201993
2022-06-22T08:05:29.000,3.03,25.48,7.78,44.631352,-124.201993
2022-06-22T08:20:29.000,2.97,24.93,7.75,44.631352,-124.201993
2022-06-22T08:35:29.000,2.95,24.78,7.75,44.631352,-124.201993
2022-06-22T08:50:29.000,2.92,24.54,7.74,44.631352,-124.201993
2022-06-22T09:05:29.000,2.9,24.31,7.73,44.631352,-124.201993
2022-06-22T09:20:29.000,2.88,24.13,7.73,44.631352,-124.201993
2022-06-22T09:35:29.000,2.86,23.97,7.71,44.631352,-124.201993
2022-06-22T09:50:29.000,2.83,23.75,7.71,44.631352,-124.201993
2022-06-22T10:05:29.000,2.82,23.62,7.71,44.631352,-124.201993
2022-06-22T10:20:29.000,2.81,23.52,7.7,44.631352,-124.201993
2022-06-22T10:35:29.000,2.79,23.38,7.7,44.631352,-124.201993
2022-06-22T10:50:29.000,2.79,23.4,7.7,44.631352,-124.201993
2022-06-22T11:05:29.000,2.79,23.38,7.7,44.631352,-124.201993
2022-06-22T11:20:29.000,2.77,23.26,7.7,44.631352,-124.201993
2022-06-22T11:35:29.000,2.76,23.13,7.7,44.631352,-124.201993
2022-06-22T11:50:29.000,2.75,23.07,7.7,44.631352,-124.201993
2022-06-22T12:05:29.000,2.75,23.02,7.69,44.631352,-124.201993
2022-06-22T12:20:29.000,2.73,22.9,7.69,44.631352,-124.201993
2022-06-22T12:35:29.000,2.73,22.86,7.69,44.631352,-124.201993
2022-06-22T12:50:29.000,2.73,22.86,7.69,44.631352,-124.201993
2022-06-22T13:05:29.000,2.73,22.89,7.69,44.631352,-124.201993
2022-06-22T13:20:29.000,2.72,22.77,7.69,44.631352,-124.201993
2022-06-22T13:35:29.000,2.72,22.82,7.69,44.631352,-124.201993
2022-06-22T13:50:29.000,2.72,22.76,7.69,44.631352,-124.201993
2022-06-22T14:05:29.000,2.71,22.68,7.68,44.631352,-124.201993
2022-06-22T14:20:29.000,2.7,22.65,7.68,44.631352,-124.201993
2022-06-22T14:35:29.000,2.7,22.61,7.68,44.631352,-124.201993
2022-06-22T14:50:29.000,2.7,22.6,7.68,44.631352,-124.201993
2022-06-22T15:05:29.000,2.69,22.52,7.68,44.631352,-124.201993
2022-06-22T15:20:29.000,2.68,22.44,7.68,44.631352,-124.201993
2022-06-22T15:35:29.000,2.67,22.34,7.68,44.631352,-124.201993
2022-06-22T15:50:29.000,2.66,22.26,7.68,44.631352,-124.201993
2022-06-22T16:05:29.000,2.65,22.16,7.68,44.631352,-124.201993
2022-06-22T16:20:29.000,2.62,21.96,7.66,44.631352,-124.201993
2022-06-22T16:35:29.000,2.59,21.72,7.66,44.631352,-124.201993
2022-06-22T16:50:29.000,2.58,21.63,7.66,44.631352,-124.201993
2022-06-22T17:05:29.000,2.57,21.5,7.66,44.631352,-124.201993
2022-06-22T17:20:29.000,2.55,21.34,7.66,44.631352,-124.201993
2022-06-22T17:35:29.000,2.54,21.28,7.65,44.631352,-124.201993
2022-06-22T17:50:29.000,2.54,21.24,7.65,44.631352,-124.201993
2022-06-22T18:05:29.000,2.53,21.16,7.64,44.631352,-124.201993
2022-06-22T18:20:29.000,2.52,21.09,7.63,44.631352,-124.201993
2022-06-22T18:35:29.000,2.52,21.05,7.63,44.631352,-124.201993
2022-06-22T18:50:29.000,2.52,21.05,7.63,44.631352,-124.201993
2022-06-22T19:05:29.000,2.52,21.11,7.63,44.631352,-124.201993
2022-06-22T19:20:29.000,2.52,21.11,7.63,44.631352,-124.201993
2022-06-22T19:35:29.000,2.53,21.2,7.62,44.631352,-124.201993
2022-06-22T19:50:29.000,2.54,21.25,7.62,44.631352,-124.201993
2022-06-22T20:05:29.000,2.55,21.3,7.62,44.631352,-124.201993
2022-06-22T20:20:29.000,2.54,21.24,7.62,44.631352,-124.201993
2022-06-22T20:35:29.000,2.54,21.25,7.62,44.631352,-124.201993
2022-06-22T20:50:29.000,2.53,21.12,7.61,44.631352,-124.201993
2022-06-22T21:05:29.000,2.51,20.97,7.61,44.631352,-124.201993
2022-06-22T21:20:29.000,2.51,20.97,7.61,44.631352,-124.201993
2022-06-22T21:35:29.000,2.47,20.65,7.6,44.631352,-124.201993
2022-06-22T21:50:29.000,2.45,20.48,7.59,44.631352,-124.201993
2022-06-22T22:05:29.000,2.44,20.35,7.59,44.631352,-124.201993
2022-06-22T22:20:29.000,2.4,20.09,7.58,44.631352,-124.201993
2022-06-22T22:35:29.000,2.4,20.02,7.58,44.631352,-124.201993
2022-06-22T22:50:29.000,2.39,19.95,7.58,44.631352,-124.201993
2022-06-22T23:05:29.000,2.38,19.89,7.58,44.631352,-124.201993
2022-06-22T23:20:29.000,2.37,19.81,7.58,44.631352,-124.201993
2022-06-22T23:35:29.000,2.36,19.76,7.58,44.631352,-124.201993
2022-06-22T23:50:29.000,2.36,19.76,7.58,44.631352,-124.201993
2022-06-23T00:05:29.000,2.36,19.69,7.58,44.631352,-124.201993
2022-06-23T00:20:29.000,2.35,19.63,7.58,44.631352,-124.201993
2022-06-23T00:35:29.000,2.33,19.43,7.56,44.631352,-124.201993
2022-06-23T00:50:29.000,2.3,19.25,7.56,44.631352,-124.201993
2022-06-23T01:05:29.000,2.3,19.2,7.56,44.631352,-124.201993
2022-06-23T01:20:29.000,2.29,19.12,7.56,44.631352,-124.201993
2022-06-23T01:35:29.000,2.28,19.01,7.56,44.631352,-124.201993
2022-06-23T01:50:29.000,2.28,19.05,7.56,44.631352,-124.201993
2022-06-23T02:05:29.000,2.27,18.97,7.56,44.631352,-124.201993
2022-06-23T02:20:29.000,2.26,18.89,7.56,44.631352,-124.201993
2022-06-23T02:35:29.000,2.27,18.93,7.56,44.631352,-124.201993
2022-06-23T02:50:29.000,2.26,18.87,7.56,44.631352,-124.201993
2022-06-23T03:05:29.000,2.26,18.92,7.56,44.631352,-124.201993
2022-06-23T03:20:29.000,2.26,18.9,7.56,44.631352,-124.201993
2022-06-23T03:35:29.000,2.26,18.86,7.56,44.631352,-124.201993
2022-06-23T03:50:29.000,2.24,18.73,7.56,44.631352,-124.201993
2022-06-23T04:05:29.000,2.23,18.65,7.56,44.631352,-124.201993
2022-06-23T04:20:29.000,2.23,18.62,7.55,44.631352,-124.201993
2022-06-23T04:35:29.000,2.23,18.58,7.55,44.631352,-124.201993
2022-06-23T04:50:29.000,2.22,18.52,7.55,44.631352,-124.201993
2022-06-23T05:05:29.000,2.22,18.55,7.55,44.631352,-124.201993
2022-06-23T05:20:29.000,2.22,18.56,7.55,44.631352,-124.201993
2022-06-23T05:35:29.000,2.23,18.62,7.55,44.631352,-124.201993
2022-06-23T05:50:29.000,2.23,18.59,7.55,44.631352,-124.201993
2022-06-23T06:05:29.000,2.24,18.68,7.55,44.631352,-124.201993
2022-06-23T06:20:29.000,2.24,18.74,7.55,44.631352,-124.201993
2022-06-23T06:35:29.000,2.25,18.76,7.55,44.631352,-124.201993
2022-06-23T06:50:29.000,2.24,18.74,7.55,44.631352,-124.201993
2022-06-23T07:05:29.000,2.25,18.8,7.55,44.631352,-124.201993
2022-06-23T07:20:29.000,2.25,18.79,7.55,44.631352,-124.201993
2022-06-23T07:35:29.000,2.26,18.9,7.55,44.631352,-124.201993
2022-06-23T07:50:29.000,2.28,19.02,7.56,44.631352,-124.201993
2022-06-23T08:05:29.000,2.28,19.02,7.56,44.631352,-124.201993
2022-06-23T08:20:29.000,2.26,18.88,7.55,44.631352,-124.201993
2022-06-23T08:35:29.000,2.25,18.76,7.55,44.631352,-124.201993
2022-06-23T08:50:29.000,2.22,18.57,7.55,44.631352,-124.201993
2022-06-23T09:05:29.000,2.2,18.4,7.55,44.631352,-124.201993
2022-06-23T09:20:29.000,2.18,18.17,7.54,44.631352,-124.201993
2022-06-23T09:35:29.000,2.17,18.08,7.54,44.631352,-124.201993
2022-06-23T09:50:29.000,2.17,18.1,7.54,44.631352,-124.201993
2022-06-23T10:05:29.000,2.17,18.09,7.54,44.631352,-124.201993
2022-06-23T10:20:29.000,2.16,18.05,7.54,44.631352,-124.201993
2022-06-23T10:35:29.000,2.17,18.09,7.54,44.631352,-124.201993
2022-06-23T10:50:29.000,2.16,18.07,7.54,44.631352,-124.201993
2022-06-23T11:05:29.000,2.16,18.07,7.54,44.631352,-124.201993
2022-06-23T11:20:29.000,2.14,17.9,7.54,44.631352,-124.201993
2022-06-23T11:35:29.000,2.13,17.76,7.53,44.631352,-124.201993
2022-06-23T11:50:29.000,2.11,17.58,7.52,44.631352,-124.201993
2022-06-23T12:05:29.000,2.09,17.41,7.51,44.631352,-124.201993
2022-06-23T12:20:29.000,2.06,17.15,7.51,44.631352,-124.201993
2022-06-23T12:35:29.000,2.04,16.99,7.51,44.631352,-124.201993
2022-06-23T12:50:29.000,2.01,16.8,7.51,44.631352,-124.201993
2022-06-23T13:05:29.000,2,16.68,7.5,44.631352,-124.201993
2022-06-23T13:20:29.000,1.99,16.61,7.49,44.631352,-124.201993
2022-06-23T13:35:29.000,1.99,16.6,7.49,44.631352,-124.201993
2022-06-23T13:50:29.000,1.98,16.55,7.49,44.631352,-124.201993
2022-06-23T14:05:29.000,1.99,16.56,7.49,44.631352,-124.201993
2022-06-23T14:20:29.000,1.99,16.59,7.49,44.631352,-124.201993
2022-06-23T14:35:29.000,1.98,16.52,7.49,44.631352,-124.201993
2022-06-23T14:50:29.000,1.99,16.58,7.49,44.631352,-124.201993
2022-06-23T15:05:29.000,1.99,16.59,7.49,44.631352,-124.201993
2022-06-23T15:20:29.000,1.99,16.63,7.49,44.631352,-124.201993
2022-06-23T15:35:29.000,2,16.64,7.49,44.631352,-124.201993
2022-06-23T15:50:29.000,2,16.67,7.49,44.631352,-124.201993
2022-06-23T16:05:29.000,2,16.69,7.49,44.631352,-124.201993
2022-06-23T16:20:29.000,2.01,16.73,7.5,44.631352,-124.201993
2022-06-23T16:35:29.000,2.01,16.78,7.5,44.631352,-124.201993
2022-06-23T16:50:29.000,2.01,16.78,7.51,44.631352,-124.201993
2022-06-23T17:05:29.000,2.03,16.92,7.51,44.631352,-124.201993
2022-06-23T17:20:29.000,2.03,16.96,7.51,44.631352,-124.201993
2022-06-23T17:35:29.000,2.03,16.96,7.51,44.631352,-124.201993
2022-06-23T17:50:29.000,2.03,16.9,7.51,44.631352,-124.201993
2022-06-23T18:05:29.000,2.02,16.87,7.51,44.631352,-124.201993
2022-06-23T18:20:29.000,2.02,16.85,7.51,44.631352,-124.201993
2022-06-23T18:35:29.000,2.02,16.85,7.51,44.631352,-124.201993
2022-06-23T18:50:29.000,2.01,16.79,7.51,44.631352,-124.201993
2022-06-23T19:05:29.000,2.01,16.78,7.51,44.631352,-124.201993
2022-06-23T19:20:29.000,2.02,16.82,7.51,44.631352,-124.201993
2022-06-23T19:35:29.000,2.02,16.86,7.51,44.631352,-124.201993
2022-06-23T19:50:29.000,2.03,16.9,7.51,44.631352,-124.201993
2022-06-23T20:05:29.000,2.03,16.9,7.51,44.631352,-124.201993
2022-06-23T20:20:29.000,2.03,16.97,7.51,44.631352,-124.201993
2022-06-23T20:35:29.000,2.04,17.01,7.51,44.631352,-124.201993
2022-06-23T20:50:29.000,2.05,17.06,7.51,44.631352,-124.201993
2022-06-23T21:05:29.000,2.05,17.12,7.51,44.631352,-124.201993
2022-06-23T21:20:29.000,2.06,17.19,7.51,44.631352,-124.201993
2022-06-23T21:35:29.000,2.08,17.39,7.51,44.631352,-124.201993
2022-06-23T21:50:29.000,2.15,17.91,7.51,44.631352,-124.201993
2022-06-23T22:05:29.000,2.16,18,7.51,44.631352,-124.201993
2022-06-23T22:20:29.000,2.17,18.06,7.5,44.631352,-124.201993
2022-06-23T22:35:29.000,2.18,18.16,7.5,44.631352,-124.201993
2022-06-23T22:50:29.000,2.18,18.21,7.5,44.631352,-124.201993
2022-06-23T23:05:29.000,2.19,18.29,7.5,44.631352,-124.201993
2022-06-23T23:20:29.000,2.2,18.34,7.49,44.631352,-124.201993
2022-06-23T23:35:29.000,2.2,18.36,7.49,44.631352,-124.201993
2022-06-23T23:50:29.000,2.2,18.38,7.49,44.631352,-124.201993
2022-06-24T00:05:29.000,2.2,18.35,7.49,44.631352,-124.201993
2022-06-24T00:20:29.000,2.2,18.31,7.49,44.631352,-124.201993
2022-06-24T00:35:29.000,2.19,18.3,7.49,44.631352,-124.201993
2022-06-24T00:50:29.000,2.18,18.2,7.49,44.631352,-124.201993
2022-06-24T01:05:29.000,2.18,18.15,7.49,44.631352,-124.201993
2022-06-24T01:20:29.000,2.17,18.11,7.49,44.631352,-124.201993
2022-06-24T01:35:29.000,2.17,18.13,7.49,44.631352,-124.201993
2022-06-24T01:50:29.000,2.17,18.1,7.49,44.631352,-124.201993
2022-06-24T02:05:29.000,2.16,17.99,7.48,44.631352,-124.201993
2022-06-24T02:20:29.000,2.15,17.89,7.48,44.631352,-124.201993
2022-06-24T02:35:29.000,2.14,17.83,7.47,44.631352,-124.201993
2022-06-24T02:50:29.000,2.13,17.73,7.47,44.631352,-124.201993
2022-06-24T03:05:29.000,2.12,17.69,7.46,44.631352,-124.201993
2022-06-24T03:20:29.000,2.12,17.63,7.46,44.631352,-124.201993
2022-06-24T03:35:29.000,2.11,17.61,7.46,44.631352,-124.201993
2022-06-24T03:50:29.000,2.1,17.52,7.46,44.631352,-124.201993
2022-06-24T04:05:29.000,2.09,17.38,7.46,44.631352,-124.201993
2022-06-24T04:20:29.000,2.08,17.37,7.46,44.631352,-124.201993
2022-06-24T04:35:29.000,2.07,17.29,7.46,44.631352,-124.201993
2022-06-24T04:50:29.000,2.07,17.21,7.46,44.631352,-124.201993
2022-06-24T05:05:29.000,2.06,17.14,7.46,44.631352,-124.201993
2022-06-24T05:20:29.000,2.05,17.07,7.46,44.631352,-124.201993
2022-06-24T05:35:29.000,2.03,16.95,7.46,44.631352,-124.201993
2022-06-24T05:50:29.000,2.03,16.92,7.46,44.631352,-124.201993
2022-06-24T06:05:29.000,2,16.7,7.46,44.631352,-124.201993
2022-06-24T06:20:29.000,2.01,16.71,7.46,44.631352,-124.201993
2022-06-24T06:35:29.000,1.99,16.6,7.46,44.631352,-124.201993
2022-06-24T06:50:29.000,1.99,16.57,7.46,44.631352,-124.201993
2022-06-24T07:05:29.000,1.98,16.53,7.46,44.631352,-124.201993
2022-06-24T07:20:29.000,1.97,16.38,7.46,44.631352,-124.201993
2022-06-24T07:35:29.000,1.97,16.43,7.46,44.631352,-124.201993
2022-06-24T07:50:29.000,1.98,16.51,7.46,44.631352,-124.201993
2022-06-24T08:05:29.000,1.99,16.61,7.46,44.631352,-124.201993
2022-06-24T08:20:29.000,1.99,16.61,7.46,44.631352,-124.201993
2022-06-24T08:35:29.000,1.99,16.6,7.46,44.631352,-124.201993
2022-06-24T08:50:29.000,1.99,16.59,7.46,44.631352,-124.201993
2022-06-24T09:05:29.000,1.99,16.58,7.46,44.631352,-124.201993
2022-06-24T09:20:29.000,2,16.67,7.46,44.631352,-124.201993
2022-06-24T09:35:29.000,2.01,16.75,7.46,44.631352,-124.201993
2022-06-24T09:50:29.000,2.02,16.79,7.46,44.631352,-124.201993
2022-06-24T10:05:29.000,2.02,16.86,7.46,44.631352,-124.201993
2022-06-24T10:20:29.000,2.03,16.89,7.46,44.631352,-124.201993
2022-06-24T10:35:29.000,2.04,16.97,7.46,44.631352,-124.201993
2022-06-24T10:50:29.000,2.05,17.1,7.46,44.631352,-124.201993
2022-06-24T11:05:29.000,2.06,17.18,7.46,44.631352,-124.201993
2022-06-24T11:20:29.000,2.06,17.2,7.46,44.631352,-124.201993
2022-06-24T11:35:29.000,2.07,17.27,7.46,44.631352,-124.201993
2022-06-24T11:50:29.000,2.08,17.35,7.46,44.631352,-124.201993
2022-06-24T12:05:29.000,2.1,17.46,7.46,44.631352,-124.201993
2022-06-24T12:20:29.000,2.1,17.5,7.46,44.631352,-124.201993
2022-06-24T12:35:29.000,2.1,17.51,7.46,44.631352,-124.201993
2022-06-24T12:50:29.000,2.1,17.47,7.45,44.631352,-124.201993
2022-06-24T13:05:29.000,2.09,17.37,7.44,44.631352,-124.201993
2022-06-24T13:20:29.000,2.08,17.29,7.44,44.631352,-124.201993
2022-06-24T13:35:29.000,2.07,17.2,7.44,44.631352,-124.201993
2022-06-24T13:50:29.000,2.06,17.13,7.44,44.631352,-124.201993
2022-06-24T14:05:29.000,2.05,17.06,7.44,44.631352,-124.201993
2022-06-24T14:20:29.000,2.03,16.91,7.44,44.631352,-124.201993
2022-06-24T14:35:29.000,2.02,16.83,7.44,44.631352,-124.201993
2022-06-24T14:50:29.000,2.02,16.83,7.44,44.631352,-124.201993
2022-06-24T15:05:29.000,2.01,16.75,7.44,44.631352,-124.201993
2022-06-24T15:20:29.000,2.01,16.7,7.44,44.631352,-124.201993
2022-06-24T15:35:29.000,2.01,16.7,7.43,44.631352,-124.201993
2022-06-24T15:50:29.000,2,16.62,7.43,44.631352,-124.201993
2022-06-24T16:05:29.000,1.99,16.57,7.43,44.631352,-124.201993
2022-06-24T16:20:29.000,1.98,16.5,7.43,44.631352,-124.201993
2022-06-24T16:35:29.000,1.98,16.51,7.43,44.631352,-124.201993
2022-06-24T16:50:29.000,1.97,16.36,7.42,44.631352,-124.201993
2022-06-24T17:05:29.000,1.96,16.34,7.42,44.631352,-124.201993
2022-06-24T17:20:29.000,1.95,16.24,7.41,44.631352,-124.201993
2022-06-24T17:35:29.000,1.94,16.17,7.42,44.631352,-124.201993
2022-06-24T17:50:29.000,1.95,16.19,7.42,44.631352,-124.201993
2022-06-24T18:05:29.000,1.95,16.25,7.42,44.631352,-124.201993
2022-06-24T18:20:29.000,1.96,16.33,7.43,44.631352,-124.201993
2022-06-24T18:35:29.000,1.97,16.37,7.43,44.631352,-124.201993
2022-06-24T18:50:29.000,1.96,16.32,7.43,44.631352,-124.201993
2022-06-24T19:05:29.000,1.96,16.32,7.43,44.631352,-124.201993
2022-06-24T19:20:29.000,1.95,16.22,7.42,44.631352,-124.201993
2022-06-24T19:35:29.000,1.95,16.22,7.42,44.631352,-124.201993
2022-06-24T19:50:29.000,1.94,16.16,7.42,44.631352,-124.201993
2022-06-24T20:05:29.000,1.92,16,7.41,44.631352,-124.201993
2022-06-24T20:20:29.000,1.92,15.96,7.41,44.631352,-124.201993
2022-06-24T20:35:29.000,1.91,15.87,7.41,44.631352,-124.201993
2022-06-24T20:50:29.000,1.9,15.78,7.41,44.631352,-124.201993
2022-06-24T21:05:29.000,1.9,15.82,7.41,44.631352,-124.201993
2022-06-24T21:20:29.000,1.89,15.77,7.41,44.631352,-124.201993
2022-06-24T21:35:29.000,1.91,15.88,7.41,44.631352,-124.201993
2022-06-24T21:50:29.000,1.91,15.88,7.41,44.631352,-124.201993
2022-06-24T22:05:29.000,1.9,15.8,7.41,44.631352,-124.201993
2022-06-24T22:20:29.000,1.9,15.78,7.41,44.631352,-124.201993
2022-06-24T22:35:29.000,1.88,15.65,7.4,44.631352,-124.201993
2022-06-24T22:50:29.000,1.87,15.58,7.4,44.631352,-124.201993
2022-06-24T23:05:29.000,1.86,15.51,7.39,44.631352,-124.201993
2022-06-24T23:20:29.000,1.85,15.41,7.39,44.631352,-124.201993
2022-06-24T23:35:29.000,1.84,15.31,7.39,44.631352,-124.201993
2022-06-24T23:50:29.000,1.84,15.3,7.39,44.631352,-124.201993
2022-06-25T00:05:29.000,1.83,15.21,7.39,44.631352,-124.201993
2022-06-25T00:20:29.000,1.83,15.25,7.39,44.631352,-124.201993
2022-06-25T00:35:29.000,1.82,15.14,7.39,44.631352,-124.201993
2022-06-25T00:50:29.000,1.81,15.09,7.39,44.631352,-124.201993
2022-06-25T01:05:29.000,1.82,15.15,7.39,44.631352,-124.201993
2022-06-25T01:20:29.000,1.81,15.02,7.39,44.631352,-124.201993
2022-06-25T01:35:29.000,1.81,15.08,7.39,44.631352,-124.201993
2022-06-25T01:50:29.000,1.78,14.8,7.39,44.631352,-124.201993
2022-06-25T02:05:29.000,1.82,15.15,7.39,44.631352,-124.201993
2022-06-25T02:20:29.000,1.77,14.69,7.39,44.631352,-124.201993
2022-06-25T02:35:29.000,1.76,14.66,7.39,44.631352,-124.201993
2022-06-25T02:50:29.000,1.78,14.82,7.39,44.631352,-124.201993
2022-06-25T03:05:29.000,1.76,14.6,7.39,44.631352,-124.201993
2022-06-25T03:20:29.000,1.81,15.04,7.39,44.631352,-124.201993
2022-06-25T03:35:29.000,1.74,14.51,7.39,44.631352,-124.201993
2022-06-25T03:50:29.000,1.73,14.4,7.39,44.631352,-124.201993
2022-06-25T04:05:29.000,1.79,14.93,7.39,44.631352,-124.201993
2022-06-25T04:20:29.000,1.76,14.65,7.39,44.631352,-124.201993
2022-06-25T04:35:29.000,1.76,14.68,7.39,44.631352,-124.201993
2022-06-25T04:50:29.000,1.26,10.49,7.39,44.631352,-124.201993
2022-06-25T05:05:29.000,1.78,14.8,7.39,44.631352,-124.201993
2022-06-25T05:20:29.000,1.73,14.38,7.39,44.631352,-124.201993
2022-06-25T05:35:29.000,1.74,14.48,7.39,44.631352,-124.201993
2022-06-25T05:50:29.000,1.79,14.9,7.39,44.631352,-124.201993
2022-06-25T06:05:29.000,1.76,14.65,7.39,44.631352,-124.201993
2022-06-25T06:20:29.000,1.77,14.71,7.39,44.631352,-124.201993
2022-06-25T06:35:29.000,1.77,14.72,7.39,44.631352,-124.201993
2022-06-25T06:50:29.000,1.77,14.74,7.39,44.631352,-124.201993
2022-06-25T07:05:29.000,1.76,14.62,7.39,44.631352,-124.201993
2022-06-25T07:20:29.000,1.81,15.03,7.39,44.631352,-124.201993
2022-06-25T07:35:29.000,1.8,15,7.39,44.631352,-124.201993
2022-06-25T07:50:29.000,1.79,14.88,7.39,44.631352,-124.201993
2022-06-25T08:05:29.000,1.78,14.85,7.39,44.631352,-124.201993
2022-06-25T08:20:29.000,1.81,15.04,7.39,44.631352,-124.201993
2022-06-25T08:35:29.000,1.8,14.94,7.39,44.631352,-124.201993
2022-06-25T08:50:29.000,1.79,14.92,7.39,44.631352,-124.201993
2022-06-25T09:05:29.000,1.8,14.99,7.39,44.631352,-124.201993
2022-06-25T09:20:29.000,1.8,14.96,7.39,44.631352,-124.201993
2022-06-25T09:35:29.000,1.79,14.91,7.39,44.631352,-124.201993
2022-06-25T09:50:29.000,1.77,14.71,7.39,44.631352,-124.201993
2022-06-25T10:05:29.000,1.81,15.08,7.39,44.631352,-124.201993
2022-06-25T10:20:29.000,1.8,14.98,7.39,44.631352,-124.201993
2022-06-25T10:35:29.000,1.81,15.03,7.39,44.631352,-124.201993
2022-06-25T10:50:29.000,1.82,15.11,7.39,44.631352,-124.201993
2022-06-25T11:05:29.000,1.83,15.22,7.39,44.631352,-124.201993
2022-06-25T11:20:29.000,1.84,15.3,7.39,44.631352,-124.201993
2022-06-25T11:35:29.000,1.83,15.23,7.39,44.631352,-124.201993
2022-06-25T11:50:29.000,1.84,15.27,7.39,44.631352,-124.201993
2022-06-25T12:05:29.000,1.83,15.19,7.38,44.631352,-124.201993
2022-06-25T12:20:29.000,1.82,15.16,7.38,44.631352,-124.201993
2022-06-25T12:35:29.000,1.83,15.25,7.38,44.631352,-124.201993
2022-06-25T12:50:29.000,1.83,15.2,7.38,44.631352,-124.201993
2022-06-25T13:05:29.000,1.81,15.08,7.37,44.631352,-124.201993
2022-06-25T13:20:29.000,1.78,14.82,7.37,44.631352,-124.201993
2022-06-25T13:35:29.000,1.78,14.79,7.37,44.631352,-124.201993
2022-06-25T13:50:29.000,1.79,14.85,7.37,44.631352,-124.201993
2022-06-25T14:05:29.000,1.79,14.84,7.37,44.631352,-124.201993
2022-06-25T14:20:29.000,1.79,14.89,7.37,44.631352,-124.201993
2022-06-25T14:35:29.000,1.79,14.85,7.37,44.631352,-124.201993
2022-06-25T14:50:29.000,1.77,14.71,7.37,44.631352,-124.201993
2022-06-25T15:05:29.000,1.77,14.68,7.36,44.631352,-124.201993
2022-06-25T15:20:29.000,1.75,14.57,7.37,44.631352,-124.201993
2022-06-25T15:35:29.000,1.74,14.47,7.37,44.631352,-124.201993
2022-06-25T15:50:29.000,1.73,14.42,7.37,44.631352,-124.201993
2022-06-25T16:05:29.000,1.73,14.39,7.37,44.631352,-124.201993
2022-06-25T16:20:29.000,1.69,14.08,7.37,44.631352,-124.201993
2022-06-25T16:35:29.000,1.75,14.54,7.37,44.631352,-124.201993
2022-06-25T16:50:29.000,1.76,14.66,7.37,44.631352,-124.201993
2022-06-25T17:05:29.000,1.76,14.66,7.37,44.631352,-124.201993
2022-06-25T17:20:29.000,1.76,14.65,7.37,44.631352,-124.201993
2022-06-25T17:35:29.000,1.75,14.53,7.37,44.631352,-124.201993
2022-06-25T17:50:29.000,1.74,14.49,7.37,44.631352,-124.201993
2022-06-25T18:05:29.000,1.72,14.26,7.37,44.631352,-124.201993
2022-06-25T18:20:29.000,1.72,14.3,7.37,44.631352,-124.201993
2022-06-25T18:35:29.000,1.71,14.21,7.37,44.631352,-124.201993
2022-06-25T18:50:29.000,1.71,14.2,7.36,44.631352,-124.201993
2022-06-25T19:05:29.000,1.73,14.37,7.37,44.631352,-124.201993
2022-06-25T19:20:29.000,1.69,14.08,7.37,44.631352,-124.201993
2022-06-25T19:35:29.000,1.76,14.6,7.37,44.631352,-124.201993
2022-06-25T19:50:29.000,1.77,14.76,7.37,44.631352,-124.201993
2022-06-25T20:05:29.000,1.8,14.96,7.38,44.631352,-124.201993
2022-06-25T20:20:29.000,1.83,15.19,7.39,44.631352,-124.201993
2022-06-25T20:35:29.000,1.87,15.52,7.39,44.631352,-124.201993
2022-06-25T20:50:29.000,1.88,15.67,7.4,44.631352,-124.201993
2022-06-25T21:05:29.000,1.89,15.69,7.41,44.631352,-124.201993
2022-06-25T21:20:29.000,1.84,15.35,7.41,44.631352,-124.201993
2022-06-25T21:35:29.000,1.89,15.76,7.41,44.631352,-124.201993
2022-06-25T21:50:29.000,1.83,15.19,7.41,44.631352,-124.201993
2022-06-25T22:05:29.000,1.89,15.75,7.41,44.631352,-124.201993
2022-06-25T22:20:29.000,1.88,15.62,7.41,44.631352,-124.201993
2022-06-25T22:35:29.000,1.88,15.63,7.41,44.631352,-124.201993
2022-06-25T22:50:29.000,1.89,15.69,7.41,44.631352,-124.201993
2022-06-25T23:05:29.000,1.88,15.68,7.41,44.631352,-124.201993
2022-06-25T23:20:29.000,1.87,15.56,7.41,44.631352,-124.201993
2022-06-25T23:35:29.000,1.89,15.7,7.41,44.631352,-124.201993
2022-06-25T23:50:29.000,1.88,15.65,7.41,44.631352,-124.201993
2022-06-26T00:05:29.000,1.87,15.59,7.41,44.631352,-124.201993
2022-06-26T00:20:29.000,1.88,15.69,7.41,44.631352,-124.201993
2022-06-26T00:35:29.000,1.87,15.58,7.41,44.631352,-124.201993
2022-06-26T00:50:29.000,1.86,15.45,7.41,44.631352,-124.201993
2022-06-26T01:05:29.000,1.87,15.56,7.41,44.631352,-124.201993
2022-06-26T01:20:29.000,1.81,15.03,7.4,44.631352,-124.201993
2022-06-26T01:35:29.000,1.85,15.38,7.4,44.631352,-124.201993
2022-06-26T01:50:29.000,1.79,14.92,7.39,44.631352,-124.201993
2022-06-26T02:05:29.000,1.81,15.09,7.39,44.631352,-124.201993
2022-06-26T02:20:29.000,1.82,15.16,7.39,44.631352,-124.201993
2022-06-26T02:35:29.000,1.8,14.99,7.39,44.631352,-124.201993
2022-06-26T02:50:29.000,1.8,14.99,7.39,44.631352,-124.201993
2022-06-26T03:05:29.000,1.81,15.06,7.39,44.631352,-124.201993
2022-06-26T03:20:29.000,1.8,15.01,7.39,44.631352,-124.201993
2022-06-26T03:35:29.000,1.81,15.04,7.39,44.631352,-124.201993
2022-06-26T03:50:29.000,1.8,14.94,7.39,44.631352,-124.201993
2022-06-26T04:05:29.000,1.8,14.99,7.39,44.631352,-124.201993
2022-06-26T04:20:29.000,1.79,14.88,7.39,44.631352,-124.201993
2022-06-26T04:35:29.000,1.8,14.94,7.39,44.631352,-124.201993
2022-06-26T04:50:29.000,1.79,14.87,7.39,44.631352,-124.201993
2022-06-26T05:05:29.000,1.77,14.75,7.39,44.631352,-124.201993
2022-06-26T05:20:29.000,1.7,14.17,7.39,44.631352,-124.201993
2022-06-26T05:35:29.000,1.77,14.69,7.39,44.631352,-124.201993
2022-06-26T05:50:29.000,1.78,14.84,7.39,44.631352,-124.201993
2022-06-26T06:05:29.000,1.8,14.97,7.39,44.631352,-124.201993
2022-06-26T06:20:29.000,1.78,14.83,7.39,44.631352,-124.201993
2022-06-26T06:35:29.000,1.71,14.22,7.39,44.631352,-124.201993
2022-06-26T06:50:29.000,1.8,15,7.39,44.631352,-124.201993
2022-06-26T07:05:29.000,1.78,14.81,7.39,44.631352,-124.201993
2022-06-26T07:20:29.000,1.77,14.71,7.4,44.631352,-124.201993
2022-06-26T07:35:29.000,1.8,15,7.41,44.631352,-124.201993
2022-06-26T07:50:29.000,1.8,14.96,7.41,44.631352,-124.201993
2022-06-26T08:05:29.000,1.8,14.98,7.41,44.631352,-124.201993
2022-06-26T08:20:29.000,1.81,15.09,7.41,44.631352,-124.201993
2022-06-26T08:35:29.000,1.84,15.29,7.41,44.631352,-124.201993
2022-06-26T08:50:29.000,1.82,15.16,7.41,44.631352,-124.201993
2022-06-26T09:05:29.000,1.84,15.32,7.42,44.631352,-124.201993
2022-06-26T09:20:29.000,1.85,15.38,7.42,44.631352,-124.201993
2022-06-26T09:35:29.000,1.88,15.63,7.43,44.631352,-124.201993
2022-06-26T09:50:29.000,1.88,15.65,7.43,44.631352,-124.201993
2022-06-26T10:05:29.000,1.89,15.77,7.43,44.631352,-124.201993
2022-06-26T10:20:29.000,1.89,15.76,7.43,44.631352,-124.201993
2022-06-26T10:35:29.000,1.9,15.8,7.44,44.631352,-124.201993
2022-06-26T10:50:29.000,1.9,15.79,7.44,44.631352,-124.201993
2022-06-26T11:05:29.000,1.9,15.84,7.44,44.631352,-124.201993
2022-06-26T11:20:29.000,1.92,16,7.44,44.631352,-124.201993
2022-06-26T11:35:29.000,1.9,15.86,7.44,44.631352,-124.201993
2022-06-26T11:50:29.000,1.91,15.91,7.44,44.631352,-124.201993
2022-06-26T12:05:29.000,1.92,15.96,7.44,44.631352,-124.201993
2022-06-26T12:20:29.000,1.91,15.93,7.44,44.631352,-124.201993
2022-06-26T12:35:29.000,1.91,15.93,7.44,44.631352,-124.201993
2022-06-26T12:50:29.000,1.92,16.01,7.44,44.631352,-124.201993
2022-06-26T13:05:29.000,1.93,16.03,7.44,44.631352,-124.201993
2022-06-26T13:20:29.000,1.94,16.12,7.44,44.631352,-124.201993
2022-06-26T13:35:29.000,1.94,16.17,7.44,44.631352,-124.201993
2022-06-26T13:50:29.000,1.92,16,7.44,44.631352,-124.201993
2022-06-26T14:05:29.000,1.92,16.03,7.43,44.631352,-124.201993
2022-06-26T14:20:29.000,1.91,15.87,7.42,44.631352,-124.201993
2022-06-26T14:35:29.000,1.9,15.8,7.42,44.631352,-124.201993
2022-06-26T14:50:29.000,1.89,15.7,7.41,44.631352,-124.201993
2022-06-26T15:05:29.000,1.87,15.6,7.41,44.631352,-124.201993
2022-06-26T15:20:29.000,1.87,15.53,7.41,44.631352,-124.201993
2022-06-26T15:35:29.000,1.87,15.52,7.41,44.631352,-124.201993
2022-06-26T15:50:29.000,1.85,15.39,7.4,44.631352,-124.201993
2022-06-26T16:05:29.000,1.84,15.31,7.39,44.631352,-124.201993
2022-06-26T16:20:29.000,1.81,15.09,7.39,44.631352,-124.201993
2022-06-26T16:35:29.000,1.83,15.22,7.39,44.631352,-124.201993
2022-06-26T16:50:29.000,1.82,15.12,7.39,44.631352,-124.201993
2022-06-26T17:05:29.000,1.8,14.98,7.39,44.631352,-124.201993
2022-06-26T17:20:29.000,1.81,15.07,7.39,44.631352,-124.201993
2022-06-26T17:35:29.000,1.81,15.06,7.39,44.631352,-124.201993
2022-06-26T17:50:29.000,1.81,15.04,7.39,44.631352,-124.201993
2022-06-26T18:05:29.000,1.82,15.14,7.39,44.631352,-124.201993
2022-06-26T18:20:29.000,1.83,15.2,7.39,44.631352,-124.201993
2022-06-26T18:35:29.000,1.82,15.16,7.39,44.631352,-124.201993
2022-06-26T18:50:29.000,1.83,15.25,7.39,44.631352,-124.201993
2022-06-26T19:05:29.000,1.84,15.34,7.39,44.631352,-124.201993
2022-06-26T19:20:29.000,1.86,15.49,7.39,44.631352,-124.201993
2022-06-26T19:35:29.000,1.86,15.44,7.4,44.631352,-124.201993
2022-06-26T19:50:29.000,1.86,15.47,7.41,44.631352,-124.201993
2022-06-26T20:05:29.000,1.89,15.73,7.42,44.631352,-124.201993
2022-06-26T20:20:29.000,1.91,15.93,7.42,44.631352,-124.201993
2022-06-26T20:35:29.000,1.92,16.02,7.42,44.631352,-124.201993
2022-06-26T20:50:29.000,1.94,16.16,7.43,44.631352,-124.201993
2022-06-26T21:05:29.000,1.96,16.33,7.44,44.631352,-124.201993
2022-06-26T21:20:29.000,1.98,16.48,7.44,44.631352,-124.201993
2022-06-26T21:35:29.000,2,16.66,7.44,44.631352,-124.201993
2022-06-26T21:50:29.000,2.01,16.72,7.45,44.631352,-124.201993
2022-06-26T22:05:29.000,2.01,16.79,7.46,44.631352,-124.201993
2022-06-26T22:20:29.000,2.02,16.83,7.46,44.631352,-124.201993
2022-06-26T22:35:29.000,2.02,16.81,7.46,44.631352,-124.201993
2022-06-26T22:50:29.000,2.02,16.82,7.46,44.631352,-124.201993
2022-06-26T23:05:29.000,2.02,16.84,7.46,44.631352,-124.201993
2022-06-26T23:20:29.000,2.02,16.83,7.46,44.631352,-124.201993
2022-06-26T23:35:29.000,2.02,16.87,7.46,44.631352,-124.201993
2022-06-26T23:50:29.000,2.02,16.85,7.46,44.631352,-124.201993
2022-06-27T00:05:29.000,2.02,16.81,7.46,44.631352,-124.201993
2022-06-27T00:20:29.000,2.01,16.78,7.46,44.631352,-124.201993
2022-06-27T00:35:29.000,2.01,16.77,7.46,44.631352,-124.201993
2022-06-27T00:50:29.000,2,16.71,7.46,44.631352,-124.201993
2022-06-27T01:05:29.000,2,16.67,7.46,44.631352,-124.201993
2022-06-27T01:20:29.000,2,16.68,7.46,44.631352,-124.201993
2022-06-27T01:35:29.000,2,16.65,7.46,44.631352,-124.201993
2022-06-27T01:50:29.000,2,16.65,7.46,44.631352,-124.201993
2022-06-27T02:05:29.000,2,16.64,7.46,44.631352,-124.201993
2022-06-27T02:20:29.000,2,16.7,7.46,44.631352,-124.201993
2022-06-27T02:35:29.000,2.01,16.77,7.46,44.631352,-124.201993
2022-06-27T02:50:29.000,2.02,16.84,7.46,44.631352,-124.201993
2022-06-27T03:05:29.000,2.03,16.93,7.46,44.631352,-124.201993
2022-06-27T03:20:29.000,2.04,16.97,7.46,44.631352,-124.201993
2022-06-27T03:35:29.000,2.03,16.96,7.47,44.631352,-124.201993
2022-06-27T03:50:29.000,2.04,17.02,7.47,44.631352,-124.201993
2022-06-27T04:05:29.000,2.05,17.08,7.48,44.631352,-124.201993
2022-06-27T04:20:29.000,2.05,17.07,7.48,44.631352,-124.201993
2022-06-27T04:35:29.000,2.06,17.15,7.49,44.631352,-124.201993
2022-06-27T04:50:29.000,2.06,17.16,7.49,44.631352,-124.201993
2022-06-27T05:05:29.000,2.07,17.26,7.49,44.631352,-124.201993
2022-06-27T05:20:29.000,2.08,17.32,7.49,44.631352,-124.201993
2022-06-27T05:35:29.000,2.09,17.46,7.49,44.631352,-124.201993
2022-06-27T05:50:29.000,2.1,17.52,7.5,44.631352,-124.201993
2022-06-27T06:05:29.000,2.11,17.6,7.51,44.631352,-124.201993
2022-06-27T06:20:29.000,2.13,17.76,7.51,44.631352,-124.201993
2022-06-27T06:35:29.000,2.14,17.84,7.51,44.631352,-124.201993
2022-06-27T06:50:29.000,2.15,17.96,7.51,44.631352,-124.201993
2022-06-27T07:05:29.000,2.16,18.06,7.51,44.631352,-124.201993
2022-06-27T07:20:29.000,2.18,18.15,7.51,44.631352,-124.201993
2022-06-27T07:35:29.000,2.18,18.21,7.52,44.631352,-124.201993
2022-06-27T07:50:29.000,2.19,18.31,7.52,44.631352,-124.201993
2022-06-27T08:05:29.000,2.21,18.44,7.53,44.631352,-124.201993
2022-06-27T08:20:29.000,2.21,18.48,7.53,44.631352,-124.201993
2022-06-27T08:35:29.000,2.21,18.49,7.53,44.631352,-124.201993
2022-06-27T08:50:29.000,2.23,18.63,7.53,44.631352,-124.201993
2022-06-27T09:05:29.000,2.24,18.69,7.53,44.631352,-124.201993
2022-06-27T09:20:29.000,2.23,18.62,7.53,44.631352,-124.201993
2022-06-27T09:35:29.000,2.23,18.59,7.54,44.631352,-124.201993
2022-06-27T09:50:29.000,2.24,18.72,7.54,44.631352,-124.201993
2022-06-27T10:05:29.000,2.24,18.69,7.54,44.631352,-124.201993
2022-06-27T10:20:29.000,2.24,18.72,7.54,44.631352,-124.201993
2022-06-27T10:35:29.000,2.25,18.75,7.54,44.631352,-124.201993
2022-06-27T10:50:29.000,2.24,18.68,7.54,44.631352,-124.201993
2022-06-27T11:05:29.000,2.21,18.48,7.54,44.631352,-124.201993
2022-06-27T11:20:29.000,2.22,18.55,7.54,44.631352,-124.201993
2022-06-27T11:35:29.000,2.22,18.5,7.54,44.631352,-124.201993
2022-06-27T11:50:29.000,2.2,18.33,7.54,44.631352,-124.201993
2022-06-27T12:05:29.000,2.19,18.3,7.54,44.631352,-124.201993
2022-06-27T12:20:29.000,2.17,18.13,7.54,44.631352,-124.201993
2022-06-27T12:35:29.000,2.16,18.01,7.54,44.631352,-124.201993
2022-06-27T12:50:29.000,2.15,17.97,7.54,44.631352,-124.201993
2022-06-27T13:05:29.000,2.14,17.86,7.54,44.631352,-124.201993
2022-06-27T13:20:29.000,2.1,17.53,7.54,44.631352,-124.201993
2022-06-27T13:35:29.000,2.12,17.66,7.54,44.631352,-124.201993
2022-06-27T13:50:29.000,2.11,17.65,7.54,44.631352,-124.201993
2022-06-27T14:05:29.000,2.1,17.52,7.54,44.631352,-124.201993
2022-06-27T14:20:29.000,2.1,17.55,7.54,44.631352,-124.201993
2022-06-27T14:35:29.000,2.11,17.59,7.54,44.631352,-124.201993
2022-06-27T14:50:29.000,2.1,17.52,7.54,44.631352,-124.201993
2022-06-27T15:05:29.000,2.1,17.52,7.54,44.631352,-124.201993
2022-06-27T15:20:29.000,2.1,17.55,7.54,44.631352,-124.201993
2022-06-27T15:35:29.000,2.09,17.45,7.54,44.631352,-124.201993
2022-06-27T15:50:29.000,2.09,17.46,7.54,44.631352,-124.201993
2022-06-27T16:05:29.000,2.09,17.43,7.54,44.631352,-124.201993
2022-06-27T16:20:29.000,2.09,17.43,7.54,44.631352,-124.201993
2022-06-27T16:35:29.000,2.09,17.48,7.54,44.631352,-124.201993
2022-06-27T16:50:29.000,2.09,17.46,7.54,44.631352,-124.201993
2022-06-27T17:05:29.000,2.09,17.46,7.54,44.631352,-124.201993
2022-06-27T17:20:29.000,2.09,17.47,7.54,44.631352,-124.201993
2022-06-27T17:35:29.000,2.09,17.49,7.54,44.631352,-124.201993
2022-06-27T17:50:29.000,2.09,17.45,7.54,44.631352,-124.201993
2022-06-27T18:05:29.000,2.09,17.48,7.54,44.631352,-124.201993
2022-06-27T18:20:29.000,2.1,17.54,7.54,44.631352,-124.201993
2022-06-27T18:35:29.000,2.11,17.62,7.54,44.631352,-124.201993
2022-06-27T18:50:29.000,2.12,17.68,7.55,44.631352,-124.201993
2022-06-27T19:05:29.000,2.13,17.75,7.55,44.631352,-124.201993
2022-06-27T19:20:29.000,2.14,17.9,7.55,44.631352,-124.201993
2022-06-27T19:35:29.000,2.15,17.94,7.55,44.631352,-124.201993
2022-06-27T19:50:29.000,2.14,17.87,7.55,44.631352,-124.201993
2022-06-27T20:05:29.000,2.15,17.94,7.55,44.631352,-124.201993
2022-06-27T20:20:29.000,2.14,17.84,7.55,44.631352,-124.201993
2022-06-27T20:35:29.000,2.14,17.85,7.55,44.631352,-124.201993
2022-06-27T20:50:29.000,2.16,18.03,7.55,44.631352,-124.201993
2022-06-27T21:05:29.000,2.16,18.01,7.55,44.631352,-124.201993
2022-06-27T21:20:29.000,2.16,18.06,7.56,44.631352,-124.201993
2022-06-27T21:35:29.000,2.17,18.14,7.56,44.631352,-124.201993
2022-06-27T21:50:29.000,2.18,18.17,7.56,44.631352,-124.201993
2022-06-27T22:05:29.000,2.19,18.27,7.56,44.631352,-124.201993
2022-06-27T22:20:29.000,2.19,18.31,7.56,44.631352,-124.201993
2022-06-27T22:35:29.000,2.22,18.54,7.56,44.631352,-124.201993
2022-06-27T22:50:29.000,2.22,18.53,7.56,44.631352,-124.201993
2022-06-27T23:05:29.000,2.22,18.51,7.56,44.631352,-124.201993
2022-06-27T23:20:29.000,2.24,18.72,7.56,44.631352,-124.201993
2022-06-27T23:35:29.000,2.24,18.73,7.56,44.631352,-124.201993
2022-06-27T23:50:29.000,2.25,18.82,7.57,44.631352,-124.201993
2022-06-28T00:05:29.000,2.26,18.9,7.58,44.631352,-124.201993
2022-06-28T00:20:29.000,2.25,18.85,7.58,44.631352,-124.201993
2022-06-28T00:35:29.000,2.27,19,7.58,44.631352,-124.201993
2022-06-28T00:50:29.000,2.28,19.07,7.58,44.631352,-124.201993
2022-06-28T01:05:29.000,2.31,19.27,7.58,44.631352,-124.201993
2022-06-28T01:20:29.000,2.31,19.32,7.59,44.631352,-124.201993
2022-06-28T01:35:29.000,2.32,19.43,7.59,44.631352,-124.201993
2022-06-28T01:50:29.000,2.32,19.43,7.59,44.631352,-124.201993
2022-06-28T02:05:29.000,2.3,19.24,7.59,44.631352,-124.201993
2022-06-28T02:20:29.000,2.25,18.85,7.59,44.631352,-124.201993
2022-06-28T02:35:29.000,2.23,18.6,7.59,44.631352,-124.201993
2022-06-28T02:50:29.000,2.25,18.81,7.59,44.631352,-124.201993
2022-06-28T03:05:29.000,2.27,18.98,7.61,44.631352,-124.201993
2022-06-28T03:20:29.000,2.27,19.02,7.61,44.631352,-124.201993
2022-06-28T03:35:29.000,2.29,19.18,7.61,44.631352,-124.201993
2022-06-28T03:50:29.000,2.3,19.21,7.61,44.631352,-124.201993
2022-06-28T04:05:29.000,2.29,19.16,7.61,44.631352,-124.201993
2022-06-28T04:20:29.000,2.28,19.07,7.62,44.631352,-124.201993
2022-06-28T04:35:29.000,2.29,19.19,7.63,44.631352,-124.201993
2022-06-28T04:50:29.000,2.3,19.24,7.63,44.631352,-124.201993
2022-06-28T05:05:29.000,2.3,19.28,7.63,44.631352,-124.201993
2022-06-28T05:20:29.000,2.3,19.27,7.63,44.631352,-124.201993
2022-06-28T05:35:29.000,2.31,19.31,7.63,44.631352,-124.201993
2022-06-28T05:50:29.000,2.31,19.33,7.63,44.631352,-124.201993
2022-06-28T06:05:29.000,2.31,19.36,7.64,44.631352,-124.201993
2022-06-28T06:20:29.000,2.32,19.4,7.65,44.631352,-124.201993
2022-06-28T06:35:29.000,2.32,19.45,7.66,44.631352,-124.201993
2022-06-28T06:50:29.000,2.33,19.51,7.66,44.631352,-124.201993
2022-06-28T07:05:29.000,2.33,19.48,7.66,44.631352,-124.201993
2022-06-28T07:20:29.000,2.33,19.54,7.66,44.631352,-124.201993
2022-06-28T07:35:29.000,2.34,19.6,7.66,44.631352,-124.201993
2022-06-28T07:50:29.000,2.35,19.65,7.66,44.631352,-124.201993
2022-06-28T08:05:29.000,2.35,19.67,7.66,44.631352,-124.201993
2022-06-28T08:20:29.000,2.36,19.72,7.66,44.631352,-124.201993
2022-06-28T08:35:29.000,2.36,19.77,7.66,44.631352,-124.201993
2022-06-28T08:50:29.000,2.36,19.75,7.66,44.631352,-124.201993
2022-06-28T09:05:29.000,2.35,19.71,7.66,44.631352,-124.201993
2022-06-28T09:20:29.000,2.36,19.78,7.67,44.631352,-124.201993
2022-06-28T09:35:29.000,2.37,19.81,7.68,44.631352,-124.201993
2022-06-28T09:50:29.000,2.37,19.82,7.68,44.631352,-124.201993
2022-06-28T10:05:29.000,2.37,19.83,7.68,44.631352,-124.201993
2022-06-28T10:20:29.000,2.37,19.83,7.68,44.631352,-124.201993
2022-06-28T10:35:29.000,2.34,19.64,7.68,44.631352,-124.201993
2022-06-28T10:50:29.000,2.36,19.75,7.68,44.631352,-124.201993
2022-06-28T11:05:29.000,2.35,19.7,7.68,44.631352,-124.201993
2022-06-28T11:20:29.000,2.34,19.59,7.68,44.631352,-124.201993
2022-06-28T11:35:29.000,2.35,19.69,7.68,44.631352,-124.201993
2022-06-28T11:50:29.000,2.32,19.47,7.68,44.631352,-124.201993
2022-06-28T12:05:29.000,2.36,19.75,7.68,44.631352,-124.201993
2022-06-28T12:20:29.000,2.36,19.78,7.68,44.631352,-124.201993
2022-06-28T12:35:29.000,2.36,19.74,7.68,44.631352,-124.201993
2022-06-28T12:50:29.000,2.34,19.62,7.68,44.631352,-124.201993
2022-06-28T13:05:29.000,2.34,19.64,7.68,44.631352,-124.201993
2022-06-28T13:20:29.000,2.35,19.67,7.68,44.631352,-124.201993
2022-06-28T13:35:29.000,2.34,19.64,7.68,44.631352,-124.201993
2022-06-28T13:50:29.000,2.3,19.23,7.68,44.631352,-124.201993
2022-06-28T14:05:29.000,2.34,19.58,7.68,44.631352,-124.201993
2022-06-28T14:20:29.000,2.35,19.67,7.68,44.631352,-124.201993
2022-06-28T14:35:29.000,2.29,19.17,7.68,44.631352,-124.201993
2022-06-28T14:50:29.000,2.35,19.66,7.68,44.631352,-124.201993
2022-06-28T15:05:29.000,2.35,19.71,7.68,44.631352,-124.201993
2022-06-28T15:20:29.000,2.35,19.67,7.68,44.631352,-124.201993
2022-06-28T15:35:29.000,2.34,19.64,7.68,44.631352,-124.201993
2022-06-28T15:50:29.000,2.35,19.71,7.68,44.631352,-124.201993
2022-06-28T16:05:29.000,2.35,19.68,7.68,44.631352,-124.201993
2022-06-28T16:20:29.000,2.36,19.74,7.68,44.631352,-124.201993
2022-06-28T16:35:29.000,2.35,19.71,7.68,44.631352,-124.201993
2022-06-28T16:50:29.000,2.34,19.64,7.68,44.631352,-124.201993
2022-06-28T17:05:29.000,2.34,19.58,7.67,44.631352,-124.201993
2022-06-28T17:20:29.000,2.34,19.59,7.67,44.631352,-124.201993
2022-06-28T17:35:29.000,2.33,19.51,7.66,44.631352,-124.201993
2022-06-28T17:50:29.000,2.32,19.41,7.66,44.631352,-124.201993
2022-06-28T18:05:29.000,2.32,19.41,7.66,44.631352,-124.201993
2022-06-28T18:20:29.000,2.32,19.41,7.66,44.631352,-124.201993
2022-06-28T18:35:29.000,2.31,19.32,7.66,44.631352,-124.201993
2022-06-28T18:50:29.000,2.32,19.45,7.66,44.631352,-124.201993
2022-06-28T19:05:29.000,2.33,19.51,7.66,44.631352,-124.201993
2022-06-28T19:20:29.000,2.33,19.49,7.66,44.631352,-124.201993
2022-06-28T19:35:29.000,2.33,19.48,7.67,44.631352,-124.201993
2022-06-28T19:50:29.000,2.33,19.52,7.67,44.631352,-124.201993
2022-06-28T20:05:29.000,2.33,19.48,7.67,44.631352,-124.201993
2022-06-28T20:20:29.000,2.32,19.46,7.67,44.631352,-124.201993
2022-06-28T20:35:29.000,2.33,19.48,7.68,44.631352,-124.201993
2022-06-28T20:50:29.000,2.33,19.52,7.68,44.631352,-124.201993
2022-06-28T21:05:29.000,2.33,19.52,7.68,44.631352,-124.201993
2022-06-28T21:20:29.000,2.33,19.49,7.68,44.631352,-124.201993
2022-06-28T21:35:29.000,2.34,19.56,7.68,44.631352,-124.201993
2022-06-28T21:50:29.000,2.34,19.57,7.68,44.631352,-124.201993
2022-06-28T22:05:29.000,2.34,19.61,7.68,44.631352,-124.201993
2022-06-28T22:20:29.000,2.34,19.6,7.68,44.631352,-124.201993
2022-06-28T22:35:29.000,2.34,19.57,7.68,44.631352,-124.201993
2022-06-28T22:50:29.000,2.33,19.55,7.68,44.631352,-124.201993
2022-06-28T23:05:29.000,2.33,19.5,7.68,44.631352,-124.201993
2022-06-28T23:20:29.000,2.32,19.46,7.68,44.631352,-124.201993
2022-06-28T23:35:29.000,2.33,19.52,7.68,44.631352,-124.201993
2022-06-28T23:50:29.000,2.33,19.53,7.68,44.631352,-124.201993
2022-06-29T00:05:29.000,2.31,19.39,7.69,44.631352,-124.201993
2022-06-29T00:20:29.000,2.31,19.34,7.69,44.631352,-124.201993
2022-06-29T00:35:29.000,2.33,19.51,7.69,44.631352,-124.201993
2022-06-29T00:50:29.000,2.31,19.4,7.7,44.631352,-124.201993
2022-06-29T01:05:29.000,2.27,19.05,7.7,44.631352,-124.201993
2022-06-29T01:20:29.000,2.34,19.59,7.7,44.631352,-124.201993
2022-06-29T01:35:29.000,2.34,19.64,7.7,44.631352,-124.201993
2022-06-29T01:50:29.000,2.34,19.62,7.7,44.631352,-124.201993
2022-06-29T02:05:29.000,2.35,19.7,7.71,44.631352,-124.201993
2022-06-29T02:20:29.000,2.34,19.64,7.71,44.631352,-124.201993
2022-06-29T02:35:29.000,2.36,19.74,7.71,44.631352,-124.201993
2022-06-29T02:50:29.000,2.36,19.8,7.71,44.631352,-124.201993
2022-06-29T03:05:29.000,2.37,19.83,7.71,44.631352,-124.201993
2022-06-29T03:20:29.000,2.38,19.92,7.71,44.631352,-124.201993
2022-06-29T03:35:29.000,2.37,19.87,7.71,44.631352,-124.201993
2022-06-29T03:50:29.000,2.38,19.98,7.72,44.631352,-124.201993
2022-06-29T04:05:29.000,2.38,19.98,7.72,44.631352,-124.201993
2022-06-29T04:20:29.000,2.37,19.89,7.71,44.631352,-124.201993
2022-06-29T04:35:29.000,2.37,19.85,7.71,44.631352,-124.201993
2022-06-29T04:50:29.000,2.37,19.86,7.71,44.631352,-124.201993
2022-06-29T05:05:29.000,2.39,20.01,7.71,44.631352,-124.201993
2022-06-29T05:20:29.000,2.39,20,7.71,44.631352,-124.201993
2022-06-29T05:35:29.000,2.38,19.93,7.71,44.631352,-124.201993
2022-06-29T05:50:29.000,2.4,20.13,7.71,44.631352,-124.201993
2022-06-29T06:05:29.000,2.39,20.07,7.71,44.631352,-124.201993
2022-06-29T06:20:29.000,2.43,20.35,7.71,44.631352,-124.201993
2022-06-29T06:35:29.000,2.43,20.38,7.71,44.631352,-124.201993
2022-06-29T06:50:29.000,2.42,20.31,7.71,44.631352,-124.201993
2022-06-29T07:05:29.000,2.46,20.6,7.7,44.631352,-124.201993
2022-06-29T07:20:29.000,2.45,20.55,7.7,44.631352,-124.201993
2022-06-29T07:35:29.000,2.4,20.11,7.71,44.631352,-124.201993
2022-06-29T07:50:29.000,2.44,20.49,7.7,44.631352,-124.201993
2022-06-29T08:05:29.000,2.45,20.58,7.7,44.631352,-124.201993
2022-06-29T08:20:29.000,2.45,20.58,7.7,44.631352,-124.201993
2022-06-29T08:35:29.000,2.42,20.31,7.7,44.631352,-124.201993
2022-06-29T08:50:29.000,2.44,20.44,7.7,44.631352,-124.201993
2022-06-29T09:05:29.000,2.42,20.26,7.71,44.631352,-124.201993
2022-06-29T09:20:29.000,2.44,20.47,7.71,44.631352,-124.201993
2022-06-29T09:35:29.000,2.43,20.4,7.71,44.631352,-124.201993
2022-06-29T09:50:29.000,2.42,20.29,7.71,44.631352,-124.201993
2022-06-29T10:05:29.000,2.43,20.38,7.71,44.631352,-124.201993
2022-06-29T10:20:29.000,2.4,20.12,7.71,44.631352,-124.201993
2022-06-29T10:35:29.000,2.44,20.48,7.71,44.631352,-124.201993
2022-06-29T10:50:29.000,2.38,19.99,7.71,44.631352,-124.201993
2022-06-29T11:05:29.000,2.42,20.33,7.71,44.631352,-124.201993
2022-06-29T11:20:29.000,2.42,20.31,7.7,44.631352,-124.201993
2022-06-29T11:35:29.000,2.4,20.15,7.71,44.631352,-124.201993
2022-06-29T11:50:29.000,2.43,20.41,7.71,44.631352,-124.201993
2022-06-29T12:05:29.000,2.44,20.42,7.71,44.631352,-124.201993
2022-06-29T12:20:29.000,2.39,20.06,7.71,44.631352,-124.201993
2022-06-29T12:35:29.000,2.39,20,7.71,44.631352,-124.201993
2022-06-29T12:50:29.000,2.42,20.29,7.71,44.631352,-124.201993
2022-06-29T13:05:29.000,2.43,20.39,7.71,44.631352,-124.201993
2022-06-29T13:20:29.000,2.44,20.49,7.71,44.631352,-124.201993
2022-06-29T13:35:29.000,2.45,20.55,7.71,44.631352,-124.201993
2022-06-29T13:50:29.000,2.46,20.65,7.71,44.631352,-124.201993
2022-06-29T14:05:29.000,2.46,20.66,7.7,44.631352,-124.201993
2022-06-29T14:20:29.000,2.48,20.8,7.71,44.631352,-124.201993
2022-06-29T14:35:29.000,2.49,20.86,7.7,44.631352,-124.201993
2022-06-29T14:50:29.000,2.49,20.86,7.7,44.631352,-124.201993
2022-06-29T15:05:29.000,2.51,21.05,7.7,44.631352,-124.201993
2022-06-29T15:20:29.000,2.5,20.92,7.7,44.631352,-124.201993
2022-06-29T15:35:29.000,2.51,21.08,7.7,44.631352,-124.201993
2022-06-29T15:50:29.000,2.51,21.07,7.7,44.631352,-124.201993
2022-06-29T16:05:29.000,2.52,21.11,7.69,44.631352,-124.201993
2022-06-29T16:20:29.000,2.52,21.14,7.69,44.631352,-124.201993
2022-06-29T16:35:29.000,2.52,21.12,7.69,44.631352,-124.201993
2022-06-29T16:50:29.000,2.51,21.04,7.68,44.631352,-124.201993
2022-06-29T17:05:29.000,2.5,20.96,7.68,44.631352,-124.201993
2022-06-29T17:20:29.000,2.51,20.99,7.68,44.631352,-124.201993
2022-06-29T17:35:29.000,2.48,20.8,7.68,44.631352,-124.201993
2022-06-29T17:50:29.000,2.46,20.59,7.68,44.631352,-124.201993
2022-06-29T18:05:29.000,2.44,20.45,7.68,44.631352,-124.201993
2022-06-29T18:20:29.000,2.47,20.72,7.68,44.631352,-124.201993
2022-06-29T18:35:29.000,2.46,20.57,7.68,44.631352,-124.201993
2022-06-29T18:50:29.000,2.4,20.11,7.68,44.631352,-124.201993
2022-06-29T19:05:29.000,2.46,20.62,7.68,44.631352,-124.201993
2022-06-29T19:20:29.000,2.43,20.34,7.68,44.631352,-124.201993
2022-06-29T19:35:29.000,2.46,20.63,7.68,44.631352,-124.201993
