Time (UTC),DO (ml/L),Dissolved Oxygen (%),Temperature (C),Latitude,Longitude
2022-07-31T04:44:00.000,3.56,30.52,8.57,44.740147,-124.08069
2022-07-31T04:59:00.000,3.56,30.47,8.58,44.740147,-124.08069
2022-07-31T05:14:00.000,3.49,29.87,8.58,44.740147,-124.08069
2022-07-31T05:29:00.000,3.48,29.78,8.57,44.740147,-124.08069
2022-07-31T05:44:00.000,3.45,29.56,8.57,44.740147,-124.08069
2022-07-31T05:59:00.000,3.28,27.98,8.45,44.740147,-124.08069
2022-07-31T06:14:00.000,3.16,26.96,8.42,44.740147,-124.08069
2022-07-31T06:29:00.000,2.98,25.4,8.36,44.740147,-124.08069
2022-07-31T06:44:00.000,2.84,24.17,8.33,44.740147,-124.08069
2022-07-31T06:59:00.000,2.87,24.44,8.32,44.740147,-124.08069
2022-07-31T07:14:00.000,2.65,22.47,8.24,44.740147,-124.08069
2022-07-31T07:29:00.000,2.42,20.55,8.15,44.740147,-124.08069
2022-07-31T07:44:00.000,2.32,19.65,8.11,44.740147,-124.08069
2022-07-31T07:59:00.000,2.22,18.78,8.09,44.740147,-124.08069
2022-07-31T08:14:00.000,2.2,18.6,8.08,44.740147,-124.08069
2022-07-31T08:29:00.000,2.18,18.41,8.07,44.740147,-124.08069
2022-07-31T08:44:00.000,2.13,18.05,8.07,44.740147,-124.08069
2022-07-31T08:59:00.000,2.13,17.99,8.07,44.740147,-124.08069
2022-07-31T09:14:00.000,2.12,17.9,8.07,44.740147,-124.08069
2022-07-31T09:29:00.000,2.1,17.78,8.07,44.740147,-124.08069
2022-07-31T09:44:00.000,2.14,18.07,8.07,44.740147,-124.08069
2022-07-31T09:59:00.000,2.14,18.11,8.08,44.740147,-124.08069
2022-07-31T10:14:00.000,2.17,18.38,8.09,44.740147,-124.08069
2022-07-31T10:29:00.000,2.13,18,8.09,44.740147,-124.08069
2022-07-31T10:44:00.000,2.12,17.93,8.1,44.740147,-124.08069
2022-07-31T10:59:00.000,2.17,18.38,8.11,44.740147,-124.08069
2022-07-31T11:14:00.000,2.23,18.89,8.11,44.740147,-124.08069
2022-07-31T11:29:00.000,2.28,19.31,8.13,44.740147,-124.08069
2022-07-31T11:44:00.000,2.24,18.98,8.14,44.740147,-124.08069
2022-07-31T11:59:00.000,2.28,19.32,8.14,44.740147,-124.08069
2022-07-31T12:14:00.000,2.26,19.19,8.16,44.740147,-124.08069
2022-07-31T12:29:00.000,2.29,19.4,8.17,44.740147,-124.08069
2022-07-31T12:44:00.000,2.33,19.73,8.19,44.740147,-124.08069
2022-07-31T12:59:00.000,2.36,20.06,8.21,44.740147,-124.08069
2022-07-31T13:14:00.000,2.41,20.49,8.23,44.740147,-124.08069
2022-07-31T13:29:00.000,2.48,21.03,8.24,44.740147,-124.08069
2022-07-31T13:44:00.000,2.56,21.76,8.28,44.740147,-124.08069
2022-07-31T13:59:00.000,2.82,24.05,8.35,44.740147,-124.08069
2022-07-31T14:14:00.000,2.97,25.32,8.4,44.740147,-124.08069
2022-07-31T14:29:00.000,2.98,25.43,8.42,44.740147,-124.08069
2022-07-31T14:44:00.000,3.1,26.42,8.45,44.740147,-124.08069
2022-07-31T14:59:00.000,3.24,27.68,8.51,44.740147,-124.08069
2022-07-31T15:14:00.000,3.34,28.58,8.54,44.740147,-124.08069
2022-07-31T15:29:00.000,3.35,28.71,8.57,44.740147,-124.08069
2022-07-31T15:44:00.000,3.48,29.82,8.59,44.740147,-124.08069
2022-07-31T15:59:00.000,3.52,30.17,8.61,44.740147,-124.08069
2022-07-31T16:14:00.000,3.43,29.38,8.61,44.740147,-124.08069
2022-07-31T16:29:00.000,3.48,29.81,8.62,44.740147,-124.08069
2022-07-31T16:44:00.000,3.5,30,8.64,44.740147,-124.08069
2022-07-31T16:59:00.000,3.58,30.7,8.65,44.740147,-124.08069
2022-07-31T17:14:00.000,3.74,32.14,8.69,44.740147,-124.08069
2022-07-31T17:29:00.000,3.67,31.49,8.67,44.740147,-124.08069
2022-07-31T17:44:00.000,3.52,30.18,8.66,44.740147,-124.08069
2022-07-31T17:59:00.000,3.61,30.98,8.68,44.740147,-124.08069
2022-07-31T18:14:00.000,3.63,31.14,8.69,44.740147,-124.08069
2022-07-31T18:29:00.000,3.72,32,8.73,44.740147,-124.08069
2022-07-31T18:44:00.000,3.77,32.4,8.71,44.740147,-124.08069
2022-07-31T18:59:00.000,3.83,32.89,8.66,44.740147,-124.08069
2022-07-31T19:14:00.000,3.82,32.84,8.69,44.740147,-124.08069
2022-07-31T19:29:00.000,3.81,32.69,8.71,44.740147,-124.08069
2022-07-31T19:44:00.000,3.8,32.67,8.71,44.740147,-124.08069
2022-07-31T19:59:00.000,3.82,32.78,8.71,44.740147,-124.08069
2022-07-31T20:14:00.000,3.83,32.9,8.69,44.740147,-124.08069
2022-07-31T20:29:00.000,3.86,33.15,8.68,44.740147,-124.08069
2022-07-31T20:44:00.000,3.91,33.58,8.69,44.740147,-124.08069
2022-07-31T20:59:00.000,3.87,33.25,8.71,44.740147,-124.08069
2022-07-31T21:14:00.000,3.92,33.69,8.71,44.740147,-124.08069
2022-07-31T21:29:00.000,3.9,33.48,8.69,44.740147,-124.08069
2022-07-31T21:44:00.000,3.79,32.49,8.64,44.740147,-124.08069
2022-07-31T21:59:00.000,3.75,32.11,8.59,44.740147,-124.08069
2022-07-31T22:14:00.000,3.62,30.95,8.56,44.740147,-124.08069
2022-07-31T22:29:00.000,3.58,30.64,8.52,44.740147,-124.08069
2022-07-31T22:44:00.000,3.07,26.11,8.35,44.740147,-124.08069
2022-07-31T22:59:00.000,2.65,22.52,8.23,44.740147,-124.08069
2022-07-31T23:14:00.000,2.5,21.2,8.18,44.740147,-124.08069
2022-07-31T23:29:00.000,2.49,21.08,8.16,44.740147,-124.08069
2022-07-31T23:44:00.000,2.45,20.78,8.14,44.740147,-124.08069
2022-07-31T23:59:00.000,2.43,20.61,8.14,44.740147,-124.08069
2022-08-01T00:14:00.000,2.46,20.85,8.14,44.740147,-124.08069
2022-08-01T00:29:00.000,2.48,21.03,8.15,44.740147,-124.08069
2022-08-01T00:44:00.000,2.5,21.16,8.16,44.740147,-124.08069
2022-08-01T00:59:00.000,2.58,21.91,8.18,44.740147,-124.08069
2022-08-01T01:14:00.000,2.59,21.99,8.19,44.740147,-124.08069
2022-08-01T01:29:00.000,2.69,22.83,8.21,44.740147,-124.08069
2022-08-01T01:44:00.000,2.7,22.95,8.22,44.740147,-124.08069
2022-08-01T01:59:00.000,2.67,22.66,8.23,44.740147,-124.08069
2022-08-01T02:14:00.000,2.66,22.55,8.23,44.740147,-124.08069
2022-08-01T02:29:00.000,2.84,24.15,8.28,44.740147,-124.08069
2022-08-01T02:44:00.000,2.85,24.28,8.29,44.740147,-124.08069
2022-08-01T02:59:00.000,2.92,24.83,8.33,44.740147,-124.08069
2022-08-01T03:14:00.000,2.87,24.47,8.33,44.740147,-124.08069
2022-08-01T03:29:00.000,2.88,24.52,8.33,44.740147,-124.08069
2022-08-01T03:44:00.000,2.83,24.13,8.33,44.740147,-124.08069
2022-08-01T03:59:00.000,2.82,23.97,8.33,44.740147,-124.08069
2022-08-01T04:14:00.000,2.86,24.33,8.35,44.740147,-124.08069
2022-08-01T04:29:00.000,2.9,24.71,8.35,44.740147,-124.08069
2022-08-01T04:44:00.000,2.96,25.27,8.38,44.740147,-124.08069
2022-08-01T04:59:00.000,3.02,25.75,8.42,44.740147,-124.08069
2022-08-01T05:14:00.000,3.11,26.59,8.45,44.740147,-124.08069
2022-08-01T05:29:00.000,3.14,26.81,8.47,44.740147,-124.08069
2022-08-01T05:44:00.000,3.14,26.84,8.49,44.740147,-124.08069
2022-08-01T05:59:00.000,3.15,26.88,8.5,44.740147,-124.08069
2022-08-01T06:14:00.000,3.18,27.16,8.51,44.740147,-124.08069
2022-08-01T06:29:00.000,3.26,27.91,8.52,44.740147,-124.08069
2022-08-01T06:44:00.000,3.17,27.06,8.5,44.740147,-124.08069
2022-08-01T06:59:00.000,3.23,27.64,8.5,44.740147,-124.08069
2022-08-01T07:14:00.000,3.37,28.79,8.49,44.740147,-124.08069
2022-08-01T07:29:00.000,3.35,28.56,8.44,44.740147,-124.08069
2022-08-01T07:44:00.000,3.27,27.91,8.42,44.740147,-124.08069
2022-08-01T07:59:00.000,3.29,28.1,8.42,44.740147,-124.08069
2022-08-01T08:14:00.000,3.27,27.86,8.42,44.740147,-124.08069
2022-08-01T08:29:00.000,3.24,27.65,8.42,44.740147,-124.08069
2022-08-01T08:44:00.000,3.24,27.69,8.42,44.740147,-124.08069
2022-08-01T08:59:00.000,3.17,27.07,8.42,44.740147,-124.08069
2022-08-01T09:14:00.000,3.2,27.27,8.43,44.740147,-124.08069
2022-08-01T09:29:00.000,3.33,28.37,8.43,44.740147,-124.08069
2022-08-01T09:44:00.000,3.28,27.99,8.43,44.740147,-124.08069
2022-08-01T09:59:00.000,3.28,28.04,8.45,44.740147,-124.08069
2022-08-01T10:14:00.000,3.27,27.96,8.47,44.740147,-124.08069
2022-08-01T10:29:00.000,3.31,28.32,8.48,44.740147,-124.08069
2022-08-01T10:44:00.000,3.3,28.18,8.48,44.740147,-124.08069
2022-08-01T10:59:00.000,3.28,27.99,8.49,44.740147,-124.08069
2022-08-01T11:14:00.000,3.27,27.98,8.5,44.740147,-124.08069
2022-08-01T11:29:00.000,3.27,27.91,8.5,44.740147,-124.08069
2022-08-01T11:44:00.000,3.32,28.36,8.5,44.740147,-124.08069
2022-08-01T11:59:00.000,3.31,28.27,8.5,44.740147,-124.08069
2022-08-01T12:14:00.000,3.31,28.3,8.5,44.740147,-124.08069
2022-08-01T12:29:00.000,3.33,28.5,8.5,44.740147,-124.08069
2022-08-01T12:44:00.000,3.39,28.98,8.49,44.740147,-124.08069
2022-08-01T12:59:00.000,3.33,28.45,8.48,44.740147,-124.08069
2022-08-01T13:14:00.000,3.34,28.49,8.47,44.740147,-124.08069
2022-08-01T13:29:00.000,3.35,28.6,8.47,44.740147,-124.08069
2022-08-01T13:44:00.000,3.35,28.57,8.47,44.740147,-124.08069
2022-08-01T13:59:00.000,3.38,28.9,8.47,44.740147,-124.08069
2022-08-01T14:14:00.000,3.4,29.08,8.47,44.740147,-124.08069
2022-08-01T14:29:00.000,3.41,29.09,8.47,44.740147,-124.08069
2022-08-01T14:44:00.000,3.4,29.04,8.48,44.740147,-124.08069
2022-08-01T14:59:00.000,3.46,29.53,8.5,44.740147,-124.08069
2022-08-01T15:14:00.000,3.49,29.82,8.52,44.740147,-124.08069
2022-08-01T15:29:00.000,3.56,30.44,8.54,44.740147,-124.08069
2022-08-01T15:44:00.000,3.59,30.74,8.57,44.740147,-124.08069
2022-08-01T15:59:00.000,3.65,31.26,8.59,44.740147,-124.08069
2022-08-01T16:14:00.000,3.7,31.73,8.62,44.740147,-124.08069
2022-08-01T16:29:00.000,3.81,32.68,8.63,44.740147,-124.08069
2022-08-01T16:44:00.000,3.8,32.57,8.64,44.740147,-124.08069
2022-08-01T16:59:00.000,3.86,33.16,8.66,44.740147,-124.08069
2022-08-01T17:14:00.000,3.95,33.91,8.68,44.740147,-124.08069
2022-08-01T17:29:00.000,3.97,34.13,8.69,44.740147,-124.08069
2022-08-01T17:44:00.000,3.85,33.06,8.69,44.740147,-124.08069
2022-08-01T17:59:00.000,3.92,33.64,8.69,44.740147,-124.08069
2022-08-01T18:14:00.000,3.94,33.83,8.69,44.740147,-124.08069
2022-08-01T18:29:00.000,3.92,33.67,8.69,44.740147,-124.08069
2022-08-01T18:44:00.000,3.88,33.33,8.69,44.740147,-124.08069
2022-08-01T18:59:00.000,3.96,33.99,8.7,44.740147,-124.08069
2022-08-01T19:14:00.000,3.94,33.85,8.71,44.740147,-124.08069
2022-08-01T19:29:00.000,4.01,34.45,8.72,44.740147,-124.08069
2022-08-01T19:44:00.000,4.05,34.79,8.73,44.740147,-124.08069
2022-08-01T19:59:00.000,4.07,34.98,8.75,44.740147,-124.08069
2022-08-01T20:14:00.000,4.04,34.71,8.76,44.740147,-124.08069
2022-08-01T20:29:00.000,4.14,35.63,8.78,44.740147,-124.08069
2022-08-01T20:44:00.000,4.25,36.53,8.78,44.740147,-124.08069
2022-08-01T20:59:00.000,4.3,36.99,8.81,44.740147,-124.08069
2022-08-01T21:14:00.000,4.53,39.05,8.88,44.740147,-124.08069
2022-08-01T21:29:00.000,4.59,39.58,8.9,44.740147,-124.08069
2022-08-01T21:44:00.000,4.63,39.97,8.92,44.740147,-124.08069
2022-08-01T21:59:00.000,4.63,40.03,8.94,44.740147,-124.08069
2022-08-01T22:14:00.000,3.95,33.87,8.63,44.740147,-124.08069
2022-08-01T22:29:00.000,3.6,30.75,8.53,44.740147,-124.08069
2022-08-01T22:44:00.000,3.65,31.19,8.54,44.740147,-124.08069
2022-08-01T22:59:00.000,3.74,31.99,8.54,44.740147,-124.08069
2022-08-01T23:14:00.000,3.74,32.02,8.54,44.740147,-124.08069
2022-08-01T23:29:00.000,3.71,31.72,8.52,44.740147,-124.08069
2022-08-01T23:44:00.000,3.67,31.39,8.5,44.740147,-124.08069
2022-08-01T23:59:00.000,3.76,32.17,8.52,44.740147,-124.08069
2022-08-02T00:14:00.000,3.81,32.57,8.55,44.740147,-124.08069
2022-08-02T00:29:00.000,3.83,32.82,8.57,44.740147,-124.08069
2022-08-02T00:44:00.000,3.83,32.79,8.59,44.740147,-124.08069
2022-08-02T00:59:00.000,3.78,32.34,8.59,44.740147,-124.08069
2022-08-02T01:14:00.000,3.68,31.5,8.54,44.740147,-124.08069
2022-08-02T01:29:00.000,3.6,30.84,8.54,44.740147,-124.08069
2022-08-02T01:44:00.000,3.46,29.58,8.5,44.740147,-124.08069
2022-08-02T01:59:00.000,2.96,25.21,8.32,44.740147,-124.08069
2022-08-02T02:14:00.000,2.64,22.41,8.21,44.740147,-124.08069
2022-08-02T02:29:00.000,2.42,20.47,8.13,44.740147,-124.08069
2022-08-02T02:44:00.000,2.16,18.25,8.04,44.740147,-124.08069
2022-08-02T02:59:00.000,2.05,17.33,8,44.740147,-124.08069
2022-08-02T03:14:00.000,2.01,16.94,7.97,44.740147,-124.08069
2022-08-02T03:29:00.000,1.96,16.58,7.97,44.740147,-124.08069
2022-08-02T03:44:00.000,1.92,16.21,7.97,44.740147,-124.08069
2022-08-02T03:59:00.000,1.95,16.47,7.97,44.740147,-124.08069
2022-08-02T04:14:00.000,1.97,16.65,8,44.740147,-124.08069
2022-08-02T04:29:00.000,2.09,17.68,8.03,44.740147,-124.08069
2022-08-02T04:44:00.000,2.17,18.34,8.06,44.740147,-124.08069
2022-08-02T04:59:00.000,2.27,19.18,8.09,44.740147,-124.08069
2022-08-02T05:14:00.000,2.43,20.59,8.15,44.740147,-124.08069
2022-08-02T05:29:00.000,2.57,21.78,8.21,44.740147,-124.08069
2022-08-02T05:44:00.000,2.87,24.46,8.33,44.740147,-124.08069
2022-08-02T05:59:00.000,3.18,27.07,8.39,44.740147,-124.08069
2022-08-02T06:14:00.000,3.19,27.21,8.42,44.740147,-124.08069
2022-08-02T06:29:00.000,3.29,28.1,8.46,44.740147,-124.08069
2022-08-02T06:44:00.000,3.4,29.07,8.52,44.740147,-124.08069
2022-08-02T06:59:00.000,3.53,30.18,8.56,44.740147,-124.08069
2022-08-02T07:14:00.000,3.62,31.04,8.61,44.740147,-124.08069
2022-08-02T07:29:00.000,3.68,31.6,8.66,44.740147,-124.08069
2022-08-02T07:44:00.000,3.93,33.77,8.71,44.740147,-124.08069
2022-08-02T07:59:00.000,4.02,34.52,8.73,44.740147,-124.08069
2022-08-02T08:14:00.000,4.09,35.14,8.75,44.740147,-124.08069
2022-08-02T08:29:00.000,4.12,35.43,8.78,44.740147,-124.08069
2022-08-02T08:44:00.000,4.19,36.12,8.81,44.740147,-124.08069
2022-08-02T08:59:00.000,4.21,36.26,8.83,44.740147,-124.08069
2022-08-02T09:14:00.000,4.21,36.31,8.85,44.740147,-124.08069
2022-08-02T09:29:00.000,4.21,36.28,8.88,44.740147,-124.08069
2022-08-02T09:44:00.000,3.86,33.2,8.73,44.740147,-124.08069
2022-08-02T09:59:00.000,4.22,36.38,8.85,44.740147,-124.08069
2022-08-02T10:14:00.000,4.03,34.67,8.77,44.740147,-124.08069
2022-08-02T10:29:00.000,4.03,34.63,8.77,44.740147,-124.08069
2022-08-02T10:44:00.000,4.04,34.73,8.78,44.740147,-124.08069
2022-08-02T10:59:00.000,4.06,34.91,8.79,44.740147,-124.08069
2022-08-02T11:14:00.000,4.02,34.63,8.81,44.740147,-124.08069
2022-08-02T11:29:00.000,3.98,34.25,8.78,44.740147,-124.08069
2022-08-02T11:44:00.000,3.89,33.43,8.77,44.740147,-124.08069
2022-08-02T11:59:00.000,3.87,33.24,8.74,44.740147,-124.08069
2022-08-02T12:14:00.000,3.57,30.63,8.63,44.740147,-124.08069
2022-08-02T12:29:00.000,3.58,30.68,8.61,44.740147,-124.08069
2022-08-02T12:44:00.000,3.27,27.91,8.49,44.740147,-124.08069
2022-08-02T12:59:00.000,3.07,26.19,8.41,44.740147,-124.08069
2022-08-02T13:14:00.000,2.62,22.22,8.23,44.740147,-124.08069
2022-08-02T13:29:00.000,2.37,20.07,8.15,44.740147,-124.08069
2022-08-02T13:44:00.000,2.36,20.01,8.18,44.740147,-124.08069
2022-08-02T13:59:00.000,2.31,19.59,8.16,44.740147,-124.08069
2022-08-02T14:14:00.000,2.28,19.31,8.14,44.740147,-124.08069
2022-08-02T14:29:00.000,2.32,19.68,8.14,44.740147,-124.08069
2022-08-02T14:44:00.000,2.28,19.31,8.14,44.740147,-124.08069
2022-08-02T14:59:00.000,2.25,19.04,8.14,44.740147,-124.08069
2022-08-02T15:14:00.000,2.25,19.1,8.13,44.740147,-124.08069
2022-08-02T15:29:00.000,2.31,19.55,8.14,44.740147,-124.08069
2022-08-02T15:44:00.000,2.29,19.4,8.14,44.740147,-124.08069
2022-08-02T15:59:00.000,2.38,20.15,8.16,44.740147,-124.08069
2022-08-02T16:14:00.000,2.59,21.97,8.21,44.740147,-124.08069
2022-08-02T16:29:00.000,2.7,22.92,8.26,44.740147,-124.08069
2022-08-02T16:44:00.000,2.79,23.69,8.31,44.740147,-124.08069
2022-08-02T16:59:00.000,2.91,24.81,8.35,44.740147,-124.08069
2022-08-02T17:14:00.000,3.07,26.23,8.43,44.740147,-124.08069
2022-08-02T17:29:00.000,3.17,27.08,8.5,44.740147,-124.08069
2022-08-02T17:44:00.000,3.38,28.96,8.62,44.740147,-124.08069
2022-08-02T17:59:00.000,3.55,30.47,8.69,44.740147,-124.08069
2022-08-02T18:14:00.000,3.65,31.4,8.73,44.740147,-124.08069
2022-08-02T18:29:00.000,3.83,32.96,8.78,44.740147,-124.08069
2022-08-02T18:44:00.000,3.98,34.33,8.85,44.740147,-124.08069
2022-08-02T18:59:00.000,4.08,35.23,8.9,44.740147,-124.08069
2022-08-02T19:14:00.000,4.19,36.23,8.94,44.740147,-124.08069
2022-08-02T19:29:00.000,4.28,37.04,8.97,44.740147,-124.08069
2022-08-02T19:44:00.000,4.43,38.33,9.02,44.740147,-124.08069
2022-08-02T19:59:00.000,4.47,38.72,9.04,44.740147,-124.08069
2022-08-02T20:14:00.000,4.49,38.92,9.07,44.740147,-124.08069
2022-08-02T20:29:00.000,4.53,39.22,9.07,44.740147,-124.08069
2022-08-02T20:44:00.000,4.44,38.41,9.04,44.740147,-124.08069
2022-08-02T20:59:00.000,4.21,36.49,9.04,44.740147,-124.08069
2022-08-02T21:14:00.000,4.26,36.9,9.04,44.740147,-124.08069
2022-08-02T21:29:00.000,4.51,39.1,9.09,44.740147,-124.08069
2022-08-02T21:44:00.000,4.73,41.08,9.12,44.740147,-124.08069
2022-08-02T21:59:00.000,4.82,41.85,9.11,44.740147,-124.08069
2022-08-02T22:14:00.000,4.85,42.02,9.09,44.740147,-124.08069
2022-08-02T22:29:00.000,4.69,40.59,9,44.740147,-124.08069
2022-08-02T22:44:00.000,4.5,38.81,8.9,44.740147,-124.08069
2022-08-02T22:59:00.000,4.3,37.09,8.84,44.740147,-124.08069
2022-08-02T23:14:00.000,4.34,37.31,8.79,44.740147,-124.08069
2022-08-02T23:29:00.000,3.94,33.87,8.69,44.740147,-124.08069
2022-08-02T23:44:00.000,3.68,31.56,8.62,44.740147,-124.08069
2022-08-02T23:59:00.000,3.54,30.29,8.57,44.740147,-124.08069
2022-08-03T00:14:00.000,3.6,30.84,8.55,44.740147,-124.08069
2022-08-03T00:29:00.000,3.47,29.6,8.47,44.740147,-124.08069
2022-08-03T00:44:00.000,3.54,30.26,8.48,44.740147,-124.08069
2022-08-03T00:59:00.000,3.35,28.55,8.4,44.740147,-124.08069
2022-08-03T01:14:00.000,3.23,27.49,8.35,44.740147,-124.08069
2022-08-03T01:29:00.000,3.12,26.53,8.32,44.740147,-124.08069
2022-08-03T01:44:00.000,2.92,24.79,8.28,44.740147,-124.08069
2022-08-03T01:59:00.000,2.86,24.27,8.27,44.740147,-124.08069
2022-08-03T02:14:00.000,2.89,24.54,8.28,44.740147,-124.08069
2022-08-03T02:29:00.000,2.87,24.41,8.27,44.740147,-124.08069
2022-08-03T02:44:00.000,2.9,24.68,8.28,44.740147,-124.08069
2022-08-03T02:59:00.000,2.93,24.91,8.3,44.740147,-124.08069
2022-08-03T03:14:00.000,3,25.5,8.32,44.740147,-124.08069
2022-08-03T03:29:00.000,3.06,26.07,8.36,44.740147,-124.08069
2022-08-03T03:44:00.000,3.21,27.36,8.4,44.740147,-124.08069
2022-08-03T03:59:00.000,3.19,27.17,8.41,44.740147,-124.08069
2022-08-03T04:14:00.000,3.15,26.83,8.4,44.740147,-124.08069
2022-08-03T04:29:00.000,3.1,26.43,8.4,44.740147,-124.08069
2022-08-03T04:44:00.000,3.18,27.15,8.42,44.740147,-124.08069
2022-08-03T04:59:00.000,3.18,27.1,8.43,44.740147,-124.08069
2022-08-03T05:14:00.000,3.26,27.84,8.47,44.740147,-124.08069
2022-08-03T05:29:00.000,3.35,28.62,8.5,44.740147,-124.08069
2022-08-03T05:44:00.000,3.31,28.27,8.5,44.740147,-124.08069
2022-08-03T05:59:00.000,3.3,28.19,8.51,44.740147,-124.08069
2022-08-03T06:14:00.000,3.32,28.35,8.51,44.740147,-124.08069
2022-08-03T06:29:00.000,3.36,28.77,8.54,44.740147,-124.08069
2022-08-03T06:44:00.000,3.47,29.68,8.57,44.740147,-124.08069
2022-08-03T06:59:00.000,3.69,31.65,8.69,44.740147,-124.08069
2022-08-03T07:14:00.000,3.59,30.82,8.7,44.740147,-124.08069
2022-08-03T07:29:00.000,3.63,31.19,8.71,44.740147,-124.08069
2022-08-03T07:44:00.000,3.76,32.32,8.73,44.740147,-124.08069
2022-08-03T07:59:00.000,3.68,31.61,8.69,44.740147,-124.08069
2022-08-03T08:14:00.000,3.6,30.87,8.64,44.740147,-124.08069
2022-08-03T08:29:00.000,3.55,30.45,8.61,44.740147,-124.08069
2022-08-03T08:44:00.000,3.55,30.43,8.57,44.740147,-124.08069
2022-08-03T08:59:00.000,3.44,29.4,8.5,44.740147,-124.08069
2022-08-03T09:14:00.000,3.33,28.45,8.46,44.740147,-124.08069
2022-08-03T09:29:00.000,3.28,28.03,8.45,44.740147,-124.08069
2022-08-03T09:44:00.000,3.21,27.36,8.42,44.740147,-124.08069
2022-08-03T09:59:00.000,3.22,27.43,8.4,44.740147,-124.08069
2022-08-03T10:14:00.000,3.22,27.45,8.4,44.740147,-124.08069
2022-08-03T10:29:00.000,3.19,27.16,8.4,44.740147,-124.08069
2022-08-03T10:44:00.000,3.03,25.79,8.35,44.740147,-124.08069
2022-08-03T10:59:00.000,2.87,24.44,8.31,44.740147,-124.08069
2022-08-03T11:14:00.000,2.73,23.23,8.28,44.740147,-124.08069
2022-08-03T11:29:00.000,2.68,22.78,8.26,44.740147,-124.08069
2022-08-03T11:44:00.000,2.67,22.66,8.25,44.740147,-124.08069
2022-08-03T11:59:00.000,2.61,22.21,8.24,44.740147,-124.08069
2022-08-03T12:14:00.000,2.65,22.5,8.26,44.740147,-124.08069
2022-08-03T12:29:00.000,2.62,22.23,8.26,44.740147,-124.08069
2022-08-03T12:44:00.000,2.65,22.49,8.26,44.740147,-124.08069
2022-08-03T12:59:00.000,2.62,22.27,8.25,44.740147,-124.08069
2022-08-03T13:14:00.000,2.67,22.65,8.26,44.740147,-124.08069
2022-08-03T13:29:00.000,2.63,22.31,8.26,44.740147,-124.08069
2022-08-03T13:44:00.000,2.65,22.49,8.25,44.740147,-124.08069
2022-08-03T13:59:00.000,2.61,22.13,8.24,44.740147,-124.08069
2022-08-03T14:14:00.000,2.62,22.25,8.26,44.740147,-124.08069
2022-08-03T14:29:00.000,2.66,22.57,8.26,44.740147,-124.08069
2022-08-03T14:44:00.000,2.68,22.77,8.25,44.740147,-124.08069
2022-08-03T14:59:00.000,2.62,22.22,8.25,44.740147,-124.08069
2022-08-03T15:14:00.000,2.65,22.51,8.23,44.740147,-124.08069
2022-08-03T15:29:00.000,2.68,22.73,8.23,44.740147,-124.08069
2022-08-03T15:44:00.000,2.66,22.6,8.23,44.740147,-124.08069
2022-08-03T15:59:00.000,2.62,22.26,8.23,44.740147,-124.08069
2022-08-03T16:14:00.000,2.65,22.49,8.23,44.740147,-124.08069
2022-08-03T16:29:00.000,2.62,22.25,8.23,44.740147,-124.08069
2022-08-03T16:44:00.000,2.66,22.62,8.25,44.740147,-124.08069
2022-08-03T16:59:00.000,2.69,22.83,8.26,44.740147,-124.08069
2022-08-03T17:14:00.000,2.73,23.24,8.27,44.740147,-124.08069
2022-08-03T17:29:00.000,2.72,23.15,8.28,44.740147,-124.08069
2022-08-03T17:44:00.000,2.78,23.63,8.28,44.740147,-124.08069
2022-08-03T17:59:00.000,2.85,24.23,8.3,44.740147,-124.08069
2022-08-03T18:14:00.000,2.95,25.09,8.31,44.740147,-124.08069
2022-08-03T18:29:00.000,3.01,25.63,8.33,44.740147,-124.08069
2022-08-03T18:44:00.000,3.09,26.37,8.37,44.740147,-124.08069
2022-08-03T18:59:00.000,3.25,27.7,8.42,44.740147,-124.08069
2022-08-03T19:14:00.000,3.34,28.47,8.45,44.740147,-124.08069
2022-08-03T19:29:00.000,3.38,28.85,8.47,44.740147,-124.08069
2022-08-03T19:44:00.000,3.43,29.33,8.5,44.740147,-124.08069
2022-08-03T19:59:00.000,3.4,29.12,8.54,44.740147,-124.08069
2022-08-03T20:14:00.000,3.45,29.53,8.56,44.740147,-124.08069
2022-08-03T20:29:00.000,3.44,29.48,8.59,44.740147,-124.08069
2022-08-03T20:44:00.000,3.55,30.4,8.62,44.740147,-124.08069
2022-08-03T20:59:00.000,3.76,32.34,8.71,44.740147,-124.08069
2022-08-03T21:14:00.000,4.01,34.49,8.81,44.740147,-124.08069
2022-08-03T21:29:00.000,4.26,36.85,9,44.740147,-124.08069
2022-08-03T21:44:00.000,4.33,37.53,9.04,44.740147,-124.08069
2022-08-03T21:59:00.000,4.15,35.81,8.88,44.740147,-124.08069
2022-08-03T22:14:00.000,3.54,30.27,8.55,44.740147,-124.08069
2022-08-03T22:29:00.000,3.27,27.91,8.47,44.740147,-124.08069
2022-08-03T22:44:00.000,3.2,27.28,8.41,44.740147,-124.08069
2022-08-03T22:59:00.000,3.18,27.1,8.4,44.740147,-124.08069
2022-08-03T23:14:00.000,3.09,26.27,8.33,44.740147,-124.08069
2022-08-03T23:29:00.000,2.91,24.73,8.28,44.740147,-124.08069
2022-08-03T23:44:00.000,2.64,22.38,8.23,44.740147,-124.08069
2022-08-03T23:59:00.000,2.5,21.24,8.21,44.740147,-124.08069
2022-08-04T00:14:00.000,2.37,20.14,8.19,44.740147,-124.08069
2022-08-04T00:29:00.000,2.29,19.41,8.16,44.740147,-124.08069
2022-08-04T00:44:00.000,2.21,18.75,8.15,44.740147,-124.08069
2022-08-04T00:59:00.000,2.15,18.2,8.14,44.740147,-124.08069
2022-08-04T01:14:00.000,2.09,17.67,8.11,44.740147,-124.08069
2022-08-04T01:29:00.000,2.01,16.99,8.11,44.740147,-124.08069
2022-08-04T01:44:00.000,1.99,16.85,8.1,44.740147,-124.08069
2022-08-04T01:59:00.000,1.98,16.72,8.09,44.740147,-124.08069
2022-08-04T02:14:00.000,1.91,16.15,8.09,44.740147,-124.08069
2022-08-04T02:29:00.000,2.07,17.51,8.11,44.740147,-124.08069
2022-08-04T02:44:00.000,2.08,17.61,8.11,44.740147,-124.08069
2022-08-04T02:59:00.000,2.02,17.08,8.1,44.740147,-124.08069
2022-08-04T03:14:00.000,1.99,16.85,8.1,44.740147,-124.08069
2022-08-04T03:29:00.000,2.03,17.17,8.11,44.740147,-124.08069
2022-08-04T03:44:00.000,2.04,17.28,8.11,44.740147,-124.08069
2022-08-04T03:59:00.000,2.1,17.77,8.11,44.740147,-124.08069
2022-08-04T04:14:00.000,2.1,17.78,8.11,44.740147,-124.08069
2022-08-04T04:29:00.000,2.1,17.75,8.11,44.740147,-124.08069
2022-08-04T04:44:00.000,2.02,17.09,8.12,44.740147,-124.08069
2022-08-04T04:59:00.000,2.02,17.12,8.13,44.740147,-124.08069
2022-08-04T05:14:00.000,2.11,17.88,8.14,44.740147,-124.08069
2022-08-04T05:29:00.000,2.13,18.04,8.14,44.740147,-124.08069
2022-08-04T05:44:00.000,2.13,18.05,8.16,44.740147,-124.08069
2022-08-04T05:59:00.000,2.16,18.28,8.16,44.740147,-124.08069
2022-08-04T06:14:00.000,2.06,17.47,8.16,44.740147,-124.08069
2022-08-04T06:29:00.000,2.11,17.89,8.16,44.740147,-124.08069
2022-08-04T06:44:00.000,2.07,17.55,8.16,44.740147,-124.08069
2022-08-04T06:59:00.000,2.1,17.83,8.18,44.740147,-124.08069
2022-08-04T07:14:00.000,2.16,18.3,8.21,44.740147,-124.08069
2022-08-04T07:29:00.000,2.25,19.1,8.23,44.740147,-124.08069
2022-08-04T07:44:00.000,2.33,19.83,8.26,44.740147,-124.08069
2022-08-04T07:59:00.000,2.42,20.57,8.3,44.740147,-124.08069
2022-08-04T08:14:00.000,2.61,22.25,8.33,44.740147,-124.08069
2022-08-04T08:29:00.000,2.67,22.74,8.38,44.740147,-124.08069
2022-08-04T08:44:00.000,2.77,23.6,8.4,44.740147,-124.08069
2022-08-04T08:59:00.000,2.86,24.38,8.42,44.740147,-124.08069
2022-08-04T09:14:00.000,2.91,24.88,8.45,44.740147,-124.08069
2022-08-04T09:29:00.000,2.99,25.54,8.47,44.740147,-124.08069
2022-08-04T09:44:00.000,2.95,25.21,8.48,44.740147,-124.08069
2022-08-04T09:59:00.000,2.99,25.54,8.52,44.740147,-124.08069
2022-08-04T10:14:00.000,3.09,26.48,8.56,44.740147,-124.08069
2022-08-04T10:29:00.000,3.06,26.25,8.59,44.740147,-124.08069
2022-08-04T10:44:00.000,3.11,26.61,8.59,44.740147,-124.08069
2022-08-04T10:59:00.000,3.09,26.44,8.59,44.740147,-124.08069
2022-08-04T11:14:00.000,3.1,26.58,8.59,44.740147,-124.08069
2022-08-04T11:29:00.000,3.1,26.54,8.59,44.740147,-124.08069
2022-08-04T11:44:00.000,3,25.71,8.57,44.740147,-124.08069
2022-08-04T11:59:00.000,3.07,26.29,8.54,44.740147,-124.08069
2022-08-04T12:14:00.000,3.13,26.74,8.5,44.740147,-124.08069
2022-08-04T12:29:00.000,3.02,25.78,8.47,44.740147,-124.08069
2022-08-04T12:44:00.000,2.91,24.86,8.44,44.740147,-124.08069
2022-08-04T12:59:00.000,2.91,24.8,8.42,44.740147,-124.08069
2022-08-04T13:14:00.000,2.83,24.15,8.4,44.740147,-124.08069
2022-08-04T13:29:00.000,2.81,23.94,8.36,44.740147,-124.08069
2022-08-04T13:44:00.000,2.79,23.73,8.33,44.740147,-124.08069
2022-08-04T13:59:00.000,2.75,23.37,8.29,44.740147,-124.08069
2022-08-04T14:14:00.000,2.66,22.58,8.28,44.740147,-124.08069
2022-08-04T14:29:00.000,2.62,22.29,8.28,44.740147,-124.08069
2022-08-04T14:44:00.000,2.6,22.09,8.28,44.740147,-124.08069
2022-08-04T14:59:00.000,2.55,21.64,8.28,44.740147,-124.08069
2022-08-04T15:14:00.000,2.54,21.62,8.26,44.740147,-124.08069
2022-08-04T15:29:00.000,2.53,21.51,8.26,44.740147,-124.08069
2022-08-04T15:44:00.000,2.39,20.28,8.26,44.740147,-124.08069
2022-08-04T15:59:00.000,2.43,20.61,8.26,44.740147,-124.08069
2022-08-04T16:14:00.000,2.39,20.29,8.26,44.740147,-124.08069
2022-08-04T16:29:00.000,2.41,20.45,8.26,44.740147,-124.08069
2022-08-04T16:44:00.000,2.45,20.85,8.26,44.740147,-124.08069
2022-08-04T16:59:00.000,2.43,20.67,8.26,44.740147,-124.08069
2022-08-04T17:14:00.000,2.42,20.54,8.26,44.740147,-124.08069
2022-08-04T17:29:00.000,2.39,20.32,8.26,44.740147,-124.08069
2022-08-04T17:44:00.000,2.33,19.81,8.25,44.740147,-124.08069
2022-08-04T17:59:00.000,2.37,20.18,8.25,44.740147,-124.08069
2022-08-04T18:14:00.000,2.36,20.04,8.25,44.740147,-124.08069
2022-08-04T18:29:00.000,2.42,20.54,8.25,44.740147,-124.08069
2022-08-04T18:44:00.000,2.35,19.98,8.26,44.740147,-124.08069
2022-08-04T18:59:00.000,2.27,19.3,8.26,44.740147,-124.08069
2022-08-04T19:14:00.000,2.35,20.01,8.25,44.740147,-124.08069
2022-08-04T19:29:00.000,2.3,19.55,8.25,44.740147,-124.08069
2022-08-04T19:44:00.000,2.41,20.46,8.28,44.740147,-124.08069
2022-08-04T19:59:00.000,2.51,21.42,8.35,44.740147,-124.08069
2022-08-04T20:14:00.000,2.61,22.23,8.42,44.740147,-124.08069
2022-08-04T20:29:00.000,2.66,22.72,8.45,44.740147,-124.08069
2022-08-04T20:44:00.000,2.79,23.85,8.52,44.740147,-124.08069
2022-08-04T20:59:00.000,2.95,25.25,8.55,44.740147,-124.08069
2022-08-04T21:14:00.000,2.91,24.87,8.56,44.740147,-124.08069
2022-08-04T21:29:00.000,2.86,24.48,8.54,44.740147,-124.08069
2022-08-04T21:44:00.000,2.91,24.93,8.57,44.740147,-124.08069
2022-08-04T21:59:00.000,2.91,24.93,8.59,44.740147,-124.08069
2022-08-04T22:14:00.000,2.95,25.26,8.61,44.740147,-124.08069
2022-08-04T22:29:00.000,3.03,26.01,8.63,44.740147,-124.08069
2022-08-04T22:44:00.000,3.05,26.16,8.64,44.740147,-124.08069
2022-08-04T22:59:00.000,3.06,26.26,8.64,44.740147,-124.08069
2022-08-04T23:14:00.000,3.01,25.84,8.66,44.740147,-124.08069
2022-08-04T23:29:00.000,2.99,25.69,8.66,44.740147,-124.08069
2022-08-04T23:44:00.000,2.98,25.55,8.69,44.740147,-124.08069
2022-08-04T23:59:00.000,2.99,25.65,8.69,44.740147,-124.08069
2022-08-05T00:14:00.000,2.97,25.48,8.71,44.740147,-124.08069
2022-08-05T00:29:00.000,2.98,25.63,8.73,44.740147,-124.08069
2022-08-05T00:44:00.000,3.11,26.73,8.76,44.740147,-124.08069
2022-08-05T00:59:00.000,3.3,28.36,8.76,44.740147,-124.08069
2022-08-05T01:14:00.000,3.57,30.62,8.69,44.740147,-124.08069
2022-08-05T01:29:00.000,3.56,30.56,8.67,44.740147,-124.08069
2022-08-05T01:44:00.000,3.52,30.17,8.64,44.740147,-124.08069
2022-08-05T01:59:00.000,3.41,29.21,8.61,44.740147,-124.08069
2022-08-05T02:14:00.000,3.37,28.87,8.59,44.740147,-124.08069
2022-08-05T02:29:00.000,3.26,27.89,8.54,44.740147,-124.08069
2022-08-05T02:44:00.000,3.24,27.68,8.52,44.740147,-124.08069
2022-08-05T02:59:00.000,3.21,27.41,8.5,44.740147,-124.08069
2022-08-05T03:14:00.000,3.16,27,8.5,44.740147,-124.08069
2022-08-05T03:29:00.000,3.12,26.68,8.47,44.740147,-124.08069
2022-08-05T03:44:00.000,3.09,26.39,8.47,44.740147,-124.08069
2022-08-05T03:59:00.000,3.01,25.71,8.47,44.740147,-124.08069
2022-08-05T04:14:00.000,3.02,25.77,8.47,44.740147,-124.08069
2022-08-05T04:29:00.000,2.94,25.14,8.46,44.740147,-124.08069
2022-08-05T04:44:00.000,2.95,25.16,8.46,44.740147,-124.08069
2022-08-05T04:59:00.000,2.91,24.84,8.46,44.740147,-124.08069
2022-08-05T05:14:00.000,2.93,25.05,8.47,44.740147,-124.08069
2022-08-05T05:29:00.000,2.91,24.83,8.47,44.740147,-124.08069
2022-08-05T05:44:00.000,2.93,25.02,8.47,44.740147,-124.08069
2022-08-05T05:59:00.000,2.86,24.46,8.47,44.740147,-124.08069
2022-08-05T06:14:00.000,2.88,24.63,8.47,44.740147,-124.08069
2022-08-05T06:29:00.000,2.85,24.32,8.47,44.740147,-124.08069
2022-08-05T06:44:00.000,2.89,24.71,8.48,44.740147,-124.08069
2022-08-05T06:59:00.000,2.8,23.97,8.49,44.740147,-124.08069
2022-08-05T07:14:00.000,2.93,25.04,8.51,44.740147,-124.08069
2022-08-05T07:29:00.000,3.12,26.73,8.58,44.740147,-124.08069
2022-08-05T07:44:00.000,3.42,29.34,8.64,44.740147,-124.08069
2022-08-05T07:59:00.000,3.41,29.28,8.66,44.740147,-124.08069
2022-08-05T08:14:00.000,3.38,29.02,8.67,44.740147,-124.08069
2022-08-05T08:29:00.000,3.34,28.65,8.69,44.740147,-124.08069
2022-08-05T08:44:00.000,3.16,27.13,8.69,44.740147,-124.08069
2022-08-05T08:59:00.000,3.15,27.02,8.69,44.740147,-124.08069
2022-08-05T09:14:00.000,3.13,26.89,8.69,44.740147,-124.08069
2022-08-05T09:29:00.000,3.18,27.32,8.71,44.740147,-124.08069
2022-08-05T09:44:00.000,3.16,27.14,8.71,44.740147,-124.08069
2022-08-05T09:59:00.000,3.19,27.45,8.71,44.740147,-124.08069
2022-08-05T10:14:00.000,3.27,28.14,8.73,44.740147,-124.08069
2022-08-05T10:29:00.000,3.13,26.89,8.76,44.740147,-124.08069
2022-08-05T10:44:00.000,3.15,27.06,8.76,44.740147,-124.08069
2022-08-05T10:59:00.000,3.19,27.4,8.76,44.740147,-124.08069
2022-08-05T11:14:00.000,3.21,27.62,8.76,44.740147,-124.08069
2022-08-05T11:29:00.000,3.35,28.89,8.82,44.740147,-124.08069
2022-08-05T11:44:00.000,3.61,31.15,8.85,44.740147,-124.08069
2022-08-05T11:59:00.000,3.89,33.51,8.87,44.740147,-124.08069
2022-08-05T12:14:00.000,4.21,36.27,8.85,44.740147,-124.08069
2022-08-05T12:29:00.000,4.4,37.89,8.82,44.740147,-124.08069
2022-08-05T12:44:00.000,4.36,37.52,8.8,44.740147,-124.08069
2022-08-05T12:59:00.000,4.07,35.01,8.75,44.740147,-124.08069
2022-08-05T13:14:00.000,3.99,34.28,8.72,44.740147,-124.08069
2022-08-05T13:29:00.000,3.89,33.39,8.69,44.740147,-124.08069
2022-08-05T13:44:00.000,3.8,32.61,8.67,44.740147,-124.08069
2022-08-05T13:59:00.000,3.71,31.81,8.66,44.740147,-124.08069
2022-08-05T14:14:00.000,3.52,30.12,8.59,44.740147,-124.08069
2022-08-05T14:29:00.000,3.42,29.29,8.57,44.740147,-124.08069
2022-08-05T14:44:00.000,3.33,28.52,8.57,44.740147,-124.08069
2022-08-05T14:59:00.000,3.36,28.8,8.59,44.740147,-124.08069
2022-08-05T15:14:00.000,3.39,29.03,8.61,44.740147,-124.08069
2022-08-05T15:29:00.000,3.34,28.6,8.61,44.740147,-124.08069
2022-08-05T15:44:00.000,3.32,28.48,8.58,44.740147,-124.08069
2022-08-05T15:59:00.000,3.35,28.73,8.59,44.740147,-124.08069
2022-08-05T16:14:00.000,3.39,29.05,8.62,44.740147,-124.08069
2022-08-05T16:29:00.000,3.49,29.91,8.66,44.740147,-124.08069
2022-08-05T16:44:00.000,3.41,29.27,8.63,44.740147,-124.08069
2022-08-05T16:59:00.000,3.23,27.6,8.55,44.740147,-124.08069
2022-08-05T17:14:00.000,3.05,26.12,8.52,44.740147,-124.08069
2022-08-05T17:29:00.000,3.11,26.55,8.52,44.740147,-124.08069
2022-08-05T17:44:00.000,3.05,26.09,8.49,44.740147,-124.08069
2022-08-05T17:59:00.000,3.05,26.05,8.52,44.740147,-124.08069
2022-08-05T18:14:00.000,3.42,29.33,8.69,44.740147,-124.08069
2022-08-05T18:29:00.000,3.31,28.33,8.61,44.740147,-124.08069
2022-08-05T18:44:00.000,3.12,26.69,8.54,44.740147,-124.08069
2022-08-05T18:59:00.000,2.99,25.54,8.5,44.740147,-124.08069
2022-08-05T19:14:00.000,3,25.66,8.5,44.740147,-124.08069
2022-08-05T19:29:00.000,2.94,25.07,8.45,44.740147,-124.08069
2022-08-05T19:44:00.000,2.98,25.48,8.47,44.740147,-124.08069
2022-08-05T19:59:00.000,2.92,24.95,8.45,44.740147,-124.08069
2022-08-05T20:14:00.000,2.95,25.17,8.45,44.740147,-124.08069
2022-08-05T20:29:00.000,2.9,24.76,8.42,44.740147,-124.08069
2022-08-05T20:44:00.000,2.97,25.4,8.47,44.740147,-124.08069
2022-08-05T20:59:00.000,3.17,27.11,8.57,44.740147,-124.08069
2022-08-05T21:14:00.000,3.29,28.25,8.64,44.740147,-124.08069
2022-08-05T21:29:00.000,3.42,29.34,8.69,44.740147,-124.08069
2022-08-05T21:44:00.000,3.27,28.08,8.64,44.740147,-124.08069
2022-08-05T21:59:00.000,3.32,28.51,8.68,44.740147,-124.08069
2022-08-05T22:14:00.000,3.29,28.25,8.64,44.740147,-124.08069
2022-08-05T22:29:00.000,2.57,21.89,8.36,44.740147,-124.08069
2022-08-05T22:44:00.000,2.35,20.01,8.28,44.740147,-124.08069
2022-08-05T22:59:00.000,2.23,18.94,8.26,44.740147,-124.08069
2022-08-05T23:14:00.000,2.06,17.45,8.21,44.740147,-124.08069
2022-08-05T23:29:00.000,1.95,16.56,8.19,44.740147,-124.08069
2022-08-05T23:44:00.000,1.92,16.27,8.18,44.740147,-124.08069
2022-08-05T23:59:00.000,1.9,16.12,8.19,44.740147,-124.08069
2022-08-06T00:14:00.000,1.87,15.9,8.19,44.740147,-124.08069
2022-08-06T00:29:00.000,1.97,16.72,8.21,44.740147,-124.08069
2022-08-06T00:44:00.000,1.98,16.8,8.21,44.740147,-124.08069
2022-08-06T00:59:00.000,1.97,16.73,8.23,44.740147,-124.08069
2022-08-06T01:14:00.000,2.01,17.07,8.23,44.740147,-124.08069
2022-08-06T01:29:00.000,1.95,16.57,8.21,44.740147,-124.08069
2022-08-06T01:44:00.000,1.85,15.66,8.2,44.740147,-124.08069
2022-08-06T01:59:00.000,1.86,15.78,8.2,44.740147,-124.08069
2022-08-06T02:14:00.000,1.83,15.57,8.2,44.740147,-124.08069
2022-08-06T02:29:00.000,1.76,14.95,8.19,44.740147,-124.08069
2022-08-06T02:44:00.000,1.72,14.56,8.16,44.740147,-124.08069
2022-08-06T02:59:00.000,1.63,13.81,8.14,44.740147,-124.08069
2022-08-06T03:14:00.000,1.59,13.45,8.14,44.740147,-124.08069
2022-08-06T03:29:00.000,1.58,13.37,8.14,44.740147,-124.08069
2022-08-06T03:44:00.000,1.58,13.35,8.15,44.740147,-124.08069
2022-08-06T03:59:00.000,1.62,13.73,8.16,44.740147,-124.08069
2022-08-06T04:14:00.000,1.62,13.7,8.15,44.740147,-124.08069
2022-08-06T04:29:00.000,1.58,13.41,8.14,44.740147,-124.08069
2022-08-06T04:44:00.000,1.53,12.92,8.14,44.740147,-124.08069
2022-08-06T04:59:00.000,1.55,13.15,8.14,44.740147,-124.08069
2022-08-06T05:14:00.000,1.56,13.23,8.14,44.740147,-124.08069
2022-08-06T05:29:00.000,1.52,12.88,8.14,44.740147,-124.08069
2022-08-06T05:44:00.000,1.55,13.17,8.14,44.740147,-124.08069
2022-08-06T05:59:00.000,1.59,13.48,8.14,44.740147,-124.08069
2022-08-06T06:14:00.000,1.6,13.59,8.15,44.740147,-124.08069
2022-08-06T06:29:00.000,1.63,13.83,8.16,44.740147,-124.08069
2022-08-06T06:44:00.000,1.63,13.82,8.16,44.740147,-124.08069
2022-08-06T06:59:00.000,1.66,14.1,8.17,44.740147,-124.08069
2022-08-06T07:14:00.000,1.67,14.13,8.17,44.740147,-124.08069
2022-08-06T07:29:00.000,1.67,14.14,8.15,44.740147,-124.08069
2022-08-06T07:44:00.000,1.58,13.37,8.14,44.740147,-124.08069
2022-08-06T07:59:00.000,1.57,13.34,8.14,44.740147,-124.08069
2022-08-06T08:14:00.000,1.47,12.44,8.12,44.740147,-124.08069
2022-08-06T08:29:00.000,1.42,12.03,8.12,44.740147,-124.08069
2022-08-06T08:44:00.000,1.36,11.52,8.12,44.740147,-124.08069
2022-08-06T08:59:00.000,1.04,8.81,8.04,44.740147,-124.08069
2022-08-06T09:14:00.000,1.07,9.09,8.11,44.740147,-124.08069
2022-08-06T09:29:00.000,1.74,14.77,8.3,44.740147,-124.08069
2022-08-06T09:44:00.000,2.04,17.46,8.53,44.740147,-124.08069
2022-08-06T09:59:00.000,2.24,19.21,8.6,44.740147,-124.08069
2022-08-06T10:14:00.000,2.13,18.19,8.55,44.740147,-124.08069
2022-08-06T10:29:00.000,2.26,19.33,8.57,44.740147,-124.08069
2022-08-06T10:44:00.000,2.26,19.36,8.58,44.740147,-124.08069
2022-08-06T10:59:00.000,2.25,19.24,8.57,44.740147,-124.08069
2022-08-06T11:14:00.000,1.94,16.59,8.42,44.740147,-124.08069
2022-08-06T11:29:00.000,1.16,9.84,8.09,44.740147,-124.08069
2022-08-06T11:44:00.000,0.78,6.62,8.01,44.740147,-124.08069
2022-08-06T11:59:00.000,0.68,5.77,7.99,44.740147,-124.08069
2022-08-06T12:14:00.000,0.48,4.02,7.95,44.740147,-124.08069
2022-08-06T12:29:00.000,0.36,3,7.93,44.740147,-124.08069
2022-08-06T12:44:00.000,0.32,2.72,7.92,44.740147,-124.08069
2022-08-06T12:59:00.000,0.3,2.52,7.91,44.740147,-124.08069
2022-08-06T13:14:00.000,0.29,2.47,7.92,44.740147,-124.08069
2022-08-06T13:29:00.000,0.31,2.58,7.92,44.740147,-124.08069
2022-08-06T13:44:00.000,0.29,2.48,7.92,44.740147,-124.08069
2022-08-06T13:59:00.000,0.31,2.59,7.92,44.740147,-124.08069
2022-08-06T14:14:00.000,0.32,2.66,7.92,44.740147,-124.08069
2022-08-06T14:29:00.000,0.35,2.96,7.92,44.740147,-124.08069
2022-08-06T14:44:00.000,0.33,2.76,7.92,44.740147,-124.08069
2022-08-06T14:59:00.000,0.28,2.33,7.91,44.740147,-124.08069
2022-08-06T15:14:00.000,0.21,1.8,7.9,44.740147,-124.08069
2022-08-06T15:29:00.000,0.21,1.81,7.9,44.740147,-124.08069
2022-08-06T15:44:00.000,0.23,1.95,7.9,44.740147,-124.08069
2022-08-06T15:59:00.000,0.26,2.17,7.89,44.740147,-124.08069
2022-08-06T16:14:00.000,0.26,2.22,7.9,44.740147,-124.08069
2022-08-06T16:29:00.000,0.27,2.24,7.9,44.740147,-124.08069
2022-08-06T16:44:00.000,0.29,2.45,7.9,44.740147,-124.08069
2022-08-06T16:59:00.000,0.28,2.34,7.9,44.740147,-124.08069
2022-08-06T17:14:00.000,0.32,2.69,7.9,44.740147,-124.08069
2022-08-06T17:29:00.000,0.5,4.21,7.93,44.740147,-124.08069
2022-08-06T17:44:00.000,0.64,5.44,7.95,44.740147,-124.08069
2022-08-06T17:59:00.000,0.55,4.64,7.94,44.740147,-124.08069
2022-08-06T18:14:00.000,0.45,3.77,7.94,44.740147,-124.08069
2022-08-06T18:29:00.000,0.48,4.09,7.95,44.740147,-124.08069
2022-08-06T18:44:00.000,0.5,4.22,7.95,44.740147,-124.08069
2022-08-06T18:59:00.000,0.58,4.85,7.95,44.740147,-124.08069
2022-08-06T19:14:00.000,0.59,4.97,7.95,44.740147,-124.08069
2022-08-06T19:29:00.000,0.59,5.01,7.95,44.740147,-124.08069
2022-08-06T19:44:00.000,0.6,5.08,7.94,44.740147,-124.08069
2022-08-06T19:59:00.000,0.59,5,7.95,44.740147,-124.08069
2022-08-06T20:14:00.000,0.49,4.17,7.94,44.740147,-124.08069
2022-08-06T20:29:00.000,0.54,4.56,7.93,44.740147,-124.08069
2022-08-06T20:44:00.000,0.51,4.32,7.94,44.740147,-124.08069
2022-08-06T20:59:00.000,0.63,5.33,7.95,44.740147,-124.08069
2022-08-06T21:14:00.000,0.58,4.88,7.95,44.740147,-124.08069
2022-08-06T21:29:00.000,0.51,4.28,7.95,44.740147,-124.08069
2022-08-06T21:44:00.000,0.48,4.06,7.94,44.740147,-124.08069
2022-08-06T21:59:00.000,0.43,3.63,7.93,44.740147,-124.08069
2022-08-06T22:14:00.000,0.39,3.27,7.92,44.740147,-124.08069
2022-08-06T22:29:00.000,0.37,3.12,7.94,44.740147,-124.08069
2022-08-06T22:44:00.000,0.46,3.89,7.95,44.740147,-124.08069
2022-08-06T22:59:00.000,0.53,4.43,7.95,44.740147,-124.08069
2022-08-06T23:14:00.000,0.51,4.28,7.94,44.740147,-124.08069
2022-08-06T23:29:00.000,0.47,3.96,7.95,44.740147,-124.08069
2022-08-06T23:44:00.000,0.48,4.08,7.94,44.740147,-124.08069
2022-08-06T23:59:00.000,0.54,4.53,7.95,44.740147,-124.08069
2022-08-07T00:14:00.000,0.54,4.55,7.95,44.740147,-124.08069
2022-08-07T00:29:00.000,0.51,4.26,7.95,44.740147,-124.08069
2022-08-07T00:44:00.000,0.52,4.37,7.95,44.740147,-124.08069
