Time (UTC),DO (ml/L),Dissolved Oxygen (%),Temperature (C),Latitude,Longitude
2022-07-21T18:44:00.000,1.36,11.47,7.98,44.73635,-124.096313
2022-07-21T18:59:00.000,1.3,10.92,7.95,44.73635,-124.096313
2022-07-21T19:14:00.000,1.25,10.57,7.93,44.73635,-124.096313
2022-07-21T19:29:00.000,1.21,10.17,7.92,44.73635,-124.096313
2022-07-21T19:44:00.000,1.18,9.92,7.92,44.73635,-124.096313
2022-07-21T19:59:00.000,1.12,9.45,7.9,44.73635,-124.096313
2022-07-21T20:14:00.000,1.06,8.9,7.9,44.73635,-124.096313
2022-07-21T20:29:00.000,1.03,8.69,7.9,44.73635,-124.096313
2022-07-21T20:44:00.000,1.02,8.58,7.9,44.73635,-124.096313
2022-07-21T20:59:00.000,1.01,8.47,7.89,44.73635,-124.096313
2022-07-21T21:14:00.000,0.99,8.3,7.89,44.73635,-124.096313
2022-07-21T21:29:00.000,0.97,8.2,7.89,44.73635,-124.096313
2022-07-21T21:44:00.000,0.98,8.29,7.89,44.73635,-124.096313
2022-07-21T21:59:00.000,0.96,8.08,7.9,44.73635,-124.096313
2022-07-21T22:14:00.000,0.96,8.11,7.9,44.73635,-124.096313
2022-07-21T22:29:00.000,0.97,8.21,7.9,44.73635,-124.096313
2022-07-21T22:44:00.000,0.97,8.16,7.9,44.73635,-124.096313
2022-07-21T22:59:00.000,0.94,7.93,7.9,44.73635,-124.096313
2022-07-21T23:14:00.000,0.98,8.25,7.9,44.73635,-124.096313
2022-07-21T23:29:00.000,1.01,8.47,7.9,44.73635,-124.096313
2022-07-21T23:44:00.000,0.98,8.29,7.9,44.73635,-124.096313
2022-07-21T23:59:00.000,1.03,8.69,7.9,44.73635,-124.096313
2022-07-22T00:14:00.000,1.04,8.74,7.91,44.73635,-124.096313
2022-07-22T00:29:00.000,1.08,9.09,7.92,44.73635,-124.096313
2022-07-22T00:44:00.000,1.12,9.44,7.93,44.73635,-124.096313
2022-07-22T00:59:00.000,1.22,10.31,7.95,44.73635,-124.096313
2022-07-22T01:14:00.000,1.29,10.85,7.96,44.73635,-124.096313
2022-07-22T01:29:00.000,1.43,12.04,7.98,44.73635,-124.096313
2022-07-22T01:44:00.000,1.47,12.44,7.99,44.73635,-124.096313
2022-07-22T01:59:00.000,1.51,12.73,8.01,44.73635,-124.096313
2022-07-22T02:14:00.000,1.55,13.06,8.02,44.73635,-124.096313
2022-07-22T02:29:00.000,1.59,13.47,8.04,44.73635,-124.096313
2022-07-22T02:44:00.000,1.62,13.65,8.04,44.73635,-124.096313
2022-07-22T02:59:00.000,1.6,13.56,8.04,44.73635,-124.096313
2022-07-22T03:14:00.000,1.59,13.47,8.05,44.73635,-124.096313
2022-07-22T03:29:00.000,1.58,13.35,8.06,44.73635,-124.096313
2022-07-22T03:44:00.000,1.61,13.63,8.07,44.73635,-124.096313
2022-07-22T03:59:00.000,1.7,14.34,8.09,44.73635,-124.096313
2022-07-22T04:14:00.000,1.74,14.75,8.11,44.73635,-124.096313
2022-07-22T04:29:00.000,1.77,15.04,8.14,44.73635,-124.096313
2022-07-22T04:44:00.000,1.73,14.62,8.13,44.73635,-124.096313
2022-07-22T04:59:00.000,1.62,13.71,8.07,44.73635,-124.096313
2022-07-22T05:14:00.000,1.33,11.22,7.97,44.73635,-124.096313
2022-07-22T05:29:00.000,1.09,9.2,7.9,44.73635,-124.096313
2022-07-22T05:44:00.000,1,8.42,7.9,44.73635,-124.096313
2022-07-22T05:59:00.000,0.98,8.21,7.87,44.73635,-124.096313
2022-07-22T06:14:00.000,0.93,7.81,7.87,44.73635,-124.096313
2022-07-22T06:29:00.000,0.92,7.75,7.87,44.73635,-124.096313
2022-07-22T06:44:00.000,0.92,7.76,7.87,44.73635,-124.096313
2022-07-22T06:59:00.000,0.94,7.9,7.87,44.73635,-124.096313
2022-07-22T07:14:00.000,0.89,7.48,7.86,44.73635,-124.096313
2022-07-22T07:29:00.000,0.82,6.91,7.85,44.73635,-124.096313
2022-07-22T07:44:00.000,0.85,7.19,7.85,44.73635,-124.096313
2022-07-22T07:59:00.000,0.86,7.2,7.85,44.73635,-124.096313
2022-07-22T08:14:00.000,0.87,7.29,7.86,44.73635,-124.096313
2022-07-22T08:29:00.000,0.91,7.64,7.86,44.73635,-124.096313
2022-07-22T08:44:00.000,0.87,7.32,7.85,44.73635,-124.096313
2022-07-22T08:59:00.000,0.85,7.19,7.86,44.73635,-124.096313
2022-07-22T09:14:00.000,0.89,7.45,7.87,44.73635,-124.096313
2022-07-22T09:29:00.000,0.91,7.69,7.87,44.73635,-124.096313
2022-07-22T09:44:00.000,0.96,8.08,7.87,44.73635,-124.096313
2022-07-22T09:59:00.000,0.96,8.09,7.89,44.73635,-124.096313
2022-07-22T10:14:00.000,1.01,8.52,7.9,44.73635,-124.096313
2022-07-22T10:29:00.000,0.99,8.36,7.9,44.73635,-124.096313
2022-07-22T10:44:00.000,1.04,8.78,7.92,44.73635,-124.096313
2022-07-22T10:59:00.000,1.09,9.18,7.94,44.73635,-124.096313
2022-07-22T11:14:00.000,1.13,9.5,7.95,44.73635,-124.096313
2022-07-22T11:29:00.000,1.25,10.59,7.99,44.73635,-124.096313
2022-07-22T11:44:00.000,1.33,11.26,8.02,44.73635,-124.096313
2022-07-22T11:59:00.000,1.41,11.92,8.02,44.73635,-124.096313
2022-07-22T12:14:00.000,1.41,11.91,8.04,44.73635,-124.096313
2022-07-22T12:29:00.000,1.38,11.69,8.04,44.73635,-124.096313
2022-07-22T12:44:00.000,1.45,12.24,8.05,44.73635,-124.096313
2022-07-22T12:59:00.000,1.46,12.33,8.06,44.73635,-124.096313
2022-07-22T13:14:00.000,1.52,12.88,8.07,44.73635,-124.096313
2022-07-22T13:29:00.000,1.52,12.82,8.07,44.73635,-124.096313
2022-07-22T13:44:00.000,1.49,12.62,8.08,44.73635,-124.096313
2022-07-22T13:59:00.000,1.47,12.45,8.07,44.73635,-124.096313
2022-07-22T14:14:00.000,1.47,12.46,8.04,44.73635,-124.096313
2022-07-22T14:29:00.000,1.44,12.17,8.04,44.73635,-124.096313
2022-07-22T14:44:00.000,1.32,11.18,8.02,44.73635,-124.096313
2022-07-22T14:59:00.000,1.29,10.87,7.99,44.73635,-124.096313
2022-07-22T15:14:00.000,1.26,10.6,7.97,44.73635,-124.096313
2022-07-22T15:29:00.000,1.21,10.2,7.97,44.73635,-124.096313
2022-07-22T15:44:00.000,1.2,10.13,7.97,44.73635,-124.096313
2022-07-22T15:59:00.000,1.08,9.11,7.92,44.73635,-124.096313
2022-07-22T16:14:00.000,1.04,8.79,7.92,44.73635,-124.096313
2022-07-22T16:29:00.000,1.03,8.67,7.92,44.73635,-124.096313
2022-07-22T16:44:00.000,1,8.39,7.92,44.73635,-124.096313
2022-07-22T16:59:00.000,1,8.42,7.9,44.73635,-124.096313
2022-07-22T17:14:00.000,1,8.42,7.9,44.73635,-124.096313
2022-07-22T17:29:00.000,0.97,8.18,7.9,44.73635,-124.096313
2022-07-22T17:44:00.000,1.04,8.77,7.92,44.73635,-124.096313
2022-07-22T17:59:00.000,1.02,8.61,7.9,44.73635,-124.096313
2022-07-22T18:14:00.000,0.95,7.98,7.9,44.73635,-124.096313
2022-07-22T18:29:00.000,0.96,8.07,7.9,44.73635,-124.096313
2022-07-22T18:44:00.000,0.91,7.68,7.89,44.73635,-124.096313
2022-07-22T18:59:00.000,0.91,7.65,7.89,44.73635,-124.096313
2022-07-22T19:14:00.000,0.89,7.51,7.9,44.73635,-124.096313
2022-07-22T19:29:00.000,0.9,7.59,7.9,44.73635,-124.096313
2022-07-22T19:44:00.000,0.99,8.34,7.9,44.73635,-124.096313
2022-07-22T19:59:00.000,1.04,8.75,7.92,44.73635,-124.096313
2022-07-22T20:14:00.000,1.11,9.34,7.94,44.73635,-124.096313
2022-07-22T20:29:00.000,1.15,9.69,7.95,44.73635,-124.096313
2022-07-22T20:44:00.000,1.2,10.1,7.97,44.73635,-124.096313
2022-07-22T20:59:00.000,1.24,10.46,7.99,44.73635,-124.096313
2022-07-22T21:14:00.000,1.34,11.36,8.02,44.73635,-124.096313
2022-07-22T21:29:00.000,1.39,11.77,8.04,44.73635,-124.096313
2022-07-22T21:44:00.000,1.49,12.61,8.06,44.73635,-124.096313
2022-07-22T21:59:00.000,1.5,12.68,8.08,44.73635,-124.096313
2022-07-22T22:14:00.000,1.57,13.3,8.09,44.73635,-124.096313
2022-07-22T22:29:00.000,1.56,13.25,8.1,44.73635,-124.096313
2022-07-22T22:44:00.000,1.59,13.48,8.09,44.73635,-124.096313
2022-07-22T22:59:00.000,1.57,13.31,8.1,44.73635,-124.096313
2022-07-22T23:14:00.000,1.47,12.39,8.04,44.73635,-124.096313
2022-07-22T23:29:00.000,1.42,11.97,8.04,44.73635,-124.096313
2022-07-22T23:44:00.000,1.25,10.59,7.99,44.73635,-124.096313
2022-07-22T23:59:00.000,1.21,10.23,7.98,44.73635,-124.096313
2022-07-23T00:14:00.000,1.26,10.66,7.99,44.73635,-124.096313
2022-07-23T00:29:00.000,1.2,10.13,7.97,44.73635,-124.096313
2022-07-23T00:44:00.000,1.15,9.73,7.97,44.73635,-124.096313
2022-07-23T00:59:00.000,1.05,8.84,7.92,44.73635,-124.096313
2022-07-23T01:14:00.000,0.95,8.03,7.91,44.73635,-124.096313
2022-07-23T01:29:00.000,0.94,7.91,7.9,44.73635,-124.096313
2022-07-23T01:44:00.000,0.92,7.78,7.89,44.73635,-124.096313
2022-07-23T01:59:00.000,0.9,7.55,7.88,44.73635,-124.096313
2022-07-23T02:14:00.000,0.89,7.49,7.87,44.73635,-124.096313
2022-07-23T02:29:00.000,0.89,7.48,7.87,44.73635,-124.096313
2022-07-23T02:44:00.000,0.88,7.37,7.87,44.73635,-124.096313
2022-07-23T02:59:00.000,0.86,7.25,7.88,44.73635,-124.096313
2022-07-23T03:14:00.000,0.88,7.37,7.88,44.73635,-124.096313
2022-07-23T03:29:00.000,0.88,7.41,7.88,44.73635,-124.096313
2022-07-23T03:44:00.000,0.88,7.42,7.89,44.73635,-124.096313
2022-07-23T03:59:00.000,0.88,7.38,7.9,44.73635,-124.096313
2022-07-23T04:14:00.000,0.89,7.47,7.9,44.73635,-124.096313
2022-07-23T04:29:00.000,0.9,7.59,7.9,44.73635,-124.096313
2022-07-23T04:44:00.000,0.91,7.63,7.92,44.73635,-124.096313
2022-07-23T04:59:00.000,1.01,8.51,7.95,44.73635,-124.096313
2022-07-23T05:14:00.000,0.97,8.21,7.94,44.73635,-124.096313
2022-07-23T05:29:00.000,0.94,7.89,7.94,44.73635,-124.096313
2022-07-23T05:44:00.000,0.94,7.91,7.94,44.73635,-124.096313
2022-07-23T05:59:00.000,1.01,8.54,7.95,44.73635,-124.096313
2022-07-23T06:14:00.000,1.16,9.77,7.98,44.73635,-124.096313
2022-07-23T06:29:00.000,1.05,8.85,7.94,44.73635,-124.096313
2022-07-23T06:44:00.000,1.11,9.37,7.97,44.73635,-124.096313
2022-07-23T06:59:00.000,1.13,9.49,7.97,44.73635,-124.096313
2022-07-23T07:14:00.000,1.15,9.71,7.97,44.73635,-124.096313
2022-07-23T07:29:00.000,1.19,10,7.97,44.73635,-124.096313
2022-07-23T07:44:00.000,1.21,10.22,7.99,44.73635,-124.096313
2022-07-23T07:59:00.000,1.25,10.53,7.99,44.73635,-124.096313
2022-07-23T08:14:00.000,1.39,11.74,8.02,44.73635,-124.096313
2022-07-23T08:29:00.000,1.44,12.15,8.04,44.73635,-124.096313
2022-07-23T08:44:00.000,1.43,12.08,8.04,44.73635,-124.096313
2022-07-23T08:59:00.000,1.5,12.65,8.06,44.73635,-124.096313
2022-07-23T09:14:00.000,1.56,13.18,8.07,44.73635,-124.096313
2022-07-23T09:29:00.000,1.54,13.07,8.09,44.73635,-124.096313
2022-07-23T09:44:00.000,1.55,13.09,8.07,44.73635,-124.096313
2022-07-23T09:59:00.000,1.47,12.45,8.04,44.73635,-124.096313
2022-07-23T10:14:00.000,1.29,10.93,8,44.73635,-124.096313
2022-07-23T10:29:00.000,1.37,11.61,8.02,44.73635,-124.096313
2022-07-23T10:44:00.000,1.09,9.18,7.92,44.73635,-124.096313
2022-07-23T10:59:00.000,1.03,8.69,7.9,44.73635,-124.096313
2022-07-23T11:14:00.000,0.9,7.54,7.85,44.73635,-124.096313
2022-07-23T11:29:00.000,0.83,6.97,7.85,44.73635,-124.096313
2022-07-23T11:44:00.000,0.84,7.06,7.83,44.73635,-124.096313
2022-07-23T11:59:00.000,0.84,7.06,7.84,44.73635,-124.096313
2022-07-23T12:14:00.000,0.82,6.92,7.83,44.73635,-124.096313
2022-07-23T12:29:00.000,0.83,6.96,7.83,44.73635,-124.096313
2022-07-23T12:44:00.000,0.82,6.86,7.83,44.73635,-124.096313
2022-07-23T12:59:00.000,0.81,6.84,7.82,44.73635,-124.096313
2022-07-23T13:14:00.000,0.78,6.58,7.82,44.73635,-124.096313
2022-07-23T13:29:00.000,0.77,6.47,7.82,44.73635,-124.096313
2022-07-23T13:44:00.000,0.76,6.42,7.81,44.73635,-124.096313
2022-07-23T13:59:00.000,0.73,6.1,7.8,44.73635,-124.096313
2022-07-23T14:14:00.000,0.72,6.02,7.8,44.73635,-124.096313
2022-07-23T14:29:00.000,0.72,6.02,7.8,44.73635,-124.096313
2022-07-23T14:44:00.000,0.67,5.63,7.81,44.73635,-124.096313
2022-07-23T14:59:00.000,0.72,6.04,7.82,44.73635,-124.096313
2022-07-23T15:14:00.000,0.71,6.01,7.82,44.73635,-124.096313
2022-07-23T15:29:00.000,0.68,5.72,7.8,44.73635,-124.096313
2022-07-23T15:44:00.000,0.67,5.61,7.8,44.73635,-124.096313
2022-07-23T15:59:00.000,0.64,5.36,7.79,44.73635,-124.096313
2022-07-23T16:14:00.000,0.62,5.21,7.78,44.73635,-124.096313
2022-07-23T16:29:00.000,0.64,5.4,7.78,44.73635,-124.096313
2022-07-23T16:44:00.000,0.61,5.15,7.78,44.73635,-124.096313
2022-07-23T16:59:00.000,0.59,4.95,7.78,44.73635,-124.096313
2022-07-23T17:14:00.000,0.62,5.24,7.78,44.73635,-124.096313
2022-07-23T17:29:00.000,0.62,5.17,7.78,44.73635,-124.096313
2022-07-23T17:44:00.000,0.58,4.84,7.77,44.73635,-124.096313
2022-07-23T17:59:00.000,0.57,4.8,7.77,44.73635,-124.096313
2022-07-23T18:14:00.000,0.6,5.04,7.77,44.73635,-124.096313
2022-07-23T18:29:00.000,0.6,5.07,7.78,44.73635,-124.096313
2022-07-23T18:44:00.000,0.62,5.23,7.78,44.73635,-124.096313
2022-07-23T18:59:00.000,0.69,5.8,7.8,44.73635,-124.096313
2022-07-23T19:14:00.000,0.66,5.58,7.8,44.73635,-124.096313
2022-07-23T19:29:00.000,0.65,5.47,7.8,44.73635,-124.096313
2022-07-23T19:44:00.000,0.75,6.34,7.82,44.73635,-124.096313
2022-07-23T19:59:00.000,0.73,6.12,7.83,44.73635,-124.096313
2022-07-23T20:14:00.000,0.81,6.84,7.83,44.73635,-124.096313
2022-07-23T20:29:00.000,0.82,6.93,7.83,44.73635,-124.096313
2022-07-23T20:44:00.000,0.72,6.05,7.8,44.73635,-124.096313
2022-07-23T20:59:00.000,0.72,6.04,7.82,44.73635,-124.096313
2022-07-23T21:14:00.000,0.78,6.52,7.82,44.73635,-124.096313
2022-07-23T21:29:00.000,0.79,6.6,7.83,44.73635,-124.096313
2022-07-23T21:44:00.000,0.81,6.79,7.85,44.73635,-124.096313
2022-07-23T21:59:00.000,0.78,6.58,7.82,44.73635,-124.096313
2022-07-23T22:14:00.000,0.74,6.19,7.8,44.73635,-124.096313
2022-07-23T22:29:00.000,0.83,6.97,7.78,44.73635,-124.096313
2022-07-23T22:44:00.000,0.83,7,7.76,44.73635,-124.096313
2022-07-23T22:59:00.000,0.78,6.55,7.75,44.73635,-124.096313
2022-07-23T23:14:00.000,0.81,6.82,7.74,44.73635,-124.096313
2022-07-23T23:29:00.000,0.9,7.57,7.73,44.73635,-124.096313
2022-07-23T23:44:00.000,0.94,7.89,7.73,44.73635,-124.096313
2022-07-23T23:59:00.000,0.96,8.03,7.73,44.73635,-124.096313
2022-07-24T00:14:00.000,1.04,8.75,7.73,44.73635,-124.096313
2022-07-24T00:29:00.000,1.02,8.59,7.73,44.73635,-124.096313
2022-07-24T00:44:00.000,1.09,9.15,7.73,44.73635,-124.096313
2022-07-24T00:59:00.000,1.12,9.36,7.73,44.73635,-124.096313
2022-07-24T01:14:00.000,1.13,9.49,7.73,44.73635,-124.096313
2022-07-24T01:29:00.000,1.1,9.26,7.73,44.73635,-124.096313
2022-07-24T01:44:00.000,1.08,9.04,7.73,44.73635,-124.096313
2022-07-24T01:59:00.000,1.13,9.46,7.73,44.73635,-124.096313
2022-07-24T02:14:00.000,1.12,9.35,7.73,44.73635,-124.096313
2022-07-24T02:29:00.000,1.08,9.1,7.73,44.73635,-124.096313
2022-07-24T02:44:00.000,1.1,9.25,7.73,44.73635,-124.096313
2022-07-24T02:59:00.000,1.1,9.25,7.73,44.73635,-124.096313
2022-07-24T03:14:00.000,1.1,9.2,7.73,44.73635,-124.096313
2022-07-24T03:29:00.000,1.07,8.99,7.73,44.73635,-124.096313
2022-07-24T03:44:00.000,1,8.41,7.73,44.73635,-124.096313
2022-07-24T03:59:00.000,1.01,8.47,7.73,44.73635,-124.096313
2022-07-24T04:14:00.000,0.96,8.1,7.73,44.73635,-124.096313
2022-07-24T04:29:00.000,0.94,7.9,7.73,44.73635,-124.096313
2022-07-24T04:44:00.000,0.97,8.14,7.74,44.73635,-124.096313
2022-07-24T04:59:00.000,0.95,7.96,7.75,44.73635,-124.096313
2022-07-24T05:14:00.000,0.91,7.66,7.75,44.73635,-124.096313
2022-07-24T05:29:00.000,0.91,7.64,7.75,44.73635,-124.096313
2022-07-24T05:44:00.000,0.89,7.51,7.75,44.73635,-124.096313
2022-07-24T05:59:00.000,0.85,7.1,7.75,44.73635,-124.096313
2022-07-24T06:14:00.000,0.86,7.22,7.75,44.73635,-124.096313
2022-07-24T06:29:00.000,0.87,7.29,7.75,44.73635,-124.096313
2022-07-24T06:44:00.000,0.86,7.21,7.76,44.73635,-124.096313
2022-07-24T06:59:00.000,0.84,7.09,7.76,44.73635,-124.096313
2022-07-24T07:14:00.000,0.88,7.38,7.76,44.73635,-124.096313
2022-07-24T07:29:00.000,0.85,7.13,7.77,44.73635,-124.096313
2022-07-24T07:44:00.000,0.85,7.11,7.78,44.73635,-124.096313
2022-07-24T07:59:00.000,0.84,7.04,7.78,44.73635,-124.096313
2022-07-24T08:14:00.000,0.86,7.21,7.78,44.73635,-124.096313
2022-07-24T08:29:00.000,0.87,7.33,7.78,44.73635,-124.096313
2022-07-24T08:44:00.000,0.87,7.35,7.78,44.73635,-124.096313
2022-07-24T08:59:00.000,0.87,7.31,7.78,44.73635,-124.096313
2022-07-24T09:14:00.000,0.86,7.22,7.78,44.73635,-124.096313
2022-07-24T09:29:00.000,0.89,7.44,7.78,44.73635,-124.096313
2022-07-24T09:44:00.000,0.89,7.49,7.77,44.73635,-124.096313
2022-07-24T09:59:00.000,0.9,7.59,7.77,44.73635,-124.096313
2022-07-24T10:14:00.000,0.96,8.06,7.77,44.73635,-124.096313
2022-07-24T10:29:00.000,1,8.43,7.75,44.73635,-124.096313
2022-07-24T10:44:00.000,1.08,9.07,7.75,44.73635,-124.096313
2022-07-24T10:59:00.000,1.25,10.47,7.73,44.73635,-124.096313
2022-07-24T11:14:00.000,1.27,10.69,7.73,44.73635,-124.096313
2022-07-24T11:29:00.000,1.3,10.94,7.73,44.73635,-124.096313
2022-07-24T11:44:00.000,1.37,11.47,7.72,44.73635,-124.096313
2022-07-24T11:59:00.000,1.43,11.97,7.71,44.73635,-124.096313
2022-07-24T12:14:00.000,1.42,11.9,7.71,44.73635,-124.096313
2022-07-24T12:29:00.000,1.45,12.19,7.71,44.73635,-124.096313
2022-07-24T12:44:00.000,1.49,12.48,7.71,44.73635,-124.096313
2022-07-24T12:59:00.000,1.5,12.6,7.71,44.73635,-124.096313
2022-07-24T13:14:00.000,1.52,12.74,7.71,44.73635,-124.096313
2022-07-24T13:29:00.000,1.5,12.59,7.71,44.73635,-124.096313
2022-07-24T13:44:00.000,1.5,12.61,7.71,44.73635,-124.096313
2022-07-24T13:59:00.000,1.52,12.73,7.71,44.73635,-124.096313
2022-07-24T14:14:00.000,1.55,13.02,7.7,44.73635,-124.096313
2022-07-24T14:29:00.000,1.52,12.72,7.7,44.73635,-124.096313
2022-07-24T14:44:00.000,1.54,12.89,7.7,44.73635,-124.096313
2022-07-24T14:59:00.000,1.48,12.43,7.7,44.73635,-124.096313
2022-07-24T15:14:00.000,1.46,12.25,7.7,44.73635,-124.096313
2022-07-24T15:29:00.000,1.44,12.07,7.7,44.73635,-124.096313
2022-07-24T15:44:00.000,1.46,12.21,7.7,44.73635,-124.096313
2022-07-24T15:59:00.000,1.43,12.01,7.7,44.73635,-124.096313
2022-07-24T16:14:00.000,1.41,11.84,7.71,44.73635,-124.096313
2022-07-24T16:29:00.000,1.43,12.01,7.71,44.73635,-124.096313
2022-07-24T16:44:00.000,1.42,11.92,7.71,44.73635,-124.096313
2022-07-24T16:59:00.000,1.43,11.97,7.71,44.73635,-124.096313
2022-07-24T17:14:00.000,1.43,11.97,7.7,44.73635,-124.096313
2022-07-24T17:29:00.000,1.43,12.02,7.7,44.73635,-124.096313
2022-07-24T17:44:00.000,1.45,12.14,7.7,44.73635,-124.096313
2022-07-24T17:59:00.000,1.47,12.32,7.7,44.73635,-124.096313
2022-07-24T18:14:00.000,1.48,12.37,7.7,44.73635,-124.096313
2022-07-24T18:29:00.000,1.51,12.69,7.7,44.73635,-124.096313
2022-07-24T18:44:00.000,1.54,12.89,7.7,44.73635,-124.096313
2022-07-24T18:59:00.000,1.51,12.62,7.7,44.73635,-124.096313
2022-07-24T19:14:00.000,1.52,12.77,7.69,44.73635,-124.096313
2022-07-24T19:29:00.000,1.55,13,7.69,44.73635,-124.096313
2022-07-24T19:44:00.000,1.58,13.21,7.68,44.73635,-124.096313
2022-07-24T19:59:00.000,1.57,13.19,7.68,44.73635,-124.096313
2022-07-24T20:14:00.000,1.59,13.35,7.68,44.73635,-124.096313
2022-07-24T20:29:00.000,1.59,13.32,7.68,44.73635,-124.096313
2022-07-24T20:44:00.000,1.57,13.17,7.68,44.73635,-124.096313
2022-07-24T20:59:00.000,1.59,13.36,7.68,44.73635,-124.096313
2022-07-24T21:14:00.000,1.62,13.59,7.68,44.73635,-124.096313
2022-07-24T21:29:00.000,1.64,13.76,7.68,44.73635,-124.096313
2022-07-24T21:44:00.000,1.61,13.47,7.68,44.73635,-124.096313
2022-07-24T21:59:00.000,1.6,13.44,7.68,44.73635,-124.096313
2022-07-24T22:14:00.000,1.6,13.44,7.68,44.73635,-124.096313
2022-07-24T22:29:00.000,1.62,13.56,7.68,44.73635,-124.096313
2022-07-24T22:44:00.000,1.58,13.26,7.68,44.73635,-124.096313
2022-07-24T22:59:00.000,1.59,13.34,7.68,44.73635,-124.096313
2022-07-24T23:14:00.000,1.56,13.05,7.68,44.73635,-124.096313
2022-07-24T23:29:00.000,1.51,12.68,7.68,44.73635,-124.096313
2022-07-24T23:44:00.000,1.56,13.04,7.68,44.73635,-124.096313
2022-07-24T23:59:00.000,1.58,13.23,7.68,44.73635,-124.096313
2022-07-25T00:14:00.000,1.57,13.14,7.68,44.73635,-124.096313
2022-07-25T00:29:00.000,1.55,12.96,7.68,44.73635,-124.096313
2022-07-25T00:44:00.000,1.57,13.16,7.68,44.73635,-124.096313
2022-07-25T00:59:00.000,1.59,13.35,7.67,44.73635,-124.096313
2022-07-25T01:14:00.000,1.61,13.45,7.66,44.73635,-124.096313
2022-07-25T01:29:00.000,1.58,13.25,7.66,44.73635,-124.096313
2022-07-25T01:44:00.000,1.58,13.23,7.66,44.73635,-124.096313
2022-07-25T01:59:00.000,1.58,13.21,7.66,44.73635,-124.096313
2022-07-25T02:14:00.000,1.61,13.44,7.66,44.73635,-124.096313
2022-07-25T02:29:00.000,1.59,13.34,7.66,44.73635,-124.096313
2022-07-25T02:44:00.000,1.6,13.38,7.65,44.73635,-124.096313
2022-07-25T02:59:00.000,1.59,13.3,7.65,44.73635,-124.096313
2022-07-25T03:14:00.000,1.58,13.24,7.64,44.73635,-124.096313
2022-07-25T03:29:00.000,1.58,13.25,7.64,44.73635,-124.096313
2022-07-25T03:44:00.000,1.59,13.27,7.64,44.73635,-124.096313
2022-07-25T03:59:00.000,1.56,13.04,7.64,44.73635,-124.096313
2022-07-25T04:14:00.000,1.56,13.08,7.63,44.73635,-124.096313
2022-07-25T04:29:00.000,1.57,13.14,7.64,44.73635,-124.096313
2022-07-25T04:44:00.000,1.57,13.16,7.63,44.73635,-124.096313
2022-07-25T04:59:00.000,1.56,13.06,7.63,44.73635,-124.096313
2022-07-25T05:14:00.000,1.57,13.15,7.63,44.73635,-124.096313
2022-07-25T05:29:00.000,1.57,13.12,7.63,44.73635,-124.096313
2022-07-25T05:44:00.000,1.58,13.23,7.63,44.73635,-124.096313
2022-07-25T05:59:00.000,1.56,13.08,7.63,44.73635,-124.096313
2022-07-25T06:14:00.000,1.56,13.09,7.63,44.73635,-124.096313
2022-07-25T06:29:00.000,1.58,13.22,7.62,44.73635,-124.096313
2022-07-25T06:44:00.000,1.56,13.05,7.61,44.73635,-124.096313
2022-07-25T06:59:00.000,1.56,13.04,7.61,44.73635,-124.096313
2022-07-25T07:14:00.000,1.55,12.94,7.61,44.73635,-124.096313
2022-07-25T07:29:00.000,1.53,12.84,7.61,44.73635,-124.096313
2022-07-25T07:44:00.000,1.54,12.87,7.61,44.73635,-124.096313
2022-07-25T07:59:00.000,1.56,13.03,7.61,44.73635,-124.096313
2022-07-25T08:14:00.000,1.54,12.88,7.61,44.73635,-124.096313
2022-07-25T08:29:00.000,1.57,13.12,7.61,44.73635,-124.096313
2022-07-25T08:44:00.000,1.56,13.07,7.61,44.73635,-124.096313
2022-07-25T08:59:00.000,1.57,13.17,7.61,44.73635,-124.096313
2022-07-25T09:14:00.000,1.54,12.89,7.61,44.73635,-124.096313
2022-07-25T09:29:00.000,1.56,13.07,7.6,44.73635,-124.096313
2022-07-25T09:44:00.000,1.56,13.03,7.6,44.73635,-124.096313
2022-07-25T09:59:00.000,1.56,13.07,7.59,44.73635,-124.096313
2022-07-25T10:14:00.000,1.55,12.99,7.59,44.73635,-124.096313
2022-07-25T10:29:00.000,1.54,12.88,7.58,44.73635,-124.096313
2022-07-25T10:44:00.000,1.55,12.92,7.58,44.73635,-124.096313
2022-07-25T10:59:00.000,1.54,12.85,7.58,44.73635,-124.096313
2022-07-25T11:14:00.000,1.54,12.84,7.58,44.73635,-124.096313
2022-07-25T11:29:00.000,1.52,12.71,7.58,44.73635,-124.096313
2022-07-25T11:44:00.000,1.5,12.52,7.59,44.73635,-124.096313
2022-07-25T11:59:00.000,1.46,12.2,7.61,44.73635,-124.096313
2022-07-25T12:14:00.000,1.46,12.21,7.62,44.73635,-124.096313
2022-07-25T12:29:00.000,1.45,12.13,7.63,44.73635,-124.096313
2022-07-25T12:44:00.000,1.42,11.85,7.63,44.73635,-124.096313
2022-07-25T12:59:00.000,1.42,11.91,7.63,44.73635,-124.096313
2022-07-25T13:14:00.000,1.42,11.84,7.63,44.73635,-124.096313
2022-07-25T13:29:00.000,1.39,11.65,7.63,44.73635,-124.096313
2022-07-25T13:44:00.000,1.39,11.66,7.63,44.73635,-124.096313
2022-07-25T13:59:00.000,1.32,11.08,7.64,44.73635,-124.096313
2022-07-25T14:14:00.000,1.37,11.44,7.64,44.73635,-124.096313
2022-07-25T14:29:00.000,1.36,11.39,7.66,44.73635,-124.096313
2022-07-25T14:44:00.000,1.35,11.28,7.66,44.73635,-124.096313
2022-07-25T14:59:00.000,1.34,11.2,7.66,44.73635,-124.096313
2022-07-25T15:14:00.000,1.32,11.04,7.65,44.73635,-124.096313
2022-07-25T15:29:00.000,1.29,10.8,7.65,44.73635,-124.096313
2022-07-25T15:44:00.000,1.3,10.85,7.64,44.73635,-124.096313
2022-07-25T15:59:00.000,1.28,10.75,7.63,44.73635,-124.096313
2022-07-25T16:14:00.000,1.3,10.84,7.63,44.73635,-124.096313
2022-07-25T16:29:00.000,1.28,10.7,7.63,44.73635,-124.096313
2022-07-25T16:44:00.000,1.28,10.7,7.64,44.73635,-124.096313
2022-07-25T16:59:00.000,1.26,10.59,7.65,44.73635,-124.096313
2022-07-25T17:14:00.000,1.27,10.64,7.66,44.73635,-124.096313
2022-07-25T17:29:00.000,1.26,10.56,7.66,44.73635,-124.096313
2022-07-25T17:44:00.000,1.24,10.42,7.66,44.73635,-124.096313
2022-07-25T17:59:00.000,1.23,10.3,7.66,44.73635,-124.096313
2022-07-25T18:14:00.000,1.24,10.35,7.66,44.73635,-124.096313
2022-07-25T18:29:00.000,1.21,10.15,7.66,44.73635,-124.096313
2022-07-25T18:44:00.000,1.2,10.05,7.66,44.73635,-124.096313
2022-07-25T18:59:00.000,1.2,10.05,7.65,44.73635,-124.096313
2022-07-25T19:14:00.000,1.19,9.97,7.66,44.73635,-124.096313
2022-07-25T19:29:00.000,1.16,9.72,7.66,44.73635,-124.096313
2022-07-25T19:44:00.000,1.17,9.79,7.66,44.73635,-124.096313
2022-07-25T19:59:00.000,1.15,9.62,7.66,44.73635,-124.096313
2022-07-25T20:14:00.000,1.12,9.37,7.66,44.73635,-124.096313
2022-07-25T20:29:00.000,1.11,9.3,7.66,44.73635,-124.096313
2022-07-25T20:44:00.000,1.12,9.4,7.66,44.73635,-124.096313
2022-07-25T20:59:00.000,1.1,9.2,7.67,44.73635,-124.096313
2022-07-25T21:14:00.000,1.11,9.26,7.67,44.73635,-124.096313
2022-07-25T21:29:00.000,1.12,9.39,7.67,44.73635,-124.096313
2022-07-25T21:44:00.000,1.11,9.29,7.67,44.73635,-124.096313
2022-07-25T21:59:00.000,1.1,9.18,7.67,44.73635,-124.096313
2022-07-25T22:14:00.000,1.12,9.36,7.68,44.73635,-124.096313
2022-07-25T22:29:00.000,1.1,9.18,7.68,44.73635,-124.096313
2022-07-25T22:44:00.000,1.1,9.24,7.68,44.73635,-124.096313
2022-07-25T22:59:00.000,1.1,9.18,7.68,44.73635,-124.096313
2022-07-25T23:14:00.000,1.11,9.32,7.68,44.73635,-124.096313
2022-07-25T23:29:00.000,1.09,9.13,7.68,44.73635,-124.096313
2022-07-25T23:44:00.000,1.09,9.16,7.68,44.73635,-124.096313
2022-07-25T23:59:00.000,1.09,9.09,7.68,44.73635,-124.096313
2022-07-26T00:14:00.000,1.08,9.08,7.68,44.73635,-124.096313
2022-07-26T00:29:00.000,1.06,8.9,7.68,44.73635,-124.096313
2022-07-26T00:44:00.000,1.02,8.52,7.68,44.73635,-124.096313
2022-07-26T00:59:00.000,1.02,8.53,7.68,44.73635,-124.096313
2022-07-26T01:14:00.000,1.03,8.59,7.68,44.73635,-124.096313
2022-07-26T01:29:00.000,1.03,8.65,7.68,44.73635,-124.096313
2022-07-26T01:44:00.000,1.04,8.69,7.68,44.73635,-124.096313
2022-07-26T01:59:00.000,1.01,8.49,7.68,44.73635,-124.096313
2022-07-26T02:14:00.000,1.02,8.58,7.68,44.73635,-124.096313
2022-07-26T02:29:00.000,0.99,8.28,7.68,44.73635,-124.096313
2022-07-26T02:44:00.000,1.04,8.7,7.68,44.73635,-124.096313
2022-07-26T02:59:00.000,1.01,8.43,7.68,44.73635,-124.096313
2022-07-26T03:14:00.000,0.97,8.14,7.68,44.73635,-124.096313
2022-07-26T03:29:00.000,0.98,8.25,7.68,44.73635,-124.096313
2022-07-26T03:44:00.000,1.01,8.47,7.68,44.73635,-124.096313
2022-07-26T03:59:00.000,1,8.42,7.68,44.73635,-124.096313
2022-07-26T04:14:00.000,0.97,8.11,7.68,44.73635,-124.096313
2022-07-26T04:29:00.000,0.98,8.17,7.68,44.73635,-124.096313
2022-07-26T04:44:00.000,0.98,8.18,7.68,44.73635,-124.096313
2022-07-26T04:59:00.000,0.98,8.19,7.68,44.73635,-124.096313
2022-07-26T05:14:00.000,1.01,8.49,7.68,44.73635,-124.096313
2022-07-26T05:29:00.000,1,8.36,7.68,44.73635,-124.096313
2022-07-26T05:44:00.000,1.06,8.89,7.68,44.73635,-124.096313
2022-07-26T05:59:00.000,1.04,8.69,7.68,44.73635,-124.096313
2022-07-26T06:14:00.000,1.04,8.72,7.68,44.73635,-124.096313
2022-07-26T06:29:00.000,1.05,8.81,7.68,44.73635,-124.096313
2022-07-26T06:44:00.000,1.05,8.78,7.68,44.73635,-124.096313
2022-07-26T06:59:00.000,1.06,8.92,7.68,44.73635,-124.096313
2022-07-26T07:14:00.000,1.05,8.8,7.68,44.73635,-124.096313
2022-07-26T07:29:00.000,1.08,9.06,7.68,44.73635,-124.096313
2022-07-26T07:44:00.000,1.04,8.71,7.68,44.73635,-124.096313
2022-07-26T07:59:00.000,1.05,8.76,7.68,44.73635,-124.096313
2022-07-26T08:14:00.000,0.96,8.05,7.68,44.73635,-124.096313
2022-07-26T08:29:00.000,0.97,8.16,7.68,44.73635,-124.096313
2022-07-26T08:44:00.000,1.05,8.8,7.68,44.73635,-124.096313
2022-07-26T08:59:00.000,1.02,8.54,7.68,44.73635,-124.096313
2022-07-26T09:14:00.000,1.06,8.84,7.68,44.73635,-124.096313
2022-07-26T09:29:00.000,1.09,9.16,7.68,44.73635,-124.096313
2022-07-26T09:44:00.000,1.09,9.14,7.68,44.73635,-124.096313
2022-07-26T09:59:00.000,1.11,9.26,7.68,44.73635,-124.096313
2022-07-26T10:14:00.000,1.07,9,7.68,44.73635,-124.096313
2022-07-26T10:29:00.000,1.13,9.5,7.68,44.73635,-124.096313
2022-07-26T10:44:00.000,1.17,9.81,7.68,44.73635,-124.096313
2022-07-26T10:59:00.000,1.19,9.94,7.68,44.73635,-124.096313
2022-07-26T11:14:00.000,1.17,9.84,7.68,44.73635,-124.096313
2022-07-26T11:29:00.000,1.21,10.12,7.68,44.73635,-124.096313
2022-07-26T11:44:00.000,1.21,10.1,7.68,44.73635,-124.096313
2022-07-26T11:59:00.000,1.18,9.88,7.68,44.73635,-124.096313
2022-07-26T12:14:00.000,1.19,9.96,7.68,44.73635,-124.096313
2022-07-26T12:29:00.000,1.2,10.08,7.68,44.73635,-124.096313
2022-07-26T12:44:00.000,1.16,9.73,7.68,44.73635,-124.096313
2022-07-26T12:59:00.000,1.16,9.69,7.67,44.73635,-124.096313
2022-07-26T13:14:00.000,1.17,9.78,7.66,44.73635,-124.096313
2022-07-26T13:29:00.000,1.19,9.93,7.66,44.73635,-124.096313
2022-07-26T13:44:00.000,1.15,9.63,7.66,44.73635,-124.096313
2022-07-26T13:59:00.000,1.14,9.52,7.66,44.73635,-124.096313
2022-07-26T14:14:00.000,1.16,9.72,7.66,44.73635,-124.096313
2022-07-26T14:29:00.000,1.18,9.88,7.65,44.73635,-124.096313
2022-07-26T14:44:00.000,1.17,9.77,7.64,44.73635,-124.096313
2022-07-26T14:59:00.000,1.15,9.64,7.63,44.73635,-124.096313
2022-07-26T15:14:00.000,1.21,10.09,7.63,44.73635,-124.096313
2022-07-26T15:29:00.000,1.17,9.76,7.63,44.73635,-124.096313
2022-07-26T15:44:00.000,1.12,9.33,7.63,44.73635,-124.096313
2022-07-26T15:59:00.000,1.14,9.54,7.61,44.73635,-124.096313
2022-07-26T16:14:00.000,1.2,10.02,7.61,44.73635,-124.096313
2022-07-26T16:29:00.000,1.19,9.97,7.61,44.73635,-124.096313
2022-07-26T16:44:00.000,1.21,10.11,7.61,44.73635,-124.096313
2022-07-26T16:59:00.000,1.22,10.19,7.61,44.73635,-124.096313
2022-07-26T17:14:00.000,1.18,9.86,7.61,44.73635,-124.096313
2022-07-26T17:29:00.000,1.17,9.77,7.61,44.73635,-124.096313
2022-07-26T17:44:00.000,1.18,9.89,7.61,44.73635,-124.096313
2022-07-26T17:59:00.000,1.18,9.89,7.61,44.73635,-124.096313
2022-07-26T18:14:00.000,1.19,9.96,7.61,44.73635,-124.096313
2022-07-26T18:29:00.000,1.18,9.88,7.61,44.73635,-124.096313
2022-07-26T18:44:00.000,1.19,9.99,7.61,44.73635,-124.096313
2022-07-26T18:59:00.000,1.22,10.2,7.61,44.73635,-124.096313
2022-07-26T19:14:00.000,1.21,10.14,7.61,44.73635,-124.096313
2022-07-26T19:29:00.000,1.24,10.41,7.61,44.73635,-124.096313
2022-07-26T19:44:00.000,1.22,10.19,7.61,44.73635,-124.096313
2022-07-26T19:59:00.000,1.23,10.25,7.61,44.73635,-124.096313
2022-07-26T20:14:00.000,1.3,10.83,7.61,44.73635,-124.096313
2022-07-26T20:29:00.000,1.33,11.15,7.62,44.73635,-124.096313
2022-07-26T20:44:00.000,1.27,10.63,7.63,44.73635,-124.096313
2022-07-26T20:59:00.000,1.31,10.95,7.63,44.73635,-124.096313
2022-07-26T21:14:00.000,1.33,11.15,7.66,44.73635,-124.096313
2022-07-26T21:29:00.000,1.35,11.32,7.68,44.73635,-124.096313
2022-07-26T21:44:00.000,1.41,11.8,7.7,44.73635,-124.096313
2022-07-26T21:59:00.000,1.45,12.12,7.71,44.73635,-124.096313
2022-07-26T22:14:00.000,1.45,12.16,7.75,44.73635,-124.096313
2022-07-26T22:29:00.000,1.59,13.4,7.79,44.73635,-124.096313
2022-07-26T22:44:00.000,1.65,13.84,7.83,44.73635,-124.096313
2022-07-26T22:59:00.000,1.71,14.39,7.85,44.73635,-124.096313
2022-07-26T23:14:00.000,1.71,14.42,7.87,44.73635,-124.096313
2022-07-26T23:29:00.000,1.69,14.27,7.89,44.73635,-124.096313
2022-07-26T23:44:00.000,1.72,14.49,7.9,44.73635,-124.096313
2022-07-26T23:59:00.000,1.71,14.42,7.9,44.73635,-124.096313
2022-07-27T00:14:00.000,1.68,14.14,7.9,44.73635,-124.096313
2022-07-27T00:29:00.000,1.68,14.17,7.9,44.73635,-124.096313
2022-07-27T00:44:00.000,1.66,13.98,7.9,44.73635,-124.096313
2022-07-27T00:59:00.000,1.63,13.71,7.88,44.73635,-124.096313
2022-07-27T01:14:00.000,1.64,13.8,7.9,44.73635,-124.096313
2022-07-27T01:29:00.000,1.7,14.31,7.9,44.73635,-124.096313
2022-07-27T01:44:00.000,1.69,14.21,7.9,44.73635,-124.096313
2022-07-27T01:59:00.000,1.64,13.83,7.9,44.73635,-124.096313
2022-07-27T02:14:00.000,1.64,13.81,7.9,44.73635,-124.096313
2022-07-27T02:29:00.000,1.64,13.8,7.92,44.73635,-124.096313
2022-07-27T02:44:00.000,1.72,14.45,7.92,44.73635,-124.096313
2022-07-27T02:59:00.000,1.69,14.21,7.92,44.73635,-124.096313
2022-07-27T03:14:00.000,1.67,14.03,7.92,44.73635,-124.096313
2022-07-27T03:29:00.000,1.69,14.22,7.9,44.73635,-124.096313
2022-07-27T03:44:00.000,1.73,14.53,7.9,44.73635,-124.096313
2022-07-27T03:59:00.000,1.76,14.81,7.92,44.73635,-124.096313
2022-07-27T04:14:00.000,1.81,15.29,7.95,44.73635,-124.096313
2022-07-27T04:29:00.000,1.84,15.53,7.96,44.73635,-124.096313
2022-07-27T04:44:00.000,1.89,15.96,7.97,44.73635,-124.096313
2022-07-27T04:59:00.000,1.89,15.97,7.99,44.73635,-124.096313
2022-07-27T05:14:00.000,1.86,15.73,7.99,44.73635,-124.096313
2022-07-27T05:29:00.000,1.93,16.31,7.99,44.73635,-124.096313
2022-07-27T05:44:00.000,2,16.9,8.02,44.73635,-124.096313
2022-07-27T05:59:00.000,2.03,17.18,8.03,44.73635,-124.096313
2022-07-27T06:14:00.000,2.05,17.29,8.04,44.73635,-124.096313
2022-07-27T06:29:00.000,2.07,17.5,8.04,44.73635,-124.096313
2022-07-27T06:44:00.000,2.1,17.74,8.07,44.73635,-124.096313
2022-07-27T06:59:00.000,2.16,18.28,8.09,44.73635,-124.096313
2022-07-27T07:14:00.000,2.24,18.94,8.11,44.73635,-124.096313
2022-07-27T07:29:00.000,2.27,19.22,8.11,44.73635,-124.096313
2022-07-27T07:44:00.000,2.24,18.99,8.11,44.73635,-124.096313
2022-07-27T07:59:00.000,2.22,18.76,8.11,44.73635,-124.096313
2022-07-27T08:14:00.000,2.22,18.78,8.11,44.73635,-124.096313
2022-07-27T08:29:00.000,2.23,18.85,8.11,44.73635,-124.096313
2022-07-27T08:44:00.000,2.26,19.12,8.13,44.73635,-124.096313
2022-07-27T08:59:00.000,2.29,19.45,8.16,44.73635,-124.096313
2022-07-27T09:14:00.000,2.39,20.29,8.18,44.73635,-124.096313
2022-07-27T09:29:00.000,2.42,20.54,8.21,44.73635,-124.096313
2022-07-27T09:44:00.000,2.46,20.9,8.21,44.73635,-124.096313
2022-07-27T09:59:00.000,2.51,21.3,8.23,44.73635,-124.096313
2022-07-27T10:14:00.000,2.53,21.5,8.23,44.73635,-124.096313
2022-07-27T10:29:00.000,2.51,21.27,8.23,44.73635,-124.096313
2022-07-27T10:44:00.000,2.56,21.75,8.23,44.73635,-124.096313
2022-07-27T10:59:00.000,2.55,21.61,8.21,44.73635,-124.096313
2022-07-27T11:14:00.000,2.55,21.68,8.21,44.73635,-124.096313
2022-07-27T11:29:00.000,2.57,21.79,8.22,44.73635,-124.096313
2022-07-27T11:44:00.000,2.54,21.58,8.21,44.73635,-124.096313
2022-07-27T11:59:00.000,2.57,21.78,8.21,44.73635,-124.096313
2022-07-27T12:14:00.000,2.58,21.87,8.21,44.73635,-124.096313
2022-07-27T12:29:00.000,2.51,21.32,8.21,44.73635,-124.096313
2022-07-27T12:44:00.000,2.55,21.6,8.2,44.73635,-124.096313
2022-07-27T12:59:00.000,2.49,21.12,8.18,44.73635,-124.096313
2022-07-27T13:14:00.000,2.42,20.53,8.16,44.73635,-124.096313
2022-07-27T13:29:00.000,2.38,20.2,8.15,44.73635,-124.096313
2022-07-27T13:44:00.000,2.35,19.93,8.14,44.73635,-124.096313
2022-07-27T13:59:00.000,2.31,19.57,8.14,44.73635,-124.096313
2022-07-27T14:14:00.000,2.27,19.24,8.14,44.73635,-124.096313
2022-07-27T14:29:00.000,2.24,18.98,8.12,44.73635,-124.096313
2022-07-27T14:44:00.000,2.2,18.66,8.12,44.73635,-124.096313
2022-07-27T14:59:00.000,2.2,18.62,8.11,44.73635,-124.096313
2022-07-27T15:14:00.000,2.2,18.66,8.11,44.73635,-124.096313
2022-07-27T15:29:00.000,2.21,18.68,8.11,44.73635,-124.096313
2022-07-27T15:44:00.000,2.12,17.97,8.09,44.73635,-124.096313
2022-07-27T15:59:00.000,2.07,17.53,8.09,44.73635,-124.096313
2022-07-27T16:14:00.000,2.05,17.31,8.09,44.73635,-124.096313
2022-07-27T16:29:00.000,2.08,17.55,8.07,44.73635,-124.096313
2022-07-27T16:44:00.000,1.95,16.48,8.04,44.73635,-124.096313
2022-07-27T16:59:00.000,1.91,16.11,8.03,44.73635,-124.096313
2022-07-27T17:14:00.000,1.95,16.45,8.04,44.73635,-124.096313
2022-07-27T17:29:00.000,1.9,16.04,8.03,44.73635,-124.096313
2022-07-27T17:44:00.000,1.93,16.31,8.03,44.73635,-124.096313
2022-07-27T17:59:00.000,1.93,16.28,8.04,44.73635,-124.096313
2022-07-27T18:14:00.000,1.94,16.38,8.04,44.73635,-124.096313
2022-07-27T18:29:00.000,1.98,16.71,8.06,44.73635,-124.096313
2022-07-27T18:44:00.000,2.01,16.98,8.07,44.73635,-124.096313
2022-07-27T18:59:00.000,2,16.94,8.07,44.73635,-124.096313
2022-07-27T19:14:00.000,2.1,17.76,8.11,44.73635,-124.096313
2022-07-27T19:29:00.000,2.1,17.8,8.11,44.73635,-124.096313
2022-07-27T19:44:00.000,2.1,17.78,8.11,44.73635,-124.096313
2022-07-27T19:59:00.000,2.14,18.13,8.13,44.73635,-124.096313
2022-07-27T20:14:00.000,2.16,18.31,8.14,44.73635,-124.096313
2022-07-27T20:29:00.000,2.24,18.98,8.16,44.73635,-124.096313
2022-07-27T20:44:00.000,2.23,18.91,8.17,44.73635,-124.096313
2022-07-27T20:59:00.000,2.26,19.18,8.16,44.73635,-124.096313
2022-07-27T21:14:00.000,2.22,18.8,8.16,44.73635,-124.096313
2022-07-27T21:29:00.000,2.18,18.51,8.14,44.73635,-124.096313
2022-07-27T21:44:00.000,2.15,18.25,8.14,44.73635,-124.096313
2022-07-27T21:59:00.000,2.11,17.9,8.13,44.73635,-124.096313
2022-07-27T22:14:00.000,2.16,18.32,8.14,44.73635,-124.096313
2022-07-27T22:29:00.000,2.15,18.24,8.13,44.73635,-124.096313
2022-07-27T22:44:00.000,2.1,17.75,8.14,44.73635,-124.096313
2022-07-27T22:59:00.000,2.1,17.82,8.13,44.73635,-124.096313
2022-07-27T23:14:00.000,2.1,17.75,8.13,44.73635,-124.096313
2022-07-27T23:29:00.000,2.07,17.54,8.12,44.73635,-124.096313
2022-07-27T23:44:00.000,2.08,17.62,8.13,44.73635,-124.096313
2022-07-27T23:59:00.000,2.14,18.17,8.14,44.73635,-124.096313
2022-07-28T00:14:00.000,2.14,18.16,8.14,44.73635,-124.096313
2022-07-28T00:29:00.000,2.11,17.92,8.14,44.73635,-124.096313
2022-07-28T00:44:00.000,2.1,17.82,8.14,44.73635,-124.096313
2022-07-28T00:59:00.000,2.04,17.32,8.14,44.73635,-124.096313
2022-07-28T01:14:00.000,1.98,16.75,8.11,44.73635,-124.096313
2022-07-28T01:29:00.000,1.82,15.4,8.04,44.73635,-124.096313
2022-07-28T01:44:00.000,1.63,13.73,7.97,44.73635,-124.096313
2022-07-28T01:59:00.000,1.52,12.81,7.96,44.73635,-124.096313
2022-07-28T02:14:00.000,1.44,12.14,7.9,44.73635,-124.096313
2022-07-28T02:29:00.000,1.34,11.25,7.85,44.73635,-124.096313
2022-07-28T02:44:00.000,1.28,10.73,7.83,44.73635,-124.096313
2022-07-28T02:59:00.000,1.23,10.31,7.8,44.73635,-124.096313
2022-07-28T03:14:00.000,1.2,10.11,7.79,44.73635,-124.096313
2022-07-28T03:29:00.000,1.21,10.16,7.8,44.73635,-124.096313
2022-07-28T03:44:00.000,1.29,10.85,7.83,44.73635,-124.096313
2022-07-28T03:59:00.000,1.34,11.31,7.87,44.73635,-124.096313
2022-07-28T04:14:00.000,1.38,11.63,7.88,44.73635,-124.096313
2022-07-28T04:29:00.000,1.41,11.84,7.9,44.73635,-124.096313
2022-07-28T04:44:00.000,1.49,12.52,7.95,44.73635,-124.096313
2022-07-28T04:59:00.000,1.52,12.83,7.96,44.73635,-124.096313
2022-07-28T05:14:00.000,1.57,13.21,7.97,44.73635,-124.096313
2022-07-28T05:29:00.000,1.58,13.35,7.99,44.73635,-124.096313
2022-07-28T05:44:00.000,1.64,13.88,8,44.73635,-124.096313
2022-07-28T05:59:00.000,1.67,14.09,8.02,44.73635,-124.096313
2022-07-28T06:14:00.000,1.74,14.73,8.04,44.73635,-124.096313
2022-07-28T06:29:00.000,1.77,14.95,8.05,44.73635,-124.096313
2022-07-28T06:44:00.000,1.82,15.37,8.07,44.73635,-124.096313
2022-07-28T06:59:00.000,1.78,15.08,8.08,44.73635,-124.096313
2022-07-28T07:14:00.000,1.86,15.71,8.1,44.73635,-124.096313
2022-07-28T07:29:00.000,2.08,17.62,8.16,44.73635,-124.096313
2022-07-28T07:44:00.000,2.11,17.88,8.16,44.73635,-124.096313
2022-07-28T07:59:00.000,2.12,17.96,8.14,44.73635,-124.096313
2022-07-28T08:14:00.000,2.07,17.49,8.11,44.73635,-124.096313
2022-07-28T08:29:00.000,1.96,16.59,8.09,44.73635,-124.096313
2022-07-28T08:44:00.000,1.87,15.85,8.07,44.73635,-124.096313
2022-07-28T08:59:00.000,1.84,15.6,8.06,44.73635,-124.096313
2022-07-28T09:14:00.000,1.49,12.54,7.92,44.73635,-124.096313
2022-07-28T09:29:00.000,1.45,12.24,7.91,44.73635,-124.096313
2022-07-28T09:44:00.000,1.41,11.86,7.92,44.73635,-124.096313
2022-07-28T09:59:00.000,1.42,11.99,7.92,44.73635,-124.096313
2022-07-28T10:14:00.000,1.37,11.53,7.92,44.73635,-124.096313
2022-07-28T10:29:00.000,1.38,11.59,7.92,44.73635,-124.096313
2022-07-28T10:44:00.000,1.39,11.74,7.92,44.73635,-124.096313
2022-07-28T10:59:00.000,1.38,11.63,7.92,44.73635,-124.096313
2022-07-28T11:14:00.000,1.38,11.6,7.92,44.73635,-124.096313
2022-07-28T11:29:00.000,1.39,11.75,7.92,44.73635,-124.096313
2022-07-28T11:44:00.000,1.41,11.85,7.93,44.73635,-124.096313
2022-07-28T11:59:00.000,1.37,11.56,7.93,44.73635,-124.096313
2022-07-28T12:14:00.000,1.36,11.47,7.94,44.73635,-124.096313
2022-07-28T12:29:00.000,1.41,11.86,7.94,44.73635,-124.096313
2022-07-28T12:44:00.000,1.44,12.14,7.95,44.73635,-124.096313
2022-07-28T12:59:00.000,1.47,12.37,7.95,44.73635,-124.096313
2022-07-28T13:14:00.000,1.53,12.87,7.97,44.73635,-124.096313
2022-07-28T13:29:00.000,1.58,13.37,7.99,44.73635,-124.096313
2022-07-28T13:44:00.000,1.61,13.61,8,44.73635,-124.096313
2022-07-28T13:59:00.000,1.65,13.9,8.02,44.73635,-124.096313
2022-07-28T14:14:00.000,1.68,14.22,8.03,44.73635,-124.096313
2022-07-28T14:29:00.000,1.7,14.36,8.04,44.73635,-124.096313
2022-07-28T14:44:00.000,1.7,14.39,8.04,44.73635,-124.096313
2022-07-28T14:59:00.000,1.65,13.93,8.04,44.73635,-124.096313
2022-07-28T15:14:00.000,1.7,14.36,8.04,44.73635,-124.096313
2022-07-28T15:29:00.000,1.68,14.17,8.04,44.73635,-124.096313
2022-07-28T15:44:00.000,1.7,14.36,8.06,44.73635,-124.096313
2022-07-28T15:59:00.000,1.69,14.28,8.06,44.73635,-124.096313
2022-07-28T16:14:00.000,1.74,14.74,8.07,44.73635,-124.096313
2022-07-28T16:29:00.000,1.71,14.43,8.07,44.73635,-124.096313
2022-07-28T16:44:00.000,1.8,15.26,8.07,44.73635,-124.096313
2022-07-28T16:59:00.000,1.66,14.04,7.97,44.73635,-124.096313
2022-07-28T17:14:00.000,1.58,13.36,7.95,44.73635,-124.096313
2022-07-28T17:29:00.000,1.44,12.09,7.85,44.73635,-124.096313
2022-07-28T17:44:00.000,1.3,10.92,7.8,44.73635,-124.096313
2022-07-28T17:59:00.000,1.26,10.59,7.8,44.73635,-124.096313
2022-07-28T18:14:00.000,1.28,10.79,7.8,44.73635,-124.096313
2022-07-28T18:29:00.000,1.24,10.39,7.8,44.73635,-124.096313
2022-07-28T18:44:00.000,1.24,10.42,7.8,44.73635,-124.096313
2022-07-28T18:59:00.000,1.25,10.47,7.8,44.73635,-124.096313
2022-07-28T19:14:00.000,1.24,10.38,7.8,44.73635,-124.096313
2022-07-28T19:29:00.000,1.2,10.09,7.79,44.73635,-124.096313
2022-07-28T19:44:00.000,1.22,10.28,7.79,44.73635,-124.096313
2022-07-28T19:59:00.000,1.24,10.42,7.79,44.73635,-124.096313
2022-07-28T20:14:00.000,1.19,9.96,7.79,44.73635,-124.096313
2022-07-28T20:29:00.000,1.2,10.06,7.8,44.73635,-124.096313
2022-07-28T20:44:00.000,1.16,9.71,7.8,44.73635,-124.096313
2022-07-28T20:59:00.000,1.2,10.12,7.8,44.73635,-124.096313
2022-07-28T21:14:00.000,1.21,10.18,7.8,44.73635,-124.096313
2022-07-28T21:29:00.000,1.21,10.18,7.8,44.73635,-124.096313
2022-07-28T21:44:00.000,1.21,10.2,7.8,44.73635,-124.096313
2022-07-28T21:59:00.000,1.24,10.42,7.8,44.73635,-124.096313
2022-07-28T22:14:00.000,1.23,10.37,7.81,44.73635,-124.096313
2022-07-28T22:29:00.000,1.27,10.65,7.82,44.73635,-124.096313
2022-07-28T22:44:00.000,1.28,10.73,7.83,44.73635,-124.096313
2022-07-28T22:59:00.000,1.23,10.31,7.84,44.73635,-124.096313
2022-07-28T23:14:00.000,1.26,10.62,7.85,44.73635,-124.096313
2022-07-28T23:29:00.000,1.29,10.86,7.85,44.73635,-124.096313
2022-07-28T23:44:00.000,1.25,10.55,7.87,44.73635,-124.096313
2022-07-28T23:59:00.000,1.24,10.42,7.87,44.73635,-124.096313
2022-07-29T00:14:00.000,1.28,10.75,7.9,44.73635,-124.096313
2022-07-29T00:29:00.000,1.3,10.96,7.92,44.73635,-124.096313
2022-07-29T00:44:00.000,1.42,12,7.95,44.73635,-124.096313
2022-07-29T00:59:00.000,1.57,13.29,7.97,44.73635,-124.096313
2022-07-29T01:14:00.000,1.68,14.16,8.01,44.73635,-124.096313
2022-07-29T01:29:00.000,1.69,14.26,8.03,44.73635,-124.096313
2022-07-29T01:44:00.000,1.79,15.12,8.04,44.73635,-124.096313
2022-07-29T01:59:00.000,1.83,15.44,8.07,44.73635,-124.096313
2022-07-29T02:14:00.000,1.86,15.76,8.09,44.73635,-124.096313
2022-07-29T02:29:00.000,1.86,15.74,8.09,44.73635,-124.096313
2022-07-29T02:44:00.000,1.87,15.86,8.11,44.73635,-124.096313
2022-07-29T02:59:00.000,1.86,15.73,8.12,44.73635,-124.096313
2022-07-29T03:14:00.000,1.91,16.21,8.14,44.73635,-124.096313
2022-07-29T03:29:00.000,1.91,16.16,8.14,44.73635,-124.096313
2022-07-29T03:44:00.000,1.92,16.24,8.16,44.73635,-124.096313
2022-07-29T03:59:00.000,1.96,16.58,8.16,44.73635,-124.096313
2022-07-29T04:14:00.000,1.94,16.45,8.17,44.73635,-124.096313
2022-07-29T04:29:00.000,1.98,16.76,8.18,44.73635,-124.096313
2022-07-29T04:44:00.000,1.95,16.53,8.17,44.73635,-124.096313
2022-07-29T04:59:00.000,1.97,16.74,8.18,44.73635,-124.096313
2022-07-29T05:14:00.000,1.99,16.85,8.18,44.73635,-124.096313
2022-07-29T05:29:00.000,1.91,16.24,8.18,44.73635,-124.096313
2022-07-29T05:44:00.000,1.93,16.34,8.18,44.73635,-124.096313
2022-07-29T05:59:00.000,2,16.93,8.18,44.73635,-124.096313
2022-07-29T06:14:00.000,2,16.99,8.18,44.73635,-124.096313
2022-07-29T06:29:00.000,1.58,13.37,7.99,44.73635,-124.096313
2022-07-29T06:44:00.000,1.55,13.1,7.98,44.73635,-124.096313
2022-07-29T06:59:00.000,1.49,12.55,7.94,44.73635,-124.096313
2022-07-29T07:14:00.000,1.38,11.6,7.89,44.73635,-124.096313
2022-07-29T07:29:00.000,1.37,11.57,7.89,44.73635,-124.096313
2022-07-29T07:44:00.000,1.31,11.06,7.87,44.73635,-124.096313
2022-07-29T07:59:00.000,1.31,11.02,7.87,44.73635,-124.096313
2022-07-29T08:14:00.000,1.28,10.82,7.87,44.73635,-124.096313
2022-07-29T08:29:00.000,1.3,10.93,7.85,44.73635,-124.096313
2022-07-29T08:44:00.000,1.16,9.75,7.85,44.73635,-124.096313
2022-07-29T08:59:00.000,1.21,10.2,7.85,44.73635,-124.096313
2022-07-29T09:14:00.000,1.17,9.85,7.83,44.73635,-124.096313
2022-07-29T09:29:00.000,1.2,10.08,7.83,44.73635,-124.096313
2022-07-29T09:44:00.000,1.21,10.15,7.83,44.73635,-124.096313
2022-07-29T09:59:00.000,1.23,10.31,7.83,44.73635,-124.096313
2022-07-29T10:14:00.000,1.17,9.83,7.83,44.73635,-124.096313
2022-07-29T10:29:00.000,1.21,10.13,7.83,44.73635,-124.096313
2022-07-29T10:44:00.000,1.23,10.32,7.83,44.73635,-124.096313
2022-07-29T10:59:00.000,1.2,10.05,7.82,44.73635,-124.096313
2022-07-29T11:14:00.000,1.23,10.36,7.82,44.73635,-124.096313
2022-07-29T11:29:00.000,1.22,10.26,7.82,44.73635,-124.096313
2022-07-29T11:44:00.000,1.2,10.13,7.83,44.73635,-124.096313
2022-07-29T11:59:00.000,1.23,10.34,7.83,44.73635,-124.096313
2022-07-29T12:14:00.000,1.21,10.17,7.85,44.73635,-124.096313
2022-07-29T12:29:00.000,1.23,10.34,7.85,44.73635,-124.096313
2022-07-29T12:44:00.000,1.26,10.59,7.87,44.73635,-124.096313
2022-07-29T12:59:00.000,1.23,10.39,7.87,44.73635,-124.096313
2022-07-29T13:14:00.000,1.32,11.08,7.9,44.73635,-124.096313
2022-07-29T13:29:00.000,1.35,11.36,7.93,44.73635,-124.096313
2022-07-29T13:44:00.000,1.44,12.18,7.97,44.73635,-124.096313
2022-07-29T13:59:00.000,1.61,13.64,8.04,44.73635,-124.096313
2022-07-29T14:14:00.000,1.77,15.03,8.12,44.73635,-124.096313
2022-07-29T14:29:00.000,1.87,15.85,8.16,44.73635,-124.096313
2022-07-29T14:44:00.000,1.95,16.51,8.19,44.73635,-124.096313
2022-07-29T14:59:00.000,2,17.02,8.22,44.73635,-124.096313
2022-07-29T15:14:00.000,2.07,17.54,8.25,44.73635,-124.096313
2022-07-29T15:29:00.000,2.18,18.56,8.29,44.73635,-124.096313
2022-07-29T15:44:00.000,2.22,18.86,8.33,44.73635,-124.096313
2022-07-29T15:59:00.000,2.32,19.75,8.36,44.73635,-124.096313
2022-07-29T16:14:00.000,2.38,20.28,8.38,44.73635,-124.096313
2022-07-29T16:29:00.000,2.25,19.16,8.3,44.73635,-124.096313
2022-07-29T16:44:00.000,2.17,18.41,8.27,44.73635,-124.096313
2022-07-29T16:59:00.000,2.11,17.89,8.23,44.73635,-124.096313
2022-07-29T17:14:00.000,2.02,17.16,8.21,44.73635,-124.096313
2022-07-29T17:29:00.000,1.55,13.12,7.97,44.73635,-124.096313
2022-07-29T17:44:00.000,1.41,11.89,7.9,44.73635,-124.096313
2022-07-29T17:59:00.000,1.36,11.46,7.89,44.73635,-124.096313
2022-07-29T18:14:00.000,1.33,11.17,7.89,44.73635,-124.096313
2022-07-29T18:29:00.000,1.31,11.05,7.89,44.73635,-124.096313
2022-07-29T18:44:00.000,1.26,10.6,7.87,44.73635,-124.096313
2022-07-29T18:59:00.000,1.28,10.74,7.87,44.73635,-124.096313
2022-07-29T19:14:00.000,1.23,10.33,7.87,44.73635,-124.096313
2022-07-29T19:29:00.000,1.15,9.72,7.87,44.73635,-124.096313
2022-07-29T19:44:00.000,1.22,10.28,7.87,44.73635,-124.096313
2022-07-29T19:59:00.000,1.22,10.31,7.87,44.73635,-124.096313
2022-07-29T20:14:00.000,1.2,10.14,7.87,44.73635,-124.096313
2022-07-29T20:29:00.000,1.21,10.17,7.87,44.73635,-124.096313
2022-07-29T20:44:00.000,1.11,9.36,7.87,44.73635,-124.096313
2022-07-29T20:59:00.000,1.18,9.93,7.87,44.73635,-124.096313
2022-07-29T21:14:00.000,1.21,10.17,7.87,44.73635,-124.096313
2022-07-29T21:29:00.000,1.24,10.41,7.86,44.73635,-124.096313
2022-07-29T21:44:00.000,1.18,9.95,7.85,44.73635,-124.096313
2022-07-29T21:59:00.000,1.14,9.59,7.85,44.73635,-124.096313
2022-07-29T22:14:00.000,1.13,9.48,7.85,44.73635,-124.096313
2022-07-29T22:29:00.000,1.13,9.51,7.84,44.73635,-124.096313
2022-07-29T22:44:00.000,1.11,9.35,7.85,44.73635,-124.096313
2022-07-29T22:59:00.000,1.11,9.31,7.85,44.73635,-124.096313
2022-07-29T23:14:00.000,1.12,9.44,7.83,44.73635,-124.096313
2022-07-29T23:29:00.000,1.11,9.3,7.84,44.73635,-124.096313
2022-07-29T23:44:00.000,1.09,9.17,7.85,44.73635,-124.096313
2022-07-29T23:59:00.000,1.05,8.84,7.83,44.73635,-124.096313
2022-07-30T00:14:00.000,1.06,8.91,7.83,44.73635,-124.096313
2022-07-30T00:29:00.000,1.03,8.65,7.83,44.73635,-124.096313
2022-07-30T00:44:00.000,1.07,8.96,7.83,44.73635,-124.096313
2022-07-30T00:59:00.000,1.04,8.74,7.83,44.73635,-124.096313
2022-07-30T01:14:00.000,1.05,8.8,7.83,44.73635,-124.096313
2022-07-30T01:29:00.000,1.05,8.82,7.83,44.73635,-124.096313
2022-07-30T01:44:00.000,1.04,8.74,7.84,44.73635,-124.096313
2022-07-30T01:59:00.000,1.09,9.16,7.85,44.73635,-124.096313
2022-07-30T02:14:00.000,1.13,9.49,7.87,44.73635,-124.096313
2022-07-30T02:29:00.000,1.27,10.69,7.92,44.73635,-124.096313
2022-07-30T02:44:00.000,1.37,11.56,7.95,44.73635,-124.096313
2022-07-30T02:59:00.000,1.35,11.44,7.99,44.73635,-124.096313
2022-07-30T03:14:00.000,1.51,12.79,8.04,44.73635,-124.096313
2022-07-30T03:29:00.000,1.58,13.4,8.08,44.73635,-124.096313
2022-07-30T03:44:00.000,1.61,13.61,8.1,44.73635,-124.096313
2022-07-30T03:59:00.000,1.65,14,8.12,44.73635,-124.096313
2022-07-30T04:14:00.000,1.74,14.73,8.14,44.73635,-124.096313
2022-07-30T04:29:00.000,1.77,15.02,8.16,44.73635,-124.096313
2022-07-30T04:44:00.000,1.85,15.67,8.2,44.73635,-124.096313
2022-07-30T04:59:00.000,1.92,16.33,8.21,44.73635,-124.096313
2022-07-30T05:14:00.000,1.9,16.16,8.22,44.73635,-124.096313
2022-07-30T05:29:00.000,1.93,16.39,8.23,44.73635,-124.096313
2022-07-30T05:44:00.000,1.92,16.29,8.16,44.73635,-124.096313
2022-07-30T05:59:00.000,1.96,16.62,8.21,44.73635,-124.096313
2022-07-30T06:14:00.000,1.93,16.35,8.19,44.73635,-124.096313
2022-07-30T06:29:00.000,1.85,15.71,8.14,44.73635,-124.096313
2022-07-30T06:44:00.000,1.51,12.76,8.02,44.73635,-124.096313
2022-07-30T06:59:00.000,1.36,11.45,7.95,44.73635,-124.096313
2022-07-30T07:14:00.000,1.29,10.85,7.87,44.73635,-124.096313
2022-07-30T07:29:00.000,1.19,10.01,7.85,44.73635,-124.096313
2022-07-30T07:44:00.000,1.13,9.55,7.85,44.73635,-124.096313
2022-07-30T07:59:00.000,1.15,9.65,7.85,44.73635,-124.096313
2022-07-30T08:14:00.000,1.11,9.36,7.84,44.73635,-124.096313
2022-07-30T08:29:00.000,1.1,9.25,7.83,44.73635,-124.096313
2022-07-30T08:44:00.000,1.08,9.06,7.83,44.73635,-124.096313
2022-07-30T08:59:00.000,1.05,8.85,7.83,44.73635,-124.096313
2022-07-30T09:14:00.000,1.08,9.08,7.82,44.73635,-124.096313
2022-07-30T09:29:00.000,1.04,8.78,7.83,44.73635,-124.096313
2022-07-30T09:44:00.000,1.02,8.57,7.82,44.73635,-124.096313
2022-07-30T09:59:00.000,1.04,8.75,7.82,44.73635,-124.096313
2022-07-30T10:14:00.000,1,8.43,7.82,44.73635,-124.096313
2022-07-30T10:29:00.000,1.04,8.72,7.82,44.73635,-124.096313
2022-07-30T10:44:00.000,1.04,8.71,7.81,44.73635,-124.096313
2022-07-30T10:59:00.000,1.08,9.04,7.82,44.73635,-124.096313
2022-07-30T11:14:00.000,1.07,9.01,7.82,44.73635,-124.096313
2022-07-30T11:29:00.000,1.05,8.81,7.83,44.73635,-124.096313
2022-07-30T11:44:00.000,1.12,9.44,7.83,44.73635,-124.096313
2022-07-30T11:59:00.000,1.09,9.16,7.83,44.73635,-124.096313
2022-07-30T12:14:00.000,1.1,9.28,7.83,44.73635,-124.096313
2022-07-30T12:29:00.000,1.1,9.22,7.84,44.73635,-124.096313
2022-07-30T12:44:00.000,1.14,9.56,7.85,44.73635,-124.096313
2022-07-30T12:59:00.000,1.15,9.7,7.86,44.73635,-124.096313
2022-07-30T13:14:00.000,1.17,9.89,7.87,44.73635,-124.096313
2022-07-30T13:29:00.000,1.18,9.94,7.88,44.73635,-124.096313
2022-07-30T13:44:00.000,1.21,10.22,7.9,44.73635,-124.096313
2022-07-30T13:59:00.000,1.23,10.39,7.92,44.73635,-124.096313
2022-07-30T14:14:00.000,1.29,10.86,7.94,44.73635,-124.096313
2022-07-30T14:29:00.000,1.35,11.37,7.97,44.73635,-124.096313
2022-07-30T14:44:00.000,1.42,11.96,8,44.73635,-124.096313
2022-07-30T14:59:00.000,1.51,12.74,8.04,44.73635,-124.096313
2022-07-30T15:14:00.000,1.68,14.2,8.12,44.73635,-124.096313
2022-07-30T15:29:00.000,1.88,15.94,8.19,44.73635,-124.096313
2022-07-30T15:44:00.000,2.07,17.63,8.28,44.73635,-124.096313
2022-07-30T15:59:00.000,2.21,18.85,8.36,44.73635,-124.096313
2022-07-30T16:14:00.000,2.31,19.67,8.4,44.73635,-124.096313
2022-07-30T16:29:00.000,2.33,19.84,8.43,44.73635,-124.096313
2022-07-30T16:44:00.000,2.36,20.15,8.46,44.73635,-124.096313
2022-07-30T16:59:00.000,2.64,24.1,11.2,44.73635,-124.096313
