Time (UTC),DO (ml/L),Dissolved Oxygen (%),Temperature (C),Latitude,Longitude
2022-06-09T03:32:43.000,8.19,75.26,11.57,44.689013,-124.095722
2022-06-09T03:47:43.000,8.17,75.5,11.8,44.689013,-124.095722
2022-06-09T04:02:43.000,8.35,77.8,12.16,44.689013,-124.095722
2022-06-09T04:17:43.000,8.42,78.3,12.12,44.689013,-124.095722
2022-06-09T04:32:43.000,7.87,71.62,11.15,44.689013,-124.095722
2022-06-09T04:47:43.000,7.78,70.59,11.01,44.689013,-124.095722
2022-06-09T05:02:43.000,8.08,73.35,11.04,44.689013,-124.095722
2022-06-09T05:17:43.000,8.41,76.3,11.04,44.689013,-124.095722
2022-06-09T05:32:43.000,8.25,74.88,11.03,44.689013,-124.095722
2022-06-09T05:47:43.000,8.21,74.44,11.01,44.689013,-124.095722
2022-06-09T06:02:43.000,8.35,75.59,10.94,44.689013,-124.095722
2022-06-09T06:17:43.000,8.45,76.56,10.94,44.689013,-124.095722
2022-06-09T06:32:43.000,8.37,75.75,10.93,44.689013,-124.095722
2022-06-09T06:47:43.000,8.42,76.24,10.92,44.689013,-124.095722
2022-06-09T07:02:43.000,8.11,73.28,10.83,44.689013,-124.095722
2022-06-09T07:17:43.000,7.45,66.83,10.55,44.689013,-124.095722
2022-06-09T07:32:43.000,7.64,68.7,10.64,44.689013,-124.095722
2022-06-09T07:47:43.000,7.34,65.64,10.41,44.689013,-124.095722
2022-06-09T08:02:43.000,6.93,61.88,10.31,44.689013,-124.095722
2022-06-09T08:17:43.000,7.23,64.72,10.44,44.689013,-124.095722
2022-06-09T08:32:43.000,7.48,67.12,10.55,44.689013,-124.095722
2022-06-09T08:47:43.000,7.66,68.83,10.6,44.689013,-124.095722
2022-06-09T09:02:43.000,7.83,70.57,10.74,44.689013,-124.095722
2022-06-09T09:17:43.000,7.96,71.91,10.83,44.689013,-124.095722
2022-06-09T09:32:43.000,7.72,69.81,10.86,44.689013,-124.095722
2022-06-09T09:47:43.000,7.96,72.16,10.98,44.689013,-124.095722
2022-06-09T10:02:43.000,7.99,72.56,11.04,44.689013,-124.095722
2022-06-09T10:17:43.000,7.98,72.49,11.07,44.689013,-124.095722
2022-06-09T10:32:43.000,8.19,74.49,11.13,44.689013,-124.095722
2022-06-09T10:47:43.000,8.1,73.74,11.15,44.689013,-124.095722
2022-06-09T11:02:43.000,7.89,71.81,11.17,44.689013,-124.095722
2022-06-09T11:17:43.000,7.78,70.84,11.18,44.689013,-124.095722
2022-06-09T11:32:43.000,7.75,70.8,11.31,44.689013,-124.095722
2022-06-09T11:47:43.000,7.91,72.3,11.34,44.689013,-124.095722
2022-06-09T12:02:43.000,8,73.16,11.39,44.689013,-124.095722
2022-06-09T12:17:43.000,7.98,73.01,11.36,44.689013,-124.095722
2022-06-09T12:32:43.000,8.03,73.43,11.36,44.689013,-124.095722
2022-06-09T12:47:43.000,7.99,73.11,11.41,44.689013,-124.095722
2022-06-09T13:02:43.000,8.08,74.05,11.48,44.689013,-124.095722
2022-06-09T13:17:43.000,8.26,75.96,11.59,44.689013,-124.095722
2022-06-09T13:32:43.000,8.38,77.26,11.7,44.689013,-124.095722
2022-06-09T13:47:43.000,8.53,78.82,11.81,44.689013,-124.095722
2022-06-09T14:02:43.000,8.62,79.85,11.9,44.689013,-124.095722
2022-06-09T14:17:43.000,8.73,81.02,11.99,44.689013,-124.095722
2022-06-09T14:32:43.000,8.71,80.86,12.01,44.689013,-124.095722
2022-06-09T14:47:43.000,8.78,81.55,12.05,44.689013,-124.095722
2022-06-09T15:02:43.000,9.07,84.52,12.17,44.689013,-124.095722
2022-06-09T15:17:43.000,9.15,85.41,12.24,44.689013,-124.095722
2022-06-09T15:32:43.000,9.03,84.37,12.28,44.689013,-124.095722
2022-06-09T15:47:43.000,8.23,75.56,11.52,44.689013,-124.095722
2022-06-09T16:02:43.000,8.44,77.6,11.59,44.689013,-124.095722
2022-06-09T16:17:43.000,8.93,82.42,11.78,44.689013,-124.095722
2022-06-09T16:32:43.000,8.92,82.33,11.75,44.689013,-124.095722
2022-06-09T16:47:43.000,8.73,80.23,11.59,44.689013,-124.095722
2022-06-09T17:02:43.000,8.71,80.01,11.55,44.689013,-124.095722
2022-06-09T17:17:43.000,8.48,77.62,11.41,44.689013,-124.095722
2022-06-09T17:32:43.000,8.46,77.36,11.38,44.689013,-124.095722
2022-06-09T17:47:43.000,8.7,80.01,11.59,44.689013,-124.095722
2022-06-09T18:02:43.000,9,83.05,11.75,44.689013,-124.095722
2022-06-09T18:17:43.000,9.19,84.94,11.82,44.689013,-124.095722
2022-06-09T18:32:43.000,8.76,80.62,11.66,44.689013,-124.095722
2022-06-09T18:47:43.000,8.23,75.07,11.24,44.689013,-124.095722
2022-06-09T19:02:43.000,7.83,70.65,10.79,44.689013,-124.095722
2022-06-09T19:17:43.000,7.97,71.7,10.63,44.689013,-124.095722
2022-06-09T19:32:43.000,7.92,71.13,10.59,44.689013,-124.095722
2022-06-09T19:47:43.000,7.83,70.33,10.59,44.689013,-124.095722
2022-06-09T20:02:43.000,7.93,71.24,10.59,44.689013,-124.095722
2022-06-09T20:17:43.000,7.89,70.94,10.66,44.689013,-124.095722
2022-06-09T20:32:43.000,7.91,71.36,10.78,44.689013,-124.095722
2022-06-09T20:47:43.000,8.08,73.33,11.02,44.689013,-124.095722
2022-06-09T21:02:43.000,8.39,76.56,11.24,44.689013,-124.095722
2022-06-09T21:17:43.000,8.38,76.46,11.25,44.689013,-124.095722
2022-06-09T21:32:43.000,8.65,79.16,11.41,44.689013,-124.095722
2022-06-09T21:47:43.000,8.36,76.43,11.34,44.689013,-124.095722
2022-06-09T22:02:43.000,7.92,71.87,11.04,44.689013,-124.095722
2022-06-09T22:17:43.000,8.3,75.29,11.03,44.689013,-124.095722
2022-06-09T22:32:43.000,7.94,71.83,10.88,44.689013,-124.095722
2022-06-09T22:47:43.000,7.9,71.4,10.85,44.689013,-124.095722
2022-06-09T23:02:43.000,8.16,73.74,10.85,44.689013,-124.095722
2022-06-09T23:17:43.000,8.14,73.64,10.87,44.689013,-124.095722
2022-06-09T23:32:43.000,8.36,75.62,10.87,44.689013,-124.095722
2022-06-09T23:47:43.000,8.17,73.92,10.9,44.689013,-124.095722
2022-06-10T00:02:43.000,8.35,75.66,10.94,44.689013,-124.095722
2022-06-10T00:17:43.000,8.2,74.22,10.92,44.689013,-124.095722
2022-06-10T00:32:43.000,8.49,77,10.99,44.689013,-124.095722
2022-06-10T00:47:43.000,8.23,74.53,10.95,44.689013,-124.095722
2022-06-10T01:02:43.000,8.07,73.03,10.9,44.689013,-124.095722
2022-06-10T01:17:43.000,8.05,72.9,10.92,44.689013,-124.095722
2022-06-10T01:32:43.000,8.22,74.47,10.98,44.689013,-124.095722
2022-06-10T01:47:43.000,8.3,75.26,11.01,44.689013,-124.095722
2022-06-10T02:02:43.000,8.38,76.06,11.06,44.689013,-124.095722
2022-06-10T02:17:43.000,8.33,75.65,11.06,44.689013,-124.095722
2022-06-10T02:32:43.000,8.37,76.22,11.18,44.689013,-124.095722
2022-06-10T02:47:43.000,8.44,77.09,11.32,44.689013,-124.095722
2022-06-10T03:02:43.000,8.37,76.59,11.38,44.689013,-124.095722
2022-06-10T03:17:43.000,8.22,75.06,11.28,44.689013,-124.095722
2022-06-10T03:32:43.000,8.23,75.12,11.29,44.689013,-124.095722
2022-06-10T03:47:43.000,8.2,74.96,11.33,44.689013,-124.095722
2022-06-10T04:02:43.000,8.39,76.94,11.48,44.689013,-124.095722
2022-06-10T04:17:43.000,8.4,77.18,11.57,44.689013,-124.095722
2022-06-10T04:32:43.000,8.47,77.71,11.52,44.689013,-124.095722
2022-06-10T04:47:43.000,8.49,78.34,11.78,44.689013,-124.095722
2022-06-10T05:02:43.000,8.57,79.57,12.01,44.689013,-124.095722
2022-06-10T05:17:43.000,7.13,63.76,10.37,44.689013,-124.095722
2022-06-10T05:32:43.000,6.7,59.15,9.84,44.689013,-124.095722
2022-06-10T05:47:43.000,6.66,58.6,9.73,44.689013,-124.095722
2022-06-10T06:02:43.000,6.66,58.65,9.75,44.689013,-124.095722
2022-06-10T06:17:43.000,6.67,58.75,9.78,44.689013,-124.095722
2022-06-10T06:32:43.000,6.64,58.77,9.94,44.689013,-124.095722
2022-06-10T06:47:43.000,7.16,63.96,10.34,44.689013,-124.095722
2022-06-10T07:02:43.000,8.32,75.58,11.06,44.689013,-124.095722
2022-06-10T07:17:43.000,7.77,70.12,10.78,44.689013,-124.095722
2022-06-10T07:32:43.000,7.17,64.11,10.38,44.689013,-124.095722
2022-06-10T07:47:43.000,7.31,65.36,10.41,44.689013,-124.095722
2022-06-10T08:02:43.000,7.63,68.43,10.52,44.689013,-124.095722
2022-06-10T08:17:43.000,7.69,69.01,10.57,44.689013,-124.095722
2022-06-10T08:32:43.000,7.51,67.39,10.52,44.689013,-124.095722
2022-06-10T08:47:43.000,7.61,68.14,10.48,44.689013,-124.095722
2022-06-10T09:02:43.000,7.37,65.94,10.41,44.689013,-124.095722
2022-06-10T09:17:43.000,7.32,65.63,10.5,44.689013,-124.095722
2022-06-10T09:32:43.000,7.52,67.49,10.58,44.689013,-124.095722
2022-06-10T09:47:43.000,7.92,71.7,10.92,44.689013,-124.095722
2022-06-10T10:02:43.000,8.57,79.69,12.1,44.689013,-124.095722
2022-06-10T10:17:43.000,8.92,84.11,12.7,44.689013,-124.095722
2022-06-10T10:32:43.000,9.16,87.33,13.19,44.689013,-124.095722
2022-06-10T10:47:43.000,9.33,89.57,13.54,44.689013,-124.095722
2022-06-10T11:02:43.000,9.46,91.34,13.77,44.689013,-124.095722
2022-06-10T11:17:43.000,9.13,87.38,13.38,44.689013,-124.095722
2022-06-10T11:32:43.000,9.18,87.82,13.38,44.689013,-124.095722
2022-06-10T11:47:43.000,9.38,90.21,13.61,44.689013,-124.095722
2022-06-10T12:02:43.000,9.55,92.27,13.81,44.689013,-124.095722
2022-06-10T12:17:43.000,9.61,92.91,13.84,44.689013,-124.095722
2022-06-10T12:32:43.000,9.48,91.37,13.67,44.689013,-124.095722
2022-06-10T12:47:43.000,9.44,90.72,13.57,44.689013,-124.095722
2022-06-10T13:02:43.000,9.5,91.48,13.64,44.689013,-124.095722
2022-06-10T13:17:43.000,9.51,91.67,13.7,44.689013,-124.095722
2022-06-10T13:32:43.000,9.57,92.37,13.77,44.689013,-124.095722
2022-06-10T13:47:43.000,9.56,92.39,13.81,44.689013,-124.095722
2022-06-10T14:02:43.000,9.52,92.02,13.82,44.689013,-124.095722
2022-06-10T14:17:43.000,9.52,92.04,13.84,44.689013,-124.095722
2022-06-10T14:32:43.000,9.57,92.54,13.85,44.689013,-124.095722
2022-06-10T14:47:43.000,9.62,92.99,13.84,44.689013,-124.095722
2022-06-10T15:02:43.000,9.64,93.21,13.84,44.689013,-124.095722
2022-06-10T15:17:43.000,9.61,92.86,13.81,44.689013,-124.095722
2022-06-10T15:32:43.000,9.63,92.99,13.79,44.689013,-124.095722
2022-06-10T15:47:43.000,9.62,92.93,13.79,44.689013,-124.095722
2022-06-10T16:02:43.000,9.61,92.83,13.79,44.689013,-124.095722
2022-06-10T16:17:43.000,9.61,92.77,13.79,44.689013,-124.095722
2022-06-10T16:32:43.000,9.58,92.52,13.79,44.689013,-124.095722
2022-06-10T16:47:43.000,9.21,88.28,13.42,44.689013,-124.095722
2022-06-10T17:02:43.000,7.51,68.48,11.27,44.689013,-124.095722
2022-06-10T17:17:43.000,7.68,68.9,10.52,44.689013,-124.095722
2022-06-10T17:32:43.000,7.88,70.78,10.58,44.689013,-124.095722
2022-06-10T17:47:43.000,7.94,71.41,10.66,44.689013,-124.095722
2022-06-10T18:02:43.000,7.97,71.81,10.71,44.689013,-124.095722
2022-06-10T18:17:43.000,8.01,72.3,10.78,44.689013,-124.095722
2022-06-10T18:32:43.000,8,72.28,10.83,44.689013,-124.095722
2022-06-10T18:47:43.000,7.81,70.62,10.87,44.689013,-124.095722
2022-06-10T19:02:43.000,8.09,73.31,10.97,44.689013,-124.095722
2022-06-10T19:17:43.000,8.04,72.85,10.97,44.689013,-124.095722
2022-06-10T19:32:43.000,7.83,70.7,10.79,44.689013,-124.095722
2022-06-10T19:47:43.000,7.78,70.16,10.76,44.689013,-124.095722
2022-06-10T20:02:43.000,7.68,69.3,10.78,44.689013,-124.095722
2022-06-10T20:17:43.000,7.86,71.99,11.41,44.689013,-124.095722
2022-06-10T20:32:43.000,8.38,78.38,12.35,44.689013,-124.095722
2022-06-10T20:47:43.000,8.92,84.75,13.04,44.689013,-124.095722
2022-06-10T21:02:43.000,8.5,80.42,12.86,44.689013,-124.095722
2022-06-10T21:17:43.000,8.12,76.57,12.7,44.689013,-124.095722
2022-06-10T21:32:43.000,8.29,78.49,12.87,44.689013,-124.095722
2022-06-10T21:47:43.000,8.09,74.72,11.8,44.689013,-124.095722
2022-06-10T22:02:43.000,8.34,76.77,11.66,44.689013,-124.095722
2022-06-10T22:17:43.000,8.39,77.32,11.68,44.689013,-124.095722
2022-06-10T22:32:43.000,8.37,77.22,11.75,44.689013,-124.095722
2022-06-10T22:47:43.000,8.32,77.34,12.08,44.689013,-124.095722
2022-06-10T23:02:43.000,8.43,79.25,12.56,44.689013,-124.095722
2022-06-10T23:17:43.000,8.49,79.87,12.63,44.689013,-124.095722
2022-06-10T23:32:43.000,8.52,79.69,12.34,44.689013,-124.095722
2022-06-10T23:47:43.000,8.51,79.55,12.31,44.689013,-124.095722
2022-06-11T00:02:43.000,8.47,79.27,12.4,44.689013,-124.095722
2022-06-11T00:17:43.000,8.34,77.57,12.08,44.689013,-124.095722
2022-06-11T00:32:43.000,8.41,78.57,12.28,44.689013,-124.095722
2022-06-11T00:47:43.000,8.41,79.02,12.53,44.689013,-124.095722
2022-06-11T01:02:43.000,8.04,74.35,11.85,44.689013,-124.095722
2022-06-11T01:17:43.000,8.01,74.26,11.94,44.689013,-124.095722
2022-06-11T01:32:43.000,8,73.64,11.64,44.689013,-124.095722
2022-06-11T01:47:43.000,8.04,74.22,11.79,44.689013,-124.095722
2022-06-11T02:02:43.000,8.27,76.91,12.12,44.689013,-124.095722
2022-06-11T02:17:43.000,8.26,77.09,12.24,44.689013,-124.095722
2022-06-11T02:32:43.000,8.12,75.61,12.13,44.689013,-124.095722
2022-06-11T02:47:43.000,8.18,76.23,12.17,44.689013,-124.095722
2022-06-11T03:02:43.000,8.35,78.34,12.47,44.689013,-124.095722
2022-06-11T03:17:43.000,8.21,77.03,12.49,44.689013,-124.095722
2022-06-11T03:32:43.000,8.27,77.85,12.65,44.689013,-124.095722
2022-06-11T03:47:43.000,8.36,79.15,12.91,44.689013,-124.095722
2022-06-11T04:02:43.000,8.31,78.41,12.74,44.689013,-124.095722
2022-06-11T04:17:43.000,8.24,77.64,12.68,44.689013,-124.095722
2022-06-11T04:32:43.000,8.7,82.73,13.07,44.689013,-124.095722
2022-06-11T04:47:43.000,8.53,80.94,12.98,44.689013,-124.095722
2022-06-11T05:02:43.000,8.65,81.99,12.95,44.689013,-124.095722
2022-06-11T05:17:43.000,8.45,79.82,12.81,44.689013,-124.095722
2022-06-11T05:32:43.000,8.57,81.12,12.88,44.689013,-124.095722
2022-06-11T05:47:43.000,8.27,77.78,12.58,44.689013,-124.095722
2022-06-11T06:02:43.000,8.29,78.27,12.74,44.689013,-124.095722
2022-06-11T06:17:43.000,7.85,73.06,12.15,44.689013,-124.095722
2022-06-11T06:32:43.000,8.1,75.3,12.1,44.689013,-124.095722
2022-06-11T06:47:43.000,7.58,69.68,11.62,44.689013,-124.095722
2022-06-11T07:02:43.000,7.47,68.43,11.43,44.689013,-124.095722
2022-06-11T07:17:43.000,7.01,63.19,10.73,44.689013,-124.095722
2022-06-11T07:32:43.000,7.44,66.92,10.63,44.689013,-124.095722
2022-06-11T07:47:43.000,7.25,65.17,10.64,44.689013,-124.095722
2022-06-11T08:02:43.000,7.39,66.39,10.62,44.689013,-124.095722
2022-06-11T08:17:43.000,7.64,68.77,10.66,44.689013,-124.095722
2022-06-11T08:32:43.000,7.46,67.16,10.71,44.689013,-124.095722
2022-06-11T08:47:43.000,7.66,68.96,10.69,44.689013,-124.095722
2022-06-11T09:02:43.000,7.68,69.21,10.72,44.689013,-124.095722
2022-06-11T09:17:43.000,7.54,68.3,10.98,44.689013,-124.095722
2022-06-11T09:32:43.000,7.76,70.81,11.26,44.689013,-124.095722
2022-06-11T09:47:43.000,7.85,71.48,11.2,44.689013,-124.095722
2022-06-11T10:02:43.000,7.8,71,11.15,44.689013,-124.095722
2022-06-11T10:17:43.000,7.93,72.15,11.14,44.689013,-124.095722
2022-06-11T10:32:43.000,8.04,73.19,11.16,44.689013,-124.095722
2022-06-11T10:47:43.000,8,73.05,11.27,44.689013,-124.095722
2022-06-11T11:02:43.000,7.99,73.15,11.43,44.689013,-124.095722
2022-06-11T11:17:43.000,7.82,72,11.64,44.689013,-124.095722
2022-06-11T11:32:43.000,7.85,72.68,11.89,44.689013,-124.095722
2022-06-11T11:47:43.000,8.28,77.52,12.38,44.689013,-124.095722
2022-06-11T12:02:43.000,7.91,73.13,11.85,44.689013,-124.095722
2022-06-11T12:17:43.000,7.82,71.95,11.61,44.689013,-124.095722
2022-06-11T12:32:43.000,7.98,73.58,11.73,44.689013,-124.095722
2022-06-11T12:47:43.000,8.14,75.23,11.8,44.689013,-124.095722
2022-06-11T13:02:43.000,8.05,74.31,11.8,44.689013,-124.095722
2022-06-11T13:17:43.000,8.19,75.65,11.8,44.689013,-124.095722
2022-06-11T13:32:43.000,8.08,74.77,11.87,44.689013,-124.095722
2022-06-11T13:47:43.000,7.98,73.87,11.88,44.689013,-124.095722
2022-06-11T14:02:43.000,8.24,76.44,11.96,44.689013,-124.095722
2022-06-11T14:17:43.000,7.96,73.76,11.92,44.689013,-124.095722
2022-06-11T14:32:43.000,7.97,73.88,11.94,44.689013,-124.095722
2022-06-11T14:47:43.000,8.02,74.33,11.96,44.689013,-124.095722
2022-06-11T15:02:43.000,8.12,75.51,12.1,44.689013,-124.095722
2022-06-11T15:17:43.000,8.05,75.11,12.26,44.689013,-124.095722
2022-06-11T15:32:43.000,8.12,76.09,12.44,44.689013,-124.095722
2022-06-11T15:47:43.000,8.31,78.24,12.65,44.689013,-124.095722
2022-06-11T16:02:43.000,8.44,79.84,12.83,44.689013,-124.095722
2022-06-11T16:17:43.000,8.52,80.69,12.93,44.689013,-124.095722
2022-06-11T16:32:43.000,8.54,81.08,13.01,44.689013,-124.095722
2022-06-11T16:47:43.000,8.61,81.86,13.07,44.689013,-124.095722
2022-06-11T17:02:43.000,8.61,81.82,13.08,44.689013,-124.095722
2022-06-11T17:17:43.000,8.77,83.65,13.22,44.689013,-124.095722
2022-06-11T17:32:43.000,8.75,83.52,13.24,44.689013,-124.095722
2022-06-11T17:47:43.000,8.75,83.53,13.27,44.689013,-124.095722
2022-06-11T18:02:43.000,8.73,83.41,13.29,44.689013,-124.095722
2022-06-11T18:17:43.000,8.7,83.08,13.29,44.689013,-124.095722
2022-06-11T18:32:43.000,8.69,82.98,13.29,44.689013,-124.095722
2022-06-11T18:47:43.000,8.66,82.7,13.3,44.689013,-124.095722
2022-06-11T19:02:43.000,8.57,81.85,13.27,44.689013,-124.095722
2022-06-11T19:17:43.000,8.52,81.35,13.26,44.689013,-124.095722
2022-06-11T19:32:43.000,8.44,80.55,13.24,44.689013,-124.095722
2022-06-11T19:47:43.000,8.41,80.3,13.27,44.689013,-124.095722
2022-06-11T20:02:43.000,8.32,79.42,13.27,44.689013,-124.095722
2022-06-11T20:17:43.000,8.34,79.67,13.31,44.689013,-124.095722
2022-06-11T20:32:43.000,8.04,76.18,12.9,44.689013,-124.095722
2022-06-11T20:47:43.000,7.65,71.42,12.28,44.689013,-124.095722
2022-06-11T21:02:43.000,7.35,68.12,11.94,44.689013,-124.095722
2022-06-11T21:17:43.000,7.46,69.37,12.08,44.689013,-124.095722
2022-06-11T21:32:43.000,7.84,72.99,12.15,44.689013,-124.095722
2022-06-11T21:47:43.000,7.8,72.54,12.12,44.689013,-124.095722
2022-06-11T22:02:43.000,7.65,71.12,12.1,44.689013,-124.095722
2022-06-11T22:17:43.000,7.53,69.67,11.88,44.689013,-124.095722
2022-06-11T22:32:43.000,7.45,68.94,11.87,44.689013,-124.095722
2022-06-11T22:47:43.000,7.72,71.37,11.85,44.689013,-124.095722
2022-06-11T23:02:43.000,7.66,70.74,11.8,44.689013,-124.095722
2022-06-11T23:17:43.000,7.56,69.27,11.45,44.689013,-124.095722
2022-06-11T23:32:43.000,7.57,69.24,11.36,44.689013,-124.095722
2022-06-11T23:47:43.000,7.47,68.2,11.3,44.689013,-124.095722
2022-06-12T00:02:43.000,7.48,68.31,11.32,44.689013,-124.095722
2022-06-12T00:17:43.000,7.47,68.32,11.39,44.689013,-124.095722
2022-06-12T00:32:43.000,7.71,71.05,11.7,44.689013,-124.095722
2022-06-12T00:47:43.000,7.89,72.88,11.82,44.689013,-124.095722
2022-06-12T01:02:43.000,8.03,74.43,11.96,44.689013,-124.095722
2022-06-12T01:17:43.000,8.11,75.41,12.1,44.689013,-124.095722
2022-06-12T01:32:43.000,8.04,74.94,12.21,44.689013,-124.095722
2022-06-12T01:47:43.000,8.1,75.87,12.39,44.689013,-124.095722
2022-06-12T02:02:43.000,8.15,76.56,12.54,44.689013,-124.095722
2022-06-12T02:17:43.000,8.28,78,12.65,44.689013,-124.095722
2022-06-12T02:32:43.000,8.41,79.43,12.76,44.689013,-124.095722
2022-06-12T02:47:43.000,8.54,80.8,12.86,44.689013,-124.095722
2022-06-12T03:02:43.000,8.65,81.99,12.94,44.689013,-124.095722
2022-06-12T03:17:43.000,8.41,79.12,12.63,44.689013,-124.095722
2022-06-12T03:32:43.000,8.06,75.53,12.42,44.689013,-124.095722
2022-06-12T03:47:43.000,7.75,71.84,11.94,44.689013,-124.095722
2022-06-12T04:02:43.000,7.41,67.66,11.31,44.689013,-124.095722
2022-06-12T04:17:43.000,7.38,67.46,11.34,44.689013,-124.095722
2022-06-12T04:32:43.000,7.44,68.38,11.56,44.689013,-124.095722
2022-06-12T04:47:43.000,7.52,69.44,11.77,44.689013,-124.095722
2022-06-12T05:02:43.000,7.62,70.65,11.94,44.689013,-124.095722
2022-06-12T05:17:43.000,7.72,71.76,12.1,44.689013,-124.095722
2022-06-12T05:32:43.000,7.68,71.52,12.15,44.689013,-124.095722
2022-06-12T05:47:43.000,7.62,71.05,12.19,44.689013,-124.095722
2022-06-12T06:02:43.000,7.64,71.33,12.28,44.689013,-124.095722
2022-06-12T06:17:43.000,7.7,72.06,12.39,44.689013,-124.095722
2022-06-12T06:32:43.000,7.83,73.51,12.53,44.689013,-124.095722
2022-06-12T06:47:43.000,8.36,79.08,12.84,44.689013,-124.095722
2022-06-12T07:02:43.000,8.68,82.4,12.99,44.689013,-124.095722
2022-06-12T07:17:43.000,8.85,84.14,13.09,44.689013,-124.095722
2022-06-12T07:32:43.000,8.93,85.06,13.16,44.689013,-124.095722
2022-06-12T07:47:43.000,7.63,71.08,12.15,44.689013,-124.095722
2022-06-12T08:02:43.000,6.56,59.02,10.68,44.689013,-124.095722
2022-06-12T08:17:43.000,6.39,57.31,10.5,44.689013,-124.095722
2022-06-12T08:32:43.000,6.42,57.43,10.43,44.689013,-124.095722
2022-06-12T08:47:43.000,6.66,59.72,10.5,44.689013,-124.095722
2022-06-12T09:02:43.000,6.89,61.96,10.62,44.689013,-124.095722
2022-06-12T09:17:43.000,6.95,62.54,10.68,44.689013,-124.095722
2022-06-12T09:32:43.000,7.02,63.47,10.87,44.689013,-124.095722
2022-06-12T09:47:43.000,7.06,64.06,11.01,44.689013,-124.095722
2022-06-12T10:02:43.000,7.07,64.33,11.17,44.689013,-124.095722
2022-06-12T10:17:43.000,7.17,65.6,11.39,44.689013,-124.095722
2022-06-12T10:32:43.000,7.21,66.19,11.54,44.689013,-124.095722
2022-06-12T10:47:43.000,7.22,66.52,11.69,44.689013,-124.095722
2022-06-12T11:02:43.000,6.94,63.48,11.38,44.689013,-124.095722
2022-06-12T11:17:43.000,6.81,61.72,10.95,44.689013,-124.095722
2022-06-12T11:32:43.000,6.76,61.41,11.06,44.689013,-124.095722
2022-06-12T11:47:43.000,6.78,61.97,11.34,44.689013,-124.095722
2022-06-12T12:02:43.000,6.74,61.62,11.34,44.689013,-124.095722
2022-06-12T12:17:43.000,6.82,62.66,11.55,44.689013,-124.095722
2022-06-12T12:32:43.000,6.96,64.27,11.78,44.689013,-124.095722
2022-06-12T12:47:43.000,7.31,67.96,12.09,44.689013,-124.095722
2022-06-12T13:02:43.000,7.49,69.95,12.28,44.689013,-124.095722
2022-06-12T13:17:43.000,7.54,70.17,12.12,44.689013,-124.095722
2022-06-12T13:32:43.000,7.47,69.63,12.2,44.689013,-124.095722
2022-06-12T13:47:43.000,7.2,66.13,11.57,44.689013,-124.095722
2022-06-12T14:02:43.000,7.13,65.38,11.48,44.689013,-124.095722
2022-06-12T14:17:43.000,7.18,65.86,11.5,44.689013,-124.095722
2022-06-12T14:32:43.000,7.04,64.3,11.34,44.689013,-124.095722
2022-06-12T14:47:43.000,7.06,64.62,11.43,44.689013,-124.095722
2022-06-12T15:02:43.000,7.12,65.56,11.64,44.689013,-124.095722
2022-06-12T15:17:43.000,7.25,67.11,11.9,44.689013,-124.095722
2022-06-12T15:32:43.000,8.13,76.15,12.39,44.689013,-124.095722
2022-06-12T15:47:43.000,8.06,76.35,12.92,44.689013,-124.095722
2022-06-12T16:02:43.000,8.37,79.21,12.89,44.689013,-124.095722
2022-06-12T16:17:43.000,8.59,81.83,13.18,44.689013,-124.095722
2022-06-12T16:32:43.000,8.17,77.5,12.99,44.689013,-124.095722
2022-06-12T16:47:43.000,7.72,72.3,12.38,44.689013,-124.095722
2022-06-12T17:02:43.000,7.19,66.2,11.66,44.689013,-124.095722
2022-06-12T17:17:43.000,6.94,63.26,11.24,44.689013,-124.095722
2022-06-12T17:32:43.000,6.19,55.52,10.54,44.689013,-124.095722
2022-06-12T17:47:43.000,6.66,60.39,10.97,44.689013,-124.095722
2022-06-12T18:02:43.000,7.43,68.61,11.8,44.689013,-124.095722
2022-06-12T18:17:43.000,7.73,72.1,12.22,44.689013,-124.095722
2022-06-12T18:32:43.000,8.01,75.22,12.54,44.689013,-124.095722
2022-06-12T18:47:43.000,7.02,64.67,11.7,44.689013,-124.095722
2022-06-12T19:02:43.000,8.04,75.6,12.58,44.689013,-124.095722
2022-06-12T19:17:43.000,8.73,83.03,13.11,44.689013,-124.095722
2022-06-12T19:32:43.000,5.76,51.87,10.69,44.689013,-124.095722
2022-06-12T19:47:43.000,5.02,44.22,9.75,44.689013,-124.095722
2022-06-12T20:02:43.000,4.93,43.24,9.56,44.689013,-124.095722
2022-06-12T20:17:43.000,5.35,47.22,9.86,44.689013,-124.095722
2022-06-12T20:32:43.000,6.16,55,10.34,44.689013,-124.095722
2022-06-12T20:47:43.000,6.51,58.51,10.64,44.689013,-124.095722
2022-06-12T21:02:43.000,6.57,59.15,10.66,44.689013,-124.095722
2022-06-12T21:17:43.000,6.5,58.35,10.58,44.689013,-124.095722
2022-06-12T21:32:43.000,6.4,57.24,10.41,44.689013,-124.095722
2022-06-12T21:47:43.000,6.05,53.77,10.17,44.689013,-124.095722
2022-06-12T22:02:43.000,5.8,51.48,10.05,44.689013,-124.095722
2022-06-12T22:17:43.000,6.25,55.94,10.42,44.689013,-124.095722
2022-06-12T22:32:43.000,6.04,53.85,10.25,44.689013,-124.095722
2022-06-12T22:47:43.000,6.33,56.77,10.56,44.689013,-124.095722
2022-06-12T23:02:43.000,6.43,57.74,10.59,44.689013,-124.095722
2022-06-12T23:17:43.000,6.39,57.45,10.61,44.689013,-124.095722
2022-06-12T23:32:43.000,6.46,58.12,10.68,44.689013,-124.095722
2022-06-12T23:47:43.000,6.83,62.06,11.07,44.689013,-124.095722
2022-06-13T00:02:43.000,7,63.98,11.32,44.689013,-124.095722
2022-06-13T00:17:43.000,7.27,67,11.71,44.689013,-124.095722
2022-06-13T00:32:43.000,7,63.94,11.34,44.689013,-124.095722
2022-06-13T00:47:43.000,7.22,66.34,11.59,44.689013,-124.095722
2022-06-13T01:02:43.000,7.32,67.3,11.62,44.689013,-124.095722
2022-06-13T01:17:43.000,6.35,57.47,10.94,44.689013,-124.095722
2022-06-13T01:32:43.000,5.49,49.24,10.5,44.689013,-124.095722
2022-06-13T01:47:43.000,4.84,42.63,9.73,44.689013,-124.095722
2022-06-13T02:02:43.000,4.49,39.05,9.24,44.689013,-124.095722
2022-06-13T02:17:43.000,4.52,39.17,9.12,44.689013,-124.095722
2022-06-13T02:32:43.000,4.55,39.49,9.09,44.689013,-124.095722
2022-06-13T02:47:43.000,4.5,38.96,9.04,44.689013,-124.095722
2022-06-13T03:02:43.000,4.31,37.22,8.95,44.689013,-124.095722
2022-06-13T03:17:43.000,4.37,37.84,9,44.689013,-124.095722
2022-06-13T03:32:43.000,4.57,39.6,9.11,44.689013,-124.095722
2022-06-13T03:47:43.000,4.75,41.32,9.19,44.689013,-124.095722
2022-06-13T04:02:43.000,4.8,41.76,9.23,44.689013,-124.095722
2022-06-13T04:17:43.000,5.06,44.24,9.43,44.689013,-124.095722
2022-06-13T04:32:43.000,5.32,46.58,9.52,44.689013,-124.095722
2022-06-13T04:47:43.000,5.45,47.77,9.56,44.689013,-124.095722
2022-06-13T05:02:43.000,5.53,48.58,9.63,44.689013,-124.095722
2022-06-13T05:17:43.000,5.63,49.49,9.7,44.689013,-124.095722
2022-06-13T05:32:43.000,5.66,49.84,9.77,44.689013,-124.095722
2022-06-13T05:47:43.000,5.7,50.4,9.93,44.689013,-124.095722
2022-06-13T06:02:43.000,5.32,47,9.84,44.689013,-124.095722
2022-06-13T06:17:43.000,5.66,50.25,10.1,44.689013,-124.095722
2022-06-13T06:32:43.000,5.8,51.85,10.38,44.689013,-124.095722
2022-06-13T06:47:43.000,5.64,49.73,9.82,44.689013,-124.095722
2022-06-13T07:02:43.000,5.62,49.58,9.8,44.689013,-124.095722
2022-06-13T07:17:43.000,5.61,49.33,9.72,44.689013,-124.095722
2022-06-13T07:32:43.000,5.61,49.37,9.73,44.689013,-124.095722
2022-06-13T07:47:43.000,5.57,48.98,9.66,44.689013,-124.095722
2022-06-13T08:02:43.000,5.5,48.31,9.62,44.689013,-124.095722
2022-06-13T08:17:43.000,5.44,47.67,9.54,44.689013,-124.095722
2022-06-13T08:32:43.000,5.39,47.25,9.54,44.689013,-124.095722
2022-06-13T08:47:43.000,5.26,45.96,9.45,44.689013,-124.095722
2022-06-13T09:02:43.000,5.18,45.27,9.39,44.689013,-124.095722
2022-06-13T09:17:43.000,5.13,44.81,9.37,44.689013,-124.095722
2022-06-13T09:32:43.000,5.17,45.15,9.42,44.689013,-124.095722
2022-06-13T09:47:43.000,5.57,48.9,9.64,44.689013,-124.095722
2022-06-13T10:02:43.000,5.82,51.53,9.94,44.689013,-124.095722
2022-06-13T10:17:43.000,5.84,52.02,10.24,44.689013,-124.095722
2022-06-13T10:32:43.000,6.21,55.78,10.59,44.689013,-124.095722
2022-06-13T10:47:43.000,6.53,59.02,10.83,44.689013,-124.095722
2022-06-13T11:02:43.000,6.61,59.91,10.94,44.689013,-124.095722
2022-06-13T11:17:43.000,6.52,58.96,10.86,44.689013,-124.095722
2022-06-13T11:32:43.000,6.41,57.48,10.55,44.689013,-124.095722
2022-06-13T11:47:43.000,6.22,55.57,10.35,44.689013,-124.095722
2022-06-13T12:02:43.000,6.26,55.97,10.36,44.689013,-124.095722
2022-06-13T12:17:43.000,6.27,56.03,10.34,44.689013,-124.095722
2022-06-13T12:32:43.000,5.73,50.65,9.9,44.689013,-124.095722
2022-06-13T12:47:43.000,5.62,49.49,9.77,44.689013,-124.095722
2022-06-13T13:02:43.000,5.33,46.65,9.49,44.689013,-124.095722
2022-06-13T13:17:43.000,5.33,46.39,9.28,44.689013,-124.095722
2022-06-13T13:32:43.000,5.37,46.6,9.16,44.689013,-124.095722
2022-06-13T13:47:43.000,5.28,45.81,9.11,44.689013,-124.095722
2022-06-13T14:02:43.000,5.13,44.43,9.07,44.689013,-124.095722
2022-06-13T14:17:43.000,5.13,44.45,9.04,44.689013,-124.095722
2022-06-13T14:32:43.000,5.13,44.43,9.05,44.689013,-124.095722
2022-06-13T14:47:43.000,5.12,44.32,9.07,44.689013,-124.095722
2022-06-13T15:02:43.000,5.07,43.89,9.04,44.689013,-124.095722
2022-06-13T15:17:43.000,5.05,43.76,9.05,44.689013,-124.095722
2022-06-13T15:32:43.000,5.06,43.84,9.06,44.689013,-124.095722
2022-06-13T15:47:43.000,5.2,45.17,9.15,44.689013,-124.095722
2022-06-13T16:02:43.000,5.62,49.28,9.55,44.689013,-124.095722
2022-06-13T16:17:43.000,5.89,51.99,9.82,44.689013,-124.095722
2022-06-13T16:32:43.000,5.57,48.81,9.56,44.689013,-124.095722
2022-06-13T16:47:43.000,5.84,51.48,9.81,44.689013,-124.095722
2022-06-13T17:02:43.000,6.2,55.19,10.19,44.689013,-124.095722
2022-06-13T17:17:43.000,6.09,54.08,10.08,44.689013,-124.095722
2022-06-13T17:32:43.000,6.15,54.68,10.16,44.689013,-124.095722
2022-06-13T17:47:43.000,6.13,54.1,9.87,44.689013,-124.095722
2022-06-13T18:02:43.000,5.56,48.78,9.56,44.689013,-124.095722
2022-06-13T18:17:43.000,5.3,46.12,9.28,44.689013,-124.095722
2022-06-13T18:32:43.000,5.33,46.38,9.26,44.689013,-124.095722
2022-06-13T18:47:43.000,5.37,46.73,9.28,44.689013,-124.095722
2022-06-13T19:02:43.000,5.45,47.54,9.35,44.689013,-124.095722
2022-06-13T19:17:43.000,5.5,48.05,9.44,44.689013,-124.095722
2022-06-13T19:32:43.000,5.9,52.09,9.82,44.689013,-124.095722
2022-06-13T19:47:43.000,6.05,53.65,10.05,44.689013,-124.095722
2022-06-13T20:02:43.000,6.07,53.98,10.13,44.689013,-124.095722
2022-06-13T20:17:43.000,6.23,55.68,10.37,44.689013,-124.095722
2022-06-13T20:32:43.000,6.2,55.42,10.36,44.689013,-124.095722
2022-06-13T20:47:43.000,5.96,52.81,10.03,44.689013,-124.095722
2022-06-13T21:02:43.000,5.77,50.87,9.79,44.689013,-124.095722
2022-06-13T21:17:43.000,5.87,51.46,9.58,44.689013,-124.095722
2022-06-13T21:32:43.000,5.82,50.9,9.45,44.689013,-124.095722
2022-06-13T21:47:43.000,5.76,50.28,9.4,44.689013,-124.095722
2022-06-13T22:02:43.000,5.75,50.21,9.42,44.689013,-124.095722
2022-06-13T22:17:43.000,5.72,50,9.42,44.689013,-124.095722
2022-06-13T22:32:43.000,5.77,50.45,9.45,44.689013,-124.095722
2022-06-13T22:47:43.000,5.77,50.55,9.49,44.689013,-124.095722
2022-06-13T23:02:43.000,5.63,49.26,9.46,44.689013,-124.095722
2022-06-13T23:17:43.000,5.64,49.26,9.41,44.689013,-124.095722
2022-06-13T23:32:43.000,5.79,50.68,9.51,44.689013,-124.095722
2022-06-13T23:47:43.000,6.01,53.07,9.85,44.689013,-124.095722
2022-06-14T00:02:43.000,6.16,54.73,10.13,44.689013,-124.095722
2022-06-14T00:17:43.000,6.15,54.77,10.2,44.689013,-124.095722
2022-06-14T00:32:43.000,6.25,55.79,10.34,44.689013,-124.095722
2022-06-14T00:47:43.000,6.21,55.39,10.27,44.689013,-124.095722
2022-06-14T01:02:43.000,6.19,54.93,10.08,44.689013,-124.095722
2022-06-14T01:17:43.000,6.18,54.69,9.97,44.689013,-124.095722
2022-06-14T01:32:43.000,6.05,53.37,9.83,44.689013,-124.095722
2022-06-14T01:47:43.000,5.67,49.73,9.58,44.689013,-124.095722
2022-06-14T02:02:43.000,5.49,47.98,9.45,44.689013,-124.095722
2022-06-14T02:17:43.000,5.32,46.42,9.35,44.689013,-124.095722
2022-06-14T02:32:43.000,5.26,45.82,9.3,44.689013,-124.095722
2022-06-14T02:47:43.000,5.27,45.82,9.24,44.689013,-124.095722
2022-06-14T03:02:43.000,5.38,46.69,9.16,44.689013,-124.095722
2022-06-14T03:17:43.000,5.4,46.85,9.1,44.689013,-124.095722
2022-06-14T03:32:43.000,5.37,46.52,9.07,44.689013,-124.095722
2022-06-14T03:47:43.000,5.35,46.35,9.08,44.689013,-124.095722
2022-06-14T04:02:43.000,5.28,45.79,9.1,44.689013,-124.095722
2022-06-14T04:17:43.000,5.21,45.3,9.18,44.689013,-124.095722
2022-06-14T04:32:43.000,5.32,46.32,9.26,44.689013,-124.095722
2022-06-14T04:47:43.000,5.3,46.15,9.26,44.689013,-124.095722
2022-06-14T05:02:43.000,5.26,45.78,9.25,44.689013,-124.095722
2022-06-14T05:17:43.000,5.1,44.25,9.16,44.689013,-124.095722
2022-06-14T05:32:43.000,4.86,42.1,9.06,44.689013,-124.095722
2022-06-14T05:47:43.000,4.72,40.78,8.98,44.689013,-124.095722
2022-06-14T06:02:43.000,4.75,41.05,8.95,44.689013,-124.095722
2022-06-14T06:17:43.000,4.81,41.55,8.92,44.689013,-124.095722
2022-06-14T06:32:43.000,4.77,41.11,8.88,44.689013,-124.095722
2022-06-14T06:47:43.000,4.73,40.76,8.88,44.689013,-124.095722
2022-06-14T07:02:43.000,4.69,40.44,8.88,44.689013,-124.095722
2022-06-14T07:17:43.000,4.74,40.92,8.9,44.689013,-124.095722
2022-06-14T07:32:43.000,4.85,41.93,8.97,44.689013,-124.095722
2022-06-14T07:47:43.000,5.07,44.02,9.16,44.689013,-124.095722
2022-06-14T08:02:43.000,5.6,48.95,9.47,44.689013,-124.095722
2022-06-14T08:17:43.000,5.93,52.35,9.82,44.689013,-124.095722
2022-06-14T08:32:43.000,6.09,53.98,10.01,44.689013,-124.095722
2022-06-14T08:47:43.000,5.87,51.83,9.84,44.689013,-124.095722
2022-06-14T09:02:43.000,5.95,52.66,9.94,44.689013,-124.095722
2022-06-14T09:17:43.000,5.56,48.82,9.63,44.689013,-124.095722
2022-06-14T09:32:43.000,5.15,44.9,9.3,44.689013,-124.095722
2022-06-14T09:47:43.000,5.16,44.94,9.28,44.689013,-124.095722
2022-06-14T10:02:43.000,5.15,44.77,9.21,44.689013,-124.095722
2022-06-14T10:17:43.000,5.21,45.35,9.23,44.689013,-124.095722
2022-06-14T10:32:43.000,5.19,45.12,9.24,44.689013,-124.095722
2022-06-14T10:47:43.000,5.18,45.09,9.25,44.689013,-124.095722
2022-06-14T11:02:43.000,5.34,46.6,9.33,44.689013,-124.095722
2022-06-14T11:17:43.000,5.47,47.71,9.37,44.689013,-124.095722
2022-06-14T11:32:43.000,5.56,48.54,9.37,44.689013,-124.095722
2022-06-14T11:47:43.000,5.67,49.45,9.35,44.689013,-124.095722
2022-06-14T12:02:43.000,5.69,49.6,9.3,44.689013,-124.095722
2022-06-14T12:17:43.000,5.61,48.8,9.25,44.689013,-124.095722
2022-06-14T12:32:43.000,5.64,49.01,9.21,44.689013,-124.095722
2022-06-14T12:47:43.000,5.64,48.99,9.18,44.689013,-124.095722
2022-06-14T13:02:43.000,5.7,49.5,9.16,44.689013,-124.095722
2022-06-14T13:17:43.000,5.65,49.05,9.16,44.689013,-124.095722
2022-06-14T13:32:43.000,5.61,48.74,9.17,44.689013,-124.095722
2022-06-14T13:47:43.000,5.53,47.99,9.15,44.689013,-124.095722
2022-06-14T14:02:43.000,5.49,47.63,9.14,44.689013,-124.095722
2022-06-14T14:17:43.000,5.43,47.06,9.11,44.689013,-124.095722
2022-06-14T14:32:43.000,5.37,46.54,9.1,44.689013,-124.095722
2022-06-14T14:47:43.000,5.4,46.85,9.12,44.689013,-124.095722
2022-06-14T15:02:43.000,5.56,48.34,9.18,44.689013,-124.095722
2022-06-14T15:17:43.000,5.54,48.12,9.17,44.689013,-124.095722
2022-06-14T15:32:43.000,5.42,47.01,9.13,44.689013,-124.095722
2022-06-14T15:47:43.000,4.84,41.82,8.98,44.689013,-124.095722
2022-06-14T16:02:43.000,4.45,38.36,8.88,44.689013,-124.095722
2022-06-14T16:17:43.000,4.37,37.66,8.85,44.689013,-124.095722
2022-06-14T16:32:43.000,4.38,37.73,8.85,44.689013,-124.095722
2022-06-14T16:47:43.000,4.27,36.76,8.83,44.689013,-124.095722
2022-06-14T17:02:43.000,4.28,36.89,8.83,44.689013,-124.095722
2022-06-14T17:17:43.000,4.37,37.71,8.88,44.689013,-124.095722
2022-06-14T17:32:43.000,4.44,38.31,8.9,44.689013,-124.095722
2022-06-14T17:47:43.000,4.58,39.61,8.95,44.689013,-124.095722
2022-06-14T18:02:43.000,4.54,39.26,8.97,44.689013,-124.095722
2022-06-14T18:17:43.000,4.72,40.85,9.02,44.689013,-124.095722
2022-06-14T18:32:43.000,4.91,42.58,9.09,44.689013,-124.095722
2022-06-14T18:47:43.000,5.4,47.11,9.35,44.689013,-124.095722
2022-06-14T19:02:43.000,5.56,48.72,9.54,44.689013,-124.095722
2022-06-14T19:17:43.000,5.6,49.2,9.65,44.689013,-124.095722
2022-06-14T19:32:43.000,5.52,48.48,9.6,44.689013,-124.095722
2022-06-14T19:47:43.000,5.56,48.86,9.66,44.689013,-124.095722
2022-06-14T20:02:43.000,5.49,48.25,9.63,44.689013,-124.095722
2022-06-14T20:17:43.000,5.36,46.94,9.52,44.689013,-124.095722
2022-06-14T20:32:43.000,5.75,50.72,9.81,44.689013,-124.095722
2022-06-14T20:47:43.000,6.1,54.13,10.06,44.689013,-124.095722
2022-06-14T21:02:43.000,6.52,58.37,10.47,44.689013,-124.095722
2022-06-14T21:17:43.000,6.41,57.45,10.5,44.689013,-124.095722
2022-06-14T21:32:43.000,6.17,55.07,10.29,44.689013,-124.095722
2022-06-14T21:47:43.000,6.59,59.01,10.49,44.689013,-124.095722
2022-06-14T22:02:43.000,6.57,58.86,10.45,44.689013,-124.095722
2022-06-14T22:17:43.000,6.15,54.62,10.1,44.689013,-124.095722
2022-06-14T22:32:43.000,6.21,55.17,10.1,44.689013,-124.095722
2022-06-14T22:47:43.000,5.91,52.06,9.78,44.689013,-124.095722
2022-06-14T23:02:43.000,5.89,51.63,9.55,44.689013,-124.095722
2022-06-14T23:17:43.000,5.89,51.47,9.44,44.689013,-124.095722
2022-06-14T23:32:43.000,5.79,50.58,9.4,44.689013,-124.095722
2022-06-14T23:47:43.000,5.77,50.37,9.4,44.689013,-124.095722
2022-06-15T00:02:43.000,5.71,49.9,9.4,44.689013,-124.095722
2022-06-15T00:17:43.000,5.8,50.64,9.37,44.689013,-124.095722
2022-06-15T00:32:43.000,5.49,47.9,9.32,44.689013,-124.095722
2022-06-15T00:47:43.000,5.52,48.07,9.28,44.689013,-124.095722
2022-06-15T01:02:43.000,5.49,47.78,9.23,44.689013,-124.095722
2022-06-15T01:17:43.000,5.55,48.19,9.17,44.689013,-124.095722
2022-06-15T01:32:43.000,5.32,46.14,9.09,44.689013,-124.095722
2022-06-15T01:47:43.000,5.47,47.32,9.02,44.689013,-124.095722
2022-06-15T02:02:43.000,5.56,48.05,8.99,44.689013,-124.095722
2022-06-15T02:17:43.000,5.59,48.31,8.97,44.689013,-124.095722
2022-06-15T02:32:43.000,5.58,48.23,8.97,44.689013,-124.095722
2022-06-15T02:47:43.000,5.58,48.26,8.99,44.689013,-124.095722
2022-06-15T03:02:43.000,5.58,48.25,9,44.689013,-124.095722
2022-06-15T03:17:43.000,5.55,48.03,9.01,44.689013,-124.095722
2022-06-15T03:32:43.000,5.5,47.63,9.02,44.689013,-124.095722
2022-06-15T03:47:43.000,5.44,47.11,9.06,44.689013,-124.095722
2022-06-15T04:02:43.000,5.36,46.47,9.11,44.689013,-124.095722
2022-06-15T04:17:43.000,5.34,46.38,9.14,44.689013,-124.095722
2022-06-15T04:32:43.000,5.31,46.06,9.11,44.689013,-124.095722
2022-06-15T04:47:43.000,5.35,46.35,9.09,44.689013,-124.095722
2022-06-15T05:02:43.000,5.35,46.42,9.14,44.689013,-124.095722
2022-06-15T05:17:43.000,5.31,46.09,9.11,44.689013,-124.095722
2022-06-15T05:32:43.000,5.27,45.73,9.12,44.689013,-124.095722
2022-06-15T05:47:43.000,5.08,44.01,9.04,44.689013,-124.095722
2022-06-15T06:02:43.000,5.05,43.76,9.04,44.689013,-124.095722
2022-06-15T06:17:43.000,4.96,42.92,8.99,44.689013,-124.095722
2022-06-15T06:32:43.000,4.88,42.14,8.95,44.689013,-124.095722
2022-06-15T06:47:43.000,4.82,41.59,8.9,44.689013,-124.095722
2022-06-15T07:02:43.000,4.7,40.5,8.87,44.689013,-124.095722
2022-06-15T07:17:43.000,4.65,40.08,8.87,44.689013,-124.095722
2022-06-15T07:32:43.000,4.75,41.04,8.91,44.689013,-124.095722
2022-06-15T07:47:43.000,4.82,41.69,8.98,44.689013,-124.095722
2022-06-15T08:02:43.000,4.9,42.42,9.04,44.689013,-124.095722
2022-06-15T08:17:43.000,4.98,43.19,9.08,44.689013,-124.095722
2022-06-15T08:32:43.000,5.1,44.25,9.14,44.689013,-124.095722
2022-06-15T08:47:43.000,5.08,44.13,9.16,44.689013,-124.095722
2022-06-15T09:02:43.000,5.11,44.36,9.18,44.689013,-124.095722
2022-06-15T09:17:43.000,4.99,43.28,9.14,44.689013,-124.095722
2022-06-15T09:32:43.000,5.03,43.64,9.14,44.689013,-124.095722
2022-06-15T09:47:43.000,5.03,43.65,9.14,44.689013,-124.095722
2022-06-15T10:02:43.000,4.85,42.08,9.09,44.689013,-124.095722
2022-06-15T10:17:43.000,4.8,41.62,9.07,44.689013,-124.095722
2022-06-15T10:32:43.000,4.7,40.68,9.02,44.689013,-124.095722
2022-06-15T10:47:43.000,4.7,40.7,9.05,44.689013,-124.095722
2022-06-15T11:02:43.000,4.95,42.98,9.15,44.689013,-124.095722
2022-06-15T11:17:43.000,5.09,44.21,9.21,44.689013,-124.095722
2022-06-15T11:32:43.000,5.2,45.27,9.28,44.689013,-124.095722
2022-06-15T11:47:43.000,5.49,47.86,9.34,44.689013,-124.095722
2022-06-15T12:02:43.000,5.72,49.94,9.4,44.689013,-124.095722
2022-06-15T12:17:43.000,5.94,51.89,9.42,44.689013,-124.095722
2022-06-15T12:32:43.000,5.94,51.9,9.42,44.689013,-124.095722
2022-06-15T12:47:43.000,5.84,50.94,9.35,44.689013,-124.095722
2022-06-15T13:02:43.000,5.69,49.49,9.26,44.689013,-124.095722
2022-06-15T13:17:43.000,5.69,49.5,9.21,44.689013,-124.095722
2022-06-15T13:32:43.000,5.82,50.5,9.14,44.689013,-124.095722
2022-06-15T13:47:43.000,5.68,49.24,9.12,44.689013,-124.095722
2022-06-15T14:02:43.000,5.12,44.31,9.05,44.689013,-124.095722
2022-06-15T14:17:43.000,4.85,41.89,8.93,44.689013,-124.095722
2022-06-15T14:32:43.000,4.79,41.3,8.85,44.689013,-124.095722
2022-06-15T14:47:43.000,4.8,41.44,8.9,44.689013,-124.095722
2022-06-15T15:02:43.000,4.9,42.28,8.92,44.689013,-124.095722
2022-06-15T15:17:43.000,4.94,42.67,8.93,44.689013,-124.095722
2022-06-15T15:32:43.000,5,43.16,8.93,44.689013,-124.095722
2022-06-15T15:47:43.000,5.06,43.7,8.95,44.689013,-124.095722
2022-06-15T16:02:43.000,5.1,44.08,8.96,44.689013,-124.095722
2022-06-15T16:17:43.000,5.05,43.65,8.95,44.689013,-124.095722
2022-06-15T16:32:43.000,5.08,43.86,8.92,44.689013,-124.095722
2022-06-15T16:47:43.000,5.23,45.1,8.88,44.689013,-124.095722
2022-06-15T17:02:43.000,5.15,44.34,8.81,44.689013,-124.095722
2022-06-15T17:17:43.000,4.98,42.91,8.8,44.689013,-124.095722
2022-06-15T17:32:43.000,4.64,39.86,8.71,44.689013,-124.095722
2022-06-15T17:47:43.000,4.49,38.52,8.65,44.689013,-124.095722
2022-06-15T18:02:43.000,4.43,37.98,8.64,44.689013,-124.095722
2022-06-15T18:17:43.000,4.45,38.16,8.63,44.689013,-124.095722
2022-06-15T18:32:43.000,4.45,38.14,8.64,44.689013,-124.095722
2022-06-15T18:47:43.000,4.48,38.45,8.64,44.689013,-124.095722
2022-06-15T19:02:43.000,4.6,39.46,8.66,44.689013,-124.095722
2022-06-15T19:17:43.000,5.2,44.8,8.85,44.689013,-124.095722
2022-06-15T19:32:43.000,5.42,46.81,8.96,44.689013,-124.095722
2022-06-15T19:47:43.000,5.62,48.82,9.16,44.689013,-124.095722
2022-06-15T20:02:43.000,5.61,48.67,9.11,44.689013,-124.095722
2022-06-15T20:17:43.000,5.59,48.53,9.12,44.689013,-124.095722
2022-06-15T20:32:43.000,5.71,49.58,9.19,44.689013,-124.095722
2022-06-15T20:47:43.000,6.04,52.78,9.4,44.689013,-124.095722
2022-06-15T21:02:43.000,6.24,54.71,9.54,44.689013,-124.095722
2022-06-15T21:17:43.000,5.48,47.46,9.07,44.689013,-124.095722
2022-06-15T21:32:43.000,4.77,41.03,8.76,44.689013,-124.095722
2022-06-15T21:47:43.000,4.68,40.21,8.71,44.689013,-124.095722
2022-06-15T22:02:43.000,4.79,41.15,8.71,44.689013,-124.095722
2022-06-15T22:17:43.000,4.79,41.18,8.7,44.689013,-124.095722
2022-06-15T22:32:43.000,4.78,41.12,8.73,44.689013,-124.095722
2022-06-15T22:47:43.000,4.97,42.77,8.78,44.689013,-124.095722
2022-06-15T23:02:43.000,5.21,44.91,8.84,44.689013,-124.095722
2022-06-15T23:17:43.000,5.28,45.51,8.88,44.689013,-124.095722
2022-06-15T23:32:43.000,5.23,45.1,8.86,44.689013,-124.095722
2022-06-15T23:47:43.000,5.19,44.74,8.85,44.689013,-124.095722
2022-06-16T00:02:43.000,5.05,43.48,8.78,44.689013,-124.095722
2022-06-16T00:17:43.000,5.05,43.45,8.78,44.689013,-124.095722
2022-06-16T00:32:43.000,4.9,42.09,8.71,44.689013,-124.095722
2022-06-16T00:47:43.000,4.55,39.05,8.64,44.689013,-124.095722
2022-06-16T01:02:43.000,4.48,38.37,8.62,44.689013,-124.095722
2022-06-16T01:17:43.000,4.48,38.43,8.62,44.689013,-124.095722
2022-06-16T01:32:43.000,4.48,38.42,8.64,44.689013,-124.095722
2022-06-16T01:47:43.000,4.43,37.96,8.63,44.689013,-124.095722
2022-06-16T02:02:43.000,4.42,37.86,8.63,44.689013,-124.095722
2022-06-16T02:17:43.000,4.34,37.24,8.61,44.689013,-124.095722
2022-06-16T02:32:43.000,4.3,36.88,8.61,44.689013,-124.095722
2022-06-16T02:47:43.000,4.03,34.51,8.57,44.689013,-124.095722
2022-06-16T03:02:43.000,3.65,31.21,8.52,44.689013,-124.095722
2022-06-16T03:17:43.000,3.92,33.57,8.56,44.689013,-124.095722
2022-06-16T03:32:43.000,3.97,33.97,8.57,44.689013,-124.095722
2022-06-16T03:47:43.000,4.23,36.27,8.61,44.689013,-124.095722
2022-06-16T04:02:43.000,4.62,39.73,8.73,44.689013,-124.095722
2022-06-16T04:17:43.000,5.08,43.88,8.92,44.689013,-124.095722
2022-06-16T04:32:43.000,5.14,44.46,9.02,44.689013,-124.095722
2022-06-16T04:47:43.000,4.44,38.13,8.73,44.689013,-124.095722
2022-06-16T05:02:43.000,4.43,38.1,8.75,44.689013,-124.095722
2022-06-16T05:17:43.000,3.9,33.4,8.62,44.689013,-124.095722
2022-06-16T05:32:43.000,3.85,32.99,8.61,44.689013,-124.095722
2022-06-16T05:47:43.000,3.15,26.93,8.47,44.689013,-124.095722
2022-06-16T06:02:43.000,2.91,24.84,8.44,44.689013,-124.095722
2022-06-16T06:17:43.000,2.79,23.78,8.42,44.689013,-124.095722
2022-06-16T06:32:43.000,2.85,24.28,8.42,44.689013,-124.095722
2022-06-16T06:47:43.000,2.93,25.02,8.45,44.689013,-124.095722
2022-06-16T07:02:43.000,3.28,28,8.5,44.689013,-124.095722
2022-06-16T07:17:43.000,3.61,30.89,8.56,44.689013,-124.095722
2022-06-16T07:32:43.000,3.79,32.5,8.62,44.689013,-124.095722
2022-06-16T07:47:43.000,3.85,33.04,8.65,44.689013,-124.095722
2022-06-16T08:02:43.000,3.91,33.56,8.69,44.689013,-124.095722
2022-06-16T08:17:43.000,3.92,33.63,8.71,44.689013,-124.095722
2022-06-16T08:32:43.000,4.09,35.22,8.77,44.689013,-124.095722
2022-06-16T08:47:43.000,4.28,36.86,8.81,44.689013,-124.095722
2022-06-16T09:02:43.000,4.25,36.62,8.79,44.689013,-124.095722
2022-06-16T09:17:43.000,4.18,35.95,8.74,44.689013,-124.095722
2022-06-16T09:32:43.000,4.13,35.45,8.69,44.689013,-124.095722
2022-06-16T09:47:43.000,4.1,35.16,8.66,44.689013,-124.095722
2022-06-16T10:02:43.000,4.05,34.76,8.64,44.689013,-124.095722
2022-06-16T10:17:43.000,4.03,34.53,8.64,44.689013,-124.095722
2022-06-16T10:32:43.000,3.98,34.16,8.63,44.689013,-124.095722
2022-06-16T10:47:43.000,4.1,35.15,8.66,44.689013,-124.095722
2022-06-16T11:02:43.000,4.44,38.19,8.79,44.689013,-124.095722
2022-06-16T11:17:43.000,4.86,42.09,9.02,44.689013,-124.095722
2022-06-16T11:32:43.000,5.74,50.23,9.49,44.689013,-124.095722
2022-06-16T11:47:43.000,6.49,57.3,9.87,44.689013,-124.095722
2022-06-16T12:02:43.000,6.9,61.38,10.17,44.689013,-124.095722
2022-06-16T12:17:43.000,6.23,54.94,9.8,44.689013,-124.095722
2022-06-16T12:32:43.000,6.21,54.8,9.83,44.689013,-124.095722
2022-06-16T12:47:43.000,4.64,40.09,8.97,44.689013,-124.095722
2022-06-16T13:02:43.000,4.22,36.32,8.74,44.689013,-124.095722
2022-06-16T13:17:43.000,4.18,35.97,8.73,44.689013,-124.095722
2022-06-16T13:32:43.000,4.27,36.73,8.74,44.689013,-124.095722
2022-06-16T13:47:43.000,4.16,35.74,8.71,44.689013,-124.095722
2022-06-16T14:02:43.000,4.12,35.36,8.69,44.689013,-124.095722
2022-06-16T14:17:43.000,4.13,35.47,8.69,44.689013,-124.095722
2022-06-16T14:32:43.000,4.18,35.9,8.69,44.689013,-124.095722
2022-06-16T14:47:43.000,4.24,36.44,8.72,44.689013,-124.095722
2022-06-16T15:02:43.000,4.31,37.06,8.77,44.689013,-124.095722
2022-06-16T15:17:43.000,4.49,38.72,8.83,44.689013,-124.095722
2022-06-16T15:32:43.000,4.86,41.9,8.88,44.689013,-124.095722
2022-06-16T15:47:43.000,5.18,44.69,8.9,44.689013,-124.095722
2022-06-16T16:02:43.000,5.21,45.01,8.92,44.689013,-124.095722
2022-06-16T16:17:43.000,5.33,46.01,8.95,44.689013,-124.095722
2022-06-16T16:32:43.000,5.35,46.27,8.95,44.689013,-124.095722
2022-06-16T16:47:43.000,5.42,46.79,8.95,44.689013,-124.095722
2022-06-16T17:02:43.000,5.47,47.29,9,44.689013,-124.095722
2022-06-16T17:17:43.000,5.45,47.19,9.07,44.689013,-124.095722
2022-06-16T17:32:43.000,5.52,47.94,9.18,44.689013,-124.095722
2022-06-16T17:47:43.000,6.01,52.36,9.33,44.689013,-124.095722
2022-06-16T18:02:43.000,6.26,54.64,9.37,44.689013,-124.095722
2022-06-16T18:17:43.000,6.51,56.85,9.42,44.689013,-124.095722
2022-06-16T18:32:43.000,6.46,56.54,9.47,44.689013,-124.095722
2022-06-16T18:47:43.000,6.71,58.94,9.65,44.689013,-124.095722
2022-06-16T19:02:43.000,6.8,59.78,9.7,44.689013,-124.095722
2022-06-16T19:17:43.000,6.68,58.62,9.6,44.689013,-124.095722
2022-06-16T19:32:43.000,6.39,55.79,9.4,44.689013,-124.095722
2022-06-16T19:47:43.000,6.43,56.15,9.42,44.689013,-124.095722
2022-06-16T20:02:43.000,6.47,56.56,9.44,44.689013,-124.095722
2022-06-16T20:17:43.000,6.36,55.51,9.4,44.689013,-124.095722
2022-06-16T20:32:43.000,6.33,55.27,9.38,44.689013,-124.095722
2022-06-16T20:47:43.000,6.39,55.77,9.4,44.689013,-124.095722
2022-06-16T21:02:43.000,6.43,56.2,9.43,44.689013,-124.095722
2022-06-16T21:17:43.000,6.49,56.75,9.46,44.689013,-124.095722
2022-06-16T21:32:43.000,6.43,56.19,9.43,44.689013,-124.095722
2022-06-16T21:47:43.000,6.15,53.66,9.35,44.689013,-124.095722
2022-06-16T22:02:43.000,5.46,47.28,9.08,44.689013,-124.095722
2022-06-16T22:17:43.000,5.41,46.78,9,44.689013,-124.095722
2022-06-16T22:32:43.000,5.42,46.86,9,44.689013,-124.095722
2022-06-16T22:47:43.000,5.4,46.75,9,44.689013,-124.095722
2022-06-16T23:02:43.000,5.53,47.94,9.07,44.689013,-124.095722
2022-06-16T23:17:43.000,6.21,54.26,9.42,44.689013,-124.095722
2022-06-16T23:32:43.000,6.98,62.03,10.13,44.689013,-124.095722
2022-06-16T23:47:43.000,7.23,64.79,10.51,44.689013,-124.095722
2022-06-17T00:02:43.000,6.87,61.05,10.13,44.689013,-124.095722
2022-06-17T00:17:43.000,5.71,49.53,9.14,44.689013,-124.095722
2022-06-17T00:32:43.000,5.51,47.62,9,44.689013,-124.095722
2022-06-17T00:47:43.000,5.06,43.57,8.81,44.689013,-124.095722
2022-06-17T01:02:43.000,5.04,43.38,8.8,44.689013,-124.095722
2022-06-17T01:17:43.000,5.02,43.23,8.8,44.689013,-124.095722
2022-06-17T01:32:43.000,5.02,43.22,8.8,44.689013,-124.095722
2022-06-17T01:47:43.000,5.08,43.76,8.83,44.689013,-124.095722
2022-06-17T02:02:43.000,5.11,44.03,8.85,44.689013,-124.095722
2022-06-17T02:17:43.000,5.11,44.07,8.88,44.689013,-124.095722
2022-06-17T02:32:43.000,5.11,44.09,8.91,44.689013,-124.095722
2022-06-17T02:47:43.000,5.12,44.21,8.95,44.689013,-124.095722
2022-06-17T03:02:43.000,5.23,45.26,9,44.689013,-124.095722
2022-06-17T03:17:43.000,5.24,45.39,9.02,44.689013,-124.095722
2022-06-17T03:32:43.000,5.22,45.23,9.04,44.689013,-124.095722
2022-06-17T03:47:43.000,5.8,50.58,9.33,44.689013,-124.095722
2022-06-17T04:02:43.000,6.46,56.76,9.66,44.689013,-124.095722
2022-06-17T04:17:43.000,6.45,56.71,9.7,44.689013,-124.095722
2022-06-17T04:32:43.000,6.34,55.73,9.66,44.689013,-124.095722
2022-06-17T04:47:43.000,5.38,46.74,9.21,44.689013,-124.095722
2022-06-17T05:02:43.000,5.36,46.59,9.16,44.689013,-124.095722
2022-06-17T05:17:43.000,5.51,47.8,9.11,44.689013,-124.095722
2022-06-17T05:32:43.000,5.37,46.5,9.02,44.689013,-124.095722
2022-06-17T05:47:43.000,5.04,43.53,8.93,44.689013,-124.095722
2022-06-17T06:02:43.000,4.87,42.01,8.92,44.689013,-124.095722
2022-06-17T06:17:43.000,4.88,42.18,8.92,44.689013,-124.095722
2022-06-17T06:32:43.000,4.7,40.56,8.89,44.689013,-124.095722
2022-06-17T06:47:43.000,5.08,43.86,8.95,44.689013,-124.095722
2022-06-17T07:02:43.000,4.2,36.1,8.74,44.689013,-124.095722
2022-06-17T07:17:43.000,4.28,36.76,8.74,44.689013,-124.095722
2022-06-17T07:32:43.000,4.24,36.46,8.74,44.689013,-124.095722
2022-06-17T07:47:43.000,4.25,36.5,8.75,44.689013,-124.095722
2022-06-17T08:02:43.000,4.35,37.36,8.74,44.689013,-124.095722
