Time (UTC),DO (ml/L),Dissolved Oxygen (%),Temperature (C),Latitude,Longitude
2020-08-06T22:11:11.000,2.64,22.19,7.8,44.830297,-124.082852
2020-08-06T22:26:11.000,2.68,22.5,7.82,44.830297,-124.082852
2020-08-06T22:41:11.000,2.67,22.48,7.83,44.830297,-124.082852
2020-08-06T22:56:11.000,2.67,22.45,7.83,44.830297,-124.082852
2020-08-06T23:11:11.000,2.68,22.52,7.83,44.830297,-124.082852
2020-08-06T23:26:11.000,2.69,22.63,7.84,44.830297,-124.082852
2020-08-06T23:41:11.000,2.69,22.66,7.85,44.830297,-124.082852
2020-08-06T23:56:11.000,2.7,22.74,7.85,44.830297,-124.082852
2020-08-07T00:11:11.000,2.7,22.72,7.85,44.830297,-124.082852
2020-08-07T00:26:11.000,2.71,22.79,7.85,44.830297,-124.082852
2020-08-07T00:41:11.000,2.71,22.78,7.85,44.830297,-124.082852
2020-08-07T00:56:11.000,2.68,22.58,7.85,44.830297,-124.082852
2020-08-07T01:11:11.000,2.7,22.7,7.85,44.830297,-124.082852
2020-08-07T01:26:11.000,2.68,22.52,7.85,44.830297,-124.082852
2020-08-07T01:41:11.000,2.69,22.64,7.85,44.830297,-124.082852
2020-08-07T01:56:11.000,2.7,22.68,7.85,44.830297,-124.082852
2020-08-07T02:11:11.000,2.71,22.77,7.86,44.830297,-124.082852
2020-08-07T02:26:11.000,2.71,22.82,7.87,44.830297,-124.082852
2020-08-07T02:41:11.000,2.72,22.91,7.87,44.830297,-124.082852
2020-08-07T02:56:11.000,2.68,22.6,7.87,44.830297,-124.082852
2020-08-07T03:11:11.000,2.66,22.43,7.86,44.830297,-124.082852
2020-08-07T03:26:11.000,2.64,22.21,7.86,44.830297,-124.082852
2020-08-07T03:41:11.000,2.68,22.54,7.85,44.830297,-124.082852
2020-08-07T03:56:11.000,2.65,22.26,7.85,44.830297,-124.082852
2020-08-07T04:11:11.000,2.59,21.76,7.83,44.830297,-124.082852
2020-08-07T04:26:11.000,2.53,21.27,7.82,44.830297,-124.082852
2020-08-07T04:41:11.000,2.49,20.91,7.8,44.830297,-124.082852
2020-08-07T04:56:11.000,2.45,20.55,7.8,44.830297,-124.082852
2020-08-07T05:11:11.000,2.42,20.31,7.78,44.830297,-124.082852
2020-08-07T05:26:11.000,2.39,20.03,7.77,44.830297,-124.082852
2020-08-07T05:41:11.000,2.36,19.81,7.76,44.830297,-124.082852
2020-08-07T05:56:11.000,2.35,19.72,7.75,44.830297,-124.082852
2020-08-07T06:11:11.000,2.33,19.58,7.75,44.830297,-124.082852
2020-08-07T06:26:11.000,2.32,19.5,7.75,44.830297,-124.082852
2020-08-07T06:41:11.000,2.35,19.68,7.75,44.830297,-124.082852
2020-08-07T06:56:11.000,2.36,19.78,7.74,44.830297,-124.082852
2020-08-07T07:11:11.000,2.37,19.91,7.74,44.830297,-124.082852
2020-08-07T07:26:11.000,2.4,20.15,7.74,44.830297,-124.082852
2020-08-07T07:41:11.000,2.41,20.2,7.75,44.830297,-124.082852
2020-08-07T07:56:11.000,2.47,20.69,7.75,44.830297,-124.082852
2020-08-07T08:11:11.000,2.5,21.01,7.77,44.830297,-124.082852
2020-08-07T08:26:11.000,2.56,21.53,7.78,44.830297,-124.082852
2020-08-07T08:41:11.000,2.59,21.74,7.79,44.830297,-124.082852
2020-08-07T08:56:11.000,2.62,22.05,7.8,44.830297,-124.082852
2020-08-07T09:11:11.000,2.68,22.55,7.81,44.830297,-124.082852
2020-08-07T09:26:11.000,2.73,22.97,7.84,44.830297,-124.082852
2020-08-07T09:41:11.000,2.81,23.67,7.87,44.830297,-124.082852
2020-08-07T09:56:11.000,2.86,24.1,7.9,44.830297,-124.082852
2020-08-07T10:11:11.000,2.9,24.47,7.92,44.830297,-124.082852
2020-08-07T10:26:11.000,2.93,24.71,7.94,44.830297,-124.082852
2020-08-07T10:41:11.000,2.96,24.95,7.95,44.830297,-124.082852
2020-08-07T10:56:11.000,2.98,25.16,7.97,44.830297,-124.082852
2020-08-07T11:11:11.000,2.99,25.26,7.99,44.830297,-124.082852
2020-08-07T11:26:11.000,3.02,25.49,7.99,44.830297,-124.082852
2020-08-07T11:41:11.000,3.04,25.67,8.01,44.830297,-124.082852
2020-08-07T11:56:11.000,3.08,26,8.02,44.830297,-124.082852
2020-08-07T12:11:11.000,3.11,26.28,8.04,44.830297,-124.082852
2020-08-07T12:26:11.000,3.13,26.48,8.04,44.830297,-124.082852
2020-08-07T12:41:11.000,3.15,26.66,8.04,44.830297,-124.082852
2020-08-07T12:56:11.000,3.16,26.73,8.05,44.830297,-124.082852
2020-08-07T13:11:11.000,3.17,26.8,8.06,44.830297,-124.082852
2020-08-07T13:26:11.000,3.17,26.82,8.07,44.830297,-124.082852
2020-08-07T13:41:11.000,3.15,26.62,8.06,44.830297,-124.082852
2020-08-07T13:56:11.000,3.14,26.51,8.05,44.830297,-124.082852
2020-08-07T14:11:11.000,3.12,26.37,8.04,44.830297,-124.082852
2020-08-07T14:26:11.000,3.11,26.27,8.05,44.830297,-124.082852
2020-08-07T14:41:11.000,3.09,26.11,8.05,44.830297,-124.082852
2020-08-07T14:56:11.000,3.07,25.93,8.04,44.830297,-124.082852
2020-08-07T15:11:11.000,3.07,25.92,8.04,44.830297,-124.082852
2020-08-07T15:26:11.000,3.05,25.76,8.04,44.830297,-124.082852
2020-08-07T15:41:11.000,3.03,25.6,8.02,44.830297,-124.082852
2020-08-07T15:56:11.000,3.01,25.44,8.02,44.830297,-124.082852
2020-08-07T16:11:11.000,2.97,25.04,7.99,44.830297,-124.082852
2020-08-07T16:26:11.000,2.94,24.78,7.98,44.830297,-124.082852
2020-08-07T16:41:11.000,2.91,24.53,7.97,44.830297,-124.082852
2020-08-07T16:56:11.000,2.94,24.77,7.97,44.830297,-124.082852
2020-08-07T17:11:11.000,2.92,24.67,7.97,44.830297,-124.082852
2020-08-07T17:26:11.000,2.95,24.87,7.97,44.830297,-124.082852
2020-08-07T17:41:11.000,2.94,24.78,7.97,44.830297,-124.082852
2020-08-07T17:56:11.000,2.95,24.91,7.97,44.830297,-124.082852
2020-08-07T18:11:11.000,2.91,24.59,7.96,44.830297,-124.082852
2020-08-07T18:26:11.000,2.91,24.57,7.95,44.830297,-124.082852
2020-08-07T18:41:11.000,2.92,24.61,7.95,44.830297,-124.082852
2020-08-07T18:56:11.000,2.95,24.88,7.96,44.830297,-124.082852
2020-08-07T19:11:11.000,2.88,24.32,7.95,44.830297,-124.082852
2020-08-07T19:26:11.000,2.8,23.57,7.9,44.830297,-124.082852
2020-08-07T19:41:11.000,2.73,23,7.85,44.830297,-124.082852
2020-08-07T19:56:11.000,2.69,22.64,7.85,44.830297,-124.082852
2020-08-07T20:11:11.000,2.7,22.68,7.83,44.830297,-124.082852
2020-08-07T20:26:11.000,2.66,22.4,7.83,44.830297,-124.082852
2020-08-07T20:41:11.000,2.65,22.3,7.8,44.830297,-124.082852
2020-08-07T20:56:11.000,2.65,22.31,7.81,44.830297,-124.082852
2020-08-07T21:11:11.000,2.65,22.24,7.81,44.830297,-124.082852
2020-08-07T21:26:11.000,2.64,22.18,7.82,44.830297,-124.082852
2020-08-07T21:41:11.000,2.64,22.16,7.82,44.830297,-124.082852
2020-08-07T21:56:11.000,2.6,21.85,7.81,44.830297,-124.082852
2020-08-07T22:11:11.000,2.61,21.91,7.81,44.830297,-124.082852
2020-08-07T22:26:11.000,2.65,22.24,7.83,44.830297,-124.082852
2020-08-07T22:41:11.000,2.65,22.3,7.83,44.830297,-124.082852
2020-08-07T22:56:11.000,2.66,22.36,7.84,44.830297,-124.082852
2020-08-07T23:11:11.000,2.66,22.36,7.85,44.830297,-124.082852
2020-08-07T23:26:11.000,2.65,22.29,7.85,44.830297,-124.082852
2020-08-07T23:41:11.000,2.62,22.03,7.83,44.830297,-124.082852
2020-08-07T23:56:11.000,2.58,21.67,7.82,44.830297,-124.082852
2020-08-08T00:11:11.000,2.56,21.54,7.8,44.830297,-124.082852
2020-08-08T00:26:11.000,2.53,21.26,7.8,44.830297,-124.082852
2020-08-08T00:41:11.000,2.52,21.18,7.79,44.830297,-124.082852
2020-08-08T00:56:11.000,2.5,21.04,7.78,44.830297,-124.082852
2020-08-08T01:11:11.000,2.51,21.11,7.79,44.830297,-124.082852
2020-08-08T01:26:11.000,2.5,21.02,7.79,44.830297,-124.082852
2020-08-08T01:41:11.000,2.54,21.31,7.8,44.830297,-124.082852
2020-08-08T01:56:11.000,2.54,21.38,7.8,44.830297,-124.082852
2020-08-08T02:11:11.000,2.57,21.64,7.8,44.830297,-124.082852
2020-08-08T02:26:11.000,2.58,21.67,7.8,44.830297,-124.082852
2020-08-08T02:41:11.000,2.56,21.51,7.8,44.830297,-124.082852
2020-08-08T02:56:11.000,2.56,21.5,7.8,44.830297,-124.082852
2020-08-08T03:11:11.000,2.57,21.64,7.8,44.830297,-124.082852
2020-08-08T03:26:11.000,2.58,21.72,7.8,44.830297,-124.082852
2020-08-08T03:41:11.000,2.59,21.77,7.81,44.830297,-124.082852
2020-08-08T03:56:11.000,2.6,21.84,7.81,44.830297,-124.082852
2020-08-08T04:11:11.000,2.6,21.84,7.81,44.830297,-124.082852
2020-08-08T04:26:11.000,2.59,21.79,7.81,44.830297,-124.082852
2020-08-08T04:41:11.000,2.59,21.78,7.81,44.830297,-124.082852
2020-08-08T04:56:11.000,2.6,21.82,7.81,44.830297,-124.082852
2020-08-08T05:11:11.000,2.59,21.77,7.81,44.830297,-124.082852
2020-08-08T05:26:11.000,2.59,21.76,7.82,44.830297,-124.082852
2020-08-08T05:41:11.000,2.58,21.67,7.81,44.830297,-124.082852
2020-08-08T05:56:11.000,2.57,21.58,7.81,44.830297,-124.082852
2020-08-08T06:11:11.000,2.56,21.48,7.8,44.830297,-124.082852
2020-08-08T06:26:11.000,2.55,21.43,7.81,44.830297,-124.082852
2020-08-08T06:41:11.000,2.52,21.14,7.8,44.830297,-124.082852
2020-08-08T06:56:11.000,2.5,21.04,7.8,44.830297,-124.082852
2020-08-08T07:11:11.000,2.44,20.5,7.8,44.830297,-124.082852
2020-08-08T07:26:11.000,2.38,19.95,7.78,44.830297,-124.082852
2020-08-08T07:41:11.000,2.32,19.5,7.78,44.830297,-124.082852
2020-08-08T07:56:11.000,2.29,19.26,7.77,44.830297,-124.082852
2020-08-08T08:11:11.000,2.27,19.05,7.75,44.830297,-124.082852
2020-08-08T08:26:11.000,2.24,18.77,7.75,44.830297,-124.082852
2020-08-08T08:41:11.000,2.21,18.53,7.75,44.830297,-124.082852
2020-08-08T08:56:11.000,2.17,18.19,7.74,44.830297,-124.082852
2020-08-08T09:11:11.000,2.12,17.77,7.73,44.830297,-124.082852
2020-08-08T09:26:11.000,2.1,17.65,7.72,44.830297,-124.082852
2020-08-08T09:41:11.000,2.1,17.64,7.71,44.830297,-124.082852
2020-08-08T09:56:11.000,2.07,17.37,7.71,44.830297,-124.082852
2020-08-08T10:11:11.000,2.04,17.14,7.71,44.830297,-124.082852
2020-08-08T10:26:11.000,2.03,17.02,7.71,44.830297,-124.082852
2020-08-08T10:41:11.000,1.95,16.34,7.68,44.830297,-124.082852
2020-08-08T10:56:11.000,1.9,15.89,7.68,44.830297,-124.082852
2020-08-08T11:11:11.000,1.87,15.68,7.68,44.830297,-124.082852
2020-08-08T11:26:11.000,1.88,15.73,7.68,44.830297,-124.082852
2020-08-08T11:41:11.000,1.88,15.73,7.68,44.830297,-124.082852
2020-08-08T11:56:11.000,1.87,15.7,7.67,44.830297,-124.082852
2020-08-08T12:11:11.000,1.86,15.58,7.68,44.830297,-124.082852
2020-08-08T12:26:11.000,1.88,15.72,7.68,44.830297,-124.082852
2020-08-08T12:41:11.000,1.89,15.83,7.69,44.830297,-124.082852
2020-08-08T12:56:11.000,1.93,16.15,7.7,44.830297,-124.082852
2020-08-08T13:11:11.000,1.92,16.14,7.71,44.830297,-124.082852
2020-08-08T13:26:11.000,1.95,16.39,7.71,44.830297,-124.082852
2020-08-08T13:41:11.000,1.95,16.36,7.73,44.830297,-124.082852
2020-08-08T13:56:11.000,1.95,16.34,7.73,44.830297,-124.082852
2020-08-08T14:11:11.000,1.95,16.39,7.73,44.830297,-124.082852
2020-08-08T14:26:11.000,1.93,16.16,7.71,44.830297,-124.082852
2020-08-08T14:41:11.000,1.92,16.06,7.71,44.830297,-124.082852
2020-08-08T14:56:11.000,1.92,16.12,7.71,44.830297,-124.082852
2020-08-08T15:11:11.000,1.99,16.71,7.73,44.830297,-124.082852
2020-08-08T15:26:11.000,2.03,17.02,7.73,44.830297,-124.082852
2020-08-08T15:41:11.000,2.06,17.3,7.73,44.830297,-124.082852
2020-08-08T15:56:11.000,2.08,17.44,7.75,44.830297,-124.082852
2020-08-08T16:11:11.000,2.06,17.31,7.74,44.830297,-124.082852
2020-08-08T16:26:11.000,2.02,16.96,7.73,44.830297,-124.082852
2020-08-08T16:41:11.000,1.98,16.64,7.71,44.830297,-124.082852
2020-08-08T16:56:11.000,2,16.75,7.7,44.830297,-124.082852
2020-08-08T17:11:11.000,2.04,17.12,7.71,44.830297,-124.082852
2020-08-08T17:26:11.000,2.07,17.36,7.73,44.830297,-124.082852
2020-08-08T17:41:11.000,2.13,17.9,7.75,44.830297,-124.082852
2020-08-08T17:56:11.000,2.07,17.39,7.75,44.830297,-124.082852
2020-08-08T18:11:11.000,2.02,16.95,7.75,44.830297,-124.082852
2020-08-08T18:26:11.000,2.02,16.94,7.73,44.830297,-124.082852
2020-08-08T18:41:11.000,2.05,17.2,7.71,44.830297,-124.082852
2020-08-08T18:56:11.000,2.05,17.18,7.7,44.830297,-124.082852
2020-08-08T19:11:11.000,2.08,17.48,7.71,44.830297,-124.082852
2020-08-08T19:26:11.000,2.12,17.75,7.7,44.830297,-124.082852
2020-08-08T19:41:11.000,2.11,17.66,7.71,44.830297,-124.082852
2020-08-08T19:56:11.000,2.1,17.61,7.71,44.830297,-124.082852
2020-08-08T20:11:11.000,2.13,17.9,7.73,44.830297,-124.082852
2020-08-08T20:26:11.000,2.16,18.14,7.75,44.830297,-124.082852
2020-08-08T20:41:11.000,2.22,18.63,7.78,44.830297,-124.082852
2020-08-08T20:56:11.000,2.21,18.55,7.79,44.830297,-124.082852
2020-08-08T21:11:11.000,2.21,18.54,7.8,44.830297,-124.082852
2020-08-08T21:26:11.000,2.17,18.23,7.8,44.830297,-124.082852
2020-08-08T21:41:11.000,2.21,18.58,7.81,44.830297,-124.082852
2020-08-08T21:56:11.000,2.16,18.13,7.8,44.830297,-124.082852
2020-08-08T22:11:11.000,2.1,17.65,7.78,44.830297,-124.082852
2020-08-08T22:26:11.000,2.15,18.06,7.75,44.830297,-124.082852
2020-08-08T22:41:11.000,2.23,18.73,7.75,44.830297,-124.082852
2020-08-08T22:56:11.000,2.25,18.86,7.75,44.830297,-124.082852
2020-08-08T23:11:11.000,2.19,18.37,7.74,44.830297,-124.082852
2020-08-08T23:26:11.000,2.17,18.23,7.73,44.830297,-124.082852
2020-08-08T23:41:11.000,2.2,18.47,7.74,44.830297,-124.082852
2020-08-08T23:56:11.000,2.2,18.47,7.74,44.830297,-124.082852
2020-08-09T00:11:11.000,2.3,19.31,7.76,44.830297,-124.082852
2020-08-09T00:26:11.000,2.47,20.75,7.81,44.830297,-124.082852
2020-08-09T00:41:11.000,2.52,21.18,7.83,44.830297,-124.082852
2020-08-09T00:56:11.000,2.5,21.07,7.85,44.830297,-124.082852
2020-08-09T01:11:11.000,2.27,19.08,7.83,44.830297,-124.082852
2020-08-09T01:26:11.000,2.15,18.07,7.8,44.830297,-124.082852
2020-08-09T01:41:11.000,2.1,17.63,7.78,44.830297,-124.082852
2020-08-09T01:56:11.000,2.07,17.41,7.78,44.830297,-124.082852
2020-08-09T02:11:11.000,2.24,18.82,7.83,44.830297,-124.082852
2020-08-09T02:26:11.000,2.34,19.72,7.85,44.830297,-124.082852
2020-08-09T02:41:11.000,2.45,20.56,7.8,44.830297,-124.082852
2020-08-09T02:56:11.000,2.46,20.63,7.78,44.830297,-124.082852
2020-08-09T03:11:11.000,2.37,19.9,7.75,44.830297,-124.082852
2020-08-09T03:26:11.000,2.28,19.11,7.73,44.830297,-124.082852
2020-08-09T03:41:11.000,2.23,18.67,7.71,44.830297,-124.082852
2020-08-09T03:56:11.000,2.27,19.07,7.72,44.830297,-124.082852
2020-08-09T04:11:11.000,2.28,19.14,7.73,44.830297,-124.082852
2020-08-09T04:26:11.000,2.3,19.33,7.73,44.830297,-124.082852
2020-08-09T04:41:11.000,2.31,19.37,7.73,44.830297,-124.082852
2020-08-09T04:56:11.000,2.37,19.86,7.73,44.830297,-124.082852
2020-08-09T05:11:11.000,2.38,19.96,7.72,44.830297,-124.082852
2020-08-09T05:26:11.000,2.39,20.06,7.73,44.830297,-124.082852
2020-08-09T05:41:11.000,2.38,19.95,7.73,44.830297,-124.082852
2020-08-09T05:56:11.000,2.34,19.59,7.71,44.830297,-124.082852
2020-08-09T06:11:11.000,2.38,20,7.73,44.830297,-124.082852
2020-08-09T06:26:11.000,2.47,20.77,7.76,44.830297,-124.082852
2020-08-09T06:41:11.000,2.52,21.17,7.79,44.830297,-124.082852
2020-08-09T06:56:11.000,2.51,21.07,7.8,44.830297,-124.082852
2020-08-09T07:11:11.000,2.61,21.94,7.87,44.830297,-124.082852
2020-08-09T07:26:11.000,2.5,21.06,7.88,44.830297,-124.082852
2020-08-09T07:41:11.000,2.53,21.27,7.87,44.830297,-124.082852
2020-08-09T07:56:11.000,2.44,20.5,7.83,44.830297,-124.082852
2020-08-09T08:11:11.000,2.45,20.56,7.81,44.830297,-124.082852
2020-08-09T08:26:11.000,2.39,20.1,7.8,44.830297,-124.082852
2020-08-09T08:41:11.000,2.36,19.81,7.78,44.830297,-124.082852
2020-08-09T08:56:11.000,2.43,20.46,7.8,44.830297,-124.082852
2020-08-09T09:11:11.000,2.39,20.04,7.78,44.830297,-124.082852
2020-08-09T09:26:11.000,2.37,19.9,7.78,44.830297,-124.082852
2020-08-09T09:41:11.000,2.31,19.4,7.75,44.830297,-124.082852
2020-08-09T09:56:11.000,2.29,19.18,7.71,44.830297,-124.082852
2020-08-09T10:11:11.000,2.22,18.62,7.68,44.830297,-124.082852
2020-08-09T10:26:11.000,2.21,18.48,7.68,44.830297,-124.082852
2020-08-09T10:41:11.000,2.22,18.63,7.69,44.830297,-124.082852
2020-08-09T10:56:11.000,2.2,18.44,7.69,44.830297,-124.082852
2020-08-09T11:11:11.000,2.15,18.05,7.68,44.830297,-124.082852
2020-08-09T11:26:11.000,2.13,17.83,7.66,44.830297,-124.082852
2020-08-09T11:41:11.000,2.2,18.44,7.68,44.830297,-124.082852
2020-08-09T11:56:11.000,2.26,18.96,7.7,44.830297,-124.082852
2020-08-09T12:11:11.000,2.2,18.46,7.69,44.830297,-124.082852
2020-08-09T12:26:11.000,2.15,18.01,7.68,44.830297,-124.082852
2020-08-09T12:41:11.000,2.14,17.89,7.68,44.830297,-124.082852
2020-08-09T12:56:11.000,1.99,16.68,7.65,44.830297,-124.082852
2020-08-09T13:11:11.000,2.06,17.26,7.66,44.830297,-124.082852
2020-08-09T13:26:11.000,2.02,16.93,7.66,44.830297,-124.082852
2020-08-09T13:41:11.000,2.21,18.5,7.68,44.830297,-124.082852
2020-08-09T13:56:11.000,2.32,19.47,7.71,44.830297,-124.082852
2020-08-09T14:11:11.000,2.53,21.28,7.77,44.830297,-124.082852
2020-08-09T14:26:11.000,2.57,21.55,7.78,44.830297,-124.082852
2020-08-09T14:41:11.000,2.44,20.46,7.75,44.830297,-124.082852
2020-08-09T14:56:11.000,2.4,20.13,7.75,44.830297,-124.082852
2020-08-09T15:11:11.000,2.42,20.32,7.75,44.830297,-124.082852
2020-08-09T15:26:11.000,2.49,20.87,7.76,44.830297,-124.082852
2020-08-09T15:41:11.000,2.54,21.36,7.78,44.830297,-124.082852
2020-08-09T15:56:11.000,2.82,23.72,7.85,44.830297,-124.082852
2020-08-09T16:11:11.000,2.58,21.71,7.78,44.830297,-124.082852
2020-08-09T16:26:11.000,2.44,20.46,7.75,44.830297,-124.082852
2020-08-09T16:41:11.000,2.65,22.25,7.8,44.830297,-124.082852
2020-08-09T16:56:11.000,2.31,19.4,7.73,44.830297,-124.082852
2020-08-09T17:11:11.000,2.26,18.99,7.71,44.830297,-124.082852
2020-08-09T17:26:11.000,2.28,19.15,7.71,44.830297,-124.082852
2020-08-09T17:41:11.000,1.88,15.74,7.63,44.830297,-124.082852
2020-08-09T17:56:11.000,1.86,15.53,7.61,44.830297,-124.082852
2020-08-09T18:11:11.000,1.81,15.1,7.61,44.830297,-124.082852
2020-08-09T18:26:11.000,1.91,15.98,7.63,44.830297,-124.082852
2020-08-09T18:41:11.000,2.1,17.57,7.68,44.830297,-124.082852
2020-08-09T18:56:11.000,1.91,16.01,7.64,44.830297,-124.082852
2020-08-09T19:11:11.000,1.8,15.08,7.61,44.830297,-124.082852
2020-08-09T19:26:11.000,1.88,15.77,7.63,44.830297,-124.082852
2020-08-09T19:41:11.000,1.89,15.83,7.63,44.830297,-124.082852
2020-08-09T19:56:11.000,1.9,15.89,7.64,44.830297,-124.082852
2020-08-09T20:11:11.000,1.84,15.36,7.63,44.830297,-124.082852
2020-08-09T20:26:11.000,1.72,14.37,7.61,44.830297,-124.082852
2020-08-09T20:41:11.000,1.68,14.01,7.61,44.830297,-124.082852
2020-08-09T20:56:11.000,1.6,13.37,7.6,44.830297,-124.082852
2020-08-09T21:11:11.000,1.57,13.14,7.59,44.830297,-124.082852
2020-08-09T21:26:11.000,1.58,13.2,7.59,44.830297,-124.082852
2020-08-09T21:41:11.000,1.57,13.16,7.59,44.830297,-124.082852
2020-08-09T21:56:11.000,1.59,13.32,7.6,44.830297,-124.082852
2020-08-09T22:11:11.000,1.6,13.35,7.6,44.830297,-124.082852
2020-08-09T22:26:11.000,1.62,13.53,7.61,44.830297,-124.082852
2020-08-09T22:41:11.000,1.64,13.69,7.61,44.830297,-124.082852
2020-08-09T22:56:11.000,1.66,13.87,7.61,44.830297,-124.082852
2020-08-09T23:11:11.000,1.68,14.05,7.61,44.830297,-124.082852
2020-08-09T23:26:11.000,1.69,14.13,7.61,44.830297,-124.082852
2020-08-09T23:41:11.000,1.7,14.21,7.61,44.830297,-124.082852
2020-08-09T23:56:11.000,1.73,14.48,7.62,44.830297,-124.082852
2020-08-10T00:11:11.000,1.67,13.97,7.61,44.830297,-124.082852
2020-08-10T00:26:11.000,1.62,13.58,7.61,44.830297,-124.082852
2020-08-10T00:41:11.000,1.59,13.3,7.61,44.830297,-124.082852
2020-08-10T00:56:11.000,1.58,13.17,7.6,44.830297,-124.082852
2020-08-10T01:11:11.000,1.56,13.07,7.6,44.830297,-124.082852
2020-08-10T01:26:11.000,1.69,14.16,7.63,44.830297,-124.082852
2020-08-10T01:41:11.000,1.56,13.04,7.61,44.830297,-124.082852
2020-08-10T01:56:11.000,1.53,12.82,7.6,44.830297,-124.082852
2020-08-10T02:11:11.000,1.59,13.34,7.61,44.830297,-124.082852
2020-08-10T02:26:11.000,1.61,13.51,7.61,44.830297,-124.082852
2020-08-10T02:41:11.000,1.58,13.18,7.61,44.830297,-124.082852
2020-08-10T02:56:11.000,1.72,14.44,7.64,44.830297,-124.082852
2020-08-10T03:11:11.000,1.64,13.74,7.63,44.830297,-124.082852
2020-08-10T03:26:11.000,1.67,13.97,7.63,44.830297,-124.082852
2020-08-10T03:41:11.000,1.75,14.63,7.66,44.830297,-124.082852
2020-08-10T03:56:11.000,1.86,15.6,7.68,44.830297,-124.082852
2020-08-10T04:11:11.000,1.62,13.52,7.63,44.830297,-124.082852
2020-08-10T04:26:11.000,1.54,12.89,7.61,44.830297,-124.082852
2020-08-10T04:41:11.000,1.51,12.62,7.59,44.830297,-124.082852
2020-08-10T04:56:11.000,1.48,12.41,7.59,44.830297,-124.082852
2020-08-10T05:11:11.000,1.53,12.77,7.6,44.830297,-124.082852
2020-08-10T05:26:11.000,1.5,12.5,7.59,44.830297,-124.082852
2020-08-10T05:41:11.000,1.49,12.47,7.58,44.830297,-124.082852
2020-08-10T05:56:11.000,1.52,12.71,7.59,44.830297,-124.082852
2020-08-10T06:11:11.000,1.64,13.76,7.63,44.830297,-124.082852
2020-08-10T06:26:11.000,1.68,14.06,7.63,44.830297,-124.082852
2020-08-10T06:41:11.000,1.67,14,7.63,44.830297,-124.082852
2020-08-10T06:56:11.000,2.08,17.5,7.75,44.830297,-124.082852
2020-08-10T07:11:11.000,2.65,22.3,7.87,44.830297,-124.082852
2020-08-10T07:26:11.000,2.52,21.23,7.85,44.830297,-124.082852
2020-08-10T07:41:11.000,2.88,24.23,7.92,44.830297,-124.082852
2020-08-10T07:56:11.000,2.95,24.87,7.94,44.830297,-124.082852
2020-08-10T08:11:11.000,1.9,15.9,7.73,44.830297,-124.082852
2020-08-10T08:26:11.000,1.82,15.27,7.68,44.830297,-124.082852
2020-08-10T08:41:11.000,2.19,18.38,7.75,44.830297,-124.082852
2020-08-10T08:56:11.000,2.6,21.86,7.85,44.830297,-124.082852
2020-08-10T09:11:11.000,2.4,20.15,7.82,44.830297,-124.082852
2020-08-10T09:26:11.000,2.06,17.26,7.73,44.830297,-124.082852
2020-08-10T09:41:11.000,1.77,14.86,7.66,44.830297,-124.082852
2020-08-10T09:56:11.000,1.78,14.89,7.65,44.830297,-124.082852
2020-08-10T10:11:11.000,1.86,15.54,7.66,44.830297,-124.082852
2020-08-10T10:26:11.000,1.83,15.35,7.66,44.830297,-124.082852
2020-08-10T10:41:11.000,1.77,14.83,7.63,44.830297,-124.082852
2020-08-10T10:56:11.000,1.76,14.74,7.63,44.830297,-124.082852
2020-08-10T11:11:11.000,1.75,14.68,7.62,44.830297,-124.082852
2020-08-10T11:26:11.000,1.83,15.33,7.64,44.830297,-124.082852
2020-08-10T11:41:11.000,1.79,14.95,7.62,44.830297,-124.082852
2020-08-10T11:56:11.000,1.8,15.04,7.61,44.830297,-124.082852
2020-08-10T12:11:11.000,1.79,15,7.61,44.830297,-124.082852
2020-08-10T12:26:11.000,1.8,15.03,7.61,44.830297,-124.082852
2020-08-10T12:41:11.000,1.81,15.13,7.61,44.830297,-124.082852
2020-08-10T12:56:11.000,1.8,15.07,7.61,44.830297,-124.082852
2020-08-10T13:11:11.000,1.79,14.93,7.59,44.830297,-124.082852
2020-08-10T13:26:11.000,1.79,14.93,7.59,44.830297,-124.082852
2020-08-10T13:41:11.000,1.79,14.94,7.59,44.830297,-124.082852
2020-08-10T13:56:11.000,1.78,14.88,7.59,44.830297,-124.082852
2020-08-10T14:11:11.000,1.81,15.14,7.61,44.830297,-124.082852
2020-08-10T14:26:11.000,1.78,14.84,7.6,44.830297,-124.082852
2020-08-10T14:41:11.000,1.79,14.96,7.61,44.830297,-124.082852
2020-08-10T14:56:11.000,1.79,14.96,7.59,44.830297,-124.082852
2020-08-10T15:11:11.000,1.82,15.24,7.61,44.830297,-124.082852
2020-08-10T15:26:11.000,1.85,15.51,7.61,44.830297,-124.082852
2020-08-10T15:41:11.000,1.87,15.67,7.61,44.830297,-124.082852
2020-08-10T15:56:11.000,1.89,15.77,7.61,44.830297,-124.082852
2020-08-10T16:11:11.000,1.9,15.91,7.61,44.830297,-124.082852
2020-08-10T16:26:11.000,1.89,15.84,7.61,44.830297,-124.082852
2020-08-10T16:41:11.000,1.91,15.95,7.61,44.830297,-124.082852
2020-08-10T16:56:11.000,1.9,15.87,7.6,44.830297,-124.082852
2020-08-10T17:11:11.000,1.9,15.89,7.59,44.830297,-124.082852
2020-08-10T17:26:11.000,1.9,15.92,7.59,44.830297,-124.082852
2020-08-10T17:41:11.000,1.9,15.92,7.59,44.830297,-124.082852
2020-08-10T17:56:11.000,1.91,16.01,7.59,44.830297,-124.082852
2020-08-10T18:11:11.000,1.92,16.04,7.59,44.830297,-124.082852
2020-08-10T18:26:11.000,1.93,16.12,7.6,44.830297,-124.082852
2020-08-10T18:41:11.000,1.96,16.41,7.61,44.830297,-124.082852
2020-08-10T18:56:11.000,2.04,17.1,7.63,44.830297,-124.082852
2020-08-10T19:11:11.000,2.13,17.8,7.66,44.830297,-124.082852
2020-08-10T19:26:11.000,2.14,17.89,7.66,44.830297,-124.082852
2020-08-10T19:41:11.000,2.18,18.25,7.67,44.830297,-124.082852
2020-08-10T19:56:11.000,2.21,18.53,7.68,44.830297,-124.082852
2020-08-10T20:11:11.000,2.16,18.11,7.66,44.830297,-124.082852
2020-08-10T20:26:11.000,2.13,17.88,7.66,44.830297,-124.082852
2020-08-10T20:41:11.000,2.25,18.88,7.68,44.830297,-124.082852
2020-08-10T20:56:11.000,2.32,19.46,7.71,44.830297,-124.082852
2020-08-10T21:11:11.000,2.59,21.72,7.76,44.830297,-124.082852
2020-08-10T21:26:11.000,2.08,17.4,7.63,44.830297,-124.082852
2020-08-10T21:41:11.000,2.07,17.32,7.62,44.830297,-124.082852
2020-08-10T21:56:11.000,2.07,17.29,7.61,44.830297,-124.082852
2020-08-10T22:11:11.000,2.07,17.31,7.62,44.830297,-124.082852
2020-08-10T22:26:11.000,2.12,17.77,7.63,44.830297,-124.082852
2020-08-10T22:41:11.000,2.13,17.78,7.62,44.830297,-124.082852
2020-08-10T22:56:11.000,2.09,17.44,7.61,44.830297,-124.082852
2020-08-10T23:11:11.000,2.06,17.21,7.6,44.830297,-124.082852
2020-08-10T23:26:11.000,2.05,17.11,7.58,44.830297,-124.082852
2020-08-10T23:41:11.000,2.05,17.11,7.58,44.830297,-124.082852
2020-08-10T23:56:11.000,2.06,17.19,7.58,44.830297,-124.082852
2020-08-11T00:11:11.000,2.06,17.18,7.58,44.830297,-124.082852
2020-08-11T00:26:11.000,2.04,17.05,7.58,44.830297,-124.082852
2020-08-11T00:41:11.000,2.04,17.02,7.58,44.830297,-124.082852
2020-08-11T00:56:11.000,2.04,17.08,7.57,44.830297,-124.082852
2020-08-11T01:11:11.000,2.06,17.22,7.57,44.830297,-124.082852
2020-08-11T01:26:11.000,2.05,17.1,7.57,44.830297,-124.082852
2020-08-11T01:41:11.000,2.03,17,7.58,44.830297,-124.082852
2020-08-11T01:56:11.000,2.03,16.98,7.59,44.830297,-124.082852
2020-08-11T02:11:11.000,2.03,16.93,7.58,44.830297,-124.082852
2020-08-11T02:26:11.000,2.01,16.79,7.58,44.830297,-124.082852
2020-08-11T02:41:11.000,2.01,16.77,7.59,44.830297,-124.082852
2020-08-11T02:56:11.000,1.99,16.63,7.59,44.830297,-124.082852
2020-08-11T03:11:11.000,1.99,16.6,7.59,44.830297,-124.082852
2020-08-11T03:26:11.000,1.98,16.53,7.58,44.830297,-124.082852
2020-08-11T03:41:11.000,1.98,16.57,7.58,44.830297,-124.082852
2020-08-11T03:56:11.000,2,16.72,7.59,44.830297,-124.082852
2020-08-11T04:11:11.000,1.95,16.28,7.56,44.830297,-124.082852
2020-08-11T04:26:11.000,1.97,16.48,7.58,44.830297,-124.082852
2020-08-11T04:41:11.000,1.93,16.09,7.56,44.830297,-124.082852
2020-08-11T04:56:11.000,1.89,15.8,7.56,44.830297,-124.082852
2020-08-11T05:11:11.000,1.87,15.64,7.56,44.830297,-124.082852
2020-08-11T05:26:11.000,1.87,15.64,7.56,44.830297,-124.082852
2020-08-11T05:41:11.000,1.88,15.69,7.56,44.830297,-124.082852
2020-08-11T05:56:11.000,1.84,15.37,7.55,44.830297,-124.082852
2020-08-11T06:11:11.000,1.84,15.37,7.55,44.830297,-124.082852
2020-08-11T06:26:11.000,1.85,15.48,7.56,44.830297,-124.082852
2020-08-11T06:41:11.000,1.86,15.54,7.56,44.830297,-124.082852
2020-08-11T06:56:11.000,1.88,15.71,7.56,44.830297,-124.082852
2020-08-11T07:11:11.000,1.88,15.7,7.56,44.830297,-124.082852
2020-08-11T07:26:11.000,1.88,15.74,7.56,44.830297,-124.082852
2020-08-11T07:41:11.000,1.9,15.9,7.56,44.830297,-124.082852
2020-08-11T07:56:11.000,1.92,16.08,7.56,44.830297,-124.082852
2020-08-11T08:11:11.000,1.96,16.36,7.57,44.830297,-124.082852
2020-08-11T08:26:11.000,1.94,16.18,7.56,44.830297,-124.082852
2020-08-11T08:41:11.000,1.95,16.28,7.56,44.830297,-124.082852
2020-08-11T08:56:11.000,1.9,15.87,7.56,44.830297,-124.082852
2020-08-11T09:11:11.000,1.97,16.45,7.56,44.830297,-124.082852
2020-08-11T09:26:11.000,1.94,16.23,7.56,44.830297,-124.082852
2020-08-11T09:41:11.000,1.92,16.05,7.56,44.830297,-124.082852
2020-08-11T09:56:11.000,1.97,16.43,7.56,44.830297,-124.082852
2020-08-11T10:11:11.000,2.11,17.64,7.61,44.830297,-124.082852
2020-08-11T10:26:11.000,2.18,18.26,7.63,44.830297,-124.082852
2020-08-11T10:41:11.000,2.21,18.47,7.63,44.830297,-124.082852
2020-08-11T10:56:11.000,2.17,18.18,7.63,44.830297,-124.082852
2020-08-11T11:11:11.000,2.19,18.29,7.63,44.830297,-124.082852
2020-08-11T11:26:11.000,2.36,19.75,7.66,44.830297,-124.082852
2020-08-11T11:41:11.000,2.65,22.21,7.72,44.830297,-124.082852
2020-08-11T11:56:11.000,2.8,23.52,7.75,44.830297,-124.082852
2020-08-11T12:11:11.000,2.81,23.59,7.75,44.830297,-124.082852
2020-08-11T12:26:11.000,2.81,23.59,7.75,44.830297,-124.082852
2020-08-11T12:41:11.000,2.03,17,7.58,44.830297,-124.082852
2020-08-11T12:56:11.000,1.95,16.31,7.56,44.830297,-124.082852
2020-08-11T13:11:11.000,1.91,15.92,7.55,44.830297,-124.082852
2020-08-11T13:26:11.000,1.88,15.69,7.55,44.830297,-124.082852
2020-08-11T13:41:11.000,1.86,15.53,7.55,44.830297,-124.082852
2020-08-11T13:56:11.000,1.85,15.45,7.55,44.830297,-124.082852
2020-08-11T14:11:11.000,1.83,15.32,7.55,44.830297,-124.082852
2020-08-11T14:26:11.000,1.81,15.15,7.54,44.830297,-124.082852
2020-08-11T14:41:11.000,1.87,15.59,7.55,44.830297,-124.082852
2020-08-11T14:56:11.000,1.85,15.41,7.55,44.830297,-124.082852
2020-08-11T15:11:11.000,1.85,15.47,7.54,44.830297,-124.082852
2020-08-11T15:26:11.000,1.85,15.41,7.54,44.830297,-124.082852
2020-08-11T15:41:11.000,1.91,15.95,7.53,44.830297,-124.082852
2020-08-11T15:56:11.000,1.95,16.3,7.53,44.830297,-124.082852
2020-08-11T16:11:11.000,2.01,16.81,7.52,44.830297,-124.082852
2020-08-11T16:26:11.000,2.03,16.94,7.52,44.830297,-124.082852
2020-08-11T16:41:11.000,2.02,16.83,7.53,44.830297,-124.082852
2020-08-11T16:56:11.000,2.01,16.75,7.53,44.830297,-124.082852
2020-08-11T17:11:11.000,2,16.66,7.53,44.830297,-124.082852
2020-08-11T17:26:11.000,2.04,16.99,7.53,44.830297,-124.082852
2020-08-11T17:41:11.000,1.99,16.63,7.54,44.830297,-124.082852
2020-08-11T17:56:11.000,2.01,16.74,7.54,44.830297,-124.082852
2020-08-11T18:11:11.000,2.02,16.89,7.54,44.830297,-124.082852
2020-08-11T18:26:11.000,1.99,16.64,7.54,44.830297,-124.082852
2020-08-11T18:41:11.000,1.97,16.43,7.54,44.830297,-124.082852
2020-08-11T18:56:11.000,1.97,16.49,7.54,44.830297,-124.082852
2020-08-11T19:11:11.000,1.95,16.3,7.54,44.830297,-124.082852
2020-08-11T19:26:11.000,1.94,16.21,7.54,44.830297,-124.082852
2020-08-11T19:41:11.000,1.94,16.21,7.54,44.830297,-124.082852
2020-08-11T19:56:11.000,1.95,16.26,7.54,44.830297,-124.082852
2020-08-11T20:11:11.000,1.94,16.23,7.54,44.830297,-124.082852
2020-08-11T20:26:11.000,1.95,16.28,7.54,44.830297,-124.082852
2020-08-11T20:41:11.000,1.96,16.33,7.54,44.830297,-124.082852
2020-08-11T20:56:11.000,1.96,16.36,7.54,44.830297,-124.082852
2020-08-11T21:11:11.000,1.97,16.47,7.54,44.830297,-124.082852
2020-08-11T21:26:11.000,1.98,16.53,7.54,44.830297,-124.082852
2020-08-11T21:41:11.000,1.98,16.51,7.54,44.830297,-124.082852
2020-08-11T21:56:11.000,1.97,16.43,7.55,44.830297,-124.082852
2020-08-11T22:11:11.000,1.97,16.41,7.55,44.830297,-124.082852
2020-08-11T22:26:11.000,1.98,16.56,7.54,44.830297,-124.082852
2020-08-11T22:41:11.000,1.98,16.55,7.54,44.830297,-124.082852
2020-08-11T22:56:11.000,1.99,16.63,7.54,44.830297,-124.082852
2020-08-11T23:11:11.000,2,16.72,7.55,44.830297,-124.082852
2020-08-11T23:26:11.000,2.02,16.87,7.54,44.830297,-124.082852
2020-08-11T23:41:11.000,1.99,16.65,7.54,44.830297,-124.082852
2020-08-11T23:56:11.000,2.03,16.91,7.55,44.830297,-124.082852
2020-08-12T00:11:11.000,2.04,17.01,7.54,44.830297,-124.082852
2020-08-12T00:26:11.000,2.05,17.08,7.54,44.830297,-124.082852
2020-08-12T00:41:11.000,2.08,17.39,7.54,44.830297,-124.082852
2020-08-12T00:56:11.000,2.08,17.4,7.54,44.830297,-124.082852
2020-08-12T01:11:11.000,2.07,17.28,7.54,44.830297,-124.082852
2020-08-12T01:26:11.000,2.08,17.34,7.54,44.830297,-124.082852
2020-08-12T01:41:11.000,2.05,17.13,7.54,44.830297,-124.082852
2020-08-12T01:56:11.000,2.06,17.24,7.54,44.830297,-124.082852
2020-08-12T02:11:11.000,2.05,17.09,7.54,44.830297,-124.082852
2020-08-12T02:26:11.000,2.02,16.88,7.54,44.830297,-124.082852
2020-08-12T02:41:11.000,2.02,16.84,7.54,44.830297,-124.082852
2020-08-12T02:56:11.000,2.05,17.08,7.54,44.830297,-124.082852
2020-08-12T03:11:11.000,2.14,17.85,7.54,44.830297,-124.082852
2020-08-12T03:26:11.000,2.14,17.86,7.54,44.830297,-124.082852
2020-08-12T03:41:11.000,2.14,17.83,7.54,44.830297,-124.082852
2020-08-12T03:56:11.000,2.17,18.13,7.54,44.830297,-124.082852
2020-08-12T04:11:11.000,2.18,18.18,7.54,44.830297,-124.082852
2020-08-12T04:26:11.000,2.15,17.93,7.54,44.830297,-124.082852
2020-08-12T04:41:11.000,2.2,18.38,7.52,44.830297,-124.082852
2020-08-12T04:56:11.000,2.22,18.52,7.53,44.830297,-124.082852
2020-08-12T05:11:11.000,2.15,17.95,7.53,44.830297,-124.082852
2020-08-12T05:26:11.000,2.21,18.41,7.52,44.830297,-124.082852
2020-08-12T05:41:11.000,2.15,17.93,7.53,44.830297,-124.082852
2020-08-12T05:56:11.000,2.16,18,7.53,44.830297,-124.082852
2020-08-12T06:11:11.000,2.11,17.63,7.54,44.830297,-124.082852
2020-08-12T06:26:11.000,2.12,17.72,7.53,44.830297,-124.082852
2020-08-12T06:41:11.000,2.03,16.96,7.54,44.830297,-124.082852
2020-08-12T06:56:11.000,1.96,16.36,7.54,44.830297,-124.082852
2020-08-12T07:11:11.000,1.98,16.53,7.54,44.830297,-124.082852
2020-08-12T07:26:11.000,1.99,16.64,7.54,44.830297,-124.082852
2020-08-12T07:41:11.000,1.96,16.36,7.54,44.830297,-124.082852
2020-08-12T07:56:11.000,1.96,16.37,7.54,44.830297,-124.082852
2020-08-12T08:11:11.000,1.96,16.34,7.54,44.830297,-124.082852
2020-08-12T08:26:11.000,1.94,16.23,7.54,44.830297,-124.082852
2020-08-12T08:41:11.000,1.9,15.9,7.54,44.830297,-124.082852
2020-08-12T08:56:11.000,1.85,15.42,7.54,44.830297,-124.082852
2020-08-12T09:11:11.000,1.84,15.38,7.54,44.830297,-124.082852
2020-08-12T09:26:11.000,1.83,15.3,7.54,44.830297,-124.082852
2020-08-12T09:41:11.000,1.84,15.34,7.54,44.830297,-124.082852
2020-08-12T09:56:11.000,1.83,15.28,7.54,44.830297,-124.082852
2020-08-12T10:11:11.000,1.83,15.26,7.54,44.830297,-124.082852
2020-08-12T10:26:11.000,1.83,15.3,7.54,44.830297,-124.082852
2020-08-12T10:41:11.000,1.82,15.17,7.54,44.830297,-124.082852
2020-08-12T10:56:11.000,1.82,15.19,7.54,44.830297,-124.082852
2020-08-12T11:11:11.000,1.82,15.19,7.54,44.830297,-124.082852
2020-08-12T11:26:11.000,1.79,14.97,7.54,44.830297,-124.082852
2020-08-12T11:41:11.000,1.77,14.8,7.54,44.830297,-124.082852
2020-08-12T11:56:11.000,1.76,14.68,7.54,44.830297,-124.082852
2020-08-12T12:11:11.000,1.74,14.5,7.54,44.830297,-124.082852
2020-08-12T12:26:11.000,1.72,14.36,7.54,44.830297,-124.082852
2020-08-12T12:41:11.000,1.71,14.29,7.54,44.830297,-124.082852
2020-08-12T12:56:11.000,1.7,14.16,7.54,44.830297,-124.082852
2020-08-12T13:11:11.000,1.71,14.3,7.54,44.830297,-124.082852
2020-08-12T13:26:11.000,1.71,14.25,7.54,44.830297,-124.082852
2020-08-12T13:41:11.000,1.7,14.22,7.54,44.830297,-124.082852
2020-08-12T13:56:11.000,1.71,14.26,7.54,44.830297,-124.082852
2020-08-12T14:11:11.000,1.73,14.45,7.54,44.830297,-124.082852
2020-08-12T14:26:11.000,1.69,14.14,7.54,44.830297,-124.082852
2020-08-12T14:41:11.000,1.7,14.23,7.54,44.830297,-124.082852
2020-08-12T14:56:11.000,1.71,14.26,7.54,44.830297,-124.082852
2020-08-12T15:11:11.000,1.71,14.26,7.54,44.830297,-124.082852
2020-08-12T15:26:11.000,1.73,14.41,7.54,44.830297,-124.082852
2020-08-12T15:41:11.000,1.75,14.63,7.55,44.830297,-124.082852
