Time (UTC),DO (ml/L),Temperature (C),Latitude,Longitude,Depth (m)
26-Jun-2020 21:00:00,1.33697326053479,8.02,44.679893,-124.104705,-33.80403
26-Jun-2020 22:00:00,1.37372252554949,8.02,44.679893,-124.104705,-33.80403
26-Jun-2020 23:00:00,1.43147137057259,7.9975,44.679893,-124.104705,-33.80403
27-Jun-2020 00:00:00,1.47784544309114,7.975,44.679893,-124.104705,-33.80403
27-Jun-2020 01:00:00,1.47522049559009,7.95,44.679893,-124.104705,-33.80403
27-Jun-2020 02:00:00,1.45072098558029,7.9475,44.679893,-124.104705,-33.80403
27-Jun-2020 03:00:00,1.43672126557469,7.95,44.679893,-124.104705,-33.80403
27-Jun-2020 04:00:00,1.44547109057819,7.9875,44.679893,-124.104705,-33.80403
27-Jun-2020 05:00:00,1.41047179056419,7.93125,44.679893,-124.104705,-33.80403
27-Jun-2020 06:00:00,1.35797284054319,7.8775,44.679893,-124.104705,-33.80403
27-Jun-2020 07:00:00,1.32647347053059,7.86,44.679893,-124.104705,-33.80403
27-Jun-2020 08:00:00,1.32647347053059,7.8725,44.679893,-124.104705,-33.80403
27-Jun-2020 09:00:00,1.28447431051379,7.86,44.679893,-124.104705,-33.80403
27-Jun-2020 10:00:00,1.28972420551589,7.87,44.679893,-124.104705,-33.80403
27-Jun-2020 11:00:00,1.24422511549769,7.8575,44.679893,-124.104705,-33.80403
27-Jun-2020 12:00:00,1.24597508049839,7.86,44.679893,-124.104705,-33.80403
27-Jun-2020 13:00:00,1.19172616547669,7.8125,44.679893,-124.104705,-33.80403
27-Jun-2020 14:00:00,1.22322553548929,7.84,44.679893,-124.104705,-33.80403
27-Jun-2020 15:00:00,1.25472490550189,7.8575,44.679893,-124.104705,-33.80403
27-Jun-2020 16:00:00,1.31247375052499,7.9075,44.679893,-124.104705,-33.80403
27-Jun-2020 17:00:00,1.25472490550189,7.8725,44.679893,-124.104705,-33.80403
27-Jun-2020 18:00:00,1.24947501049979,7.865,44.679893,-124.104705,-33.80403
27-Jun-2020 19:00:00,1.16547669046619,7.79,44.679893,-124.104705,-33.80403
27-Jun-2020 20:00:00,1.16372672546549,7.77,44.679893,-124.104705,-33.80403
27-Jun-2020 21:00:00,1.17597648047039,7.7675,44.679893,-124.104705,-33.80403
27-Jun-2020 22:00:00,1.19172616547669,7.7825,44.679893,-124.104705,-33.80403
27-Jun-2020 23:00:00,1.20747585048299,7.8175,44.679893,-124.104705,-33.80403
28-Jun-2020 00:00:00,1.21447571048579,7.83125,44.679893,-124.104705,-33.80403
28-Jun-2020 01:00:00,1.23372532549349,7.8475,44.679893,-124.104705,-33.80403
28-Jun-2020 02:00:00,1.22935041299174,7.875,44.679893,-124.104705,-33.80403
28-Jun-2020 03:00:00,1.22760044799104,7.88,44.679893,-124.104705,-33.80403
28-Jun-2020 04:00:00,1.22847543049139,7.8825,44.679893,-124.104705,-33.80403
28-Jun-2020 05:00:00,1.20922581548369,7.855,44.679893,-124.104705,-33.80403
28-Jun-2020 06:00:00,1.19347613047739,7.835,44.679893,-124.104705,-33.80403
28-Jun-2020 07:00:00,1.17597648047039,7.825,44.679893,-124.104705,-33.80403
28-Jun-2020 08:00:00,1.16547669046619,7.8,44.679893,-124.104705,-33.80403
28-Jun-2020 09:00:00,1.16022679546409,7.8,44.679893,-124.104705,-33.80403
28-Jun-2020 10:00:00,1.16547669046619,7.8,44.679893,-124.104705,-33.80403
28-Jun-2020 11:00:00,1.16810163796724,7.81,44.679893,-124.104705,-33.80403
28-Jun-2020 12:00:00,1.14622707545849,7.83,44.679893,-124.104705,-33.80403
28-Jun-2020 13:00:00,1.13047739045219,7.8175,44.679893,-124.104705,-33.80403
28-Jun-2020 14:00:00,1.11297774044519,7.8175,44.679893,-124.104705,-33.80403
28-Jun-2020 15:00:00,1.10597788044239,7.8175,44.679893,-124.104705,-33.80403
28-Jun-2020 16:00:00,1.10947781044379,7.815,44.679893,-124.104705,-33.80403
28-Jun-2020 17:00:00,1.12697746045079,7.83,44.679893,-124.104705,-33.80403
28-Jun-2020 18:00:00,1.13397732045359,7.8475,44.679893,-124.104705,-33.80403
28-Jun-2020 19:00:00,1.21447571048579,7.8975,44.679893,-124.104705,-33.80403
28-Jun-2020 20:00:00,1.44547109057819,7.995,44.679893,-124.104705,-33.80403
28-Jun-2020 21:00:00,1.62396752064959,8.06,44.679893,-124.104705,-33.80403
28-Jun-2020 22:00:00,2.36420271594568,8.3425,44.679893,-124.104705,-33.80403
28-Jun-2020 23:00:00,2.48407531849363,8.39875,44.679893,-124.104705,-33.80403
29-Jun-2020 00:00:00,2.76144477110458,8.5525,44.679893,-124.104705,-33.80403
29-Jun-2020 01:00:00,2.81394372112558,8.6775,44.679893,-124.104705,-33.80403
29-Jun-2020 02:00:00,2.96444071118578,8.7875,44.679893,-124.104705,-33.80403
29-Jun-2020 03:00:00,3.25493490130197,8.925,44.679893,-124.104705,-33.80403
29-Jun-2020 04:00:00,2.97144057118858,8.775,44.679893,-124.104705,-33.80403
29-Jun-2020 05:00:00,2.58294834103318,8.535,44.679893,-124.104705,-33.80403
29-Jun-2020 06:00:00,2.19620607587848,8.4675,44.679893,-124.104705,-33.80403
29-Jun-2020 07:00:00,2.05620887582248,8.415,44.679893,-124.104705,-33.80403
29-Jun-2020 08:00:00,1.76221475570489,8.27,44.679893,-124.104705,-33.80403
29-Jun-2020 09:00:00,1.70446591068179,8.23,44.679893,-124.104705,-33.80403
29-Jun-2020 10:00:00,1.69921601567969,8.23,44.679893,-124.104705,-33.80403
29-Jun-2020 11:00:00,1.74471510569789,8.2425,44.679893,-124.104705,-33.80403
29-Jun-2020 12:00:00,1.96696066078678,8.3625,44.679893,-124.104705,-33.80403
29-Jun-2020 13:00:00,2.22945541089178,8.505,44.679893,-124.104705,-33.80403
29-Jun-2020 14:00:00,2.30645387092258,8.52,44.679893,-124.104705,-33.80403
29-Jun-2020 15:00:00,2.40270194596108,8.5625,44.679893,-124.104705,-33.80403
29-Jun-2020 16:00:00,2.54794904101918,8.64,44.679893,-124.104705,-33.80403
29-Jun-2020 17:00:00,2.71944561108778,8.735,44.679893,-124.104705,-33.80403
29-Jun-2020 18:00:00,2.75794484110318,8.76,44.679893,-124.104705,-33.80403
29-Jun-2020 19:00:00,2.33620327593448,8.5525,44.679893,-124.104705,-33.80403
29-Jun-2020 20:00:00,1.94421111577768,8.36,44.679893,-124.104705,-33.80403
29-Jun-2020 21:00:00,1.91446171076578,8.29,44.679893,-124.104705,-33.80403
29-Jun-2020 22:00:00,1.86633767324654,8.25,44.679893,-124.104705,-33.80403
29-Jun-2020 23:00:00,1.87771244575108,8.27,44.679893,-124.104705,-33.80403
30-Jun-2020 00:00:00,1.91271174576508,8.3,44.679893,-124.104705,-33.80403
30-Jun-2020 01:00:00,1.98796024079518,8.3425,44.679893,-124.104705,-33.80403
30-Jun-2020 02:00:00,2.08333333333333,8.38,44.679893,-124.104705,-33.80403
30-Jun-2020 03:00:00,1.99671006579868,8.3075,44.679893,-124.104705,-33.80403
30-Jun-2020 04:00:00,2.01420971580568,8.3025,44.679893,-124.104705,-33.80403
30-Jun-2020 05:00:00,2.01070978580428,8.325,44.679893,-124.104705,-33.80403
30-Jun-2020 06:00:00,2.07720845583088,8.38,44.679893,-124.104705,-33.80403
30-Jun-2020 07:00:00,2.06145877082458,8.38,44.679893,-124.104705,-33.80403
30-Jun-2020 08:00:00,2.05270894582108,8.38,44.679893,-124.104705,-33.80403
30-Jun-2020 09:00:00,2.00370992580148,8.38,44.679893,-124.104705,-33.80403
30-Jun-2020 10:00:00,2.16295674086518,8.4575,44.679893,-124.104705,-33.80403
30-Jun-2020 11:00:00,2.29595408091838,8.5175,44.679893,-124.104705,-33.80403
30-Jun-2020 12:00:00,2.21020579588408,8.4725,44.679893,-124.104705,-33.80403
30-Jun-2020 13:00:00,2.14370712585748,8.45,44.679893,-124.104705,-33.80403
30-Jun-2020 14:00:00,2.16995660086798,8.4575,44.679893,-124.104705,-33.80403
30-Jun-2020 15:00:00,2.24433011339773,8.5075,44.679893,-124.104705,-33.80403
30-Jun-2020 16:00:00,2.01595968080638,8.3825,44.679893,-124.104705,-33.80403
30-Jun-2020 17:00:00,1.84446311073779,8.245,44.679893,-124.104705,-33.80403
30-Jun-2020 18:00:00,1.80946381072379,8.2275,44.679893,-124.104705,-33.80403
30-Jun-2020 19:00:00,1.78496430071399,8.2,44.679893,-124.104705,-33.80403
30-Jun-2020 20:00:00,1.75521489570209,8.185,44.679893,-124.104705,-33.80403
30-Jun-2020 21:00:00,1.74121517569649,8.1675,44.679893,-124.104705,-33.80403
30-Jun-2020 22:00:00,1.74296514069719,8.1875,44.679893,-124.104705,-33.80403
30-Jun-2020 23:00:00,1.76396472070559,8.22,44.679893,-124.104705,-33.80403
01-Jul-2020 00:00:00,1.76046479070419,8.23,44.679893,-124.104705,-33.80403
01-Jul-2020 01:00:00,1.78321433571329,8.215,44.679893,-124.104705,-33.80403
01-Jul-2020 02:00:00,1.69396612067759,8.19,44.679893,-124.104705,-33.80403
01-Jul-2020 03:00:00,1.70096598068039,8.19,44.679893,-124.104705,-33.80403
01-Jul-2020 04:00:00,1.69921601567969,8.2025,44.679893,-124.104705,-33.80403
01-Jul-2020 05:00:00,1.68696626067479,8.1825,44.679893,-124.104705,-33.80403
01-Jul-2020 06:00:00,1.67646647067059,8.17,44.679893,-124.104705,-33.80403
01-Jul-2020 07:00:00,1.69221615567689,8.16,44.679893,-124.104705,-33.80403
01-Jul-2020 08:00:00,1.68521629567409,8.16,44.679893,-124.104705,-33.80403
01-Jul-2020 09:00:00,1.67996640067199,8.16,44.679893,-124.104705,-33.80403
01-Jul-2020 10:00:00,1.65021699566009,8.15,44.679893,-124.104705,-33.80403
01-Jul-2020 11:00:00,1.58546829063419,8.135,44.679893,-124.104705,-33.80403
01-Jul-2020 12:00:00,1.54521909561809,8.115,44.679893,-124.104705,-33.80403
01-Jul-2020 13:00:00,1.56796864062719,8.13,44.679893,-124.104705,-33.80403
01-Jul-2020 14:00:00,1.64146717065659,8.1675,44.679893,-124.104705,-33.80403
01-Jul-2020 15:00:00,1.66421671566569,8.1875,44.679893,-124.104705,-33.80403
01-Jul-2020 16:00:00,1.68346633067339,8.1975,44.679893,-124.104705,-33.80403
01-Jul-2020 17:00:00,1.73596528069439,8.225,44.679893,-124.104705,-33.80403
01-Jul-2020 18:00:00,1.73509029819404,8.2425,44.679893,-124.104705,-33.80403
01-Jul-2020 19:00:00,1.72896542069159,8.2325,44.679893,-124.104705,-33.80403
01-Jul-2020 20:00:00,1.66771664566709,8.205,44.679893,-124.104705,-33.80403
01-Jul-2020 21:00:00,1.60996780064399,8.175,44.679893,-124.104705,-33.80403
01-Jul-2020 22:00:00,1.58721825563489,8.1775,44.679893,-124.104705,-33.80403
01-Jul-2020 23:00:00,1.70271594568109,8.2625,44.679893,-124.104705,-33.80403
02-Jul-2020 00:00:00,1.81296374072519,8.3275,44.679893,-124.104705,-33.80403
02-Jul-2020 01:00:00,1.91796164076718,8.3875,44.679893,-124.104705,-33.80403
02-Jul-2020 02:00:00,1.82171356572869,8.33,44.679893,-124.104705,-33.80403
02-Jul-2020 03:00:00,1.82083858322834,8.32125,44.679893,-124.104705,-33.80403
02-Jul-2020 04:00:00,1.83396332073359,8.325,44.679893,-124.104705,-33.80403
02-Jul-2020 05:00:00,1.95996080078398,8.3925,44.679893,-124.104705,-33.80403
02-Jul-2020 06:00:00,2.27495450090998,8.5525,44.679893,-124.104705,-33.80403
02-Jul-2020 07:00:00,2.42807643847123,8.6325,44.679893,-124.104705,-33.80403
02-Jul-2020 08:00:00,2.41495170096598,8.625,44.679893,-124.104705,-33.80403
02-Jul-2020 09:00:00,2.30820383592328,8.5675,44.679893,-124.104705,-33.80403
02-Jul-2020 10:00:00,2.19970600587988,8.51,44.679893,-124.104705,-33.80403
02-Jul-2020 11:00:00,2.22420551588968,8.5125,44.679893,-124.104705,-33.80403
02-Jul-2020 12:00:00,2.32220355592888,8.58,44.679893,-124.104705,-33.80403
02-Jul-2020 13:00:00,2.32482850342993,8.59,44.679893,-124.104705,-33.80403
02-Jul-2020 14:00:00,2.37120257594848,8.59,44.679893,-124.104705,-33.80403
02-Jul-2020 15:00:00,2.55844883102338,8.715,44.679893,-124.104705,-33.80403
02-Jul-2020 16:00:00,2.55669886602268,8.69,44.679893,-124.104705,-33.80403
02-Jul-2020 17:00:00,2.52344953100938,8.67,44.679893,-124.104705,-33.80403
02-Jul-2020 18:00:00,2.27495450090998,8.55,44.679893,-124.104705,-33.80403
02-Jul-2020 19:00:00,2.20845583088338,8.52,44.679893,-124.104705,-33.80403
02-Jul-2020 20:00:00,2.17520649587008,8.52,44.679893,-124.104705,-33.80403
02-Jul-2020 21:00:00,2.17695646087078,8.5225,44.679893,-124.104705,-33.80403
02-Jul-2020 22:00:00,2.23470530589388,8.555,44.679893,-124.104705,-33.80403
02-Jul-2020 23:00:00,2.43595128097438,8.655,44.679893,-124.104705,-33.80403
03-Jul-2020 00:00:00,2.96444071118578,8.89,44.679893,-124.104705,-33.80403
03-Jul-2020 01:00:00,3.29868402631947,9.0375,44.679893,-124.104705,-33.80403
03-Jul-2020 02:00:00,3.35643287134257,9.0675,44.679893,-124.104705,-33.80403
03-Jul-2020 03:00:00,2.32395352092958,8.635,44.679893,-124.104705,-33.80403
03-Jul-2020 04:00:00,2.41495170096598,8.68,44.679893,-124.104705,-33.80403
03-Jul-2020 05:00:00,2.91369172616548,8.885,44.679893,-124.104705,-33.80403
03-Jul-2020 06:00:00,2.88569228615428,8.8575,44.679893,-124.104705,-33.80403
03-Jul-2020 07:00:00,2.42720145597088,8.6525,44.679893,-124.104705,-33.80403
03-Jul-2020 08:00:00,2.33270334593308,8.595,44.679893,-124.104705,-33.80403
03-Jul-2020 09:00:00,2.24345513089738,8.5325,44.679893,-124.104705,-33.80403
03-Jul-2020 10:00:00,2.14720705585888,8.5,44.679893,-124.104705,-33.80403
03-Jul-2020 11:00:00,2.08770824583508,8.48,44.679893,-124.104705,-33.80403
03-Jul-2020 12:00:00,2.07195856082878,8.4675,44.679893,-124.104705,-33.80403
03-Jul-2020 13:00:00,2.34495310093798,8.6,44.679893,-124.104705,-33.80403
03-Jul-2020 14:00:00,2.45695086098278,8.675,44.679893,-124.104705,-33.80403
03-Jul-2020 15:00:00,2.49195016099678,8.7025,44.679893,-124.104705,-33.80403
03-Jul-2020 16:00:00,2.22070558588828,8.5625,44.679893,-124.104705,-33.80403
03-Jul-2020 17:00:00,2.26445471090578,8.595,44.679893,-124.104705,-33.80403
03-Jul-2020 18:00:00,2.28195436091278,8.61,44.679893,-124.104705,-33.80403
