Time (UTC),DO (ml/L),Dissolved Oxygen (%),Temperature (C),Latitude,Longitude
2020-07-04T15:26:00.000,3.51,29.34,7.61,NaN,NaN
2020-07-04T15:41:00.000,3.52,29.42,7.59,NaN,NaN
2020-07-04T15:56:00.000,3.54,29.58,7.59,NaN,NaN
2020-07-04T16:11:00.000,3.56,29.78,7.6,NaN,NaN
2020-07-04T16:26:00.000,3.58,29.98,7.6,NaN,NaN
2020-07-04T16:41:00.000,3.64,30.42,7.61,NaN,NaN
2020-07-04T16:56:00.000,3.71,31.03,7.61,NaN,NaN
2020-07-04T17:11:00.000,3.81,31.83,7.61,NaN,NaN
2020-07-04T17:26:00.000,3.86,32.31,7.62,NaN,NaN
2020-07-04T17:41:00.000,3.92,32.81,7.63,NaN,NaN
2020-07-04T17:56:00.000,4.01,33.58,7.63,NaN,NaN
2020-07-04T18:11:00.000,4.01,33.53,7.64,NaN,NaN
2020-07-04T18:26:00.000,4.05,33.9,7.65,NaN,NaN
2020-07-04T18:41:00.000,4.18,35,7.66,NaN,NaN
2020-07-04T18:56:00.000,4.21,35.29,7.67,NaN,NaN
2020-07-04T19:11:00.000,4.28,35.86,7.67,NaN,NaN
2020-07-04T19:26:00.000,4.32,36.21,7.66,NaN,NaN
2020-07-04T19:41:00.000,4.36,36.5,7.66,NaN,NaN
2020-07-04T19:56:00.000,4.4,36.81,7.67,NaN,NaN
2020-07-04T20:11:00.000,4.46,37.33,7.67,NaN,NaN
2020-07-04T20:26:00.000,4.54,38.01,7.68,NaN,NaN
2020-07-04T20:41:00.000,4.59,38.48,7.68,NaN,NaN
2020-07-04T20:56:00.000,4.66,39.07,7.68,NaN,NaN
2020-07-04T21:11:00.000,4.75,39.78,7.68,NaN,NaN
2020-07-04T21:26:00.000,4.86,40.78,7.7,NaN,NaN
2020-07-04T21:41:00.000,4.95,41.52,7.7,NaN,NaN
2020-07-04T21:56:00.000,5.04,42.23,7.71,NaN,NaN
2020-07-04T22:11:00.000,5.09,42.73,7.72,NaN,NaN
2020-07-04T22:26:00.000,5.14,43.08,7.73,NaN,NaN
2020-07-04T22:41:00.000,5.17,43.34,7.73,NaN,NaN
2020-07-04T22:56:00.000,5.19,43.56,7.73,NaN,NaN
2020-07-04T23:11:00.000,5.21,43.68,7.73,NaN,NaN
2020-07-04T23:26:00.000,5.22,43.76,7.73,NaN,NaN
2020-07-04T23:41:00.000,5.23,43.85,7.74,NaN,NaN
2020-07-04T23:56:00.000,5.28,44.27,7.75,NaN,NaN
2020-07-05T00:11:00.000,5.33,44.7,7.75,NaN,NaN
2020-07-05T00:26:00.000,5.32,44.69,7.75,NaN,NaN
2020-07-05T00:41:00.000,5.36,44.97,7.75,NaN,NaN
2020-07-05T00:56:00.000,5.35,44.9,7.75,NaN,NaN
2020-07-05T01:11:00.000,5.38,45.16,7.75,NaN,NaN
2020-07-05T01:26:00.000,5.38,45.13,7.75,NaN,NaN
2020-07-05T01:41:00.000,5.4,45.35,7.75,NaN,NaN
2020-07-05T01:56:00.000,5.41,45.45,7.75,NaN,NaN
2020-07-05T02:11:00.000,5.42,45.47,7.76,NaN,NaN
2020-07-05T02:26:00.000,5.46,45.8,7.77,NaN,NaN
2020-07-05T02:41:00.000,5.46,45.8,7.77,NaN,NaN
2020-07-05T02:56:00.000,5.47,45.93,7.77,NaN,NaN
2020-07-05T03:11:00.000,5.49,46.07,7.77,NaN,NaN
2020-07-05T03:26:00.000,5.5,46.19,7.78,NaN,NaN
2020-07-05T03:41:00.000,5.51,46.25,7.78,NaN,NaN
2020-07-05T03:56:00.000,5.53,46.45,7.78,NaN,NaN
2020-07-05T04:11:00.000,5.56,46.7,7.78,NaN,NaN
2020-07-05T04:26:00.000,5.59,46.92,7.78,NaN,NaN
2020-07-05T04:41:00.000,5.61,47.11,7.79,NaN,NaN
2020-07-05T04:56:00.000,5.63,47.29,7.8,NaN,NaN
2020-07-05T05:11:00.000,5.65,47.46,7.8,NaN,NaN
2020-07-05T05:26:00.000,5.67,47.63,7.8,NaN,NaN
2020-07-05T05:41:00.000,5.69,47.83,7.8,NaN,NaN
2020-07-05T05:56:00.000,5.7,47.93,7.8,NaN,NaN
2020-07-05T06:11:00.000,5.71,47.99,7.81,NaN,NaN
2020-07-05T06:26:00.000,5.73,48.2,7.82,NaN,NaN
2020-07-05T06:41:00.000,5.73,48.2,7.82,NaN,NaN
2020-07-05T06:56:00.000,5.74,48.28,7.82,NaN,NaN
2020-07-05T07:11:00.000,5.74,48.28,7.83,NaN,NaN
2020-07-05T07:26:00.000,5.74,48.27,7.83,NaN,NaN
2020-07-05T07:41:00.000,5.75,48.36,7.83,NaN,NaN
2020-07-05T07:56:00.000,5.73,48.19,7.83,NaN,NaN
2020-07-05T08:11:00.000,5.73,48.19,7.83,NaN,NaN
2020-07-05T08:26:00.000,5.74,48.29,7.83,NaN,NaN
2020-07-05T08:41:00.000,5.72,48.12,7.83,NaN,NaN
2020-07-05T08:56:00.000,5.74,48.24,7.83,NaN,NaN
2020-07-05T09:11:00.000,5.73,48.17,7.83,NaN,NaN
2020-07-05T09:26:00.000,5.73,48.19,7.83,NaN,NaN
2020-07-05T09:41:00.000,5.73,48.19,7.83,NaN,NaN
2020-07-05T09:56:00.000,5.73,48.16,7.83,NaN,NaN
2020-07-05T10:11:00.000,5.74,48.25,7.83,NaN,NaN
2020-07-05T10:26:00.000,5.72,48.08,7.83,NaN,NaN
2020-07-05T10:41:00.000,5.72,48.13,7.82,NaN,NaN
2020-07-05T10:56:00.000,5.73,48.18,7.83,NaN,NaN
2020-07-05T11:11:00.000,5.73,48.17,7.83,NaN,NaN
2020-07-05T11:26:00.000,5.73,48.16,7.82,NaN,NaN
2020-07-05T11:41:00.000,5.72,48.09,7.83,NaN,NaN
2020-07-05T11:56:00.000,5.72,48.09,7.82,NaN,NaN
2020-07-05T12:11:00.000,5.72,48.07,7.82,NaN,NaN
2020-07-05T12:26:00.000,5.7,47.92,7.82,NaN,NaN
2020-07-05T12:41:00.000,5.71,47.98,7.82,NaN,NaN
2020-07-05T12:56:00.000,5.69,47.86,7.82,NaN,NaN
2020-07-05T13:11:00.000,5.7,47.89,7.81,NaN,NaN
2020-07-05T13:26:00.000,5.69,47.79,7.81,NaN,NaN
2020-07-05T13:41:00.000,5.68,47.77,7.81,NaN,NaN
2020-07-05T13:56:00.000,5.68,47.73,7.8,NaN,NaN
2020-07-05T14:11:00.000,5.66,47.6,7.8,NaN,NaN
2020-07-05T14:26:00.000,5.68,47.7,7.8,NaN,NaN
2020-07-05T14:41:00.000,5.67,47.63,7.8,NaN,NaN
2020-07-05T14:56:00.000,5.68,47.7,7.8,NaN,NaN
2020-07-05T15:11:00.000,5.68,47.74,7.8,NaN,NaN
2020-07-05T15:26:00.000,5.68,47.77,7.81,NaN,NaN
2020-07-05T15:41:00.000,5.69,47.8,7.81,NaN,NaN
2020-07-05T15:56:00.000,5.71,47.96,7.81,NaN,NaN
2020-07-05T16:11:00.000,5.71,48.02,7.82,NaN,NaN
2020-07-05T16:26:00.000,5.73,48.2,7.82,NaN,NaN
2020-07-05T16:41:00.000,5.75,48.31,7.82,NaN,NaN
2020-07-05T16:56:00.000,5.76,48.41,7.83,NaN,NaN
2020-07-05T17:11:00.000,5.79,48.67,7.83,NaN,NaN
2020-07-05T17:26:00.000,5.79,48.69,7.83,NaN,NaN
2020-07-05T17:41:00.000,5.81,48.86,7.84,NaN,NaN
2020-07-05T17:56:00.000,5.83,49.04,7.84,NaN,NaN
2020-07-05T18:11:00.000,5.84,49.16,7.85,NaN,NaN
2020-07-05T18:26:00.000,5.86,49.32,7.85,NaN,NaN
2020-07-05T18:41:00.000,5.86,49.34,7.85,NaN,NaN
2020-07-05T18:56:00.000,5.87,49.36,7.85,NaN,NaN
2020-07-05T19:11:00.000,5.87,49.42,7.86,NaN,NaN
2020-07-05T19:26:00.000,5.88,49.46,7.87,NaN,NaN
2020-07-05T19:41:00.000,5.87,49.44,7.87,NaN,NaN
2020-07-05T19:56:00.000,5.87,49.41,7.87,NaN,NaN
2020-07-05T20:11:00.000,5.88,49.47,7.87,NaN,NaN
2020-07-05T20:26:00.000,5.88,49.5,7.87,NaN,NaN
2020-07-05T20:41:00.000,5.87,49.45,7.88,NaN,NaN
2020-07-05T20:56:00.000,5.88,49.47,7.88,NaN,NaN
2020-07-05T21:11:00.000,5.88,49.48,7.89,NaN,NaN
2020-07-05T21:26:00.000,5.88,49.48,7.89,NaN,NaN
2020-07-05T21:41:00.000,5.87,49.47,7.9,NaN,NaN
2020-07-05T21:56:00.000,5.88,49.49,7.9,NaN,NaN
2020-07-05T22:11:00.000,5.89,49.58,7.9,NaN,NaN
2020-07-05T22:26:00.000,5.9,49.69,7.9,NaN,NaN
2020-07-05T22:41:00.000,5.9,49.69,7.9,NaN,NaN
2020-07-05T22:56:00.000,5.92,49.88,7.91,NaN,NaN
2020-07-05T23:11:00.000,5.93,50.01,7.92,NaN,NaN
2020-07-05T23:26:00.000,5.95,50.13,7.92,NaN,NaN
2020-07-05T23:41:00.000,5.97,50.31,7.92,NaN,NaN
2020-07-05T23:56:00.000,5.98,50.43,7.92,NaN,NaN
2020-07-06T00:11:00.000,6,50.6,7.92,NaN,NaN
2020-07-06T00:26:00.000,6.02,50.71,7.92,NaN,NaN
2020-07-06T00:41:00.000,6.03,50.78,7.92,NaN,NaN
2020-07-06T00:56:00.000,6.03,50.85,7.93,NaN,NaN
2020-07-06T01:11:00.000,6.05,50.96,7.93,NaN,NaN
2020-07-06T01:26:00.000,6.05,50.98,7.93,NaN,NaN
2020-07-06T01:41:00.000,6.06,51.12,7.94,NaN,NaN
2020-07-06T01:56:00.000,6.06,51.11,7.94,NaN,NaN
2020-07-06T02:11:00.000,6.06,51.12,7.94,NaN,NaN
2020-07-06T02:26:00.000,6.07,51.17,7.94,NaN,NaN
2020-07-06T02:41:00.000,6.07,51.17,7.94,NaN,NaN
2020-07-06T02:56:00.000,6.06,51.08,7.95,NaN,NaN
2020-07-06T03:11:00.000,6.06,51.08,7.95,NaN,NaN
2020-07-06T03:26:00.000,6.05,51.01,7.94,NaN,NaN
2020-07-06T03:41:00.000,6.05,51,7.94,NaN,NaN
2020-07-06T03:56:00.000,6.04,50.96,7.95,NaN,NaN
2020-07-06T04:11:00.000,6.01,50.71,7.95,NaN,NaN
2020-07-06T04:26:00.000,6.01,50.66,7.95,NaN,NaN
2020-07-06T04:41:00.000,5.93,49.97,7.95,NaN,NaN
2020-07-06T04:56:00.000,5.46,46.01,7.9,NaN,NaN
2020-07-06T05:11:00.000,5.39,45.38,7.89,NaN,NaN
2020-07-06T05:26:00.000,5.46,45.95,7.88,NaN,NaN
2020-07-06T05:41:00.000,5.48,46.11,7.88,NaN,NaN
2020-07-06T05:56:00.000,5.51,46.35,7.87,NaN,NaN
2020-07-06T06:11:00.000,5.5,46.3,7.87,NaN,NaN
2020-07-06T06:26:00.000,5.46,45.93,7.87,NaN,NaN
2020-07-06T06:41:00.000,5.35,45.05,7.85,NaN,NaN
2020-07-06T06:56:00.000,5.16,43.42,7.84,NaN,NaN
2020-07-06T07:11:00.000,4.88,40.97,7.8,NaN,NaN
2020-07-06T07:26:00.000,4.85,40.73,7.8,NaN,NaN
2020-07-06T07:41:00.000,4.78,40.14,7.79,NaN,NaN
2020-07-06T07:56:00.000,4.72,39.61,7.78,NaN,NaN
2020-07-06T08:11:00.000,4.67,39.18,7.78,NaN,NaN
2020-07-06T08:26:00.000,4.63,38.9,7.77,NaN,NaN
2020-07-06T08:41:00.000,4.59,38.53,7.75,NaN,NaN
2020-07-06T08:56:00.000,4.57,38.33,7.73,NaN,NaN
2020-07-06T09:11:00.000,4.56,38.26,7.73,NaN,NaN
2020-07-06T09:26:00.000,4.54,38.08,7.73,NaN,NaN
2020-07-06T09:41:00.000,4.54,38.11,7.73,NaN,NaN
2020-07-06T09:56:00.000,4.55,38.19,7.72,NaN,NaN
2020-07-06T10:11:00.000,4.54,38.06,7.73,NaN,NaN
2020-07-06T10:26:00.000,4.53,38.03,7.73,NaN,NaN
2020-07-06T10:41:00.000,4.54,38.09,7.73,NaN,NaN
2020-07-06T10:56:00.000,4.53,38.02,7.73,NaN,NaN
2020-07-06T11:11:00.000,4.54,38.12,7.73,NaN,NaN
2020-07-06T11:26:00.000,4.53,37.96,7.73,NaN,NaN
2020-07-06T11:41:00.000,4.52,37.93,7.73,NaN,NaN
2020-07-06T11:56:00.000,4.53,37.97,7.73,NaN,NaN
2020-07-06T12:11:00.000,4.53,38.04,7.73,NaN,NaN
2020-07-06T12:26:00.000,4.55,38.15,7.73,NaN,NaN
2020-07-06T12:41:00.000,4.55,38.15,7.73,NaN,NaN
2020-07-06T12:56:00.000,4.56,38.22,7.73,NaN,NaN
2020-07-06T13:11:00.000,4.51,37.85,7.74,NaN,NaN
2020-07-06T13:26:00.000,4.54,38.12,7.74,NaN,NaN
2020-07-06T13:41:00.000,4.57,38.37,7.75,NaN,NaN
2020-07-06T13:56:00.000,4.53,38.01,7.75,NaN,NaN
2020-07-06T14:11:00.000,4.54,38.13,7.75,NaN,NaN
2020-07-06T14:26:00.000,4.56,38.26,7.75,NaN,NaN
2020-07-06T14:41:00.000,4.54,38.13,7.75,NaN,NaN
2020-07-06T14:56:00.000,4.56,38.25,7.75,NaN,NaN
2020-07-06T15:11:00.000,4.55,38.22,7.75,NaN,NaN
2020-07-06T15:26:00.000,4.54,38.11,7.75,NaN,NaN
2020-07-06T15:41:00.000,4.55,38.2,7.75,NaN,NaN
2020-07-06T15:56:00.000,4.56,38.24,7.75,NaN,NaN
2020-07-06T16:11:00.000,4.55,38.21,7.75,NaN,NaN
2020-07-06T16:26:00.000,4.55,38.2,7.75,NaN,NaN
2020-07-06T16:41:00.000,4.55,38.22,7.75,NaN,NaN
2020-07-06T16:56:00.000,4.56,38.29,7.75,NaN,NaN
2020-07-06T17:11:00.000,4.57,38.36,7.75,NaN,NaN
2020-07-06T17:26:00.000,4.57,38.34,7.75,NaN,NaN
2020-07-06T17:41:00.000,4.58,38.45,7.75,NaN,NaN
2020-07-06T17:56:00.000,4.59,38.49,7.75,NaN,NaN
2020-07-06T18:11:00.000,4.58,38.47,7.75,NaN,NaN
2020-07-06T18:26:00.000,4.59,38.5,7.75,NaN,NaN
2020-07-06T18:41:00.000,4.6,38.63,7.75,NaN,NaN
2020-07-06T18:56:00.000,4.61,38.69,7.75,NaN,NaN
2020-07-06T19:11:00.000,4.62,38.82,7.75,NaN,NaN
2020-07-06T19:26:00.000,4.64,38.97,7.76,NaN,NaN
2020-07-06T19:41:00.000,4.66,39.12,7.77,NaN,NaN
2020-07-06T19:56:00.000,4.68,39.32,7.78,NaN,NaN
2020-07-06T20:11:00.000,4.7,39.46,7.78,NaN,NaN
2020-07-06T20:26:00.000,4.71,39.54,7.78,NaN,NaN
2020-07-06T20:41:00.000,4.72,39.64,7.78,NaN,NaN
2020-07-06T20:56:00.000,4.73,39.77,7.79,NaN,NaN
2020-07-06T21:11:00.000,4.75,39.88,7.8,NaN,NaN
2020-07-06T21:26:00.000,4.75,39.89,7.8,NaN,NaN
2020-07-06T21:41:00.000,4.73,39.78,7.8,NaN,NaN
2020-07-06T21:56:00.000,4.73,39.75,7.8,NaN,NaN
2020-07-06T22:11:00.000,4.74,39.83,7.8,NaN,NaN
2020-07-06T22:26:00.000,4.72,39.7,7.8,NaN,NaN
2020-07-06T22:41:00.000,4.7,39.51,7.8,NaN,NaN
2020-07-06T22:56:00.000,4.67,39.24,7.8,NaN,NaN
2020-07-06T23:11:00.000,4.61,38.75,7.8,NaN,NaN
2020-07-06T23:26:00.000,4.61,38.75,7.8,NaN,NaN
2020-07-06T23:41:00.000,4.62,38.8,7.8,NaN,NaN
2020-07-06T23:56:00.000,4.62,38.81,7.8,NaN,NaN
2020-07-07T00:11:00.000,4.62,38.82,7.8,NaN,NaN
2020-07-07T00:26:00.000,4.61,38.72,7.8,NaN,NaN
2020-07-07T00:41:00.000,4.61,38.75,7.8,NaN,NaN
2020-07-07T00:56:00.000,4.61,38.71,7.8,NaN,NaN
2020-07-07T01:11:00.000,4.6,38.63,7.8,NaN,NaN
2020-07-07T01:26:00.000,4.6,38.62,7.81,NaN,NaN
2020-07-07T01:41:00.000,4.6,38.64,7.81,NaN,NaN
2020-07-07T01:56:00.000,4.61,38.77,7.81,NaN,NaN
2020-07-07T02:11:00.000,4.62,38.83,7.81,NaN,NaN
2020-07-07T02:26:00.000,4.65,39.12,7.82,NaN,NaN
2020-07-07T02:41:00.000,4.64,39.05,7.82,NaN,NaN
2020-07-07T02:56:00.000,4.71,39.61,7.82,NaN,NaN
2020-07-07T03:11:00.000,4.75,39.94,7.83,NaN,NaN
2020-07-07T03:26:00.000,4.71,39.62,7.84,NaN,NaN
2020-07-07T03:41:00.000,4.56,38.33,7.84,NaN,NaN
2020-07-07T03:56:00.000,4.51,37.91,7.84,NaN,NaN
2020-07-07T04:11:00.000,4.37,36.77,7.84,NaN,NaN
2020-07-07T04:26:00.000,4.41,37.09,7.83,NaN,NaN
2020-07-07T04:41:00.000,4.38,36.84,7.83,NaN,NaN
2020-07-07T04:56:00.000,4.37,36.71,7.83,NaN,NaN
2020-07-07T05:11:00.000,4.39,36.9,7.83,NaN,NaN
2020-07-07T05:26:00.000,4.29,36.09,7.82,NaN,NaN
2020-07-07T05:41:00.000,4.29,36.07,7.83,NaN,NaN
2020-07-07T05:56:00.000,4.27,35.91,7.83,NaN,NaN
2020-07-07T06:11:00.000,4.29,36.05,7.83,NaN,NaN
2020-07-07T06:26:00.000,4.28,35.97,7.83,NaN,NaN
2020-07-07T06:41:00.000,4.28,35.99,7.83,NaN,NaN
2020-07-07T06:56:00.000,4.28,35.96,7.82,NaN,NaN
2020-07-07T07:11:00.000,4.26,35.78,7.82,NaN,NaN
2020-07-07T07:26:00.000,4.24,35.64,7.83,NaN,NaN
2020-07-07T07:41:00.000,4.23,35.54,7.82,NaN,NaN
2020-07-07T07:56:00.000,4.21,35.36,7.82,NaN,NaN
2020-07-07T08:11:00.000,4.2,35.32,7.82,NaN,NaN
2020-07-07T08:26:00.000,4.14,34.81,7.82,NaN,NaN
2020-07-07T08:41:00.000,4.15,34.85,7.82,NaN,NaN
2020-07-07T08:56:00.000,4.14,34.81,7.82,NaN,NaN
2020-07-07T09:11:00.000,4.1,34.47,7.82,NaN,NaN
2020-07-07T09:26:00.000,4.08,34.34,7.82,NaN,NaN
2020-07-07T09:41:00.000,4.08,34.33,7.82,NaN,NaN
2020-07-07T09:56:00.000,4.06,34.16,7.82,NaN,NaN
2020-07-07T10:11:00.000,4.04,34.01,7.82,NaN,NaN
2020-07-07T10:26:00.000,4.04,33.94,7.83,NaN,NaN
2020-07-07T10:41:00.000,4.02,33.81,7.82,NaN,NaN
2020-07-07T10:56:00.000,4.02,33.82,7.83,NaN,NaN
2020-07-07T11:11:00.000,4.02,33.79,7.83,NaN,NaN
2020-07-07T11:26:00.000,4.01,33.75,7.82,NaN,NaN
2020-07-07T11:41:00.000,4,33.66,7.82,NaN,NaN
2020-07-07T11:56:00.000,4,33.66,7.82,NaN,NaN
2020-07-07T12:11:00.000,4,33.66,7.82,NaN,NaN
2020-07-07T12:26:00.000,4.01,33.72,7.82,NaN,NaN
2020-07-07T12:41:00.000,4,33.64,7.83,NaN,NaN
2020-07-07T12:56:00.000,3.97,33.36,7.83,NaN,NaN
2020-07-07T13:11:00.000,3.98,33.49,7.82,NaN,NaN
2020-07-07T13:26:00.000,3.97,33.4,7.82,NaN,NaN
2020-07-07T13:41:00.000,3.97,33.38,7.82,NaN,NaN
2020-07-07T13:56:00.000,3.95,33.2,7.83,NaN,NaN
2020-07-07T14:11:00.000,3.94,33.15,7.83,NaN,NaN
2020-07-07T14:26:00.000,3.94,33.1,7.83,NaN,NaN
2020-07-07T14:41:00.000,3.93,33.01,7.82,NaN,NaN
2020-07-07T14:56:00.000,3.91,32.9,7.82,NaN,NaN
2020-07-07T15:11:00.000,3.91,32.9,7.82,NaN,NaN
2020-07-07T15:26:00.000,3.91,32.83,7.83,NaN,NaN
2020-07-07T15:41:00.000,3.89,32.71,7.83,NaN,NaN
2020-07-07T15:56:00.000,3.83,32.22,7.82,NaN,NaN
2020-07-07T16:11:00.000,3.83,32.22,7.83,NaN,NaN
2020-07-07T16:26:00.000,3.84,32.3,7.82,NaN,NaN
2020-07-07T16:41:00.000,3.81,32.01,7.82,NaN,NaN
2020-07-07T16:56:00.000,3.83,32.22,7.83,NaN,NaN
2020-07-07T17:11:00.000,3.8,31.94,7.82,NaN,NaN
2020-07-07T17:26:00.000,3.79,31.84,7.82,NaN,NaN
2020-07-07T17:41:00.000,3.78,31.76,7.83,NaN,NaN
2020-07-07T17:56:00.000,3.76,31.63,7.83,NaN,NaN
2020-07-07T18:11:00.000,3.77,31.66,7.82,NaN,NaN
2020-07-07T18:26:00.000,3.75,31.54,7.82,NaN,NaN
2020-07-07T18:41:00.000,3.76,31.57,7.82,NaN,NaN
2020-07-07T18:56:00.000,3.74,31.46,7.82,NaN,NaN
2020-07-07T19:11:00.000,3.74,31.47,7.82,NaN,NaN
2020-07-07T19:26:00.000,3.74,31.46,7.82,NaN,NaN
2020-07-07T19:41:00.000,3.74,31.42,7.82,NaN,NaN
2020-07-07T19:56:00.000,3.72,31.29,7.82,NaN,NaN
2020-07-07T20:11:00.000,3.74,31.41,7.82,NaN,NaN
2020-07-07T20:26:00.000,3.74,31.42,7.82,NaN,NaN
2020-07-07T20:41:00.000,3.74,31.43,7.82,NaN,NaN
2020-07-07T20:56:00.000,3.74,31.47,7.82,NaN,NaN
2020-07-07T21:11:00.000,3.74,31.43,7.82,NaN,NaN
2020-07-07T21:26:00.000,3.73,31.39,7.82,NaN,NaN
2020-07-07T21:41:00.000,3.73,31.39,7.82,NaN,NaN
2020-07-07T21:56:00.000,3.75,31.49,7.82,NaN,NaN
2020-07-07T22:11:00.000,3.73,31.37,7.82,NaN,NaN
2020-07-07T22:26:00.000,3.73,31.39,7.82,NaN,NaN
2020-07-07T22:41:00.000,3.72,31.24,7.83,NaN,NaN
2020-07-07T22:56:00.000,3.77,31.71,7.83,NaN,NaN
2020-07-07T23:11:00.000,3.76,31.61,7.82,NaN,NaN
2020-07-07T23:26:00.000,3.75,31.54,7.82,NaN,NaN
2020-07-07T23:41:00.000,3.78,31.77,7.83,NaN,NaN
2020-07-07T23:56:00.000,3.77,31.72,7.83,NaN,NaN
2020-07-08T00:11:00.000,3.75,31.55,7.83,NaN,NaN
2020-07-08T00:26:00.000,3.71,31.16,7.82,NaN,NaN
2020-07-08T00:41:00.000,3.76,31.63,7.83,NaN,NaN
2020-07-08T00:56:00.000,3.76,31.59,7.83,NaN,NaN
2020-07-08T01:11:00.000,3.77,31.74,7.82,NaN,NaN
2020-07-08T01:26:00.000,3.76,31.62,7.82,NaN,NaN
2020-07-08T01:41:00.000,3.77,31.72,7.83,NaN,NaN
2020-07-08T01:56:00.000,3.77,31.68,7.83,NaN,NaN
2020-07-08T02:11:00.000,3.76,31.6,7.83,NaN,NaN
2020-07-08T02:26:00.000,3.74,31.44,7.82,NaN,NaN
2020-07-08T02:41:00.000,3.75,31.5,7.82,NaN,NaN
2020-07-08T02:56:00.000,3.74,31.4,7.82,NaN,NaN
2020-07-08T03:11:00.000,3.74,31.45,7.82,NaN,NaN
2020-07-08T03:26:00.000,3.73,31.37,7.83,NaN,NaN
2020-07-08T03:41:00.000,3.73,31.34,7.83,NaN,NaN
2020-07-08T03:56:00.000,3.73,31.34,7.82,NaN,NaN
2020-07-08T04:11:00.000,3.73,31.33,7.83,NaN,NaN
2020-07-08T04:26:00.000,3.71,31.22,7.82,NaN,NaN
2020-07-08T04:41:00.000,3.71,31.17,7.82,NaN,NaN
2020-07-08T04:56:00.000,3.7,31.06,7.82,NaN,NaN
2020-07-08T05:11:00.000,3.67,30.87,7.8,NaN,NaN
2020-07-08T05:26:00.000,3.65,30.64,7.8,NaN,NaN
2020-07-08T05:41:00.000,3.61,30.33,7.8,NaN,NaN
2020-07-08T05:56:00.000,3.57,30.03,7.79,NaN,NaN
2020-07-08T06:11:00.000,3.56,29.89,7.79,NaN,NaN
2020-07-08T06:26:00.000,3.54,29.7,7.78,NaN,NaN
2020-07-08T06:41:00.000,3.5,29.4,7.78,NaN,NaN
2020-07-08T06:56:00.000,3.49,29.3,7.78,NaN,NaN
2020-07-08T07:11:00.000,3.47,29.11,7.78,NaN,NaN
2020-07-08T07:26:00.000,3.45,28.99,7.78,NaN,NaN
2020-07-08T07:41:00.000,3.44,28.85,7.77,NaN,NaN
2020-07-08T07:56:00.000,3.43,28.82,7.77,NaN,NaN
2020-07-08T08:11:00.000,3.43,28.81,7.77,NaN,NaN
2020-07-08T08:26:00.000,3.43,28.79,7.77,NaN,NaN
2020-07-08T08:41:00.000,3.45,28.93,7.76,NaN,NaN
2020-07-08T08:56:00.000,3.54,29.68,7.75,NaN,NaN
2020-07-08T09:11:00.000,3.61,30.26,7.75,NaN,NaN
2020-07-08T09:26:00.000,3.72,31.24,7.75,NaN,NaN
2020-07-08T09:41:00.000,3.81,31.99,7.75,NaN,NaN
2020-07-08T09:56:00.000,3.94,33.05,7.73,NaN,NaN
2020-07-08T10:11:00.000,3.96,33.23,7.73,NaN,NaN
2020-07-08T10:26:00.000,3.96,33.19,7.73,NaN,NaN
2020-07-08T10:41:00.000,4.01,33.59,7.72,NaN,NaN
2020-07-08T10:56:00.000,4.07,34.08,7.71,NaN,NaN
2020-07-08T11:11:00.000,4.23,35.5,7.7,NaN,NaN
2020-07-08T11:26:00.000,4.31,36.1,7.7,NaN,NaN
2020-07-08T11:41:00.000,4.32,36.18,7.69,NaN,NaN
2020-07-08T11:56:00.000,4.39,36.81,7.68,NaN,NaN
2020-07-08T12:11:00.000,4.45,37.26,7.69,NaN,NaN
2020-07-08T12:26:00.000,4.43,37.14,7.69,NaN,NaN
2020-07-08T12:41:00.000,4.45,37.25,7.68,NaN,NaN
2020-07-08T12:56:00.000,4.47,37.44,7.68,NaN,NaN
2020-07-08T13:11:00.000,4.47,37.45,7.68,NaN,NaN
2020-07-08T13:26:00.000,4.45,37.32,7.68,NaN,NaN
2020-07-08T13:41:00.000,4.45,37.29,7.68,NaN,NaN
2020-07-08T13:56:00.000,4.46,37.36,7.68,NaN,NaN
2020-07-08T14:11:00.000,4.47,37.41,7.68,NaN,NaN
2020-07-08T14:26:00.000,4.48,37.56,7.68,NaN,NaN
2020-07-08T14:41:00.000,4.48,37.57,7.68,NaN,NaN
2020-07-08T14:56:00.000,4.48,37.5,7.68,NaN,NaN
2020-07-08T15:11:00.000,4.36,36.54,7.68,NaN,NaN
2020-07-08T15:26:00.000,4.31,36.08,7.68,NaN,NaN
2020-07-08T15:41:00.000,4.25,35.61,7.68,NaN,NaN
2020-07-08T15:56:00.000,4.18,35.02,7.66,NaN,NaN
2020-07-08T16:11:00.000,4.14,34.66,7.67,NaN,NaN
2020-07-08T16:26:00.000,4.07,34.09,7.66,NaN,NaN
2020-07-08T16:41:00.000,4.03,33.8,7.67,NaN,NaN
2020-07-08T16:56:00.000,4.16,34.89,7.67,NaN,NaN
2020-07-08T17:11:00.000,4.15,34.79,7.66,NaN,NaN
2020-07-08T17:26:00.000,4.09,34.25,7.66,NaN,NaN
2020-07-08T17:41:00.000,4.03,33.75,7.66,NaN,NaN
2020-07-08T17:56:00.000,4.02,33.68,7.66,NaN,NaN
2020-07-08T18:11:00.000,4.02,33.65,7.66,NaN,NaN
2020-07-08T18:26:00.000,3.99,33.41,7.66,NaN,NaN
2020-07-08T18:41:00.000,3.95,33.07,7.66,NaN,NaN
2020-07-08T18:56:00.000,3.92,32.85,7.66,NaN,NaN
2020-07-08T19:11:00.000,3.91,32.73,7.66,NaN,NaN
2020-07-08T19:26:00.000,3.92,32.79,7.66,NaN,NaN
2020-07-08T19:41:00.000,3.92,32.79,7.66,NaN,NaN
2020-07-08T19:56:00.000,3.9,32.68,7.66,NaN,NaN
2020-07-08T20:11:00.000,3.89,32.57,7.66,NaN,NaN
2020-07-08T20:26:00.000,3.89,32.56,7.66,NaN,NaN
2020-07-08T20:41:00.000,3.88,32.46,7.66,NaN,NaN
2020-07-08T20:56:00.000,3.87,32.38,7.67,NaN,NaN
2020-07-08T21:11:00.000,3.87,32.42,7.67,NaN,NaN
2020-07-08T21:26:00.000,3.87,32.42,7.66,NaN,NaN
2020-07-08T21:41:00.000,3.87,32.37,7.67,NaN,NaN
2020-07-08T21:56:00.000,3.86,32.34,7.67,NaN,NaN
2020-07-08T22:11:00.000,3.86,32.36,7.67,NaN,NaN
2020-07-08T22:26:00.000,3.85,32.29,7.67,NaN,NaN
2020-07-08T22:41:00.000,3.86,32.29,7.67,NaN,NaN
2020-07-08T22:56:00.000,3.85,32.24,7.68,NaN,NaN
2020-07-08T23:11:00.000,3.85,32.21,7.67,NaN,NaN
2020-07-08T23:26:00.000,3.85,32.27,7.68,NaN,NaN
2020-07-08T23:41:00.000,3.84,32.16,7.68,NaN,NaN
2020-07-08T23:56:00.000,3.84,32.17,7.68,NaN,NaN
2020-07-09T00:11:00.000,3.83,32.1,7.68,NaN,NaN
2020-07-09T00:26:00.000,3.83,32.06,7.68,NaN,NaN
2020-07-09T00:41:00.000,3.83,32.07,7.68,NaN,NaN
2020-07-09T00:56:00.000,3.83,32.07,7.68,NaN,NaN
2020-07-09T01:11:00.000,3.83,32.07,7.68,NaN,NaN
2020-07-09T01:26:00.000,3.83,32.11,7.68,NaN,NaN
2020-07-09T01:41:00.000,3.82,32.03,7.68,NaN,NaN
2020-07-09T01:56:00.000,3.89,32.64,7.7,NaN,NaN
2020-07-09T02:11:00.000,4.05,33.95,7.75,NaN,NaN
2020-07-09T02:26:00.000,4.16,34.91,7.78,NaN,NaN
2020-07-09T02:41:00.000,4.38,36.85,7.84,NaN,NaN
2020-07-09T02:56:00.000,4.34,36.52,7.84,NaN,NaN
2020-07-09T03:11:00.000,4.53,38.11,7.87,NaN,NaN
2020-07-09T03:26:00.000,4.82,40.66,7.94,NaN,NaN
2020-07-09T03:41:00.000,4.83,40.75,7.96,NaN,NaN
2020-07-09T03:56:00.000,4.98,42.04,8,NaN,NaN
2020-07-09T04:11:00.000,5.04,42.63,8.04,NaN,NaN
2020-07-09T04:26:00.000,5.01,42.32,8.04,NaN,NaN
2020-07-09T04:41:00.000,4.02,33.77,7.76,NaN,NaN
2020-07-09T04:56:00.000,3.82,32.01,7.71,NaN,NaN
2020-07-09T05:11:00.000,3.8,31.88,7.7,NaN,NaN
2020-07-09T05:26:00.000,3.83,32.1,7.71,NaN,NaN
2020-07-09T05:41:00.000,3.83,32.1,7.71,NaN,NaN
2020-07-09T05:56:00.000,3.81,31.97,7.7,NaN,NaN
2020-07-09T06:11:00.000,3.81,31.9,7.71,NaN,NaN
2020-07-09T06:26:00.000,3.81,31.91,7.71,NaN,NaN
2020-07-09T06:41:00.000,3.84,32.2,7.73,NaN,NaN
2020-07-09T06:56:00.000,3.82,32.06,7.73,NaN,NaN
2020-07-09T07:11:00.000,3.84,32.24,7.73,NaN,NaN
2020-07-09T07:26:00.000,3.79,31.8,7.73,NaN,NaN
2020-07-09T07:41:00.000,3.76,31.55,7.73,NaN,NaN
2020-07-09T07:56:00.000,3.75,31.43,7.72,NaN,NaN
2020-07-09T08:11:00.000,3.74,31.4,7.72,NaN,NaN
2020-07-09T08:26:00.000,3.74,31.34,7.71,NaN,NaN
2020-07-09T08:41:00.000,3.73,31.3,7.71,NaN,NaN
2020-07-09T08:56:00.000,3.73,31.29,7.7,NaN,NaN
2020-07-09T09:11:00.000,3.72,31.21,7.7,NaN,NaN
2020-07-09T09:26:00.000,3.72,31.18,7.7,NaN,NaN
2020-07-09T09:41:00.000,3.72,31.17,7.7,NaN,NaN
2020-07-09T09:56:00.000,3.71,31.11,7.7,NaN,NaN
2020-07-09T10:11:00.000,3.71,31.12,7.7,NaN,NaN
2020-07-09T10:26:00.000,3.71,31.08,7.7,NaN,NaN
2020-07-09T10:41:00.000,3.7,31.03,7.69,NaN,NaN
2020-07-09T10:56:00.000,3.7,31,7.68,NaN,NaN
2020-07-09T11:11:00.000,3.7,31,7.68,NaN,NaN
2020-07-09T11:26:00.000,3.69,30.95,7.69,NaN,NaN
2020-07-09T11:41:00.000,3.7,30.98,7.68,NaN,NaN
2020-07-09T11:56:00.000,3.7,30.98,7.69,NaN,NaN
2020-07-09T12:11:00.000,3.71,31.06,7.7,NaN,NaN
2020-07-09T12:26:00.000,3.75,31.42,7.7,NaN,NaN
2020-07-09T12:41:00.000,3.73,31.26,7.71,NaN,NaN
2020-07-09T12:56:00.000,3.7,31.04,7.71,NaN,NaN
2020-07-09T13:11:00.000,3.7,31.01,7.72,NaN,NaN
2020-07-09T13:26:00.000,3.7,31.03,7.73,NaN,NaN
2020-07-09T13:41:00.000,3.69,30.96,7.73,NaN,NaN
2020-07-09T13:56:00.000,3.69,30.94,7.73,NaN,NaN
2020-07-09T14:11:00.000,3.68,30.88,7.73,NaN,NaN
2020-07-09T14:26:00.000,3.68,30.91,7.74,NaN,NaN
2020-07-09T14:41:00.000,3.68,30.85,7.74,NaN,NaN
2020-07-09T14:56:00.000,3.68,30.84,7.75,NaN,NaN
2020-07-09T15:11:00.000,3.68,30.92,7.75,NaN,NaN
2020-07-09T15:26:00.000,3.69,31,7.76,NaN,NaN
2020-07-09T15:41:00.000,3.69,31,7.76,NaN,NaN
2020-07-09T15:56:00.000,3.71,31.12,7.78,NaN,NaN
2020-07-09T16:11:00.000,3.74,31.38,7.78,NaN,NaN
2020-07-09T16:26:00.000,3.76,31.58,7.78,NaN,NaN
2020-07-09T16:41:00.000,3.76,31.6,7.79,NaN,NaN
2020-07-09T16:56:00.000,3.78,31.77,7.8,NaN,NaN
2020-07-09T17:11:00.000,3.79,31.86,7.8,NaN,NaN
2020-07-09T17:26:00.000,3.82,32.06,7.8,NaN,NaN
2020-07-09T17:41:00.000,3.81,32.01,7.79,NaN,NaN
2020-07-09T17:56:00.000,3.8,31.92,7.79,NaN,NaN
2020-07-09T18:11:00.000,3.81,32,7.79,NaN,NaN
2020-07-09T18:26:00.000,3.8,31.9,7.79,NaN,NaN
2020-07-09T18:41:00.000,3.81,31.99,7.78,NaN,NaN
2020-07-09T18:56:00.000,3.81,31.98,7.78,NaN,NaN
2020-07-09T19:11:00.000,3.81,32,7.78,NaN,NaN
2020-07-09T19:26:00.000,3.78,31.77,7.78,NaN,NaN
2020-07-09T19:41:00.000,3.83,32.19,7.78,NaN,NaN
2020-07-09T19:56:00.000,3.83,32.14,7.78,NaN,NaN
2020-07-09T20:11:00.000,3.82,32.05,7.78,NaN,NaN
2020-07-09T20:26:00.000,3.9,32.81,7.8,NaN,NaN
2020-07-09T20:41:00.000,3.85,32.35,7.8,NaN,NaN
2020-07-09T20:56:00.000,3.86,32.43,7.8,NaN,NaN
2020-07-09T21:11:00.000,3.87,32.5,7.8,NaN,NaN
2020-07-09T21:26:00.000,3.86,32.41,7.8,NaN,NaN
2020-07-09T21:41:00.000,3.76,31.56,7.78,NaN,NaN
2020-07-09T21:56:00.000,3.73,31.31,7.78,NaN,NaN
2020-07-09T22:11:00.000,3.72,31.28,7.79,NaN,NaN
2020-07-09T22:26:00.000,3.74,31.41,7.79,NaN,NaN
2020-07-09T22:41:00.000,3.73,31.33,7.78,NaN,NaN
2020-07-09T22:56:00.000,3.71,31.13,7.78,NaN,NaN
2020-07-09T23:11:00.000,3.7,31.08,7.78,NaN,NaN
2020-07-09T23:26:00.000,3.68,30.9,7.78,NaN,NaN
2020-07-09T23:41:00.000,3.66,30.78,7.78,NaN,NaN
2020-07-09T23:56:00.000,3.67,30.82,7.78,NaN,NaN
2020-07-10T00:11:00.000,3.67,30.82,7.78,NaN,NaN
2020-07-10T00:26:00.000,3.66,30.78,7.78,NaN,NaN
2020-07-10T00:41:00.000,3.66,30.76,7.78,NaN,NaN
2020-07-10T00:56:00.000,3.66,30.7,7.78,NaN,NaN
2020-07-10T01:11:00.000,3.65,30.67,7.78,NaN,NaN
2020-07-10T01:26:00.000,3.65,30.62,7.78,NaN,NaN
2020-07-10T01:41:00.000,3.64,30.56,7.77,NaN,NaN
2020-07-10T01:56:00.000,3.64,30.54,7.77,NaN,NaN
2020-07-10T02:11:00.000,3.62,30.41,7.76,NaN,NaN
2020-07-10T02:26:00.000,3.61,30.33,7.76,NaN,NaN
2020-07-10T02:41:00.000,3.6,30.24,7.75,NaN,NaN
2020-07-10T02:56:00.000,3.59,30.13,7.75,NaN,NaN
2020-07-10T03:11:00.000,3.59,30.11,7.75,NaN,NaN
2020-07-10T03:26:00.000,3.59,30.12,7.75,NaN,NaN
2020-07-10T03:41:00.000,3.59,30.14,7.75,NaN,NaN
2020-07-10T03:56:00.000,3.58,30.01,7.75,NaN,NaN
2020-07-10T04:11:00.000,3.6,30.18,7.75,NaN,NaN
2020-07-10T04:26:00.000,3.6,30.23,7.75,NaN,NaN
2020-07-10T04:41:00.000,3.6,30.2,7.75,NaN,NaN
2020-07-10T04:56:00.000,3.57,29.99,7.74,NaN,NaN
2020-07-10T05:11:00.000,3.56,29.85,7.73,NaN,NaN
2020-07-10T05:26:00.000,3.54,29.72,7.73,NaN,NaN
2020-07-10T05:41:00.000,3.53,29.59,7.73,NaN,NaN
2020-07-10T05:56:00.000,3.52,29.51,7.73,NaN,NaN
2020-07-10T06:11:00.000,3.5,29.36,7.73,NaN,NaN
2020-07-10T06:26:00.000,3.48,29.22,7.73,NaN,NaN
2020-07-10T06:41:00.000,3.47,29.11,7.72,NaN,NaN
2020-07-10T06:56:00.000,3.47,29.06,7.72,NaN,NaN
2020-07-10T07:11:00.000,3.45,28.92,7.72,NaN,NaN
2020-07-10T07:26:00.000,3.43,28.74,7.71,NaN,NaN
2020-07-10T07:41:00.000,3.41,28.61,7.71,NaN,NaN
2020-07-10T07:56:00.000,3.41,28.58,7.71,NaN,NaN
2020-07-10T08:11:00.000,3.4,28.54,7.71,NaN,NaN
2020-07-10T08:26:00.000,3.4,28.48,7.71,NaN,NaN
2020-07-10T08:41:00.000,3.39,28.41,7.7,NaN,NaN
2020-07-10T08:56:00.000,3.38,28.34,7.71,NaN,NaN
2020-07-10T09:11:00.000,3.38,28.3,7.7,NaN,NaN
2020-07-10T09:26:00.000,3.37,28.22,7.7,NaN,NaN
2020-07-10T09:41:00.000,3.37,28.21,7.71,NaN,NaN
2020-07-10T09:56:00.000,3.36,28.15,7.7,NaN,NaN
2020-07-10T10:11:00.000,3.36,28.14,7.71,NaN,NaN
2020-07-10T10:26:00.000,3.36,28.19,7.7,NaN,NaN
2020-07-10T10:41:00.000,3.37,28.27,7.71,NaN,NaN
2020-07-10T10:56:00.000,3.36,28.15,7.71,NaN,NaN
2020-07-10T11:11:00.000,3.37,28.23,7.7,NaN,NaN
2020-07-10T11:26:00.000,3.38,28.38,7.71,NaN,NaN
2020-07-10T11:41:00.000,3.38,28.32,7.71,NaN,NaN
2020-07-10T11:56:00.000,3.39,28.4,7.71,NaN,NaN
2020-07-10T12:11:00.000,3.41,28.6,7.72,NaN,NaN
2020-07-10T12:26:00.000,3.42,28.64,7.72,NaN,NaN
2020-07-10T12:41:00.000,3.4,28.54,7.72,NaN,NaN
2020-07-10T12:56:00.000,3.39,28.41,7.72,NaN,NaN
2020-07-10T13:11:00.000,3.39,28.43,7.72,NaN,NaN
2020-07-10T13:26:00.000,3.4,28.51,7.72,NaN,NaN
2020-07-10T13:41:00.000,3.42,28.65,7.73,NaN,NaN
2020-07-10T13:56:00.000,3.46,29,7.73,NaN,NaN
2020-07-10T14:11:00.000,3.45,28.97,7.73,NaN,NaN
2020-07-10T14:26:00.000,3.45,28.96,7.73,NaN,NaN
2020-07-10T14:41:00.000,3.45,28.96,7.73,NaN,NaN
2020-07-10T14:56:00.000,3.45,28.96,7.73,NaN,NaN
2020-07-10T15:11:00.000,3.45,28.94,7.73,NaN,NaN
2020-07-10T15:26:00.000,3.45,28.93,7.73,NaN,NaN
2020-07-10T15:41:00.000,3.45,28.93,7.73,NaN,NaN
2020-07-10T15:56:00.000,3.45,28.92,7.73,NaN,NaN
2020-07-10T16:11:00.000,3.47,29.14,7.73,NaN,NaN
2020-07-10T16:26:00.000,3.49,29.26,7.73,NaN,NaN
2020-07-10T16:41:00.000,3.51,29.42,7.73,NaN,NaN
2020-07-10T16:56:00.000,3.52,29.54,7.73,NaN,NaN
2020-07-10T17:11:00.000,3.53,29.6,7.73,NaN,NaN
2020-07-10T17:26:00.000,3.54,29.73,7.74,NaN,NaN
2020-07-10T17:41:00.000,3.55,29.77,7.74,NaN,NaN
2020-07-10T17:56:00.000,3.55,29.79,7.73,NaN,NaN
2020-07-10T18:11:00.000,3.56,29.85,7.73,NaN,NaN
2020-07-10T18:26:00.000,3.55,29.77,7.73,NaN,NaN
2020-07-10T18:41:00.000,3.54,29.71,7.73,NaN,NaN
2020-07-10T18:56:00.000,3.54,29.68,7.73,NaN,NaN
2020-07-10T19:11:00.000,3.53,29.61,7.73,NaN,NaN
2020-07-10T19:26:00.000,3.52,29.52,7.73,NaN,NaN
2020-07-10T19:41:00.000,3.51,29.44,7.73,NaN,NaN
2020-07-10T19:56:00.000,3.53,29.63,7.73,NaN,NaN
2020-07-10T20:11:00.000,3.46,29.04,7.73,NaN,NaN
2020-07-10T20:26:00.000,3.5,29.35,7.72,NaN,NaN
2020-07-10T20:41:00.000,3.51,29.46,7.72,NaN,NaN
2020-07-10T20:56:00.000,3.53,29.64,7.72,NaN,NaN
2020-07-10T21:11:00.000,3.52,29.52,7.72,NaN,NaN
2020-07-10T21:26:00.000,3.53,29.58,7.72,NaN,NaN
2020-07-10T21:41:00.000,3.54,29.65,7.72,NaN,NaN
2020-07-10T21:56:00.000,3.53,29.57,7.72,NaN,NaN
2020-07-10T22:11:00.000,3.55,29.77,7.72,NaN,NaN
2020-07-10T22:26:00.000,3.55,29.79,7.71,NaN,NaN
2020-07-10T22:41:00.000,3.53,29.6,7.71,NaN,NaN
2020-07-10T22:56:00.000,3.54,29.68,7.71,NaN,NaN
2020-07-10T23:11:00.000,3.55,29.75,7.71,NaN,NaN
2020-07-10T23:26:00.000,3.55,29.74,7.71,NaN,NaN
2020-07-10T23:41:00.000,3.55,29.77,7.71,NaN,NaN
2020-07-10T23:56:00.000,3.48,29.16,7.72,NaN,NaN
2020-07-11T00:11:00.000,3.56,29.86,7.71,NaN,NaN
2020-07-11T00:26:00.000,3.57,29.91,7.71,NaN,NaN
2020-07-11T00:41:00.000,3.54,29.65,7.71,NaN,NaN
2020-07-11T00:56:00.000,3.51,29.42,7.71,NaN,NaN
2020-07-11T01:11:00.000,3.57,29.9,7.71,NaN,NaN
2020-07-11T01:26:00.000,3.54,29.69,7.71,NaN,NaN
2020-07-11T01:41:00.000,3.54,29.64,7.71,NaN,NaN
2020-07-11T01:56:00.000,3.53,29.57,7.71,NaN,NaN
2020-07-11T02:11:00.000,3.54,29.66,7.71,NaN,NaN
2020-07-11T02:26:00.000,3.53,29.59,7.71,NaN,NaN
2020-07-11T02:41:00.000,3.55,29.72,7.71,NaN,NaN
2020-07-11T02:56:00.000,3.54,29.72,7.71,NaN,NaN
2020-07-11T03:11:00.000,3.55,29.74,7.71,NaN,NaN
2020-07-11T03:26:00.000,3.55,29.75,7.71,NaN,NaN
2020-07-11T03:41:00.000,3.56,29.81,7.71,NaN,NaN
2020-07-11T03:56:00.000,3.55,29.8,7.71,NaN,NaN
2020-07-11T04:11:00.000,3.55,29.79,7.71,NaN,NaN
2020-07-11T04:26:00.000,3.56,29.83,7.7,NaN,NaN
2020-07-11T04:41:00.000,3.57,29.96,7.7,NaN,NaN
2020-07-11T04:56:00.000,3.57,29.94,7.7,NaN,NaN
2020-07-11T05:11:00.000,3.57,29.96,7.7,NaN,NaN
2020-07-11T05:26:00.000,3.58,30.04,7.7,NaN,NaN
2020-07-11T05:41:00.000,3.59,30.07,7.7,NaN,NaN
2020-07-11T05:56:00.000,3.58,29.98,7.7,NaN,NaN
2020-07-11T06:11:00.000,3.57,29.96,7.7,NaN,NaN
2020-07-11T06:26:00.000,3.57,29.97,7.7,NaN,NaN
2020-07-11T06:41:00.000,3.57,29.94,7.7,NaN,NaN
2020-07-11T06:56:00.000,3.57,29.93,7.7,NaN,NaN
2020-07-11T07:11:00.000,3.58,30,7.7,NaN,NaN
2020-07-11T07:26:00.000,3.57,29.9,7.7,NaN,NaN
2020-07-11T07:41:00.000,3.57,29.97,7.7,NaN,NaN
2020-07-11T07:56:00.000,3.58,30.03,7.71,NaN,NaN
2020-07-11T08:11:00.000,3.58,30.02,7.71,NaN,NaN
2020-07-11T08:26:00.000,3.61,30.24,7.72,NaN,NaN
2020-07-11T08:41:00.000,3.6,30.22,7.73,NaN,NaN
2020-07-11T08:56:00.000,3.6,30.23,7.72,NaN,NaN
2020-07-11T09:11:00.000,3.61,30.24,7.72,NaN,NaN
2020-07-11T09:26:00.000,3.6,30.17,7.72,NaN,NaN
2020-07-11T09:41:00.000,3.62,30.33,7.73,NaN,NaN
2020-07-11T09:56:00.000,3.61,30.25,7.73,NaN,NaN
2020-07-11T10:11:00.000,3.62,30.36,7.73,NaN,NaN
2020-07-11T10:26:00.000,3.62,30.33,7.73,NaN,NaN
2020-07-11T10:41:00.000,3.6,30.23,7.73,NaN,NaN
2020-07-11T10:56:00.000,3.63,30.48,7.73,NaN,NaN
2020-07-11T11:11:00.000,3.64,30.54,7.73,NaN,NaN
2020-07-11T11:26:00.000,3.6,30.16,7.74,NaN,NaN
2020-07-11T11:41:00.000,3.65,30.61,7.75,NaN,NaN
2020-07-11T11:56:00.000,3.65,30.67,7.75,NaN,NaN
2020-07-11T12:11:00.000,3.65,30.65,7.75,NaN,NaN
2020-07-11T12:26:00.000,3.67,30.81,7.75,NaN,NaN
2020-07-11T12:41:00.000,3.68,30.89,7.75,NaN,NaN
2020-07-11T12:56:00.000,3.68,30.86,7.75,NaN,NaN
2020-07-11T13:11:00.000,3.69,31.01,7.75,NaN,NaN
2020-07-11T13:26:00.000,3.73,31.27,7.75,NaN,NaN
2020-07-11T13:41:00.000,3.73,31.34,7.75,NaN,NaN
2020-07-11T13:56:00.000,3.74,31.42,7.75,NaN,NaN
2020-07-11T14:11:00.000,3.74,31.4,7.75,NaN,NaN
2020-07-11T14:26:00.000,3.71,31.17,7.75,NaN,NaN
2020-07-11T14:41:00.000,3.69,30.96,7.75,NaN,NaN
2020-07-11T14:56:00.000,3.67,30.82,7.75,NaN,NaN
2020-07-11T15:11:00.000,3.66,30.74,7.75,NaN,NaN
2020-07-11T15:26:00.000,3.65,30.61,7.74,NaN,NaN
2020-07-11T15:41:00.000,3.63,30.44,7.73,NaN,NaN
2020-07-11T15:56:00.000,3.61,30.28,7.73,NaN,NaN
2020-07-11T16:11:00.000,3.6,30.2,7.73,NaN,NaN
2020-07-11T16:26:00.000,3.6,30.21,7.73,NaN,NaN
2020-07-11T16:41:00.000,3.61,30.28,7.73,NaN,NaN
2020-07-11T16:56:00.000,3.61,30.29,7.73,NaN,NaN
2020-07-11T17:11:00.000,3.62,30.4,7.73,NaN,NaN
2020-07-11T17:26:00.000,3.62,30.38,7.73,NaN,NaN
2020-07-11T17:41:00.000,3.63,30.46,7.73,NaN,NaN
2020-07-11T17:56:00.000,3.61,30.32,7.73,NaN,NaN
2020-07-11T18:11:00.000,3.6,30.17,7.73,NaN,NaN
2020-07-11T18:26:00.000,3.58,30.03,7.73,NaN,NaN
2020-07-11T18:41:00.000,3.57,29.93,7.73,NaN,NaN
2020-07-11T18:56:00.000,3.56,29.85,7.73,NaN,NaN
2020-07-11T19:11:00.000,3.55,29.74,7.73,NaN,NaN
2020-07-11T19:26:00.000,3.54,29.71,7.73,NaN,NaN
2020-07-11T19:41:00.000,3.56,29.83,7.73,NaN,NaN
2020-07-11T19:56:00.000,3.56,29.89,7.74,NaN,NaN
2020-07-11T20:11:00.000,3.57,29.93,7.74,NaN,NaN
2020-07-11T20:26:00.000,3.58,30.04,7.75,NaN,NaN
2020-07-11T20:41:00.000,3.55,29.78,7.75,NaN,NaN
2020-07-11T20:56:00.000,3.6,30.23,7.75,NaN,NaN
2020-07-11T21:11:00.000,3.6,30.2,7.75,NaN,NaN
2020-07-11T21:26:00.000,3.61,30.34,7.75,NaN,NaN
2020-07-11T21:41:00.000,3.61,30.33,7.75,NaN,NaN
2020-07-11T21:56:00.000,3.6,30.24,7.75,NaN,NaN
2020-07-11T22:11:00.000,3.57,29.96,7.75,NaN,NaN
2020-07-11T22:26:00.000,3.52,29.58,7.75,NaN,NaN
2020-07-11T22:41:00.000,3.57,29.97,7.75,NaN,NaN
2020-07-11T22:56:00.000,3.54,29.74,7.75,NaN,NaN
2020-07-11T23:11:00.000,3.53,29.59,7.75,NaN,NaN
2020-07-11T23:26:00.000,3.52,29.53,7.75,NaN,NaN
2020-07-11T23:41:00.000,3.54,29.72,7.75,NaN,NaN
2020-07-11T23:56:00.000,3.53,29.64,7.75,NaN,NaN
2020-07-12T00:11:00.000,3.52,29.55,7.75,NaN,NaN
2020-07-12T00:26:00.000,3.5,29.36,7.75,NaN,NaN
2020-07-12T00:41:00.000,3.47,29.11,7.75,NaN,NaN
2020-07-12T00:56:00.000,3.53,29.64,7.75,NaN,NaN
2020-07-12T01:11:00.000,3.53,29.61,7.75,NaN,NaN
2020-07-12T01:26:00.000,3.52,29.57,7.75,NaN,NaN
2020-07-12T01:41:00.000,3.51,29.47,7.75,NaN,NaN
2020-07-12T01:56:00.000,3.5,29.35,7.75,NaN,NaN
2020-07-12T02:11:00.000,3.51,29.47,7.75,NaN,NaN
2020-07-12T02:26:00.000,3.44,28.86,7.75,NaN,NaN
2020-07-12T02:41:00.000,3.5,29.35,7.75,NaN,NaN
2020-07-12T02:56:00.000,3.5,29.4,7.75,NaN,NaN
2020-07-12T03:11:00.000,3.5,29.36,7.75,NaN,NaN
2020-07-12T03:26:00.000,3.52,29.5,7.75,NaN,NaN
2020-07-12T03:41:00.000,3.52,29.52,7.75,NaN,NaN
2020-07-12T03:56:00.000,3.51,29.47,7.75,NaN,NaN
2020-07-12T04:11:00.000,3.51,29.45,7.75,NaN,NaN
2020-07-12T04:26:00.000,3.52,29.53,7.75,NaN,NaN
2020-07-12T04:41:00.000,3.52,29.55,7.75,NaN,NaN
2020-07-12T04:56:00.000,3.51,29.46,7.75,NaN,NaN
2020-07-12T05:11:00.000,3.54,29.72,7.75,NaN,NaN
2020-07-12T05:26:00.000,3.55,29.84,7.75,NaN,NaN
2020-07-12T05:41:00.000,3.57,29.93,7.75,NaN,NaN
2020-07-12T05:56:00.000,3.6,30.2,7.75,NaN,NaN
2020-07-12T06:11:00.000,3.64,30.53,7.75,NaN,NaN
2020-07-12T06:26:00.000,3.66,30.76,7.75,NaN,NaN
2020-07-12T06:41:00.000,3.66,30.75,7.75,NaN,NaN
2020-07-12T06:56:00.000,3.68,30.92,7.75,NaN,NaN
2020-07-12T07:11:00.000,3.69,31,7.75,NaN,NaN
2020-07-12T07:26:00.000,3.73,31.34,7.75,NaN,NaN
2020-07-12T07:41:00.000,3.74,31.38,7.76,NaN,NaN
2020-07-12T07:56:00.000,3.73,31.32,7.76,NaN,NaN
2020-07-12T08:11:00.000,3.73,31.34,7.76,NaN,NaN
2020-07-12T08:26:00.000,3.75,31.5,7.76,NaN,NaN
2020-07-12T08:41:00.000,3.75,31.51,7.77,NaN,NaN
2020-07-12T08:56:00.000,3.76,31.59,7.77,NaN,NaN
2020-07-12T09:11:00.000,3.77,31.66,7.77,NaN,NaN
2020-07-12T09:26:00.000,3.78,31.76,7.78,NaN,NaN
2020-07-12T09:41:00.000,3.79,31.82,7.78,NaN,NaN
2020-07-12T09:56:00.000,3.77,31.67,7.78,NaN,NaN
2020-07-12T10:11:00.000,3.78,31.78,7.78,NaN,NaN
2020-07-12T10:26:00.000,3.78,31.71,7.78,NaN,NaN
2020-07-12T10:41:00.000,3.76,31.61,7.78,NaN,NaN
2020-07-12T10:56:00.000,3.74,31.41,7.78,NaN,NaN
2020-07-12T11:11:00.000,3.71,31.17,7.78,NaN,NaN
2020-07-12T11:26:00.000,3.68,30.92,7.78,NaN,NaN
2020-07-12T11:41:00.000,3.67,30.85,7.78,NaN,NaN
2020-07-12T11:56:00.000,3.66,30.73,7.78,NaN,NaN
2020-07-12T12:11:00.000,3.7,31.04,7.78,NaN,NaN
2020-07-12T12:26:00.000,3.71,31.15,7.79,NaN,NaN
2020-07-12T12:41:00.000,3.71,31.16,7.79,NaN,NaN
2020-07-12T12:56:00.000,3.72,31.24,7.8,NaN,NaN
2020-07-12T13:11:00.000,3.69,31,7.8,NaN,NaN
2020-07-12T13:26:00.000,3.7,31.06,7.8,NaN,NaN
2020-07-12T13:41:00.000,3.69,31.03,7.79,NaN,NaN
2020-07-12T13:56:00.000,3.68,30.91,7.79,NaN,NaN
2020-07-12T14:11:00.000,3.68,30.91,7.79,NaN,NaN
2020-07-12T14:26:00.000,3.7,31.1,7.79,NaN,NaN
2020-07-12T14:41:00.000,3.74,31.41,7.8,NaN,NaN
2020-07-12T14:56:00.000,3.74,31.4,7.8,NaN,NaN
2020-07-12T15:11:00.000,3.71,31.16,7.8,NaN,NaN
2020-07-12T15:26:00.000,3.69,31,7.79,NaN,NaN
2020-07-12T15:41:00.000,3.68,30.88,7.79,NaN,NaN
2020-07-12T15:56:00.000,3.67,30.81,7.78,NaN,NaN
2020-07-12T16:11:00.000,3.66,30.76,7.78,NaN,NaN
2020-07-12T16:26:00.000,3.66,30.78,7.78,NaN,NaN
2020-07-12T16:41:00.000,3.67,30.82,7.78,NaN,NaN
2020-07-12T16:56:00.000,3.67,30.85,7.78,NaN,NaN
2020-07-12T17:11:00.000,3.69,30.99,7.78,NaN,NaN
2020-07-12T17:26:00.000,3.72,31.22,7.78,NaN,NaN
2020-07-12T17:41:00.000,3.74,31.38,7.78,NaN,NaN
2020-07-12T17:56:00.000,3.75,31.47,7.78,NaN,NaN
2020-07-12T18:11:00.000,3.75,31.48,7.78,NaN,NaN
2020-07-12T18:26:00.000,3.75,31.51,7.78,NaN,NaN
2020-07-12T18:41:00.000,3.73,31.34,7.77,NaN,NaN
2020-07-12T18:56:00.000,3.72,31.2,7.76,NaN,NaN
2020-07-12T19:11:00.000,3.7,31.08,7.75,NaN,NaN
2020-07-12T19:26:00.000,3.68,30.91,7.75,NaN,NaN
2020-07-12T19:41:00.000,3.65,30.68,7.75,NaN,NaN
2020-07-12T19:56:00.000,3.63,30.5,7.75,NaN,NaN
2020-07-12T20:11:00.000,3.63,30.49,7.75,NaN,NaN
2020-07-12T20:26:00.000,3.63,30.51,7.75,NaN,NaN
2020-07-12T20:41:00.000,3.64,30.59,7.75,NaN,NaN
2020-07-12T20:56:00.000,3.6,30.22,7.75,NaN,NaN
2020-07-12T21:11:00.000,3.57,29.99,7.75,NaN,NaN
2020-07-12T21:26:00.000,3.55,29.79,7.75,NaN,NaN
2020-07-12T21:41:00.000,3.54,29.68,7.75,NaN,NaN
2020-07-12T21:56:00.000,3.52,29.52,7.75,NaN,NaN
2020-07-12T22:11:00.000,3.52,29.54,7.75,NaN,NaN
2020-07-12T22:26:00.000,3.53,29.66,7.75,NaN,NaN
2020-07-12T22:41:00.000,3.52,29.57,7.75,NaN,NaN
2020-07-12T22:56:00.000,3.53,29.61,7.75,NaN,NaN
2020-07-12T23:11:00.000,3.52,29.55,7.75,NaN,NaN
2020-07-12T23:26:00.000,3.52,29.52,7.75,NaN,NaN
2020-07-12T23:41:00.000,3.51,29.49,7.75,NaN,NaN
2020-07-12T23:56:00.000,3.51,29.43,7.75,NaN,NaN
2020-07-13T00:11:00.000,3.49,29.3,7.75,NaN,NaN
2020-07-13T00:26:00.000,3.5,29.41,7.75,NaN,NaN
2020-07-13T00:41:00.000,3.49,29.3,7.75,NaN,NaN
2020-07-13T00:56:00.000,3.51,29.49,7.75,NaN,NaN
2020-07-13T01:11:00.000,3.51,29.44,7.75,NaN,NaN
2020-07-13T01:26:00.000,3.49,29.33,7.75,NaN,NaN
2020-07-13T01:41:00.000,3.5,29.41,7.75,NaN,NaN
2020-07-13T01:56:00.000,3.51,29.5,7.75,NaN,NaN
2020-07-13T02:11:00.000,3.53,29.62,7.75,NaN,NaN
2020-07-13T02:26:00.000,3.54,29.72,7.76,NaN,NaN
2020-07-13T02:41:00.000,3.55,29.81,7.76,NaN,NaN
2020-07-13T02:56:00.000,3.57,30.01,7.76,NaN,NaN
2020-07-13T03:11:00.000,3.6,30.18,7.76,NaN,NaN
2020-07-13T03:26:00.000,3.6,30.25,7.76,NaN,NaN
2020-07-13T03:41:00.000,3.63,30.44,7.76,NaN,NaN
2020-07-13T03:56:00.000,3.64,30.53,7.76,NaN,NaN
2020-07-13T04:11:00.000,3.66,30.72,7.76,NaN,NaN
2020-07-13T04:26:00.000,3.67,30.85,7.77,NaN,NaN
2020-07-13T04:41:00.000,3.7,31.05,7.78,NaN,NaN
2020-07-13T04:56:00.000,3.7,31.05,7.78,NaN,NaN
2020-07-13T05:11:00.000,3.66,30.71,7.78,NaN,NaN
2020-07-13T05:26:00.000,3.69,30.95,7.78,NaN,NaN
2020-07-13T05:41:00.000,3.66,30.75,7.78,NaN,NaN
2020-07-13T05:56:00.000,3.66,30.74,7.78,NaN,NaN
2020-07-13T06:11:00.000,3.66,30.73,7.78,NaN,NaN
2020-07-13T06:26:00.000,3.64,30.61,7.78,NaN,NaN
2020-07-13T06:41:00.000,3.64,30.57,7.78,NaN,NaN
2020-07-13T06:56:00.000,3.65,30.68,7.79,NaN,NaN
2020-07-13T07:11:00.000,3.66,30.79,7.8,NaN,NaN
2020-07-13T07:26:00.000,3.68,30.92,7.8,NaN,NaN
2020-07-13T07:41:00.000,3.68,30.88,7.8,NaN,NaN
2020-07-13T07:56:00.000,3.68,30.96,7.8,NaN,NaN
2020-07-13T08:11:00.000,3.69,30.97,7.8,NaN,NaN
2020-07-13T08:26:00.000,3.69,31.01,7.81,NaN,NaN
2020-07-13T08:41:00.000,3.7,31.08,7.82,NaN,NaN
2020-07-13T08:56:00.000,3.68,30.97,7.82,NaN,NaN
2020-07-13T09:11:00.000,3.68,30.91,7.82,NaN,NaN
2020-07-13T09:26:00.000,3.7,31.15,7.83,NaN,NaN
2020-07-13T09:41:00.000,3.69,31.06,7.83,NaN,NaN
2020-07-13T09:56:00.000,3.69,31,7.83,NaN,NaN
2020-07-13T10:11:00.000,3.69,31.01,7.83,NaN,NaN
2020-07-13T10:26:00.000,3.68,30.97,7.84,NaN,NaN
2020-07-13T10:41:00.000,3.7,31.13,7.84,NaN,NaN
2020-07-13T10:56:00.000,3.68,30.98,7.84,NaN,NaN
2020-07-13T11:11:00.000,3.72,31.26,7.85,NaN,NaN
2020-07-13T11:26:00.000,3.73,31.38,7.85,NaN,NaN
2020-07-13T11:41:00.000,3.74,31.46,7.85,NaN,NaN
2020-07-13T11:56:00.000,3.81,32.08,7.87,NaN,NaN
2020-07-13T12:11:00.000,3.79,31.92,7.87,NaN,NaN
2020-07-13T12:26:00.000,3.8,31.97,7.87,NaN,NaN
2020-07-13T12:41:00.000,3.84,32.34,7.87,NaN,NaN
2020-07-13T12:56:00.000,3.73,31.37,7.86,NaN,NaN
2020-07-13T13:11:00.000,3.74,31.51,7.86,NaN,NaN
2020-07-13T13:26:00.000,3.7,31.09,7.85,NaN,NaN
2020-07-13T13:41:00.000,3.69,31.06,7.85,NaN,NaN
2020-07-13T13:56:00.000,3.76,31.65,7.87,NaN,NaN
2020-07-13T14:11:00.000,3.7,31.12,7.85,NaN,NaN
2020-07-13T14:26:00.000,3.71,31.19,7.86,NaN,NaN
2020-07-13T14:41:00.000,3.69,31.07,7.85,NaN,NaN
2020-07-13T14:56:00.000,3.69,31.08,7.85,NaN,NaN
2020-07-13T15:11:00.000,3.73,31.37,7.87,NaN,NaN
2020-07-13T15:26:00.000,3.71,31.24,7.86,NaN,NaN
2020-07-13T15:41:00.000,3.68,30.99,7.85,NaN,NaN
2020-07-13T15:56:00.000,3.71,31.26,7.87,NaN,NaN
2020-07-13T16:11:00.000,3.73,31.4,7.87,NaN,NaN
2020-07-13T16:26:00.000,3.7,31.14,7.87,NaN,NaN
2020-07-13T16:41:00.000,3.68,30.95,7.86,NaN,NaN
2020-07-13T16:56:00.000,3.7,31.13,7.87,NaN,NaN
2020-07-13T17:11:00.000,3.73,31.37,7.87,NaN,NaN
2020-07-13T17:26:00.000,3.73,31.36,7.87,NaN,NaN
2020-07-13T17:41:00.000,3.72,31.27,7.87,NaN,NaN
2020-07-13T17:56:00.000,3.74,31.44,7.87,NaN,NaN
2020-07-13T18:11:00.000,3.73,31.43,7.87,NaN,NaN
2020-07-13T18:26:00.000,3.76,31.68,7.88,NaN,NaN
2020-07-13T18:41:00.000,3.78,31.82,7.88,NaN,NaN
2020-07-13T18:56:00.000,3.78,31.85,7.89,NaN,NaN
2020-07-13T19:11:00.000,3.75,31.61,7.89,NaN,NaN
2020-07-13T19:26:00.000,3.77,31.77,7.89,NaN,NaN
2020-07-13T19:41:00.000,3.79,31.9,7.9,NaN,NaN
2020-07-13T19:56:00.000,3.78,31.87,7.9,NaN,NaN
2020-07-13T20:11:00.000,3.79,31.94,7.9,NaN,NaN
2020-07-13T20:26:00.000,3.77,31.75,7.89,NaN,NaN
2020-07-13T20:41:00.000,3.71,31.26,7.87,NaN,NaN
2020-07-13T20:56:00.000,3.71,31.19,7.87,NaN,NaN
2020-07-13T21:11:00.000,3.67,30.85,7.86,NaN,NaN
2020-07-13T21:26:00.000,3.66,30.78,7.86,NaN,NaN
2020-07-13T21:41:00.000,3.64,30.67,7.86,NaN,NaN
2020-07-13T21:56:00.000,3.67,30.87,7.86,NaN,NaN
2020-07-13T22:11:00.000,3.66,30.77,7.85,NaN,NaN
2020-07-13T22:26:00.000,3.66,30.76,7.85,NaN,NaN
2020-07-13T22:41:00.000,3.85,32.41,7.9,NaN,NaN
2020-07-13T22:56:00.000,3.75,31.57,7.88,NaN,NaN
2020-07-13T23:11:00.000,4.1,34.6,7.96,NaN,NaN
2020-07-13T23:26:00.000,4.22,35.58,7.97,NaN,NaN
2020-07-13T23:41:00.000,3.66,30.78,7.87,NaN,NaN
2020-07-13T23:56:00.000,3.74,31.51,7.87,NaN,NaN
2020-07-14T00:11:00.000,3.61,30.34,7.85,NaN,NaN
2020-07-14T00:26:00.000,3.55,29.88,7.85,NaN,NaN
2020-07-14T00:41:00.000,3.55,29.84,7.85,NaN,NaN
2020-07-14T00:56:00.000,3.55,29.88,7.85,NaN,NaN
2020-07-14T01:11:00.000,3.55,29.84,7.85,NaN,NaN
2020-07-14T01:26:00.000,3.57,30.01,7.85,NaN,NaN
2020-07-14T01:41:00.000,3.61,30.43,7.87,NaN,NaN
2020-07-14T01:56:00.000,3.75,31.61,7.9,NaN,NaN
2020-07-14T02:11:00.000,3.85,32.46,7.92,NaN,NaN
2020-07-14T02:26:00.000,4.05,34.2,7.97,NaN,NaN
2020-07-14T02:41:00.000,4.37,36.91,8.03,NaN,NaN
2020-07-14T02:56:00.000,4.32,36.5,8.04,NaN,NaN
2020-07-14T03:11:00.000,4.27,36.04,8.02,NaN,NaN
2020-07-14T03:26:00.000,4.21,35.59,8.02,NaN,NaN
2020-07-14T03:41:00.000,4.44,37.56,8.05,NaN,NaN
2020-07-14T03:56:00.000,4.52,38.19,8.07,NaN,NaN
2020-07-14T04:11:00.000,4.57,38.66,8.08,NaN,NaN
2020-07-14T04:26:00.000,4.32,36.5,8.04,NaN,NaN
2020-07-14T04:41:00.000,4.75,40.24,8.11,NaN,NaN
2020-07-14T04:56:00.000,4.97,42.13,8.14,NaN,NaN
2020-07-14T05:11:00.000,5.02,42.54,8.15,NaN,NaN
2020-07-14T05:26:00.000,5.14,43.56,8.16,NaN,NaN
2020-07-14T05:41:00.000,5.52,46.84,8.23,NaN,NaN
2020-07-14T05:56:00.000,5.63,47.8,8.24,NaN,NaN
2020-07-14T06:11:00.000,5.47,46.45,8.23,NaN,NaN
2020-07-14T06:26:00.000,5.04,42.76,8.16,NaN,NaN
2020-07-14T06:41:00.000,5,42.35,8.14,NaN,NaN
2020-07-14T06:56:00.000,5.02,42.57,8.14,NaN,NaN
2020-07-14T07:11:00.000,5.01,42.43,8.14,NaN,NaN
2020-07-14T07:26:00.000,4.97,42.08,8.14,NaN,NaN
2020-07-14T07:41:00.000,4.81,40.71,8.11,NaN,NaN
2020-07-14T07:56:00.000,4.81,40.7,8.11,NaN,NaN
2020-07-14T08:11:00.000,4.81,40.71,8.11,NaN,NaN
2020-07-14T08:26:00.000,4.84,40.99,8.11,NaN,NaN
2020-07-14T08:41:00.000,4.88,41.32,8.11,NaN,NaN
2020-07-14T08:56:00.000,4.9,41.48,8.11,NaN,NaN
2020-07-14T09:11:00.000,5.21,44.17,8.14,NaN,NaN
2020-07-14T09:26:00.000,5.4,45.72,8.14,NaN,NaN
2020-07-14T09:41:00.000,5.38,45.6,8.13,NaN,NaN
2020-07-14T09:56:00.000,5.36,45.4,8.11,NaN,NaN
2020-07-14T10:11:00.000,5.34,45.24,8.11,NaN,NaN
2020-07-14T10:26:00.000,5.35,45.26,8.1,NaN,NaN
2020-07-14T10:41:00.000,5.36,45.39,8.11,NaN,NaN
2020-07-14T10:56:00.000,5.34,45.19,8.1,NaN,NaN
2020-07-14T11:11:00.000,5.34,45.17,8.1,NaN,NaN
2020-07-14T11:26:00.000,5.32,45.05,8.1,NaN,NaN
2020-07-14T11:41:00.000,5.31,44.97,8.11,NaN,NaN
2020-07-14T11:56:00.000,5.32,45.07,8.11,NaN,NaN
2020-07-14T12:11:00.000,5.32,45.05,8.11,NaN,NaN
2020-07-14T12:26:00.000,5.17,43.75,8.09,NaN,NaN
2020-07-14T12:41:00.000,5.11,43.22,8.07,NaN,NaN
2020-07-14T12:56:00.000,5.06,42.81,8.05,NaN,NaN
2020-07-14T13:11:00.000,5.02,42.45,8.04,NaN,NaN
2020-07-14T13:26:00.000,5,42.29,8.04,NaN,NaN
2020-07-14T13:41:00.000,4.97,42.03,8.04,NaN,NaN
2020-07-14T13:56:00.000,4.93,41.63,8.03,NaN,NaN
2020-07-14T14:11:00.000,4.91,41.45,8.02,NaN,NaN
2020-07-14T14:26:00.000,4.9,41.35,8.02,NaN,NaN
2020-07-14T14:41:00.000,4.89,41.26,8.01,NaN,NaN
2020-07-14T14:56:00.000,4.87,41.13,8.01,NaN,NaN
2020-07-14T15:11:00.000,4.85,40.97,8,NaN,NaN
2020-07-14T15:26:00.000,4.81,40.63,7.99,NaN,NaN
2020-07-14T15:41:00.000,4.79,40.41,7.99,NaN,NaN
2020-07-14T15:56:00.000,4.77,40.25,7.99,NaN,NaN
2020-07-14T16:11:00.000,4.76,40.2,7.99,NaN,NaN
2020-07-14T16:26:00.000,4.76,40.16,7.99,NaN,NaN
2020-07-14T16:41:00.000,4.77,40.26,7.99,NaN,NaN
2020-07-14T16:56:00.000,4.77,40.26,7.99,NaN,NaN
2020-07-14T17:11:00.000,4.78,40.36,7.99,NaN,NaN
2020-07-14T17:26:00.000,4.79,40.4,7.99,NaN,NaN
2020-07-14T17:41:00.000,4.77,40.26,7.99,NaN,NaN
2020-07-14T17:56:00.000,4.79,40.41,7.99,NaN,NaN
2020-07-14T18:11:00.000,4.78,40.33,7.99,NaN,NaN
2020-07-14T18:26:00.000,4.79,40.44,7.99,NaN,NaN
2020-07-14T18:41:00.000,4.8,40.53,7.99,NaN,NaN
2020-07-14T18:56:00.000,4.8,40.56,7.99,NaN,NaN
2020-07-14T19:11:00.000,4.81,40.64,7.99,NaN,NaN
2020-07-14T19:26:00.000,4.82,40.71,7.99,NaN,NaN
2020-07-14T19:41:00.000,4.82,40.73,7.99,NaN,NaN
2020-07-14T19:56:00.000,4.84,40.88,7.99,NaN,NaN
2020-07-14T20:11:00.000,4.85,40.99,7.99,NaN,NaN
2020-07-14T20:26:00.000,4.86,41.02,7.99,NaN,NaN
2020-07-14T20:41:00.000,4.88,41.21,8,NaN,NaN
2020-07-14T20:56:00.000,4.88,41.2,8,NaN,NaN
2020-07-14T21:11:00.000,4.94,41.69,8.01,NaN,NaN
2020-07-14T21:26:00.000,4.99,42.16,8.02,NaN,NaN
2020-07-14T21:41:00.000,5.01,42.31,8.02,NaN,NaN
2020-07-14T21:56:00.000,5,42.22,8.02,NaN,NaN
2020-07-14T22:11:00.000,4.99,42.16,8.03,NaN,NaN
2020-07-14T22:26:00.000,5.01,42.32,8.04,NaN,NaN
2020-07-14T22:41:00.000,5.15,43.53,8.06,NaN,NaN
2020-07-14T22:56:00.000,5.23,44.19,8.06,NaN,NaN
2020-07-14T23:11:00.000,5.29,44.72,8.08,NaN,NaN
2020-07-14T23:26:00.000,5.25,44.42,8.1,NaN,NaN
2020-07-14T23:41:00.000,5.17,43.74,8.11,NaN,NaN
2020-07-14T23:56:00.000,5.16,43.75,8.13,NaN,NaN
2020-07-15T00:11:00.000,4.9,41.47,8.11,NaN,NaN
2020-07-15T00:26:00.000,4.93,41.75,8.11,NaN,NaN
2020-07-15T00:41:00.000,4.84,40.99,8.1,NaN,NaN
2020-07-15T00:56:00.000,4.91,41.55,8.11,NaN,NaN
2020-07-15T01:11:00.000,5.12,43.42,8.14,NaN,NaN
2020-07-15T01:26:00.000,5.32,45.08,8.16,NaN,NaN
2020-07-15T01:41:00.000,5.37,45.53,8.16,NaN,NaN
2020-07-15T01:56:00.000,5.37,45.51,8.16,NaN,NaN
2020-07-15T02:11:00.000,5.45,46.21,8.17,NaN,NaN
2020-07-15T02:26:00.000,5.32,45.05,8.15,NaN,NaN
2020-07-15T02:41:00.000,5.39,45.68,8.16,NaN,NaN
2020-07-15T02:56:00.000,5.57,47.26,8.18,NaN,NaN
2020-07-15T03:11:00.000,5.71,48.49,8.21,NaN,NaN
2020-07-15T03:26:00.000,5.72,48.52,8.21,NaN,NaN
2020-07-15T03:41:00.000,5.71,48.47,8.21,NaN,NaN
2020-07-15T03:56:00.000,5.82,49.4,8.23,NaN,NaN
2020-07-15T04:11:00.000,5.72,48.55,8.21,NaN,NaN
2020-07-15T04:26:00.000,5.57,47.26,8.19,NaN,NaN
2020-07-15T04:41:00.000,5.42,45.97,8.16,NaN,NaN
2020-07-15T04:56:00.000,5.32,45.05,8.14,NaN,NaN
2020-07-15T05:11:00.000,5.29,44.79,8.14,NaN,NaN
2020-07-15T05:26:00.000,5.3,44.91,8.14,NaN,NaN
2020-07-15T05:41:00.000,5.39,45.63,8.14,NaN,NaN
2020-07-15T05:56:00.000,5.41,45.87,8.14,NaN,NaN
2020-07-15T06:11:00.000,5.28,44.74,8.13,NaN,NaN
2020-07-15T06:26:00.000,4.78,40.42,8.07,NaN,NaN
2020-07-15T06:41:00.000,4.69,39.68,8.06,NaN,NaN
2020-07-15T06:56:00.000,4.64,39.25,8.04,NaN,NaN
2020-07-15T07:11:00.000,4.63,39.17,8.04,NaN,NaN
2020-07-15T07:26:00.000,4.62,39.01,8.04,NaN,NaN
2020-07-15T07:41:00.000,4.62,39.03,8.04,NaN,NaN
2020-07-15T07:56:00.000,4.62,39.04,8.04,NaN,NaN
2020-07-15T08:11:00.000,4.63,39.11,8.04,NaN,NaN
2020-07-15T08:26:00.000,4.63,39.1,8.04,NaN,NaN
2020-07-15T08:41:00.000,4.56,38.51,8.02,NaN,NaN
2020-07-15T08:56:00.000,4.53,38.27,8.01,NaN,NaN
2020-07-15T09:11:00.000,4.54,38.35,8.01,NaN,NaN
2020-07-15T09:26:00.000,4.53,38.24,8,NaN,NaN
2020-07-15T09:41:00.000,4.55,38.4,8,NaN,NaN
2020-07-15T09:56:00.000,4.55,38.46,8.01,NaN,NaN
2020-07-15T10:11:00.000,4.54,38.37,8,NaN,NaN
2020-07-15T10:26:00.000,4.54,38.35,8,NaN,NaN
2020-07-15T10:41:00.000,4.56,38.48,8,NaN,NaN
2020-07-15T10:56:00.000,4.55,38.44,8,NaN,NaN
2020-07-15T11:11:00.000,4.53,38.24,7.99,NaN,NaN
2020-07-15T11:26:00.000,4.5,38.01,7.99,NaN,NaN
2020-07-15T11:41:00.000,4.48,37.86,7.99,NaN,NaN
2020-07-15T11:56:00.000,4.45,37.54,7.98,NaN,NaN
2020-07-15T12:11:00.000,4.43,37.37,7.97,NaN,NaN
2020-07-15T12:26:00.000,4.4,37.09,7.97,NaN,NaN
2020-07-15T12:41:00.000,4.35,36.69,7.97,NaN,NaN
2020-07-15T12:56:00.000,4.34,36.59,7.96,NaN,NaN
2020-07-15T13:11:00.000,4.3,36.25,7.95,NaN,NaN
2020-07-15T13:26:00.000,4.26,35.93,7.95,NaN,NaN
2020-07-15T13:41:00.000,4.22,35.58,7.94,NaN,NaN
2020-07-15T13:56:00.000,4.17,35.13,7.92,NaN,NaN
2020-07-15T14:11:00.000,4.12,34.7,7.92,NaN,NaN
2020-07-15T14:26:00.000,4.04,34.06,7.91,NaN,NaN
2020-07-15T14:41:00.000,3.98,33.51,7.9,NaN,NaN
2020-07-15T14:56:00.000,3.91,32.91,7.89,NaN,NaN
2020-07-15T15:11:00.000,3.87,32.55,7.88,NaN,NaN
2020-07-15T15:26:00.000,3.82,32.19,7.88,NaN,NaN
2020-07-15T15:41:00.000,3.8,31.95,7.87,NaN,NaN
2020-07-15T15:56:00.000,3.76,31.66,7.87,NaN,NaN
2020-07-15T16:11:00.000,3.75,31.54,7.87,NaN,NaN
2020-07-15T16:26:00.000,3.74,31.45,7.87,NaN,NaN
2020-07-15T16:41:00.000,3.73,31.41,7.88,NaN,NaN
2020-07-15T16:56:00.000,3.72,31.32,7.89,NaN,NaN
2020-07-15T17:11:00.000,3.7,31.18,7.89,NaN,NaN
2020-07-15T17:26:00.000,3.66,30.84,7.89,NaN,NaN
2020-07-15T17:41:00.000,3.6,30.35,7.89,NaN,NaN
2020-07-15T17:56:00.000,3.57,30.07,7.88,NaN,NaN
2020-07-15T18:11:00.000,3.54,29.83,7.88,NaN,NaN
2020-07-15T18:26:00.000,3.52,29.66,7.88,NaN,NaN
2020-07-15T18:41:00.000,3.51,29.54,7.88,NaN,NaN
2020-07-15T18:56:00.000,3.5,29.48,7.88,NaN,NaN
2020-07-15T19:11:00.000,3.5,29.44,7.89,NaN,NaN
2020-07-15T19:26:00.000,3.5,29.43,7.89,NaN,NaN
2020-07-15T19:41:00.000,3.5,29.49,7.89,NaN,NaN
2020-07-15T19:56:00.000,3.49,29.42,7.9,NaN,NaN
2020-07-15T20:11:00.000,3.52,29.62,7.9,NaN,NaN
2020-07-15T20:26:00.000,3.52,29.61,7.9,NaN,NaN
2020-07-15T20:41:00.000,3.54,29.8,7.9,NaN,NaN
2020-07-15T20:56:00.000,3.57,30.05,7.91,NaN,NaN
2020-07-15T21:11:00.000,3.56,30,7.92,NaN,NaN
2020-07-15T21:26:00.000,3.58,30.21,7.92,NaN,NaN
2020-07-15T21:41:00.000,3.63,30.57,7.92,NaN,NaN
2020-07-15T21:56:00.000,3.63,30.62,7.92,NaN,NaN
2020-07-15T22:11:00.000,3.64,30.71,7.92,NaN,NaN
2020-07-15T22:26:00.000,3.65,30.74,7.93,NaN,NaN
2020-07-15T22:41:00.000,3.67,30.9,7.93,NaN,NaN
2020-07-15T22:56:00.000,3.69,31.14,7.94,NaN,NaN
2020-07-15T23:11:00.000,3.7,31.21,7.94,NaN,NaN
2020-07-15T23:26:00.000,3.73,31.45,7.95,NaN,NaN
2020-07-15T23:41:00.000,3.76,31.67,7.95,NaN,NaN
2020-07-15T23:56:00.000,3.82,32.2,7.96,NaN,NaN
2020-07-16T00:11:00.000,3.86,32.59,7.97,NaN,NaN
2020-07-16T00:26:00.000,3.89,32.81,7.97,NaN,NaN
2020-07-16T00:41:00.000,3.95,33.3,7.97,NaN,NaN
2020-07-16T00:56:00.000,3.98,33.58,7.98,NaN,NaN
2020-07-16T01:11:00.000,4,33.81,7.99,NaN,NaN
2020-07-16T01:26:00.000,4.04,34.14,7.99,NaN,NaN
2020-07-16T01:41:00.000,4.06,34.24,7.99,NaN,NaN
2020-07-16T01:56:00.000,4.11,34.67,7.99,NaN,NaN
2020-07-16T02:11:00.000,4.14,34.99,7.99,NaN,NaN
2020-07-16T02:26:00.000,4.14,34.98,7.99,NaN,NaN
2020-07-16T02:41:00.000,4.14,34.97,7.99,NaN,NaN
2020-07-16T02:56:00.000,4.14,34.98,7.99,NaN,NaN
2020-07-16T03:11:00.000,4.16,35.11,7.99,NaN,NaN
2020-07-16T03:26:00.000,4.16,35.1,7.99,NaN,NaN
2020-07-16T03:41:00.000,4.14,34.96,7.98,NaN,NaN
2020-07-16T03:56:00.000,4.12,34.75,7.97,NaN,NaN
2020-07-16T04:11:00.000,4.1,34.57,7.97,NaN,NaN
2020-07-16T04:26:00.000,4.08,34.41,7.97,NaN,NaN
2020-07-16T04:41:00.000,4.09,34.5,7.97,NaN,NaN
2020-07-16T04:56:00.000,4.08,34.47,7.97,NaN,NaN
2020-07-16T05:11:00.000,4.09,34.55,7.97,NaN,NaN
2020-07-16T05:26:00.000,4.09,34.55,7.97,NaN,NaN
2020-07-16T05:41:00.000,4.11,34.69,7.97,NaN,NaN
2020-07-16T05:56:00.000,4.12,34.77,7.97,NaN,NaN
2020-07-16T06:11:00.000,4.12,34.79,7.97,NaN,NaN
2020-07-16T06:26:00.000,4.12,34.74,7.97,NaN,NaN
2020-07-16T06:41:00.000,4.12,34.74,7.97,NaN,NaN
2020-07-16T06:56:00.000,4.13,34.85,7.97,NaN,NaN
2020-07-16T07:11:00.000,4.12,34.77,7.97,NaN,NaN
2020-07-16T07:26:00.000,4.11,34.68,7.97,NaN,NaN
2020-07-16T07:41:00.000,4.13,34.83,7.97,NaN,NaN
2020-07-16T07:56:00.000,4.12,34.77,7.97,NaN,NaN
2020-07-16T08:11:00.000,4.12,34.74,7.97,NaN,NaN
2020-07-16T08:26:00.000,4.11,34.67,7.97,NaN,NaN
2020-07-16T08:41:00.000,4.11,34.71,7.97,NaN,NaN
2020-07-16T08:56:00.000,4.1,34.63,7.97,NaN,NaN
2020-07-16T09:11:00.000,4.1,34.59,7.97,NaN,NaN
2020-07-16T09:26:00.000,4.1,34.63,7.97,NaN,NaN
2020-07-16T09:41:00.000,4.1,34.58,7.97,NaN,NaN
2020-07-16T09:56:00.000,4.11,34.72,7.97,NaN,NaN
2020-07-16T10:11:00.000,4.1,34.59,7.97,NaN,NaN
2020-07-16T10:26:00.000,4.11,34.65,7.97,NaN,NaN
2020-07-16T10:41:00.000,4.09,34.51,7.97,NaN,NaN
2020-07-16T10:56:00.000,4.07,34.36,7.97,NaN,NaN
2020-07-16T11:11:00.000,4.06,34.23,7.97,NaN,NaN
2020-07-16T11:26:00.000,4.05,34.16,7.97,NaN,NaN
2020-07-16T11:41:00.000,4.03,33.96,7.97,NaN,NaN
2020-07-16T11:56:00.000,4.01,33.8,7.97,NaN,NaN
2020-07-16T12:11:00.000,3.99,33.67,7.97,NaN,NaN
2020-07-16T12:26:00.000,3.99,33.68,7.97,NaN,NaN
2020-07-16T12:41:00.000,4,33.77,7.97,NaN,NaN
2020-07-16T12:56:00.000,4.02,33.91,7.97,NaN,NaN
2020-07-16T13:11:00.000,4.03,33.98,7.97,NaN,NaN
2020-07-16T13:26:00.000,4.06,34.26,7.97,NaN,NaN
2020-07-16T13:41:00.000,4.1,34.58,7.97,NaN,NaN
2020-07-16T13:56:00.000,4.12,34.73,7.97,NaN,NaN
2020-07-16T14:11:00.000,4.15,35.05,7.97,NaN,NaN
2020-07-16T14:26:00.000,4.2,35.44,7.97,NaN,NaN
2020-07-16T14:41:00.000,4.24,35.78,7.97,NaN,NaN
2020-07-16T14:56:00.000,4.31,36.35,7.97,NaN,NaN
2020-07-16T15:11:00.000,4.28,36.12,7.97,NaN,NaN
2020-07-16T15:26:00.000,4.31,36.39,7.97,NaN,NaN
2020-07-16T15:41:00.000,4.35,36.73,7.97,NaN,NaN
2020-07-16T15:56:00.000,4.36,36.8,7.97,NaN,NaN
2020-07-16T16:11:00.000,4.37,36.91,7.97,NaN,NaN
2020-07-16T16:26:00.000,4.35,36.73,7.97,NaN,NaN
2020-07-16T16:41:00.000,4.31,36.38,7.97,NaN,NaN
2020-07-16T16:56:00.000,4.27,36.06,7.96,NaN,NaN
2020-07-16T17:11:00.000,4.24,35.74,7.95,NaN,NaN
2020-07-16T17:26:00.000,4.22,35.57,7.95,NaN,NaN
2020-07-16T17:41:00.000,4.21,35.47,7.95,NaN,NaN
2020-07-16T17:56:00.000,4.21,35.47,7.94,NaN,NaN
2020-07-16T18:11:00.000,4.21,35.53,7.94,NaN,NaN
2020-07-16T18:26:00.000,4.22,35.59,7.94,NaN,NaN
2020-07-16T18:41:00.000,4.25,35.8,7.95,NaN,NaN
2020-07-16T18:56:00.000,4.29,36.15,7.95,NaN,NaN
2020-07-16T19:11:00.000,4.29,36.22,7.95,NaN,NaN
2020-07-16T19:26:00.000,4.32,36.46,7.95,NaN,NaN
2020-07-16T19:41:00.000,4.32,36.47,7.95,NaN,NaN
2020-07-16T19:56:00.000,4.35,36.66,7.94,NaN,NaN
2020-07-16T20:11:00.000,4.37,36.82,7.95,NaN,NaN
2020-07-16T20:26:00.000,4.38,36.95,7.95,NaN,NaN
2020-07-16T20:41:00.000,4.4,37.08,7.95,NaN,NaN
2020-07-16T20:56:00.000,4.4,37.12,7.95,NaN,NaN
2020-07-16T21:11:00.000,4.4,37.09,7.95,NaN,NaN
2020-07-16T21:26:00.000,4.41,37.19,7.95,NaN,NaN
2020-07-16T21:41:00.000,4.42,37.29,7.95,NaN,NaN
2020-07-16T21:56:00.000,4.42,37.29,7.95,NaN,NaN
2020-07-16T22:11:00.000,4.42,37.28,7.95,NaN,NaN
2020-07-16T22:26:00.000,4.44,37.41,7.95,NaN,NaN
2020-07-16T22:41:00.000,4.45,37.53,7.95,NaN,NaN
2020-07-16T22:56:00.000,4.45,37.49,7.95,NaN,NaN
2020-07-16T23:11:00.000,4.45,37.5,7.94,NaN,NaN
2020-07-16T23:26:00.000,4.45,37.53,7.95,NaN,NaN
2020-07-16T23:41:00.000,4.46,37.58,7.95,NaN,NaN
2020-07-16T23:56:00.000,4.44,37.46,7.95,NaN,NaN
2020-07-17T00:11:00.000,4.44,37.42,7.95,NaN,NaN
2020-07-17T00:26:00.000,4.49,37.85,7.95,NaN,NaN
2020-07-17T00:41:00.000,5.45,46.18,8.11,NaN,NaN
2020-07-17T00:56:00.000,4.81,40.63,8.02,NaN,NaN
2020-07-17T01:11:00.000,4.81,40.66,8.02,NaN,NaN
2020-07-17T01:26:00.000,5.22,44.18,8.09,NaN,NaN
2020-07-17T01:41:00.000,5.02,42.5,8.07,NaN,NaN
2020-07-17T01:56:00.000,4.68,39.56,8,NaN,NaN
2020-07-17T02:11:00.000,4.75,40.14,8.02,NaN,NaN
2020-07-17T02:26:00.000,4.92,41.57,8.05,NaN,NaN
2020-07-17T02:41:00.000,4.98,42.08,8.07,NaN,NaN
2020-07-17T02:56:00.000,4.91,41.52,8.06,NaN,NaN
2020-07-17T03:11:00.000,4.97,42.06,8.07,NaN,NaN
2020-07-17T03:26:00.000,5.04,42.67,8.09,NaN,NaN
2020-07-17T03:41:00.000,5.04,42.66,8.09,NaN,NaN
2020-07-17T03:56:00.000,5.01,42.42,8.09,NaN,NaN
2020-07-17T04:11:00.000,4.95,41.91,8.08,NaN,NaN
2020-07-17T04:26:00.000,4.89,41.37,8.07,NaN,NaN
2020-07-17T04:41:00.000,4.89,41.33,8.07,NaN,NaN
2020-07-17T04:56:00.000,4.89,41.33,8.07,NaN,NaN
2020-07-17T05:11:00.000,4.84,40.93,8.06,NaN,NaN
2020-07-17T05:26:00.000,4.83,40.81,8.06,NaN,NaN
2020-07-17T05:41:00.000,4.77,40.32,8.05,NaN,NaN
2020-07-17T05:56:00.000,4.72,39.94,8.04,NaN,NaN
2020-07-17T06:11:00.000,4.69,39.66,8.04,NaN,NaN
2020-07-17T06:26:00.000,4.6,38.9,8.04,NaN,NaN
2020-07-17T06:41:00.000,4.5,37.99,8.01,NaN,NaN
2020-07-17T06:56:00.000,4.62,38.97,7.99,NaN,NaN
2020-07-17T07:11:00.000,4.82,40.72,7.99,NaN,NaN
2020-07-17T07:26:00.000,4.93,41.6,7.97,NaN,NaN
2020-07-17T07:41:00.000,4.9,41.3,7.95,NaN,NaN
2020-07-17T07:56:00.000,4.87,41.1,7.95,NaN,NaN
2020-07-17T08:11:00.000,4.86,41.01,7.95,NaN,NaN
2020-07-17T08:26:00.000,4.86,41.01,7.94,NaN,NaN
2020-07-17T08:41:00.000,4.87,41.02,7.93,NaN,NaN
2020-07-17T08:56:00.000,4.86,40.94,7.93,NaN,NaN
2020-07-17T09:11:00.000,4.83,40.73,7.92,NaN,NaN
2020-07-17T09:26:00.000,4.79,40.33,7.92,NaN,NaN
2020-07-17T09:41:00.000,4.75,40.06,7.92,NaN,NaN
2020-07-17T09:56:00.000,4.74,39.9,7.91,NaN,NaN
2020-07-17T10:11:00.000,4.72,39.77,7.91,NaN,NaN
2020-07-17T10:26:00.000,4.72,39.78,7.91,NaN,NaN
2020-07-17T10:41:00.000,4.7,39.62,7.91,NaN,NaN
2020-07-17T10:56:00.000,4.68,39.41,7.9,NaN,NaN
2020-07-17T11:11:00.000,4.61,38.82,7.9,NaN,NaN
2020-07-17T11:26:00.000,4.55,38.35,7.89,NaN,NaN
2020-07-17T11:41:00.000,4.52,38.04,7.88,NaN,NaN
2020-07-17T11:56:00.000,4.46,37.56,7.87,NaN,NaN
2020-07-17T12:11:00.000,4.43,37.33,7.87,NaN,NaN
2020-07-17T12:26:00.000,4.4,37.07,7.87,NaN,NaN
2020-07-17T12:41:00.000,4.36,36.67,7.87,NaN,NaN
2020-07-17T12:56:00.000,4.33,36.42,7.86,NaN,NaN
2020-07-17T13:11:00.000,4.28,36.02,7.85,NaN,NaN
2020-07-17T13:26:00.000,4.3,36.14,7.85,NaN,NaN
2020-07-17T13:41:00.000,4.28,36.04,7.85,NaN,NaN
2020-07-17T13:56:00.000,3.67,30.86,7.85,NaN,NaN
2020-07-17T14:11:00.000,4.28,35.97,7.85,NaN,NaN
2020-07-17T14:26:00.000,4.28,36,7.85,NaN,NaN
2020-07-17T14:41:00.000,4.29,36.09,7.85,NaN,NaN
2020-07-17T14:56:00.000,4.3,36.18,7.86,NaN,NaN
2020-07-17T15:11:00.000,4.33,36.4,7.86,NaN,NaN
2020-07-17T15:26:00.000,4.35,36.61,7.87,NaN,NaN
2020-07-17T15:41:00.000,4.33,36.43,7.87,NaN,NaN
2020-07-17T15:56:00.000,4.37,36.82,7.87,NaN,NaN
2020-07-17T16:11:00.000,4.42,37.18,7.87,NaN,NaN
2020-07-17T16:26:00.000,4.48,37.75,7.88,NaN,NaN
2020-07-17T16:41:00.000,4.55,38.28,7.89,NaN,NaN
2020-07-17T16:56:00.000,4.59,38.67,7.9,NaN,NaN
2020-07-17T17:11:00.000,4.62,38.91,7.9,NaN,NaN
2020-07-17T17:26:00.000,4.7,39.59,7.91,NaN,NaN
2020-07-17T17:41:00.000,4.76,40.14,7.92,NaN,NaN
2020-07-17T17:56:00.000,4.8,40.44,7.92,NaN,NaN
2020-07-17T18:11:00.000,4.83,40.68,7.92,NaN,NaN
2020-07-17T18:26:00.000,4.84,40.77,7.93,NaN,NaN
2020-07-17T18:41:00.000,4.84,40.81,7.93,NaN,NaN
2020-07-17T18:56:00.000,4.81,40.54,7.92,NaN,NaN
2020-07-17T19:11:00.000,4.77,40.21,7.92,NaN,NaN
2020-07-17T19:26:00.000,4.74,39.95,7.92,NaN,NaN
2020-07-17T19:41:00.000,4.71,39.66,7.92,NaN,NaN
2020-07-17T19:56:00.000,4.67,39.38,7.92,NaN,NaN
2020-07-17T20:11:00.000,4.65,39.18,7.92,NaN,NaN
2020-07-17T20:26:00.000,4.63,38.98,7.92,NaN,NaN
2020-07-17T20:41:00.000,4.6,38.74,7.91,NaN,NaN
2020-07-17T20:56:00.000,4.58,38.6,7.92,NaN,NaN
2020-07-17T21:11:00.000,4.57,38.48,7.92,NaN,NaN
2020-07-17T21:26:00.000,4.58,38.56,7.92,NaN,NaN
2020-07-17T21:41:00.000,4.57,38.53,7.92,NaN,NaN
2020-07-17T21:56:00.000,4.59,38.66,7.92,NaN,NaN
2020-07-17T22:11:00.000,4.6,38.77,7.93,NaN,NaN
2020-07-17T22:26:00.000,4.63,39.01,7.94,NaN,NaN
2020-07-17T22:41:00.000,4.66,39.28,7.95,NaN,NaN
2020-07-17T22:56:00.000,4.7,39.6,7.95,NaN,NaN
2020-07-17T23:11:00.000,4.71,39.74,7.97,NaN,NaN
2020-07-17T23:26:00.000,4.73,39.94,7.97,NaN,NaN
2020-07-17T23:41:00.000,4.76,40.17,7.98,NaN,NaN
2020-07-17T23:56:00.000,4.77,40.29,7.99,NaN,NaN
2020-07-18T00:11:00.000,4.8,40.51,8,NaN,NaN
2020-07-18T00:26:00.000,4.82,40.69,8.01,NaN,NaN
2020-07-18T00:41:00.000,4.82,40.7,8.02,NaN,NaN
2020-07-18T00:56:00.000,4.82,40.74,8.02,NaN,NaN
2020-07-18T01:11:00.000,4.85,40.99,8.03,NaN,NaN
2020-07-18T01:26:00.000,4.86,41.07,8.04,NaN,NaN
2020-07-18T01:41:00.000,4.89,41.3,8.04,NaN,NaN
2020-07-18T01:56:00.000,4.88,41.21,8.04,NaN,NaN
2020-07-18T02:11:00.000,4.92,41.6,8.04,NaN,NaN
2020-07-18T02:26:00.000,4.9,41.42,8.04,NaN,NaN
2020-07-18T02:41:00.000,4.92,41.62,8.07,NaN,NaN
2020-07-18T02:56:00.000,4.94,41.77,8.07,NaN,NaN
2020-07-18T03:11:00.000,4.91,41.57,8.07,NaN,NaN
2020-07-18T03:26:00.000,4.96,41.93,8.07,NaN,NaN
2020-07-18T03:41:00.000,4.96,41.93,8.08,NaN,NaN
2020-07-18T03:56:00.000,4.79,40.55,8.09,NaN,NaN
2020-07-18T04:11:00.000,3.9,32.99,8.09,NaN,NaN
2020-07-18T04:26:00.000,4.35,36.8,8.11,NaN,NaN
2020-07-18T04:41:00.000,4.44,37.62,8.11,NaN,NaN
2020-07-18T04:56:00.000,2.3,19.5,8.11,NaN,NaN
2020-07-18T05:11:00.000,1.9,16.06,8.12,NaN,NaN
2020-07-18T05:26:00.000,5.02,42.55,8.12,NaN,NaN
2020-07-18T05:41:00.000,5.04,42.72,8.12,NaN,NaN
2020-07-18T05:56:00.000,5.05,42.78,8.12,NaN,NaN
2020-07-18T06:11:00.000,5.03,42.61,8.12,NaN,NaN
2020-07-18T06:26:00.000,5.05,42.75,8.12,NaN,NaN
2020-07-18T06:41:00.000,5.05,42.75,8.12,NaN,NaN
2020-07-18T06:56:00.000,5.05,42.74,8.11,NaN,NaN
2020-07-18T07:11:00.000,5.03,42.6,8.11,NaN,NaN
2020-07-18T07:26:00.000,4.98,42.17,8.09,NaN,NaN
2020-07-18T07:41:00.000,4.93,41.74,8.09,NaN,NaN
2020-07-18T07:56:00.000,4.9,41.46,8.08,NaN,NaN
2020-07-18T08:11:00.000,4.88,41.3,8.08,NaN,NaN
2020-07-18T08:26:00.000,4.86,41.11,8.07,NaN,NaN
2020-07-18T08:41:00.000,4.84,40.9,8.07,NaN,NaN
2020-07-18T08:56:00.000,4.82,40.76,8.06,NaN,NaN
2020-07-18T09:11:00.000,4.82,40.75,8.06,NaN,NaN
2020-07-18T09:26:00.000,4.79,40.53,8.06,NaN,NaN
2020-07-18T09:41:00.000,4.8,40.55,8.06,NaN,NaN
2020-07-18T09:56:00.000,4.81,40.67,8.05,NaN,NaN
2020-07-18T10:11:00.000,4.8,40.54,8.05,NaN,NaN
2020-07-18T10:26:00.000,4.79,40.52,8.04,NaN,NaN
2020-07-18T10:41:00.000,4.77,40.33,8.04,NaN,NaN
2020-07-18T10:56:00.000,4.78,40.42,8.04,NaN,NaN
2020-07-18T11:11:00.000,4.77,40.34,8.04,NaN,NaN
2020-07-18T11:26:00.000,4.8,40.58,8.04,NaN,NaN
2020-07-18T11:41:00.000,4.81,40.62,8.04,NaN,NaN
2020-07-18T11:56:00.000,4.81,40.66,8.04,NaN,NaN
2020-07-18T12:11:00.000,4.81,40.64,8.05,NaN,NaN
2020-07-18T12:26:00.000,4.82,40.78,8.05,NaN,NaN
2020-07-18T12:41:00.000,4.81,40.71,8.05,NaN,NaN
2020-07-18T12:56:00.000,4.82,40.79,8.06,NaN,NaN
2020-07-18T13:11:00.000,4.83,40.84,8.06,NaN,NaN
2020-07-18T13:26:00.000,4.85,41.04,8.07,NaN,NaN
2020-07-18T13:41:00.000,4.88,41.24,8.07,NaN,NaN
2020-07-18T13:56:00.000,4.92,41.62,8.09,NaN,NaN
2020-07-18T14:11:00.000,4.95,41.86,8.09,NaN,NaN
2020-07-18T14:26:00.000,4.98,42.2,8.11,NaN,NaN
2020-07-18T14:41:00.000,5.02,42.5,8.11,NaN,NaN
2020-07-18T14:56:00.000,5.06,42.82,8.12,NaN,NaN
2020-07-18T15:11:00.000,5.09,43.12,8.13,NaN,NaN
2020-07-18T15:26:00.000,5.12,43.37,8.14,NaN,NaN
2020-07-18T15:41:00.000,5.15,43.67,8.14,NaN,NaN
2020-07-18T15:56:00.000,5.24,44.43,8.16,NaN,NaN
2020-07-18T16:11:00.000,5.26,44.6,8.17,NaN,NaN
2020-07-18T16:26:00.000,5.27,44.72,8.18,NaN,NaN
2020-07-18T16:41:00.000,5.33,45.2,8.19,NaN,NaN
2020-07-18T16:56:00.000,5.37,45.57,8.21,NaN,NaN
2020-07-18T17:11:00.000,5.4,45.83,8.23,NaN,NaN
2020-07-18T17:26:00.000,5.44,46.15,8.23,NaN,NaN
2020-07-18T17:41:00.000,5.46,46.42,8.25,NaN,NaN
2020-07-18T17:56:00.000,5.5,46.74,8.26,NaN,NaN
2020-07-18T18:11:00.000,5.5,46.71,8.26,NaN,NaN
2020-07-18T18:26:00.000,5.5,46.7,8.26,NaN,NaN
2020-07-18T18:41:00.000,5.51,46.79,8.27,NaN,NaN
2020-07-18T18:56:00.000,5.53,47.03,8.28,NaN,NaN
2020-07-18T19:11:00.000,5.56,47.25,8.28,NaN,NaN
2020-07-18T19:26:00.000,5.59,47.51,8.28,NaN,NaN
2020-07-18T19:41:00.000,5.62,47.74,8.28,NaN,NaN
2020-07-18T19:56:00.000,5.63,47.88,8.28,NaN,NaN
2020-07-18T20:11:00.000,5.67,48.18,8.28,NaN,NaN
2020-07-18T20:26:00.000,5.72,48.59,8.28,NaN,NaN
2020-07-18T20:41:00.000,5.74,48.78,8.28,NaN,NaN
2020-07-18T20:56:00.000,5.77,49.08,8.28,NaN,NaN
2020-07-18T21:11:00.000,5.79,49.23,8.28,NaN,NaN
2020-07-18T21:26:00.000,5.8,49.29,8.29,NaN,NaN
2020-07-18T21:41:00.000,5.8,49.29,8.29,NaN,NaN
2020-07-18T21:56:00.000,5.83,49.56,8.3,NaN,NaN
2020-07-18T22:11:00.000,5.82,49.54,8.3,NaN,NaN
2020-07-18T22:26:00.000,5.85,49.76,8.3,NaN,NaN
2020-07-18T22:41:00.000,5.86,49.82,8.3,NaN,NaN
2020-07-18T22:56:00.000,5.88,50,8.31,NaN,NaN
2020-07-18T23:11:00.000,5.89,50.1,8.31,NaN,NaN
2020-07-18T23:26:00.000,5.89,50.07,8.31,NaN,NaN
2020-07-18T23:41:00.000,5.89,50.09,8.31,NaN,NaN
2020-07-18T23:56:00.000,5.89,50.1,8.32,NaN,NaN
2020-07-19T00:11:00.000,5.89,50.13,8.32,NaN,NaN
2020-07-19T00:26:00.000,5.91,50.31,8.32,NaN,NaN
2020-07-19T00:41:00.000,5.92,50.35,8.32,NaN,NaN
2020-07-19T00:56:00.000,5.91,50.32,8.33,NaN,NaN
2020-07-19T01:11:00.000,5.93,50.44,8.33,NaN,NaN
2020-07-19T01:26:00.000,5.93,50.45,8.33,NaN,NaN
2020-07-19T01:41:00.000,5.96,50.76,8.33,NaN,NaN
2020-07-19T01:56:00.000,5.98,50.88,8.33,NaN,NaN
2020-07-19T02:11:00.000,5.98,50.92,8.33,NaN,NaN
2020-07-19T02:26:00.000,5.98,50.9,8.33,NaN,NaN
2020-07-19T02:41:00.000,5.98,50.94,8.33,NaN,NaN
2020-07-19T02:56:00.000,5.96,50.74,8.33,NaN,NaN
2020-07-19T03:11:00.000,5.99,50.99,8.33,NaN,NaN
2020-07-19T03:26:00.000,5.99,50.97,8.33,NaN,NaN
2020-07-19T03:41:00.000,5.99,50.98,8.33,NaN,NaN
2020-07-19T03:56:00.000,5.98,50.89,8.33,NaN,NaN
2020-07-19T04:11:00.000,5.98,50.9,8.33,NaN,NaN
2020-07-19T04:26:00.000,5.97,50.82,8.33,NaN,NaN
2020-07-19T04:41:00.000,5.96,50.7,8.33,NaN,NaN
2020-07-19T04:56:00.000,5.96,50.71,8.33,NaN,NaN
2020-07-19T05:11:00.000,5.96,50.75,8.34,NaN,NaN
2020-07-19T05:26:00.000,5.96,50.76,8.34,NaN,NaN
2020-07-19T05:41:00.000,5.97,50.86,8.35,NaN,NaN
2020-07-19T05:56:00.000,5.97,50.87,8.35,NaN,NaN
2020-07-19T06:11:00.000,5.94,50.54,8.34,NaN,NaN
2020-07-19T06:26:00.000,5.87,49.94,8.33,NaN,NaN
2020-07-19T06:41:00.000,5.86,49.89,8.33,NaN,NaN
2020-07-19T06:56:00.000,5.84,49.71,8.33,NaN,NaN
2020-07-19T07:11:00.000,5.92,50.4,8.35,NaN,NaN
2020-07-19T07:26:00.000,5.93,50.47,8.35,NaN,NaN
2020-07-19T07:41:00.000,6,51.07,8.35,NaN,NaN
2020-07-19T07:56:00.000,6.02,51.32,8.37,NaN,NaN
2020-07-19T08:11:00.000,6.05,51.57,8.38,NaN,NaN
2020-07-19T08:26:00.000,6.08,51.85,8.38,NaN,NaN
2020-07-19T08:41:00.000,6.11,52.11,8.38,NaN,NaN
2020-07-19T08:56:00.000,6.12,52.2,8.39,NaN,NaN
2020-07-19T09:11:00.000,6.15,52.46,8.4,NaN,NaN
2020-07-19T09:26:00.000,6.14,52.38,8.4,NaN,NaN
2020-07-19T09:41:00.000,6.15,52.44,8.4,NaN,NaN
2020-07-19T09:56:00.000,6.15,52.44,8.4,NaN,NaN
2020-07-19T10:11:00.000,6.15,52.45,8.4,NaN,NaN
2020-07-19T10:26:00.000,6.15,52.45,8.4,NaN,NaN
2020-07-19T10:41:00.000,6.15,52.45,8.4,NaN,NaN
2020-07-19T10:56:00.000,6.15,52.42,8.4,NaN,NaN
2020-07-19T11:11:00.000,6.15,52.47,8.4,NaN,NaN
2020-07-19T11:26:00.000,6.11,52.09,8.41,NaN,NaN
2020-07-19T11:41:00.000,6.11,52.08,8.41,NaN,NaN
2020-07-19T11:56:00.000,6.13,52.26,8.4,NaN,NaN
2020-07-19T12:11:00.000,6.14,52.39,8.41,NaN,NaN
2020-07-19T12:26:00.000,6.17,52.63,8.41,NaN,NaN
2020-07-19T12:41:00.000,6.14,52.39,8.41,NaN,NaN
2020-07-19T12:56:00.000,6.13,52.28,8.41,NaN,NaN
2020-07-19T13:11:00.000,6.11,52.09,8.41,NaN,NaN
2020-07-19T13:26:00.000,6.13,52.25,8.41,NaN,NaN
2020-07-19T13:41:00.000,6.16,52.49,8.4,NaN,NaN
2020-07-19T13:56:00.000,6.14,52.35,8.4,NaN,NaN
2020-07-19T14:11:00.000,6.12,52.16,8.4,NaN,NaN
2020-07-19T14:26:00.000,6.11,52.07,8.4,NaN,NaN
2020-07-19T14:41:00.000,6.07,51.77,8.4,NaN,NaN
2020-07-19T14:56:00.000,6.08,51.8,8.39,NaN,NaN
2020-07-19T15:11:00.000,6.01,51.22,8.38,NaN,NaN
2020-07-19T15:26:00.000,5.95,50.69,8.37,NaN,NaN
2020-07-19T15:41:00.000,5.91,50.33,8.35,NaN,NaN
2020-07-19T15:56:00.000,5.73,48.78,8.33,NaN,NaN
2020-07-19T16:11:00.000,5.67,48.21,8.31,NaN,NaN
2020-07-19T16:26:00.000,5.53,47.05,8.29,NaN,NaN
2020-07-19T16:41:00.000,5.46,46.41,8.28,NaN,NaN
2020-07-19T16:56:00.000,5.37,45.66,8.26,NaN,NaN
2020-07-19T17:11:00.000,5.25,44.56,8.24,NaN,NaN
2020-07-19T17:26:00.000,5.07,43.01,8.21,NaN,NaN
2020-07-19T17:41:00.000,5.1,43.33,8.21,NaN,NaN
2020-07-19T17:56:00.000,5.08,43.12,8.21,NaN,NaN
2020-07-19T18:11:00.000,5.11,43.37,8.21,NaN,NaN
2020-07-19T18:26:00.000,5.16,43.81,8.22,NaN,NaN
2020-07-19T18:41:00.000,5.18,44.03,8.23,NaN,NaN
2020-07-19T18:56:00.000,5.23,44.45,8.23,NaN,NaN
2020-07-19T19:11:00.000,5.25,44.58,8.23,NaN,NaN
2020-07-19T19:26:00.000,5.24,44.54,8.24,NaN,NaN
2020-07-19T19:41:00.000,5.23,44.42,8.25,NaN,NaN
2020-07-19T19:56:00.000,5.22,44.38,8.25,NaN,NaN
2020-07-19T20:11:00.000,5.22,44.39,8.26,NaN,NaN
2020-07-19T20:26:00.000,5.23,44.43,8.26,NaN,NaN
2020-07-19T20:41:00.000,5.26,44.66,8.26,NaN,NaN
2020-07-19T20:56:00.000,5.29,44.94,8.27,NaN,NaN
2020-07-19T21:11:00.000,5.36,45.6,8.28,NaN,NaN
2020-07-19T21:26:00.000,5.42,46.08,8.29,NaN,NaN
2020-07-19T21:41:00.000,5.48,46.61,8.3,NaN,NaN
2020-07-19T21:56:00.000,5.55,47.19,8.31,NaN,NaN
2020-07-19T22:11:00.000,5.61,47.72,8.33,NaN,NaN
2020-07-19T22:26:00.000,5.65,48.12,8.33,NaN,NaN
2020-07-19T22:41:00.000,5.72,48.66,8.33,NaN,NaN
2020-07-19T22:56:00.000,5.77,49.13,8.35,NaN,NaN
2020-07-19T23:11:00.000,5.8,49.43,8.35,NaN,NaN
2020-07-19T23:26:00.000,5.85,49.85,8.36,NaN,NaN
2020-07-19T23:41:00.000,5.92,50.42,8.38,NaN,NaN
2020-07-19T23:56:00.000,5.94,50.64,8.38,NaN,NaN
2020-07-20T00:11:00.000,5.97,50.87,8.38,NaN,NaN
2020-07-20T00:26:00.000,5.99,51.02,8.39,NaN,NaN
2020-07-20T00:41:00.000,6.01,51.21,8.4,NaN,NaN
2020-07-20T00:56:00.000,6.02,51.37,8.4,NaN,NaN
2020-07-20T01:11:00.000,6.02,51.33,8.4,NaN,NaN
2020-07-20T01:26:00.000,6.04,51.48,8.4,NaN,NaN
2020-07-20T01:41:00.000,6.07,51.76,8.4,NaN,NaN
2020-07-20T01:56:00.000,6.09,51.92,8.41,NaN,NaN
2020-07-20T02:11:00.000,6.09,51.91,8.42,NaN,NaN
2020-07-20T02:26:00.000,6.11,52.15,8.42,NaN,NaN
2020-07-20T02:41:00.000,6.12,52.18,8.42,NaN,NaN
2020-07-20T02:56:00.000,6.13,52.28,8.42,NaN,NaN
2020-07-20T03:11:00.000,6.14,52.42,8.42,NaN,NaN
2020-07-20T03:26:00.000,6.18,52.7,8.42,NaN,NaN
2020-07-20T03:41:00.000,6.17,52.65,8.42,NaN,NaN
2020-07-20T03:56:00.000,6.18,52.74,8.42,NaN,NaN
2020-07-20T04:11:00.000,6.18,52.74,8.43,NaN,NaN
2020-07-20T04:26:00.000,5.98,51.03,8.4,NaN,NaN
2020-07-20T04:41:00.000,5.98,51.01,8.4,NaN,NaN
2020-07-20T04:56:00.000,5.86,49.96,8.4,NaN,NaN
2020-07-20T05:11:00.000,5.9,50.35,8.4,NaN,NaN
2020-07-20T05:26:00.000,5.85,49.85,8.4,NaN,NaN
2020-07-20T05:41:00.000,5.66,48.24,8.37,NaN,NaN
2020-07-20T05:56:00.000,5.59,47.59,8.35,NaN,NaN
2020-07-20T06:11:00.000,5.6,47.69,8.35,NaN,NaN
2020-07-20T06:26:00.000,5.59,47.61,8.35,NaN,NaN
2020-07-20T06:41:00.000,5.4,45.97,8.33,NaN,NaN
2020-07-20T06:56:00.000,5.29,44.99,8.32,NaN,NaN
2020-07-20T07:11:00.000,5.24,44.55,8.31,NaN,NaN
2020-07-20T07:26:00.000,5.19,44.19,8.3,NaN,NaN
2020-07-20T07:41:00.000,5.15,43.78,8.3,NaN,NaN
2020-07-20T07:56:00.000,5.11,43.46,8.3,NaN,NaN
2020-07-20T08:11:00.000,5.1,43.37,8.29,NaN,NaN
2020-07-20T08:26:00.000,5.11,43.48,8.3,NaN,NaN
2020-07-20T08:41:00.000,5.14,43.68,8.3,NaN,NaN
2020-07-20T08:56:00.000,5.11,43.49,8.3,NaN,NaN
2020-07-20T09:11:00.000,5.13,43.66,8.3,NaN,NaN
2020-07-20T09:26:00.000,5.14,43.74,8.3,NaN,NaN
2020-07-20T09:41:00.000,5.16,43.89,8.3,NaN,NaN
2020-07-20T09:56:00.000,5.16,43.93,8.31,NaN,NaN
2020-07-20T10:11:00.000,5.18,44.08,8.3,NaN,NaN
2020-07-20T10:26:00.000,5.21,44.31,8.31,NaN,NaN
2020-07-20T10:41:00.000,5.21,44.36,8.31,NaN,NaN
2020-07-20T10:56:00.000,5.24,44.57,8.32,NaN,NaN
2020-07-20T11:11:00.000,5.22,44.43,8.31,NaN,NaN
2020-07-20T11:26:00.000,5.26,44.74,8.32,NaN,NaN
2020-07-20T11:41:00.000,5.28,44.91,8.32,NaN,NaN
2020-07-20T11:56:00.000,5.27,44.89,8.33,NaN,NaN
2020-07-20T12:11:00.000,5.33,45.33,8.33,NaN,NaN
2020-07-20T12:26:00.000,5.35,45.5,8.33,NaN,NaN
2020-07-20T12:41:00.000,5.14,43.68,8.3,NaN,NaN
2020-07-20T12:56:00.000,4.79,40.74,8.26,NaN,NaN
2020-07-20T13:11:00.000,4.65,39.47,8.23,NaN,NaN
2020-07-20T13:26:00.000,4.67,39.65,8.23,NaN,NaN
2020-07-20T13:41:00.000,4.69,39.8,8.24,NaN,NaN
2020-07-20T13:56:00.000,4.71,40.03,8.24,NaN,NaN
2020-07-20T14:11:00.000,4.76,40.42,8.25,NaN,NaN
2020-07-20T14:26:00.000,4.75,40.33,8.26,NaN,NaN
2020-07-20T14:41:00.000,4.74,40.27,8.26,NaN,NaN
2020-07-20T14:56:00.000,4.79,40.7,8.26,NaN,NaN
2020-07-20T15:11:00.000,4.8,40.78,8.26,NaN,NaN
2020-07-20T15:26:00.000,4.83,41.01,8.26,NaN,NaN
2020-07-20T15:41:00.000,4.84,41.15,8.26,NaN,NaN
2020-07-20T15:56:00.000,4.79,40.72,8.26,NaN,NaN
2020-07-20T16:11:00.000,4.83,41.02,8.26,NaN,NaN
2020-07-20T16:26:00.000,4.79,40.73,8.26,NaN,NaN
2020-07-20T16:41:00.000,4.78,40.61,8.26,NaN,NaN
2020-07-20T16:56:00.000,4.75,40.33,8.26,NaN,NaN
2020-07-20T17:11:00.000,4.7,39.91,8.25,NaN,NaN
2020-07-20T17:26:00.000,4.66,39.61,8.24,NaN,NaN
2020-07-20T17:41:00.000,4.66,39.62,8.24,NaN,NaN
2020-07-20T17:56:00.000,4.64,39.41,8.24,NaN,NaN
2020-07-20T18:11:00.000,4.65,39.49,8.24,NaN,NaN
2020-07-20T18:26:00.000,4.69,39.82,8.25,NaN,NaN
2020-07-20T18:41:00.000,4.73,40.21,8.26,NaN,NaN
2020-07-20T18:56:00.000,4.81,40.9,8.26,NaN,NaN
2020-07-20T19:11:00.000,4.87,41.37,8.28,NaN,NaN
2020-07-20T19:26:00.000,4.87,41.4,8.28,NaN,NaN
2020-07-20T19:41:00.000,4.98,42.3,8.28,NaN,NaN
2020-07-20T19:56:00.000,5.02,42.73,8.3,NaN,NaN
2020-07-20T20:11:00.000,5.06,43.06,8.3,NaN,NaN
2020-07-20T20:26:00.000,5.14,43.74,8.31,NaN,NaN
2020-07-20T20:41:00.000,5.12,43.6,8.32,NaN,NaN
2020-07-20T20:56:00.000,5.13,43.66,8.32,NaN,NaN
2020-07-20T21:11:00.000,5.15,43.8,8.32,NaN,NaN
2020-07-20T21:26:00.000,5.17,44.04,8.33,NaN,NaN
2020-07-20T21:41:00.000,5.26,44.74,8.33,NaN,NaN
2020-07-20T21:56:00.000,5.34,45.44,8.35,NaN,NaN
2020-07-20T22:11:00.000,5.38,45.83,8.35,NaN,NaN
2020-07-20T22:26:00.000,5.43,46.26,8.35,NaN,NaN
2020-07-20T22:41:00.000,5.47,46.63,8.36,NaN,NaN
2020-07-20T22:56:00.000,5.53,47.08,8.38,NaN,NaN
2020-07-20T23:11:00.000,5.58,47.54,8.38,NaN,NaN
2020-07-20T23:26:00.000,5.6,47.68,8.38,NaN,NaN
2020-07-20T23:41:00.000,5.59,47.63,8.39,NaN,NaN
2020-07-20T23:56:00.000,5.6,47.7,8.39,NaN,NaN
2020-07-21T00:11:00.000,5.55,47.35,8.39,NaN,NaN
2020-07-21T00:26:00.000,5.61,47.79,8.4,NaN,NaN
2020-07-21T00:41:00.000,5.55,47.33,8.39,NaN,NaN
2020-07-21T00:56:00.000,5.56,47.38,8.38,NaN,NaN
2020-07-21T01:11:00.000,5.56,47.39,8.39,NaN,NaN
2020-07-21T01:26:00.000,5.55,47.33,8.39,NaN,NaN
2020-07-21T01:41:00.000,5.55,47.27,8.39,NaN,NaN
2020-07-21T01:56:00.000,5.55,47.35,8.39,NaN,NaN
2020-07-21T02:11:00.000,5.57,47.47,8.4,NaN,NaN
2020-07-21T02:26:00.000,5.58,47.61,8.4,NaN,NaN
2020-07-21T02:41:00.000,5.59,47.7,8.4,NaN,NaN
2020-07-21T02:56:00.000,5.54,47.21,8.4,NaN,NaN
2020-07-21T03:11:00.000,5.53,47.18,8.4,NaN,NaN
2020-07-21T03:26:00.000,5.5,46.86,8.39,NaN,NaN
2020-07-21T03:41:00.000,5.49,46.76,8.39,NaN,NaN
2020-07-21T03:56:00.000,5.5,46.9,8.39,NaN,NaN
2020-07-21T04:11:00.000,5.48,46.71,8.38,NaN,NaN
2020-07-21T04:26:00.000,5.45,46.48,8.39,NaN,NaN
2020-07-21T04:41:00.000,5.44,46.33,8.38,NaN,NaN
2020-07-21T04:56:00.000,5.42,46.22,8.38,NaN,NaN
2020-07-21T05:11:00.000,5.43,46.26,8.38,NaN,NaN
2020-07-21T05:26:00.000,5.41,46.07,8.38,NaN,NaN
2020-07-21T05:41:00.000,5.39,45.93,8.38,NaN,NaN
2020-07-21T05:56:00.000,5.36,45.71,8.38,NaN,NaN
2020-07-21T06:11:00.000,5.37,45.75,8.38,NaN,NaN
2020-07-21T06:26:00.000,5.38,45.86,8.38,NaN,NaN
2020-07-21T06:41:00.000,5.37,45.77,8.38,NaN,NaN
2020-07-21T06:56:00.000,5.35,45.62,8.38,NaN,NaN
2020-07-21T07:11:00.000,5.36,45.68,8.38,NaN,NaN
2020-07-21T07:26:00.000,5.41,46.09,8.38,NaN,NaN
2020-07-21T07:41:00.000,5.42,46.18,8.38,NaN,NaN
2020-07-21T07:56:00.000,5.48,46.67,8.38,NaN,NaN
2020-07-21T08:11:00.000,5.37,45.77,8.36,NaN,NaN
2020-07-21T08:26:00.000,5.25,44.69,8.33,NaN,NaN
2020-07-21T08:41:00.000,5.16,43.94,8.33,NaN,NaN
2020-07-21T08:56:00.000,5.07,43.14,8.31,NaN,NaN
2020-07-21T09:11:00.000,5.01,42.64,8.3,NaN,NaN
2020-07-21T09:26:00.000,4.97,42.29,8.28,NaN,NaN
2020-07-21T09:41:00.000,4.95,42.07,8.28,NaN,NaN
2020-07-21T09:56:00.000,4.95,42.07,8.28,NaN,NaN
2020-07-21T10:11:00.000,4.93,41.93,8.28,NaN,NaN
2020-07-21T10:26:00.000,4.9,41.65,8.28,NaN,NaN
2020-07-21T10:41:00.000,4.88,41.47,8.28,NaN,NaN
2020-07-21T10:56:00.000,4.87,41.44,8.28,NaN,NaN
2020-07-21T11:11:00.000,4.85,41.22,8.27,NaN,NaN
2020-07-21T11:26:00.000,4.84,41.12,8.26,NaN,NaN
2020-07-21T11:41:00.000,4.81,40.89,8.26,NaN,NaN
2020-07-21T11:56:00.000,4.81,40.89,8.26,NaN,NaN
2020-07-21T12:11:00.000,4.81,40.86,8.26,NaN,NaN
2020-07-21T12:26:00.000,4.82,40.96,8.26,NaN,NaN
2020-07-21T12:41:00.000,4.82,40.98,8.26,NaN,NaN
2020-07-21T12:56:00.000,4.85,41.24,8.26,NaN,NaN
2020-07-21T13:11:00.000,4.93,41.91,8.27,NaN,NaN
2020-07-21T13:26:00.000,5.02,42.67,8.28,NaN,NaN
2020-07-21T13:41:00.000,5.03,42.78,8.28,NaN,NaN
2020-07-21T13:56:00.000,5.06,43.06,8.29,NaN,NaN
2020-07-21T14:11:00.000,5.08,43.16,8.29,NaN,NaN
2020-07-21T14:26:00.000,5.04,42.88,8.29,NaN,NaN
2020-07-21T14:41:00.000,5.04,42.83,8.28,NaN,NaN
2020-07-21T14:56:00.000,5.01,42.56,8.28,NaN,NaN
2020-07-21T15:11:00.000,5.02,42.72,8.28,NaN,NaN
2020-07-21T15:26:00.000,5.01,42.56,8.28,NaN,NaN
2020-07-21T15:41:00.000,4.96,42.15,8.28,NaN,NaN
2020-07-21T15:56:00.000,4.94,42,8.28,NaN,NaN
2020-07-21T16:11:00.000,4.9,41.63,8.27,NaN,NaN
2020-07-21T16:26:00.000,4.87,41.38,8.27,NaN,NaN
2020-07-21T16:41:00.000,4.84,41.12,8.26,NaN,NaN
2020-07-21T16:56:00.000,4.81,40.86,8.26,NaN,NaN
2020-07-21T17:11:00.000,4.79,40.66,8.26,NaN,NaN
2020-07-21T17:26:00.000,4.78,40.64,8.26,NaN,NaN
2020-07-21T17:41:00.000,4.76,40.44,8.26,NaN,NaN
2020-07-21T17:56:00.000,4.77,40.53,8.26,NaN,NaN
2020-07-21T18:11:00.000,4.79,40.69,8.26,NaN,NaN
2020-07-21T18:26:00.000,4.79,40.69,8.26,NaN,NaN
2020-07-21T18:41:00.000,4.8,40.78,8.26,NaN,NaN
2020-07-21T18:56:00.000,4.86,41.33,8.26,NaN,NaN
2020-07-21T19:11:00.000,4.89,41.58,8.27,NaN,NaN
2020-07-21T19:26:00.000,4.93,41.96,8.28,NaN,NaN
2020-07-21T19:41:00.000,4.98,42.32,8.28,NaN,NaN
2020-07-21T19:56:00.000,5.02,42.69,8.29,NaN,NaN
2020-07-21T20:11:00.000,5.12,43.57,8.31,NaN,NaN
2020-07-21T20:26:00.000,5.21,44.31,8.33,NaN,NaN
2020-07-21T20:41:00.000,5.38,45.83,8.35,NaN,NaN
2020-07-21T20:56:00.000,5.48,46.69,8.36,NaN,NaN
2020-07-21T21:11:00.000,5.48,46.71,8.36,NaN,NaN
2020-07-21T21:26:00.000,5.51,46.99,8.37,NaN,NaN
2020-07-21T21:41:00.000,5.55,47.33,8.38,NaN,NaN
2020-07-21T21:56:00.000,5.6,47.74,8.4,NaN,NaN
2020-07-21T22:11:00.000,5.65,48.19,8.4,NaN,NaN
2020-07-21T22:26:00.000,5.71,48.68,8.42,NaN,NaN
2020-07-21T22:41:00.000,5.71,48.73,8.42,NaN,NaN
2020-07-21T22:56:00.000,5.82,49.63,8.44,NaN,NaN
2020-07-21T23:11:00.000,5.83,49.79,8.45,NaN,NaN
2020-07-21T23:26:00.000,5.87,50.13,8.45,NaN,NaN
2020-07-21T23:41:00.000,5.92,50.52,8.47,NaN,NaN
2020-07-21T23:56:00.000,5.94,50.7,8.47,NaN,NaN
2020-07-22T00:11:00.000,5.93,50.65,8.47,NaN,NaN
2020-07-22T00:26:00.000,5.93,50.67,8.49,NaN,NaN
2020-07-22T00:41:00.000,5.96,50.89,8.5,NaN,NaN
2020-07-22T00:56:00.000,5.96,50.92,8.5,NaN,NaN
2020-07-22T01:11:00.000,5.96,50.93,8.51,NaN,NaN
2020-07-22T01:26:00.000,5.94,50.82,8.52,NaN,NaN
2020-07-22T01:41:00.000,5.95,50.91,8.52,NaN,NaN
2020-07-22T01:56:00.000,5.95,50.92,8.52,NaN,NaN
2020-07-22T02:11:00.000,5.93,50.75,8.52,NaN,NaN
2020-07-22T02:26:00.000,5.93,50.68,8.53,NaN,NaN
2020-07-22T02:41:00.000,5.9,50.45,8.54,NaN,NaN
2020-07-22T02:56:00.000,5.87,50.24,8.53,NaN,NaN
2020-07-22T03:11:00.000,5.86,50.16,8.53,NaN,NaN
2020-07-22T03:26:00.000,5.83,49.88,8.53,NaN,NaN
2020-07-22T03:41:00.000,5.82,49.76,8.54,NaN,NaN
2020-07-22T03:56:00.000,5.81,49.71,8.53,NaN,NaN
2020-07-22T04:11:00.000,5.8,49.6,8.52,NaN,NaN
2020-07-22T04:26:00.000,5.75,49.23,8.54,NaN,NaN
2020-07-22T04:41:00.000,5.74,49.14,8.54,NaN,NaN
2020-07-22T04:56:00.000,5.76,49.29,8.54,NaN,NaN
2020-07-22T05:11:00.000,5.78,49.42,8.54,NaN,NaN
2020-07-22T05:26:00.000,5.78,49.44,8.54,NaN,NaN
2020-07-22T05:41:00.000,5.78,49.43,8.54,NaN,NaN
2020-07-22T05:56:00.000,5.78,49.43,8.54,NaN,NaN
2020-07-22T06:11:00.000,5.79,49.55,8.54,NaN,NaN
2020-07-22T06:26:00.000,5.81,49.73,8.54,NaN,NaN
2020-07-22T06:41:00.000,5.8,49.65,8.54,NaN,NaN
2020-07-22T06:56:00.000,5.81,49.73,8.54,NaN,NaN
2020-07-22T07:11:00.000,5.8,49.63,8.54,NaN,NaN
2020-07-22T07:26:00.000,5.8,49.6,8.53,NaN,NaN
2020-07-22T07:41:00.000,5.78,49.45,8.53,NaN,NaN
2020-07-22T07:56:00.000,5.77,49.34,8.52,NaN,NaN
2020-07-22T08:11:00.000,5.76,49.25,8.52,NaN,NaN
2020-07-22T08:26:00.000,5.75,49.15,8.52,NaN,NaN
2020-07-22T08:41:00.000,5.74,49.08,8.52,NaN,NaN
2020-07-22T08:56:00.000,5.7,48.76,8.52,NaN,NaN
2020-07-22T09:11:00.000,5.71,48.87,8.52,NaN,NaN
2020-07-22T09:26:00.000,5.71,48.82,8.52,NaN,NaN
2020-07-22T09:41:00.000,5.69,48.62,8.52,NaN,NaN
2020-07-22T09:56:00.000,5.68,48.55,8.52,NaN,NaN
2020-07-22T10:11:00.000,5.65,48.29,8.52,NaN,NaN
2020-07-22T10:26:00.000,5.65,48.31,8.52,NaN,NaN
2020-07-22T10:41:00.000,5.64,48.24,8.52,NaN,NaN
2020-07-22T10:56:00.000,5.65,48.29,8.52,NaN,NaN
2020-07-22T11:11:00.000,5.65,48.35,8.52,NaN,NaN
2020-07-22T11:26:00.000,5.65,48.34,8.52,NaN,NaN
2020-07-22T11:41:00.000,5.65,48.32,8.52,NaN,NaN
2020-07-22T11:56:00.000,5.67,48.47,8.52,NaN,NaN
2020-07-22T12:11:00.000,5.66,48.37,8.52,NaN,NaN
2020-07-22T12:26:00.000,5.64,48.23,8.52,NaN,NaN
2020-07-22T12:41:00.000,5.65,48.35,8.52,NaN,NaN
2020-07-22T12:56:00.000,5.65,48.35,8.52,NaN,NaN
2020-07-22T13:11:00.000,5.66,48.38,8.52,NaN,NaN
2020-07-22T13:26:00.000,5.66,48.39,8.52,NaN,NaN
2020-07-22T13:41:00.000,5.69,48.64,8.53,NaN,NaN
2020-07-22T13:56:00.000,5.67,48.53,8.53,NaN,NaN
2020-07-22T14:11:00.000,5.66,48.45,8.54,NaN,NaN
2020-07-22T14:26:00.000,5.66,48.45,8.54,NaN,NaN
