Time (UTC),DO (ml/L),Dissolved Oxygen (%),Temperature (C),Latitude,Longitude
2020-06-26T21:54:59.000,1.91,16.14,8,44.679893,-124.104705
2020-06-26T22:09:59.000,1.95,16.46,8.02,44.679893,-124.104705
2020-06-26T22:24:59.000,1.96,16.53,8.02,44.679893,-124.104705
2020-06-26T22:39:59.000,1.95,16.44,8.02,44.679893,-124.104705
2020-06-26T22:54:59.000,1.99,16.85,8.04,44.679893,-124.104705
2020-06-26T23:09:59.000,1.98,16.71,8.02,44.679893,-124.104705
2020-06-26T23:24:59.000,2.06,17.36,7.99,44.679893,-124.104705
2020-06-26T23:39:59.000,2.08,17.56,7.98,44.679893,-124.104705
2020-06-26T23:54:59.000,2.06,17.39,7.99,44.679893,-124.104705
2020-06-27T00:09:59.000,2.07,17.48,7.99,44.679893,-124.104705
2020-06-27T00:24:59.000,2.11,17.77,7.98,44.679893,-124.104705
2020-06-27T00:39:59.000,2.14,18.04,7.97,44.679893,-124.104705
2020-06-27T00:54:59.000,2.12,17.86,7.96,44.679893,-124.104705
2020-06-27T01:09:59.000,2.11,17.82,7.95,44.679893,-124.104705
2020-06-27T01:24:59.000,2.11,17.83,7.95,44.679893,-124.104705
2020-06-27T01:39:59.000,2.12,17.87,7.97,44.679893,-124.104705
2020-06-27T01:54:59.000,2.09,17.63,7.95,44.679893,-124.104705
2020-06-27T02:09:59.000,2.08,17.57,7.95,44.679893,-124.104705
2020-06-27T02:24:59.000,2.08,17.56,7.95,44.679893,-124.104705
2020-06-27T02:39:59.000,2.07,17.44,7.95,44.679893,-124.104705
2020-06-27T02:54:59.000,2.06,17.39,7.94,44.679893,-124.104705
2020-06-27T03:09:59.000,2.05,17.3,7.94,44.679893,-124.104705
2020-06-27T03:24:59.000,2.05,17.26,7.94,44.679893,-124.104705
2020-06-27T03:39:59.000,2.05,17.29,7.95,44.679893,-124.104705
2020-06-27T03:54:59.000,2.06,17.4,7.97,44.679893,-124.104705
2020-06-27T04:09:59.000,2.08,17.54,7.99,44.679893,-124.104705
2020-06-27T04:24:59.000,2.07,17.5,7.99,44.679893,-124.104705
2020-06-27T04:39:59.000,2.1,17.73,8.02,44.679893,-124.104705
2020-06-27T04:54:59.000,2.01,16.91,7.95,44.679893,-124.104705
2020-06-27T05:09:59.000,2,16.84,7.92,44.679893,-124.104705
2020-06-27T05:24:59.000,2.03,17.13,7.95,44.679893,-124.104705
2020-06-27T05:39:59.000,2.06,17.35,7.98,44.679893,-124.104705
2020-06-27T05:54:59.000,2.01,16.94,7.92,44.679893,-124.104705
2020-06-27T06:09:59.000,2,16.84,7.92,44.679893,-124.104705
2020-06-27T06:24:59.000,1.93,16.25,7.87,44.679893,-124.104705
2020-06-27T06:39:59.000,1.93,16.28,7.87,44.679893,-124.104705
2020-06-27T06:54:59.000,1.9,16.02,7.85,44.679893,-124.104705
2020-06-27T07:09:59.000,1.89,15.87,7.85,44.679893,-124.104705
2020-06-27T07:24:59.000,1.87,15.71,7.85,44.679893,-124.104705
2020-06-27T07:39:59.000,1.89,15.93,7.86,44.679893,-124.104705
2020-06-27T07:54:59.000,1.93,16.28,7.88,44.679893,-124.104705
2020-06-27T08:09:59.000,1.91,16.07,7.88,44.679893,-124.104705
2020-06-27T08:24:59.000,1.91,16.11,7.87,44.679893,-124.104705
2020-06-27T08:39:59.000,1.88,15.83,7.87,44.679893,-124.104705
2020-06-27T08:54:59.000,1.87,15.75,7.87,44.679893,-124.104705
2020-06-27T09:09:59.000,1.91,16.07,7.89,44.679893,-124.104705
2020-06-27T09:24:59.000,1.76,14.81,7.83,44.679893,-124.104705
2020-06-27T09:39:59.000,1.82,15.32,7.85,44.679893,-124.104705
2020-06-27T09:54:59.000,1.85,15.59,7.87,44.679893,-124.104705
2020-06-27T10:09:59.000,1.85,15.56,7.87,44.679893,-124.104705
2020-06-27T10:24:59.000,1.83,15.41,7.87,44.679893,-124.104705
2020-06-27T10:39:59.000,1.86,15.63,7.87,44.679893,-124.104705
2020-06-27T10:54:59.000,1.83,15.43,7.87,44.679893,-124.104705
2020-06-27T11:09:59.000,1.74,14.6,7.85,44.679893,-124.104705
2020-06-27T11:24:59.000,1.78,14.99,7.85,44.679893,-124.104705
2020-06-27T11:39:59.000,1.79,15.03,7.86,44.679893,-124.104705
2020-06-27T11:54:59.000,1.8,15.17,7.87,44.679893,-124.104705
2020-06-27T12:09:59.000,1.84,15.52,7.88,44.679893,-124.104705
2020-06-27T12:24:59.000,1.82,15.33,7.88,44.679893,-124.104705
2020-06-27T12:39:59.000,1.76,14.79,7.85,44.679893,-124.104705
2020-06-27T12:54:59.000,1.7,14.32,7.83,44.679893,-124.104705
2020-06-27T13:09:59.000,1.68,14.14,7.8,44.679893,-124.104705
2020-06-27T13:24:59.000,1.7,14.31,7.81,44.679893,-124.104705
2020-06-27T13:39:59.000,1.7,14.33,7.82,44.679893,-124.104705
2020-06-27T13:54:59.000,1.71,14.37,7.82,44.679893,-124.104705
2020-06-27T14:09:59.000,1.73,14.52,7.83,44.679893,-124.104705
2020-06-27T14:24:59.000,1.74,14.6,7.83,44.679893,-124.104705
2020-06-27T14:39:59.000,1.75,14.74,7.85,44.679893,-124.104705
2020-06-27T14:54:59.000,1.77,14.91,7.85,44.679893,-124.104705
2020-06-27T15:09:59.000,1.77,14.86,7.85,44.679893,-124.104705
2020-06-27T15:24:59.000,1.78,14.94,7.85,44.679893,-124.104705
2020-06-27T15:39:59.000,1.79,15.09,7.86,44.679893,-124.104705
2020-06-27T15:54:59.000,1.83,15.38,7.87,44.679893,-124.104705
2020-06-27T16:09:59.000,1.82,15.35,7.88,44.679893,-124.104705
2020-06-27T16:24:59.000,1.87,15.78,7.9,44.679893,-124.104705
2020-06-27T16:39:59.000,1.9,16.01,7.92,44.679893,-124.104705
2020-06-27T16:54:59.000,1.91,16.06,7.93,44.679893,-124.104705
2020-06-27T17:09:59.000,1.83,15.44,7.9,44.679893,-124.104705
2020-06-27T17:24:59.000,1.78,15,7.87,44.679893,-124.104705
2020-06-27T17:39:59.000,1.79,15.06,7.87,44.679893,-124.104705
2020-06-27T17:54:59.000,1.77,14.86,7.85,44.679893,-124.104705
2020-06-27T18:09:59.000,1.83,15.45,7.89,44.679893,-124.104705
2020-06-27T18:24:59.000,1.86,15.68,7.9,44.679893,-124.104705
2020-06-27T18:39:59.000,1.76,14.81,7.85,44.679893,-124.104705
2020-06-27T18:54:59.000,1.69,14.24,7.82,44.679893,-124.104705
2020-06-27T19:09:59.000,1.65,13.89,7.78,44.679893,-124.104705
2020-06-27T19:24:59.000,1.66,13.98,7.79,44.679893,-124.104705
2020-06-27T19:39:59.000,1.68,14.11,7.79,44.679893,-124.104705
2020-06-27T19:54:59.000,1.69,14.18,7.8,44.679893,-124.104705
2020-06-27T20:09:59.000,1.66,13.91,7.77,44.679893,-124.104705
2020-06-27T20:24:59.000,1.66,13.95,7.77,44.679893,-124.104705
2020-06-27T20:39:59.000,1.66,13.96,7.76,44.679893,-124.104705
2020-06-27T20:54:59.000,1.67,14.04,7.76,44.679893,-124.104705
2020-06-27T21:09:59.000,1.68,14.12,7.77,44.679893,-124.104705
2020-06-27T21:24:59.000,1.68,14.1,7.77,44.679893,-124.104705
2020-06-27T21:39:59.000,1.67,14.01,7.77,44.679893,-124.104705
2020-06-27T21:54:59.000,1.68,14.07,7.76,44.679893,-124.104705
2020-06-27T22:09:59.000,1.67,14.03,7.75,44.679893,-124.104705
2020-06-27T22:24:59.000,1.72,14.46,7.8,44.679893,-124.104705
2020-06-27T22:39:59.000,1.7,14.26,7.78,44.679893,-124.104705
2020-06-27T22:54:59.000,1.72,14.43,7.8,44.679893,-124.104705
2020-06-27T23:09:59.000,1.73,14.52,7.81,44.679893,-124.104705
2020-06-27T23:24:59.000,1.71,14.4,7.81,44.679893,-124.104705
2020-06-27T23:39:59.000,1.72,14.46,7.83,44.679893,-124.104705
2020-06-27T23:54:59.000,1.74,14.65,7.83,44.679893,-124.104705
2020-06-28T00:09:59.000,1.71,14.4,7.81,44.679893,-124.104705
2020-06-28T00:24:59.000,1.74,14.66,7.83,44.679893,-124.104705
2020-06-28T00:39:59.000,1.75,14.72,7.83,44.679893,-124.104705
2020-06-28T00:54:59.000,1.74,14.63,7.84,44.679893,-124.104705
2020-06-28T01:09:59.000,1.75,14.71,7.84,44.679893,-124.104705
2020-06-28T01:24:59.000,1.74,14.65,7.83,44.679893,-124.104705
2020-06-28T01:39:59.000,1.79,15.04,7.85,44.679893,-124.104705
2020-06-28T01:54:59.000,1.77,14.91,7.87,44.679893,-124.104705
2020-06-28T02:09:59.000,1.76,14.78,7.87,44.679893,-124.104705
2020-06-28T02:24:59.000,1.76,14.8,7.87,44.679893,-124.104705
2020-06-28T02:39:59.000,1.77,14.92,7.88,44.679893,-124.104705
2020-06-28T02:54:59.000,1.75,14.74,7.89,44.679893,-124.104705
2020-06-28T03:09:59.000,1.76,14.82,7.88,44.679893,-124.104705
2020-06-28T03:24:59.000,1.74,14.67,7.88,44.679893,-124.104705
2020-06-28T03:39:59.000,1.75,14.72,7.87,44.679893,-124.104705
2020-06-28T03:54:59.000,1.75,14.72,7.89,44.679893,-124.104705
2020-06-28T04:09:59.000,1.78,15.02,7.89,44.679893,-124.104705
2020-06-28T04:24:59.000,1.76,14.81,7.89,44.679893,-124.104705
2020-06-28T04:39:59.000,1.74,14.64,7.88,44.679893,-124.104705
2020-06-28T04:54:59.000,1.74,14.69,7.87,44.679893,-124.104705
2020-06-28T05:09:59.000,1.75,14.71,7.87,44.679893,-124.104705
2020-06-28T05:24:59.000,1.74,14.68,7.85,44.679893,-124.104705
2020-06-28T05:39:59.000,1.72,14.5,7.85,44.679893,-124.104705
2020-06-28T05:54:59.000,1.71,14.37,7.85,44.679893,-124.104705
2020-06-28T06:09:59.000,1.72,14.47,7.85,44.679893,-124.104705
2020-06-28T06:24:59.000,1.71,14.36,7.83,44.679893,-124.104705
2020-06-28T06:39:59.000,1.71,14.37,7.83,44.679893,-124.104705
2020-06-28T06:54:59.000,1.69,14.25,7.83,44.679893,-124.104705
2020-06-28T07:09:59.000,1.68,14.15,7.83,44.679893,-124.104705
2020-06-28T07:24:59.000,1.7,14.29,7.83,44.679893,-124.104705
2020-06-28T07:39:59.000,1.67,14.08,7.82,44.679893,-124.104705
2020-06-28T07:54:59.000,1.68,14.15,7.82,44.679893,-124.104705
2020-06-28T08:09:59.000,1.67,14.05,7.8,44.679893,-124.104705
2020-06-28T08:24:59.000,1.67,14.02,7.8,44.679893,-124.104705
2020-06-28T08:39:59.000,1.66,13.98,7.8,44.679893,-124.104705
2020-06-28T08:54:59.000,1.66,13.95,7.8,44.679893,-124.104705
2020-06-28T09:09:59.000,1.66,13.99,7.8,44.679893,-124.104705
2020-06-28T09:24:59.000,1.67,14.02,7.8,44.679893,-124.104705
2020-06-28T09:39:59.000,1.65,13.9,7.79,44.679893,-124.104705
2020-06-28T09:54:59.000,1.65,13.89,7.78,44.679893,-124.104705
2020-06-28T10:09:59.000,1.66,13.97,7.8,44.679893,-124.104705
2020-06-28T10:24:59.000,1.66,13.98,7.8,44.679893,-124.104705
2020-06-28T10:39:59.000,1.67,14.04,7.8,44.679893,-124.104705
2020-06-28T10:54:59.000,1.67,14.03,7.8,44.679893,-124.104705
2020-06-28T11:09:59.000,1.68,14.09,7.8,44.679893,-124.104705
2020-06-28T11:24:59.000,1.68,14.09,7.8,44.679893,-124.104705
2020-06-28T11:39:59.000,1.67,14.04,7.81,44.679893,-124.104705
2020-06-28T11:54:59.000,1.65,13.88,7.83,44.679893,-124.104705
2020-06-28T12:09:59.000,1.64,13.81,7.83,44.679893,-124.104705
2020-06-28T12:24:59.000,1.64,13.8,7.83,44.679893,-124.104705
2020-06-28T12:39:59.000,1.64,13.77,7.83,44.679893,-124.104705
2020-06-28T12:54:59.000,1.63,13.67,7.83,44.679893,-124.104705
2020-06-28T13:09:59.000,1.63,13.69,7.83,44.679893,-124.104705
2020-06-28T13:24:59.000,1.62,13.6,7.82,44.679893,-124.104705
2020-06-28T13:39:59.000,1.61,13.5,7.81,44.679893,-124.104705
2020-06-28T13:54:59.000,1.6,13.45,7.81,44.679893,-124.104705
2020-06-28T14:09:59.000,1.59,13.39,7.81,44.679893,-124.104705
2020-06-28T14:24:59.000,1.6,13.43,7.82,44.679893,-124.104705
2020-06-28T14:39:59.000,1.59,13.37,7.82,44.679893,-124.104705
2020-06-28T14:54:59.000,1.58,13.32,7.82,44.679893,-124.104705
2020-06-28T15:09:59.000,1.58,13.29,7.82,44.679893,-124.104705
2020-06-28T15:24:59.000,1.58,13.28,7.82,44.679893,-124.104705
2020-06-28T15:39:59.000,1.58,13.31,7.82,44.679893,-124.104705
2020-06-28T15:54:59.000,1.58,13.26,7.81,44.679893,-124.104705
2020-06-28T16:09:59.000,1.58,13.3,7.81,44.679893,-124.104705
2020-06-28T16:24:59.000,1.58,13.3,7.81,44.679893,-124.104705
2020-06-28T16:39:59.000,1.59,13.35,7.82,44.679893,-124.104705
2020-06-28T16:54:59.000,1.59,13.36,7.82,44.679893,-124.104705
2020-06-28T17:09:59.000,1.62,13.58,7.83,44.679893,-124.104705
2020-06-28T17:24:59.000,1.61,13.51,7.83,44.679893,-124.104705
2020-06-28T17:39:59.000,1.6,13.42,7.83,44.679893,-124.104705
2020-06-28T17:54:59.000,1.61,13.53,7.83,44.679893,-124.104705
2020-06-28T18:09:59.000,1.62,13.6,7.84,44.679893,-124.104705
2020-06-28T18:24:59.000,1.62,13.64,7.85,44.679893,-124.104705
2020-06-28T18:39:59.000,1.61,13.56,7.85,44.679893,-124.104705
2020-06-28T18:54:59.000,1.62,13.64,7.85,44.679893,-124.104705
2020-06-28T19:09:59.000,1.62,13.61,7.85,44.679893,-124.104705
2020-06-28T19:24:59.000,1.67,14.07,7.87,44.679893,-124.104705
2020-06-28T19:39:59.000,1.79,15.08,7.92,44.679893,-124.104705
2020-06-28T19:54:59.000,1.86,15.7,7.95,44.679893,-124.104705
2020-06-28T20:09:59.000,2.01,16.94,7.98,44.679893,-124.104705
2020-06-28T20:24:59.000,2.06,17.37,7.99,44.679893,-124.104705
2020-06-28T20:39:59.000,2.07,17.48,7.99,44.679893,-124.104705
2020-06-28T20:54:59.000,2.12,17.87,8.02,44.679893,-124.104705
2020-06-28T21:09:59.000,2.17,18.37,8.03,44.679893,-124.104705
2020-06-28T21:24:59.000,2.24,18.91,8.04,44.679893,-124.104705
2020-06-28T21:39:59.000,2.32,19.59,8.06,44.679893,-124.104705
2020-06-28T21:54:59.000,2.55,21.63,8.11,44.679893,-124.104705
2020-06-28T22:09:59.000,2.94,24.95,8.21,44.679893,-124.104705
2020-06-28T22:24:59.000,3.32,28.23,8.29,44.679893,-124.104705
2020-06-28T22:39:59.000,3.66,31.27,8.45,44.679893,-124.104705
2020-06-28T22:54:59.000,3.59,30.58,8.42,44.679893,-124.104705
2020-06-28T23:09:59.000,3.13,26.61,8.28,44.679893,-124.104705
2020-06-28T23:24:59.000,3.34,28.44,8.35,44.679893,-124.104705
2020-06-28T23:39:59.000,3.64,31.04,8.42,44.679893,-124.104705
2020-06-28T23:54:59.000,3.75,32.01,8.44,44.679893,-124.104705
2020-06-29T00:09:59.000,3.85,32.87,8.47,44.679893,-124.104705
2020-06-29T00:24:59.000,3.92,33.54,8.53,44.679893,-124.104705
2020-06-29T00:39:59.000,3.97,33.96,8.57,44.679893,-124.104705
2020-06-29T00:54:59.000,4.04,34.68,8.64,44.679893,-124.104705
2020-06-29T01:09:59.000,4.1,35.21,8.66,44.679893,-124.104705
2020-06-29T01:24:59.000,4.02,34.53,8.67,44.679893,-124.104705
2020-06-29T01:39:59.000,3.95,33.92,8.67,44.679893,-124.104705
2020-06-29T01:54:59.000,4.01,34.42,8.71,44.679893,-124.104705
2020-06-29T02:09:59.000,4.1,35.27,8.74,44.679893,-124.104705
2020-06-29T02:24:59.000,4.19,36.03,8.77,44.679893,-124.104705
2020-06-29T02:39:59.000,4.27,36.79,8.8,44.679893,-124.104705
2020-06-29T02:54:59.000,4.38,37.72,8.84,44.679893,-124.104705
2020-06-29T03:09:59.000,4.5,38.84,8.89,44.679893,-124.104705
2020-06-29T03:24:59.000,4.61,39.8,8.92,44.679893,-124.104705
2020-06-29T03:39:59.000,4.71,40.67,8.94,44.679893,-124.104705
2020-06-29T03:54:59.000,4.78,41.28,8.95,44.679893,-124.104705
2020-06-29T04:09:59.000,4.81,41.57,8.97,44.679893,-124.104705
2020-06-29T04:24:59.000,4.84,41.86,8.99,44.679893,-124.104705
2020-06-29T04:39:59.000,3.75,32.14,8.62,44.679893,-124.104705
2020-06-29T04:54:59.000,3.58,30.59,8.52,44.679893,-124.104705
2020-06-29T05:09:59.000,3.61,30.83,8.52,44.679893,-124.104705
2020-06-29T05:24:59.000,3.71,31.75,8.53,44.679893,-124.104705
2020-06-29T05:39:59.000,3.74,32.03,8.54,44.679893,-124.104705
2020-06-29T05:54:59.000,3.7,31.67,8.55,44.679893,-124.104705
2020-06-29T06:09:59.000,3.38,28.9,8.52,44.679893,-124.104705
2020-06-29T06:24:59.000,3.07,26.2,8.45,44.679893,-124.104705
2020-06-29T06:39:59.000,3.04,25.92,8.45,44.679893,-124.104705
2020-06-29T06:54:59.000,3.06,26.11,8.45,44.679893,-124.104705
2020-06-29T07:09:59.000,3.07,26.18,8.45,44.679893,-124.104705
2020-06-29T07:24:59.000,3,25.57,8.43,44.679893,-124.104705
2020-06-29T07:39:59.000,2.88,24.59,8.4,44.679893,-124.104705
2020-06-29T07:54:59.000,2.8,23.88,8.38,44.679893,-124.104705
2020-06-29T08:09:59.000,2.6,22.12,8.31,44.679893,-124.104705
2020-06-29T08:24:59.000,2.52,21.4,8.27,44.679893,-124.104705
2020-06-29T08:39:59.000,2.49,21.15,8.26,44.679893,-124.104705
2020-06-29T08:54:59.000,2.46,20.91,8.24,44.679893,-124.104705
2020-06-29T09:09:59.000,2.43,20.68,8.23,44.679893,-124.104705
2020-06-29T09:24:59.000,2.43,20.64,8.23,44.679893,-124.104705
2020-06-29T09:39:59.000,2.44,20.71,8.23,44.679893,-124.104705
2020-06-29T09:54:59.000,2.44,20.73,8.23,44.679893,-124.104705
2020-06-29T10:09:59.000,2.44,20.68,8.23,44.679893,-124.104705
2020-06-29T10:24:59.000,2.43,20.64,8.23,44.679893,-124.104705
2020-06-29T10:39:59.000,2.42,20.52,8.23,44.679893,-124.104705
2020-06-29T10:54:59.000,2.42,20.54,8.23,44.679893,-124.104705
2020-06-29T11:09:59.000,2.43,20.64,8.23,44.679893,-124.104705
2020-06-29T11:24:59.000,2.46,20.85,8.23,44.679893,-124.104705
2020-06-29T11:39:59.000,2.5,21.22,8.24,44.679893,-124.104705
2020-06-29T11:54:59.000,2.58,21.94,8.27,44.679893,-124.104705
2020-06-29T12:09:59.000,2.66,22.67,8.3,44.679893,-124.104705
2020-06-29T12:24:59.000,2.77,23.6,8.35,44.679893,-124.104705
2020-06-29T12:39:59.000,2.85,24.3,8.38,44.679893,-124.104705
2020-06-29T12:54:59.000,2.96,25.23,8.42,44.679893,-124.104705
2020-06-29T13:09:59.000,3.07,26.24,8.47,44.679893,-124.104705
2020-06-29T13:24:59.000,3.2,27.37,8.51,44.679893,-124.104705
2020-06-29T13:39:59.000,3.23,27.61,8.52,44.679893,-124.104705
2020-06-29T13:54:59.000,3.24,27.68,8.51,44.679893,-124.104705
2020-06-29T14:09:59.000,3.26,27.91,8.52,44.679893,-124.104705
2020-06-29T14:24:59.000,3.29,28.13,8.52,44.679893,-124.104705
2020-06-29T14:39:59.000,3.31,28.26,8.52,44.679893,-124.104705
2020-06-29T14:54:59.000,3.32,28.41,8.52,44.679893,-124.104705
2020-06-29T15:09:59.000,3.35,28.61,8.52,44.679893,-124.104705
2020-06-29T15:24:59.000,3.39,29.03,8.54,44.679893,-124.104705
2020-06-29T15:39:59.000,3.41,29.21,8.57,44.679893,-124.104705
2020-06-29T15:54:59.000,3.58,30.66,8.62,44.679893,-124.104705
2020-06-29T16:09:59.000,3.64,31.24,8.64,44.679893,-124.104705
2020-06-29T16:24:59.000,3.69,31.69,8.66,44.679893,-124.104705
2020-06-29T16:39:59.000,3.62,31.05,8.64,44.679893,-124.104705
2020-06-29T16:54:59.000,3.61,30.95,8.64,44.679893,-124.104705
2020-06-29T17:09:59.000,3.77,32.33,8.69,44.679893,-124.104705
2020-06-29T17:24:59.000,3.87,33.3,8.73,44.679893,-124.104705
2020-06-29T17:39:59.000,3.94,33.9,8.76,44.679893,-124.104705
2020-06-29T17:54:59.000,3.96,34.09,8.76,44.679893,-124.104705
2020-06-29T18:09:59.000,3.98,34.21,8.77,44.679893,-124.104705
2020-06-29T18:24:59.000,3.94,33.86,8.76,44.679893,-124.104705
2020-06-29T18:39:59.000,3.92,33.75,8.76,44.679893,-124.104705
2020-06-29T18:54:59.000,3.92,33.7,8.76,44.679893,-124.104705
2020-06-29T19:09:59.000,3.89,33.49,8.75,44.679893,-124.104705
2020-06-29T19:24:59.000,3.6,30.83,8.61,44.679893,-124.104705
2020-06-29T19:39:59.000,2.99,25.49,8.45,44.679893,-124.104705
2020-06-29T19:54:59.000,2.87,24.47,8.4,44.679893,-124.104705
2020-06-29T20:09:59.000,2.81,23.95,8.38,44.679893,-124.104705
2020-06-29T20:24:59.000,2.8,23.82,8.36,44.679893,-124.104705
2020-06-29T20:39:59.000,2.74,23.36,8.35,44.679893,-124.104705
2020-06-29T20:54:59.000,2.76,23.47,8.35,44.679893,-124.104705
2020-06-29T21:09:59.000,2.76,23.51,8.33,44.679893,-124.104705
2020-06-29T21:24:59.000,2.76,23.49,8.3,44.679893,-124.104705
2020-06-29T21:39:59.000,2.72,23.13,8.27,44.679893,-124.104705
2020-06-29T21:54:59.000,2.7,22.93,8.26,44.679893,-124.104705
2020-06-29T22:09:59.000,2.67,22.7,8.25,44.679893,-124.104705
2020-06-29T22:24:59.000,2.66,22.63,8.25,44.679893,-124.104705
2020-06-29T22:39:59.000,2.66,22.58,8.24,44.679893,-124.104705
2020-06-29T22:54:59.000,2.67,22.67,8.25,44.679893,-124.104705
2020-06-29T23:09:59.000,2.67,22.72,8.26,44.679893,-124.104705
2020-06-29T23:24:59.000,2.68,22.78,8.26,44.679893,-124.104705
2020-06-29T23:39:59.000,2.68,22.81,8.28,44.679893,-124.104705
2020-06-29T23:54:59.000,2.7,22.96,8.28,44.679893,-124.104705
2020-06-30T00:09:59.000,2.7,22.94,8.28,44.679893,-124.104705
2020-06-30T00:24:59.000,2.73,23.24,8.3,44.679893,-124.104705
2020-06-30T00:39:59.000,2.75,23.42,8.31,44.679893,-124.104705
2020-06-30T00:54:59.000,2.75,23.4,8.31,44.679893,-124.104705
2020-06-30T01:09:59.000,2.77,23.55,8.33,44.679893,-124.104705
2020-06-30T01:24:59.000,2.8,23.87,8.33,44.679893,-124.104705
2020-06-30T01:39:59.000,2.85,24.26,8.35,44.679893,-124.104705
2020-06-30T01:54:59.000,2.94,25.01,8.36,44.679893,-124.104705
2020-06-30T02:09:59.000,2.95,25.18,8.38,44.679893,-124.104705
2020-06-30T02:24:59.000,3.05,25.99,8.4,44.679893,-124.104705
2020-06-30T02:39:59.000,3.02,25.75,8.38,44.679893,-124.104705
2020-06-30T02:54:59.000,2.95,25.12,8.36,44.679893,-124.104705
2020-06-30T03:09:59.000,2.88,24.55,8.33,44.679893,-124.104705
2020-06-30T03:24:59.000,2.84,24.12,8.3,44.679893,-124.104705
2020-06-30T03:39:59.000,2.83,24.04,8.29,44.679893,-124.104705
2020-06-30T03:54:59.000,2.86,24.31,8.3,44.679893,-124.104705
2020-06-30T04:09:59.000,2.89,24.56,8.3,44.679893,-124.104705
2020-06-30T04:24:59.000,2.87,24.38,8.3,44.679893,-124.104705
2020-06-30T04:39:59.000,2.87,24.39,8.3,44.679893,-124.104705
2020-06-30T04:54:59.000,2.88,24.52,8.31,44.679893,-124.104705
2020-06-30T05:09:59.000,2.86,24.36,8.31,44.679893,-124.104705
2020-06-30T05:24:59.000,2.84,24.14,8.31,44.679893,-124.104705
2020-06-30T05:39:59.000,2.86,24.32,8.33,44.679893,-124.104705
2020-06-30T05:54:59.000,2.93,24.99,8.35,44.679893,-124.104705
2020-06-30T06:09:59.000,3,25.57,8.38,44.679893,-124.104705
2020-06-30T06:24:59.000,2.92,24.91,8.35,44.679893,-124.104705
2020-06-30T06:39:59.000,2.98,25.37,8.38,44.679893,-124.104705
2020-06-30T06:54:59.000,2.97,25.27,8.38,44.679893,-124.104705
2020-06-30T07:09:59.000,3.06,26.14,8.42,44.679893,-124.104705
2020-06-30T07:24:59.000,2.93,25,8.38,44.679893,-124.104705
2020-06-30T07:39:59.000,2.96,25.23,8.38,44.679893,-124.104705
2020-06-30T07:54:59.000,2.94,25.04,8.38,44.679893,-124.104705
2020-06-30T08:09:59.000,2.94,25.07,8.38,44.679893,-124.104705
2020-06-30T08:24:59.000,2.93,25.01,8.38,44.679893,-124.104705
2020-06-30T08:39:59.000,2.98,25.38,8.4,44.679893,-124.104705
2020-06-30T08:54:59.000,2.93,24.98,8.38,44.679893,-124.104705
2020-06-30T09:09:59.000,2.89,24.66,8.38,44.679893,-124.104705
2020-06-30T09:24:59.000,2.86,24.38,8.38,44.679893,-124.104705
2020-06-30T09:39:59.000,2.84,24.16,8.37,44.679893,-124.104705
2020-06-30T09:54:59.000,2.86,24.35,8.38,44.679893,-124.104705
2020-06-30T10:09:59.000,2.93,25.01,8.41,44.679893,-124.104705
2020-06-30T10:24:59.000,3.06,26.09,8.45,44.679893,-124.104705
2020-06-30T10:39:59.000,3.15,26.89,8.47,44.679893,-124.104705
2020-06-30T10:54:59.000,3.22,27.49,8.5,44.679893,-124.104705
2020-06-30T11:09:59.000,3.25,27.82,8.51,44.679893,-124.104705
2020-06-30T11:24:59.000,3.3,28.2,8.52,44.679893,-124.104705
2020-06-30T11:39:59.000,3.29,28.14,8.52,44.679893,-124.104705
2020-06-30T11:54:59.000,3.28,28.06,8.52,44.679893,-124.104705
2020-06-30T12:09:59.000,3.22,27.54,8.5,44.679893,-124.104705
2020-06-30T12:24:59.000,3.15,26.94,8.47,44.679893,-124.104705
2020-06-30T12:39:59.000,3.17,27.03,8.47,44.679893,-124.104705
2020-06-30T12:54:59.000,3.09,26.35,8.45,44.679893,-124.104705
2020-06-30T13:09:59.000,3.07,26.2,8.45,44.679893,-124.104705
2020-06-30T13:24:59.000,3.06,26.14,8.45,44.679893,-124.104705
2020-06-30T13:39:59.000,3.05,26.04,8.45,44.679893,-124.104705
2020-06-30T13:54:59.000,3.07,26.21,8.45,44.679893,-124.104705
2020-06-30T14:09:59.000,3.09,26.37,8.45,44.679893,-124.104705
2020-06-30T14:24:59.000,3.05,26.06,8.45,44.679893,-124.104705
2020-06-30T14:39:59.000,3.08,26.32,8.46,44.679893,-124.104705
2020-06-30T14:54:59.000,3.18,27.17,8.47,44.679893,-124.104705
2020-06-30T15:09:59.000,3.18,27.16,8.5,44.679893,-124.104705
2020-06-30T15:24:59.000,3.27,27.96,8.51,44.679893,-124.104705
2020-06-30T15:39:59.000,3.25,27.77,8.52,44.679893,-124.104705
2020-06-30T15:54:59.000,3.18,27.17,8.5,44.679893,-124.104705
2020-06-30T16:09:59.000,3.08,26.34,8.47,44.679893,-124.104705
2020-06-30T16:24:59.000,2.88,24.55,8.38,44.679893,-124.104705
2020-06-30T16:39:59.000,2.88,24.59,8.4,44.679893,-124.104705
2020-06-30T16:54:59.000,2.68,22.78,8.28,44.679893,-124.104705
2020-06-30T17:09:59.000,2.65,22.52,8.26,44.679893,-124.104705
2020-06-30T17:24:59.000,2.67,22.69,8.26,44.679893,-124.104705
2020-06-30T17:39:59.000,2.61,22.15,8.23,44.679893,-124.104705
2020-06-30T17:54:59.000,2.61,22.16,8.23,44.679893,-124.104705
2020-06-30T18:09:59.000,2.59,22,8.23,44.679893,-124.104705
2020-06-30T18:24:59.000,2.57,21.82,8.23,44.679893,-124.104705
2020-06-30T18:39:59.000,2.6,22.04,8.23,44.679893,-124.104705
2020-06-30T18:54:59.000,2.58,21.91,8.22,44.679893,-124.104705
2020-06-30T19:09:59.000,2.57,21.82,8.21,44.679893,-124.104705
2020-06-30T19:24:59.000,2.55,21.66,8.21,44.679893,-124.104705
2020-06-30T19:39:59.000,2.54,21.53,8.19,44.679893,-124.104705
2020-06-30T19:54:59.000,2.54,21.54,8.19,44.679893,-124.104705
2020-06-30T20:09:59.000,2.53,21.44,8.19,44.679893,-124.104705
2020-06-30T20:24:59.000,2.5,21.2,8.19,44.679893,-124.104705
2020-06-30T20:39:59.000,2.51,21.25,8.18,44.679893,-124.104705
2020-06-30T20:54:59.000,2.5,21.23,8.18,44.679893,-124.104705
2020-06-30T21:09:59.000,2.5,21.16,8.17,44.679893,-124.104705
2020-06-30T21:24:59.000,2.48,21,8.16,44.679893,-124.104705
2020-06-30T21:39:59.000,2.48,21.06,8.16,44.679893,-124.104705
2020-06-30T21:54:59.000,2.49,21.15,8.18,44.679893,-124.104705
2020-06-30T22:09:59.000,2.49,21.14,8.18,44.679893,-124.104705
2020-06-30T22:24:59.000,2.49,21.13,8.19,44.679893,-124.104705
2020-06-30T22:39:59.000,2.49,21.13,8.19,44.679893,-124.104705
2020-06-30T22:54:59.000,2.5,21.23,8.19,44.679893,-124.104705
2020-06-30T23:09:59.000,2.49,21.12,8.21,44.679893,-124.104705
2020-06-30T23:24:59.000,2.5,21.18,8.21,44.679893,-124.104705
2020-06-30T23:39:59.000,2.54,21.58,8.23,44.679893,-124.104705
2020-06-30T23:54:59.000,2.55,21.63,8.23,44.679893,-124.104705
2020-07-01T00:09:59.000,2.53,21.47,8.23,44.679893,-124.104705
2020-07-01T00:24:59.000,2.5,21.24,8.23,44.679893,-124.104705
2020-07-01T00:39:59.000,2.52,21.44,8.23,44.679893,-124.104705
2020-07-01T00:54:59.000,2.51,21.33,8.23,44.679893,-124.104705
2020-07-01T01:09:59.000,2.5,21.23,8.21,44.679893,-124.104705
2020-07-01T01:24:59.000,2.53,21.5,8.23,44.679893,-124.104705
2020-07-01T01:39:59.000,2.72,23.17,8.3,44.679893,-124.104705
2020-07-01T01:54:59.000,2.44,20.73,8.19,44.679893,-124.104705
2020-07-01T02:09:59.000,2.44,20.69,8.18,44.679893,-124.104705
2020-07-01T02:24:59.000,2.42,20.55,8.19,44.679893,-124.104705
2020-07-01T02:39:59.000,2.4,20.35,8.19,44.679893,-124.104705
2020-07-01T02:54:59.000,2.42,20.5,8.19,44.679893,-124.104705
2020-07-01T03:09:59.000,2.43,20.62,8.19,44.679893,-124.104705
2020-07-01T03:24:59.000,2.43,20.6,8.19,44.679893,-124.104705
2020-07-01T03:39:59.000,2.43,20.59,8.2,44.679893,-124.104705
2020-07-01T03:54:59.000,2.42,20.51,8.19,44.679893,-124.104705
2020-07-01T04:09:59.000,2.43,20.6,8.2,44.679893,-124.104705
2020-07-01T04:24:59.000,2.46,20.86,8.21,44.679893,-124.104705
2020-07-01T04:39:59.000,2.42,20.57,8.21,44.679893,-124.104705
2020-07-01T04:54:59.000,2.4,20.34,8.19,44.679893,-124.104705
2020-07-01T05:09:59.000,2.4,20.32,8.17,44.679893,-124.104705
2020-07-01T05:24:59.000,2.41,20.47,8.18,44.679893,-124.104705
2020-07-01T05:39:59.000,2.42,20.52,8.19,44.679893,-124.104705
2020-07-01T05:54:59.000,2.41,20.48,8.19,44.679893,-124.104705
2020-07-01T06:09:59.000,2.47,20.91,8.19,44.679893,-124.104705
2020-07-01T06:24:59.000,2.41,20.42,8.17,44.679893,-124.104705
2020-07-01T06:39:59.000,2.39,20.25,8.16,44.679893,-124.104705
2020-07-01T06:54:59.000,2.37,20.12,8.16,44.679893,-124.104705
2020-07-01T07:09:59.000,2.42,20.51,8.16,44.679893,-124.104705
2020-07-01T07:24:59.000,2.4,20.33,8.16,44.679893,-124.104705
2020-07-01T07:39:59.000,2.43,20.63,8.16,44.679893,-124.104705
2020-07-01T07:54:59.000,2.42,20.52,8.16,44.679893,-124.104705
2020-07-01T08:09:59.000,2.43,20.58,8.16,44.679893,-124.104705
2020-07-01T08:24:59.000,2.4,20.36,8.16,44.679893,-124.104705
2020-07-01T08:39:59.000,2.4,20.33,8.16,44.679893,-124.104705
2020-07-01T08:54:59.000,2.4,20.37,8.16,44.679893,-124.104705
2020-07-01T09:09:59.000,2.42,20.55,8.16,44.679893,-124.104705
2020-07-01T09:24:59.000,2.4,20.37,8.16,44.679893,-124.104705
2020-07-01T09:39:59.000,2.39,20.29,8.16,44.679893,-124.104705
2020-07-01T09:54:59.000,2.4,20.31,8.15,44.679893,-124.104705
2020-07-01T10:09:59.000,2.4,20.32,8.16,44.679893,-124.104705
2020-07-01T10:24:59.000,2.37,20.1,8.16,44.679893,-124.104705
2020-07-01T10:39:59.000,2.34,19.85,8.14,44.679893,-124.104705
2020-07-01T10:54:59.000,2.32,19.68,8.14,44.679893,-124.104705
2020-07-01T11:09:59.000,2.3,19.49,8.14,44.679893,-124.104705
2020-07-01T11:24:59.000,2.27,19.23,8.14,44.679893,-124.104705
2020-07-01T11:39:59.000,2.26,19.11,8.14,44.679893,-124.104705
2020-07-01T11:54:59.000,2.23,18.92,8.12,44.679893,-124.104705
2020-07-01T12:09:59.000,2.23,18.88,8.12,44.679893,-124.104705
2020-07-01T12:24:59.000,2.2,18.62,8.12,44.679893,-124.104705
2020-07-01T12:39:59.000,2.2,18.63,8.11,44.679893,-124.104705
2020-07-01T12:54:59.000,2.18,18.47,8.11,44.679893,-124.104705
2020-07-01T13:09:59.000,2.2,18.61,8.11,44.679893,-124.104705
2020-07-01T13:24:59.000,2.23,18.88,8.13,44.679893,-124.104705
2020-07-01T13:39:59.000,2.25,19.05,8.14,44.679893,-124.104705
2020-07-01T13:54:59.000,2.28,19.36,8.14,44.679893,-124.104705
2020-07-01T14:09:59.000,2.31,19.56,8.16,44.679893,-124.104705
2020-07-01T14:24:59.000,2.33,19.73,8.16,44.679893,-124.104705
2020-07-01T14:39:59.000,2.36,20.01,8.17,44.679893,-124.104705
2020-07-01T14:54:59.000,2.38,20.18,8.18,44.679893,-124.104705
2020-07-01T15:09:59.000,2.37,20.12,8.18,44.679893,-124.104705
2020-07-01T15:24:59.000,2.37,20.14,8.19,44.679893,-124.104705
2020-07-01T15:39:59.000,2.38,20.16,8.19,44.679893,-124.104705
2020-07-01T15:54:59.000,2.39,20.29,8.19,44.679893,-124.104705
2020-07-01T16:09:59.000,2.39,20.3,8.19,44.679893,-124.104705
2020-07-01T16:24:59.000,2.41,20.43,8.19,44.679893,-124.104705
2020-07-01T16:39:59.000,2.41,20.45,8.2,44.679893,-124.104705
2020-07-01T16:54:59.000,2.41,20.43,8.21,44.679893,-124.104705
2020-07-01T17:09:59.000,2.44,20.7,8.21,44.679893,-124.104705
2020-07-01T17:24:59.000,2.47,20.93,8.23,44.679893,-124.104705
2020-07-01T17:39:59.000,2.5,21.24,8.23,44.679893,-124.104705
2020-07-01T17:54:59.000,2.51,21.28,8.24,44.679893,-124.104705
2020-07-01T18:09:59.000,2.48,21.1,8.23,44.679893,-124.104705
2020-07-01T18:24:59.000,2.48,21.07,8.23,44.679893,-124.104705
2020-07-01T18:39:59.000,2.48,21.1,8.24,44.679893,-124.104705
2020-07-01T18:54:59.000,2.54,21.58,8.27,44.679893,-124.104705
2020-07-01T19:09:59.000,2.47,21.01,8.24,44.679893,-124.104705
2020-07-01T19:24:59.000,2.46,20.88,8.23,44.679893,-124.104705
2020-07-01T19:39:59.000,2.51,21.33,8.23,44.679893,-124.104705
2020-07-01T19:54:59.000,2.44,20.68,8.23,44.679893,-124.104705
2020-07-01T20:09:59.000,2.43,20.64,8.23,44.679893,-124.104705
2020-07-01T20:24:59.000,2.4,20.35,8.21,44.679893,-124.104705
2020-07-01T20:39:59.000,2.37,20.11,8.19,44.679893,-124.104705
2020-07-01T20:54:59.000,2.33,19.78,8.19,44.679893,-124.104705
2020-07-01T21:09:59.000,2.33,19.73,8.18,44.679893,-124.104705
2020-07-01T21:24:59.000,2.31,19.59,8.18,44.679893,-124.104705
2020-07-01T21:39:59.000,2.29,19.42,8.18,44.679893,-124.104705
2020-07-01T21:54:59.000,2.27,19.23,8.16,44.679893,-124.104705
2020-07-01T22:09:59.000,2.26,19.18,8.16,44.679893,-124.104705
2020-07-01T22:24:59.000,2.26,19.17,8.17,44.679893,-124.104705
2020-07-01T22:39:59.000,2.27,19.28,8.19,44.679893,-124.104705
2020-07-01T22:54:59.000,2.28,19.32,8.19,44.679893,-124.104705
2020-07-01T23:09:59.000,2.35,19.93,8.23,44.679893,-124.104705
2020-07-01T23:24:59.000,2.4,20.38,8.25,44.679893,-124.104705
2020-07-01T23:39:59.000,2.48,21.08,8.28,44.679893,-124.104705
2020-07-01T23:54:59.000,2.5,21.3,8.29,44.679893,-124.104705
2020-07-02T00:09:59.000,2.54,21.57,8.31,44.679893,-124.104705
2020-07-02T00:24:59.000,2.54,21.63,8.32,44.679893,-124.104705
2020-07-02T00:39:59.000,2.6,22.11,8.33,44.679893,-124.104705
2020-07-02T00:54:59.000,2.68,22.83,8.35,44.679893,-124.104705
2020-07-02T01:09:59.000,2.72,23.15,8.38,44.679893,-124.104705
2020-07-02T01:24:59.000,2.73,23.26,8.39,44.679893,-124.104705
2020-07-02T01:39:59.000,2.73,23.27,8.38,44.679893,-124.104705
2020-07-02T01:54:59.000,2.78,23.71,8.4,44.679893,-124.104705
2020-07-02T02:09:59.000,2.68,22.87,8.36,44.679893,-124.104705
2020-07-02T02:24:59.000,2.58,21.98,8.33,44.679893,-124.104705
2020-07-02T02:39:59.000,2.56,21.79,8.31,44.679893,-124.104705
2020-07-02T02:54:59.000,2.59,22.01,8.32,44.679893,-124.104705
2020-07-02T03:09:59.000,2.88,24.56,8.41,44.679893,-124.104705
2020-07-02T03:24:59.000,2.68,22.8,8.35,44.679893,-124.104705
2020-07-02T03:39:59.000,2.53,21.52,8.3,44.679893,-124.104705
2020-07-02T03:54:59.000,2.56,21.77,8.3,44.679893,-124.104705
2020-07-02T04:09:59.000,2.62,22.32,8.33,44.679893,-124.104705
2020-07-02T04:24:59.000,2.62,22.3,8.33,44.679893,-124.104705
2020-07-02T04:39:59.000,2.51,21.33,8.29,44.679893,-124.104705
2020-07-02T04:54:59.000,2.73,23.26,8.35,44.679893,-124.104705
2020-07-02T05:09:59.000,2.52,21.4,8.28,44.679893,-124.104705
2020-07-02T05:24:59.000,2.82,24.09,8.4,44.679893,-124.104705
2020-07-02T05:39:59.000,2.93,25,8.44,44.679893,-124.104705
2020-07-02T05:54:59.000,2.93,25,8.45,44.679893,-124.104705
2020-07-02T06:09:59.000,3.13,26.78,8.51,44.679893,-124.104705
2020-07-02T06:24:59.000,3.18,27.22,8.52,44.679893,-124.104705
2020-07-02T06:39:59.000,3.26,27.92,8.57,44.679893,-124.104705
2020-07-02T06:54:59.000,3.43,29.38,8.61,44.679893,-124.104705
2020-07-02T07:09:59.000,3.42,29.32,8.62,44.679893,-124.104705
2020-07-02T07:24:59.000,3.46,29.7,8.63,44.679893,-124.104705
2020-07-02T07:39:59.000,3.5,30.02,8.64,44.679893,-124.104705
2020-07-02T07:54:59.000,3.54,30.34,8.65,44.679893,-124.104705
2020-07-02T08:09:59.000,3.49,29.92,8.64,44.679893,-124.104705
2020-07-02T08:24:59.000,3.48,29.85,8.64,44.679893,-124.104705
2020-07-02T08:39:59.000,3.44,29.48,8.62,44.679893,-124.104705
2020-07-02T08:54:59.000,3.39,29.03,8.6,44.679893,-124.104705
2020-07-02T09:09:59.000,3.35,28.71,8.59,44.679893,-124.104705
2020-07-02T09:24:59.000,3.31,28.34,8.57,44.679893,-124.104705
2020-07-02T09:39:59.000,3.27,27.99,8.57,44.679893,-124.104705
2020-07-02T09:54:59.000,3.26,27.85,8.54,44.679893,-124.104705
2020-07-02T10:09:59.000,3.2,27.35,8.54,44.679893,-124.104705
2020-07-02T10:24:59.000,3.17,27.13,8.52,44.679893,-124.104705
2020-07-02T10:39:59.000,3.12,26.66,8.5,44.679893,-124.104705
2020-07-02T10:54:59.000,3.08,26.32,8.48,44.679893,-124.104705
2020-07-02T11:09:59.000,3.07,26.28,8.49,44.679893,-124.104705
2020-07-02T11:24:59.000,3.06,26.17,8.47,44.679893,-124.104705
2020-07-02T11:39:59.000,3.16,26.99,8.5,44.679893,-124.104705
2020-07-02T11:54:59.000,3.42,29.29,8.59,44.679893,-124.104705
2020-07-02T12:09:59.000,3.35,28.66,8.58,44.679893,-124.104705
2020-07-02T12:24:59.000,3.29,28.13,8.57,44.679893,-124.104705
2020-07-02T12:39:59.000,3.34,28.57,8.58,44.679893,-124.104705
2020-07-02T12:54:59.000,3.29,28.21,8.58,44.679893,-124.104705
2020-07-02T13:09:59.000,3.31,28.33,8.59,44.679893,-124.104705
2020-07-02T13:24:59.000,3.34,28.64,8.59,44.679893,-124.104705
2020-07-02T13:39:59.000,3.34,28.63,8.59,44.679893,-124.104705
2020-07-02T13:54:59.000,3.29,28.17,8.59,44.679893,-124.104705
2020-07-02T14:09:59.000,3.41,29.23,8.61,44.679893,-124.104705
2020-07-02T14:24:59.000,3.29,28.14,8.56,44.679893,-124.104705
2020-07-02T14:39:59.000,3.26,27.88,8.55,44.679893,-124.104705
2020-07-02T14:54:59.000,3.59,30.75,8.64,44.679893,-124.104705
2020-07-02T15:09:59.000,4.02,34.62,8.79,44.679893,-124.104705
2020-07-02T15:24:59.000,3.67,31.54,8.69,44.679893,-124.104705
2020-07-02T15:39:59.000,3.66,31.47,8.69,44.679893,-124.104705
2020-07-02T15:54:59.000,3.66,31.39,8.69,44.679893,-124.104705
2020-07-02T16:09:59.000,3.63,31.2,8.69,44.679893,-124.104705
2020-07-02T16:24:59.000,3.66,31.47,8.69,44.679893,-124.104705
2020-07-02T16:39:59.000,3.65,31.37,8.69,44.679893,-124.104705
2020-07-02T16:54:59.000,3.64,31.28,8.69,44.679893,-124.104705
2020-07-02T17:09:59.000,3.63,31.2,8.69,44.679893,-124.104705
2020-07-02T17:24:59.000,3.67,31.49,8.69,44.679893,-124.104705
2020-07-02T17:39:59.000,3.62,31.02,8.66,44.679893,-124.104705
2020-07-02T17:54:59.000,3.5,30.05,8.64,44.679893,-124.104705
2020-07-02T18:09:59.000,3.36,28.77,8.6,44.679893,-124.104705
2020-07-02T18:24:59.000,3.25,27.78,8.56,44.679893,-124.104705
2020-07-02T18:39:59.000,3.19,27.3,8.52,44.679893,-124.104705
2020-07-02T18:54:59.000,3.2,27.35,8.53,44.679893,-124.104705
2020-07-02T19:09:59.000,3.17,27.1,8.52,44.679893,-124.104705
2020-07-02T19:24:59.000,3.15,26.97,8.52,44.679893,-124.104705
2020-07-02T19:39:59.000,3.16,27.04,8.52,44.679893,-124.104705
2020-07-02T19:54:59.000,3.14,26.88,8.52,44.679893,-124.104705
2020-07-02T20:09:59.000,3.12,26.72,8.52,44.679893,-124.104705
2020-07-02T20:24:59.000,3.12,26.71,8.52,44.679893,-124.104705
2020-07-02T20:39:59.000,3.11,26.56,8.52,44.679893,-124.104705
2020-07-02T20:54:59.000,3.08,26.32,8.51,44.679893,-124.104705
2020-07-02T21:09:59.000,3.08,26.31,8.51,44.679893,-124.104705
2020-07-02T21:24:59.000,3.1,26.49,8.52,44.679893,-124.104705
2020-07-02T21:39:59.000,3.12,26.66,8.52,44.679893,-124.104705
2020-07-02T21:54:59.000,3.14,26.87,8.53,44.679893,-124.104705
2020-07-02T22:09:59.000,3.17,27.09,8.54,44.679893,-124.104705
2020-07-02T22:24:59.000,3.19,27.32,8.55,44.679893,-124.104705
2020-07-02T22:39:59.000,3.2,27.39,8.56,44.679893,-124.104705
2020-07-02T22:54:59.000,3.21,27.45,8.57,44.679893,-124.104705
2020-07-02T23:09:59.000,3.29,28.16,8.59,44.679893,-124.104705
2020-07-02T23:24:59.000,3.4,29.19,8.64,44.679893,-124.104705
2020-07-02T23:39:59.000,3.52,30.17,8.67,44.679893,-124.104705
2020-07-02T23:54:59.000,3.71,31.89,8.72,44.679893,-124.104705
2020-07-03T00:09:59.000,3.93,33.83,8.8,44.679893,-124.104705
2020-07-03T00:24:59.000,4.2,36.25,8.88,44.679893,-124.104705
2020-07-03T00:39:59.000,4.32,37.27,8.91,44.679893,-124.104705
2020-07-03T00:54:59.000,4.49,38.8,8.97,44.679893,-124.104705
2020-07-03T01:09:59.000,4.54,39.26,9,44.679893,-124.104705
2020-07-03T01:24:59.000,4.61,39.85,9,44.679893,-124.104705
2020-07-03T01:39:59.000,4.76,41.2,9.04,44.679893,-124.104705
2020-07-03T01:54:59.000,4.94,42.89,9.11,44.679893,-124.104705
2020-07-03T02:09:59.000,5.18,45.01,9.18,44.679893,-124.104705
2020-07-03T02:24:59.000,5.07,44.04,9.15,44.679893,-124.104705
2020-07-03T02:39:59.000,4.67,40.43,9.02,44.679893,-124.104705
2020-07-03T02:54:59.000,4.26,36.79,8.92,44.679893,-124.104705
2020-07-03T03:09:59.000,3.6,30.91,8.73,44.679893,-124.104705
2020-07-03T03:24:59.000,3.26,27.91,8.61,44.679893,-124.104705
2020-07-03T03:39:59.000,3.23,27.66,8.61,44.679893,-124.104705
2020-07-03T03:54:59.000,3.19,27.34,8.59,44.679893,-124.104705
2020-07-03T04:09:59.000,3.27,28.05,8.62,44.679893,-124.104705
2020-07-03T04:24:59.000,3.36,28.81,8.66,44.679893,-124.104705
2020-07-03T04:39:59.000,3.52,30.21,8.7,44.679893,-124.104705
2020-07-03T04:54:59.000,3.65,31.39,8.74,44.679893,-124.104705
2020-07-03T05:09:59.000,3.81,32.8,8.78,44.679893,-124.104705
2020-07-03T05:24:59.000,4.19,36.18,8.91,44.679893,-124.104705
2020-07-03T05:39:59.000,4.32,37.33,8.92,44.679893,-124.104705
2020-07-03T05:54:59.000,4.33,37.4,8.93,44.679893,-124.104705
2020-07-03T06:09:59.000,4.42,38.18,8.95,44.679893,-124.104705
2020-07-03T06:24:59.000,4.28,36.91,8.91,44.679893,-124.104705
2020-07-03T06:39:59.000,4.03,34.7,8.83,44.679893,-124.104705
2020-07-03T06:54:59.000,3.76,32.33,8.74,44.679893,-124.104705
2020-07-03T07:09:59.000,3.66,31.48,8.71,44.679893,-124.104705
2020-07-03T07:24:59.000,3.43,29.41,8.64,44.679893,-124.104705
2020-07-03T07:39:59.000,3.4,29.15,8.64,44.679893,-124.104705
2020-07-03T07:54:59.000,3.38,28.97,8.62,44.679893,-124.104705
2020-07-03T08:09:59.000,3.38,29.01,8.62,44.679893,-124.104705
2020-07-03T08:24:59.000,3.36,28.82,8.61,44.679893,-124.104705
2020-07-03T08:39:59.000,3.33,28.55,8.59,44.679893,-124.104705
2020-07-03T08:54:59.000,3.26,27.94,8.56,44.679893,-124.104705
2020-07-03T09:09:59.000,3.22,27.55,8.53,44.679893,-124.104705
2020-07-03T09:24:59.000,3.22,27.52,8.54,44.679893,-124.104705
2020-07-03T09:39:59.000,3.24,27.73,8.54,44.679893,-124.104705
2020-07-03T09:54:59.000,3.14,26.86,8.52,44.679893,-124.104705
2020-07-03T10:09:59.000,3.08,26.34,8.5,44.679893,-124.104705
2020-07-03T10:24:59.000,3.08,26.31,8.5,44.679893,-124.104705
2020-07-03T10:39:59.000,3.08,26.35,8.5,44.679893,-124.104705
2020-07-03T10:54:59.000,3.03,25.93,8.5,44.679893,-124.104705
2020-07-03T11:09:59.000,3.05,26.05,8.5,44.679893,-124.104705
2020-07-03T11:24:59.000,2.99,25.57,8.49,44.679893,-124.104705
2020-07-03T11:39:59.000,2.97,25.37,8.47,44.679893,-124.104705
2020-07-03T11:54:59.000,2.92,24.9,8.46,44.679893,-124.104705
2020-07-03T12:09:59.000,2.88,24.56,8.45,44.679893,-124.104705
2020-07-03T12:24:59.000,2.89,24.65,8.45,44.679893,-124.104705
2020-07-03T12:39:59.000,2.99,25.58,8.47,44.679893,-124.104705
2020-07-03T12:54:59.000,3.08,26.3,8.5,44.679893,-124.104705
2020-07-03T13:09:59.000,3.22,27.54,8.54,44.679893,-124.104705
2020-07-03T13:24:59.000,3.36,28.82,8.59,44.679893,-124.104705
2020-07-03T13:39:59.000,3.46,29.71,8.64,44.679893,-124.104705
2020-07-03T13:54:59.000,3.36,28.8,8.63,44.679893,-124.104705
2020-07-03T14:09:59.000,3.46,29.65,8.65,44.679893,-124.104705
2020-07-03T14:24:59.000,3.5,30.01,8.66,44.679893,-124.104705
2020-07-03T14:39:59.000,3.53,30.34,8.69,44.679893,-124.104705
2020-07-03T14:54:59.000,3.64,31.3,8.7,44.679893,-124.104705
2020-07-03T15:09:59.000,3.57,30.68,8.71,44.679893,-124.104705
2020-07-03T15:24:59.000,3.55,30.5,8.7,44.679893,-124.104705
2020-07-03T15:39:59.000,3.53,30.32,8.7,44.679893,-124.104705
2020-07-03T15:54:59.000,3.59,30.86,8.71,44.679893,-124.104705
2020-07-03T16:09:59.000,3.3,28.27,8.62,44.679893,-124.104705
2020-07-03T16:24:59.000,3.12,26.73,8.54,44.679893,-124.104705
2020-07-03T16:39:59.000,3.12,26.69,8.54,44.679893,-124.104705
2020-07-03T16:54:59.000,3.15,27,8.55,44.679893,-124.104705
2020-07-03T17:09:59.000,3.15,27,8.57,44.679893,-124.104705
2020-07-03T17:24:59.000,3.27,27.99,8.59,44.679893,-124.104705
2020-07-03T17:39:59.000,3.26,27.97,8.61,44.679893,-124.104705
2020-07-03T17:54:59.000,3.26,27.97,8.61,44.679893,-124.104705
2020-07-03T18:09:59.000,3.24,27.79,8.59,44.679893,-124.104705
