Time (UTC),DO (ml/L),Dissolved Oxygen (%),Temperature (C),Latitude,Longitude
2020-05-20T20:30:11.000,9.67,91.24,12.72,45.911933,-123.982843
2020-05-20T20:45:11.000,9.68,91.3,12.72,45.911933,-123.982843
2020-05-20T21:00:11.000,9.68,91.26,12.72,45.911933,-123.982843
2020-05-20T21:15:11.000,9.69,91.37,12.72,45.911933,-123.982843
2020-05-20T21:30:11.000,9.69,91.46,12.74,45.911933,-123.982843
2020-05-20T21:45:11.000,9.74,91.99,12.76,45.911933,-123.982843
2020-05-20T22:00:11.000,9.84,92.92,12.79,45.911933,-123.982843
2020-05-20T22:15:11.000,9.85,93.09,12.79,45.911933,-123.982843
2020-05-20T22:30:11.000,9.84,92.96,12.79,45.911933,-123.982843
2020-05-20T22:45:11.000,9.79,92.31,12.71,45.911933,-123.982843
2020-05-20T23:00:11.000,9.63,90.47,12.56,45.911933,-123.982843
2020-05-20T23:15:11.000,9.66,90.84,12.58,45.911933,-123.982843
2020-05-20T23:30:11.000,9.7,91.29,12.6,45.911933,-123.982843
2020-05-20T23:45:11.000,9.75,91.88,12.66,45.911933,-123.982843
2020-05-21T00:00:11.000,9.74,91.71,12.65,45.911933,-123.982843
2020-05-21T00:15:11.000,9.79,92.32,12.72,45.911933,-123.982843
2020-05-21T00:30:11.000,9.75,91.97,12.72,45.911933,-123.982843
2020-05-21T00:45:11.000,9.77,92.22,12.74,45.911933,-123.982843
2020-05-21T01:00:11.000,9.81,92.61,12.78,45.911933,-123.982843
2020-05-21T01:15:11.000,9.78,92.41,12.79,45.911933,-123.982843
2020-05-21T01:30:11.000,9.82,92.83,12.83,45.911933,-123.982843
2020-05-21T01:45:11.000,9.77,92.38,12.83,45.911933,-123.982843
2020-05-21T02:00:11.000,9.84,93.14,12.9,45.911933,-123.982843
2020-05-21T02:15:11.000,9.92,94.13,12.99,45.911933,-123.982843
2020-05-21T02:30:11.000,9.87,93.71,13,45.911933,-123.982843
2020-05-21T02:45:11.000,9.94,94.48,13.06,45.911933,-123.982843
2020-05-21T03:00:11.000,9.93,94.35,13.06,45.911933,-123.982843
2020-05-21T03:15:11.000,9.84,93.51,13.04,45.911933,-123.982843
2020-05-21T03:30:11.000,9.88,93.99,13.08,45.911933,-123.982843
2020-05-21T03:45:11.000,9.78,92.87,13.03,45.911933,-123.982843
2020-05-21T04:00:11.000,9.62,91.31,13.01,45.911933,-123.982843
2020-05-21T04:15:11.000,9.66,91.74,13.04,45.911933,-123.982843
2020-05-21T04:30:11.000,9.69,92.13,13.08,45.911933,-123.982843
2020-05-21T04:45:11.000,9.9,94.34,13.18,45.911933,-123.982843
2020-05-21T05:00:11.000,9.97,95.11,13.22,45.911933,-123.982843
2020-05-21T05:15:11.000,10.14,96.92,13.3,45.911933,-123.982843
2020-05-21T05:30:11.000,10.18,97.38,13.33,45.911933,-123.982843
2020-05-21T05:45:11.000,10.18,97.31,13.34,45.911933,-123.982843
2020-05-21T06:00:11.000,10.03,95.22,13.02,45.911933,-123.982843
2020-05-21T06:15:11.000,9.81,92.67,12.81,45.911933,-123.982843
2020-05-21T06:30:11.000,9.82,92.77,12.81,45.911933,-123.982843
2020-05-21T06:45:11.000,9.83,92.86,12.81,45.911933,-123.982843
2020-05-21T07:00:11.000,9.8,92.64,12.81,45.911933,-123.982843
2020-05-21T07:15:11.000,9.81,92.75,12.82,45.911933,-123.982843
2020-05-21T07:30:11.000,9.83,92.96,12.83,45.911933,-123.982843
2020-05-21T07:45:11.000,9.82,92.89,12.83,45.911933,-123.982843
2020-05-21T08:00:11.000,9.83,92.9,12.83,45.911933,-123.982843
2020-05-21T08:15:11.000,9.83,92.91,12.81,45.911933,-123.982843
2020-05-21T08:30:11.000,9.81,92.71,12.81,45.911933,-123.982843
2020-05-21T08:45:11.000,9.8,92.6,12.81,45.911933,-123.982843
2020-05-21T09:00:11.000,9.8,92.65,12.81,45.911933,-123.982843
2020-05-21T09:15:11.000,9.8,92.61,12.81,45.911933,-123.982843
2020-05-21T09:30:11.000,9.76,92.26,12.81,45.911933,-123.982843
2020-05-21T09:45:11.000,9.76,92.31,12.82,45.911933,-123.982843
2020-05-21T10:00:11.000,9.65,90.95,12.7,45.911933,-123.982843
2020-05-21T10:15:11.000,9.6,90.36,12.62,45.911933,-123.982843
2020-05-21T10:30:11.000,9.59,90.11,12.56,45.911933,-123.982843
2020-05-21T10:45:11.000,9.58,90,12.55,45.911933,-123.982843
2020-05-21T11:00:11.000,9.59,90.1,12.56,45.911933,-123.982843
2020-05-21T11:15:11.000,9.59,90.14,12.59,45.911933,-123.982843
2020-05-21T11:30:11.000,9.6,90.33,12.6,45.911933,-123.982843
2020-05-21T11:45:11.000,9.63,90.61,12.63,45.911933,-123.982843
2020-05-21T12:00:11.000,9.6,90.38,12.65,45.911933,-123.982843
2020-05-21T12:15:11.000,9.62,90.56,12.65,45.911933,-123.982843
2020-05-21T12:30:11.000,9.61,90.54,12.67,45.911933,-123.982843
2020-05-21T12:45:11.000,9.63,90.78,12.7,45.911933,-123.982843
2020-05-21T13:00:11.000,9.61,90.57,12.7,45.911933,-123.982843
2020-05-21T13:15:11.000,9.57,90.3,12.72,45.911933,-123.982843
2020-05-21T13:30:11.000,9.61,90.68,12.74,45.911933,-123.982843
2020-05-21T13:45:11.000,9.59,90.48,12.76,45.911933,-123.982843
2020-05-21T14:00:11.000,9.61,90.78,12.79,45.911933,-123.982843
2020-05-21T14:15:11.000,9.64,91.08,12.81,45.911933,-123.982843
2020-05-21T14:30:11.000,9.62,90.87,12.81,45.911933,-123.982843
2020-05-21T14:45:11.000,9.59,90.6,12.8,45.911933,-123.982843
2020-05-21T15:00:11.000,9.55,90.18,12.79,45.911933,-123.982843
2020-05-21T15:15:11.000,9.57,90.44,12.81,45.911933,-123.982843
2020-05-21T15:30:11.000,9.58,90.54,12.81,45.911933,-123.982843
2020-05-21T15:45:11.000,9.58,90.56,12.81,45.911933,-123.982843
2020-05-21T16:00:11.000,9.56,90.37,12.82,45.911933,-123.982843
2020-05-21T16:15:11.000,9.59,90.68,12.83,45.911933,-123.982843
2020-05-21T16:30:11.000,9.66,91.25,12.81,45.911933,-123.982843
2020-05-21T16:45:11.000,9.65,91.15,12.81,45.911933,-123.982843
2020-05-21T17:00:11.000,9.67,91.37,12.81,45.911933,-123.982843
2020-05-21T17:15:11.000,9.65,91.22,12.81,45.911933,-123.982843
2020-05-21T17:30:11.000,9.65,91.11,12.76,45.911933,-123.982843
2020-05-21T17:45:11.000,9.65,91.05,12.74,45.911933,-123.982843
2020-05-21T18:00:11.000,9.66,91.18,12.74,45.911933,-123.982843
2020-05-21T18:15:11.000,9.67,91.28,12.74,45.911933,-123.982843
2020-05-21T18:30:11.000,9.66,91.15,12.74,45.911933,-123.982843
2020-05-21T18:45:11.000,9.66,91.13,12.72,45.911933,-123.982843
2020-05-21T19:00:11.000,9.65,91.03,12.72,45.911933,-123.982843
2020-05-21T19:15:11.000,9.68,91.28,12.73,45.911933,-123.982843
2020-05-21T19:30:11.000,9.69,91.43,12.74,45.911933,-123.982843
2020-05-21T19:45:11.000,9.7,91.59,12.75,45.911933,-123.982843
2020-05-21T20:00:11.000,9.51,88.95,12.37,45.911933,-123.982843
2020-05-21T20:15:11.000,9.47,88.43,12.26,45.911933,-123.982843
2020-05-21T20:30:11.000,9.48,88.48,12.24,45.911933,-123.982843
2020-05-21T20:45:11.000,9.47,88.42,12.26,45.911933,-123.982843
2020-05-21T21:00:11.000,9.46,88.36,12.27,45.911933,-123.982843
2020-05-21T21:15:11.000,9.49,88.63,12.29,45.911933,-123.982843
2020-05-21T21:30:11.000,9.46,88.4,12.32,45.911933,-123.982843
2020-05-21T21:45:11.000,9.49,88.74,12.35,45.911933,-123.982843
2020-05-21T22:00:11.000,9.46,88.46,12.35,45.911933,-123.982843
2020-05-21T22:15:11.000,9.47,88.57,12.35,45.911933,-123.982843
2020-05-21T22:30:11.000,9.45,88.39,12.35,45.911933,-123.982843
2020-05-21T22:45:11.000,9.44,88.36,12.38,45.911933,-123.982843
2020-05-21T23:00:11.000,9.44,88.42,12.4,45.911933,-123.982843
2020-05-21T23:15:11.000,9.47,88.72,12.44,45.911933,-123.982843
2020-05-21T23:30:11.000,9.46,88.63,12.44,45.911933,-123.982843
2020-05-21T23:45:11.000,9.48,88.88,12.48,45.911933,-123.982843
2020-05-22T00:00:11.000,9.52,89.36,12.51,45.911933,-123.982843
2020-05-22T00:15:11.000,9.48,88.97,12.49,45.911933,-123.982843
2020-05-22T00:30:11.000,9.45,88.59,12.47,45.911933,-123.982843
2020-05-22T00:45:11.000,9.47,88.8,12.48,45.911933,-123.982843
2020-05-22T01:00:11.000,9.48,88.98,12.51,45.911933,-123.982843
2020-05-22T01:15:11.000,9.5,89.14,12.51,45.911933,-123.982843
2020-05-22T01:30:11.000,9.53,89.48,12.54,45.911933,-123.982843
2020-05-22T01:45:11.000,9.52,89.5,12.56,45.911933,-123.982843
2020-05-22T02:00:11.000,9.52,89.44,12.57,45.911933,-123.982843
2020-05-22T02:15:11.000,9.53,89.59,12.56,45.911933,-123.982843
2020-05-22T02:30:11.000,9.47,89.03,12.56,45.911933,-123.982843
2020-05-22T02:45:11.000,9.55,89.75,12.58,45.911933,-123.982843
2020-05-22T03:00:11.000,9.61,90.38,12.62,45.911933,-123.982843
2020-05-22T03:15:11.000,9.63,90.61,12.62,45.911933,-123.982843
2020-05-22T03:30:11.000,9.66,90.89,12.63,45.911933,-123.982843
2020-05-22T03:45:11.000,9.67,91.06,12.64,45.911933,-123.982843
2020-05-22T04:00:11.000,9.67,91.02,12.65,45.911933,-123.982843
2020-05-22T04:15:11.000,9.75,91.91,12.7,45.911933,-123.982843
2020-05-22T04:30:11.000,9.63,90.85,12.72,45.911933,-123.982843
2020-05-22T04:45:11.000,9.87,93.09,12.74,45.911933,-123.982843
2020-05-22T05:00:11.000,9.81,92.53,12.72,45.911933,-123.982843
2020-05-22T05:15:11.000,9.69,91.31,12.67,45.911933,-123.982843
2020-05-22T05:30:11.000,9.66,90.92,12.65,45.911933,-123.982843
2020-05-22T05:45:11.000,9.66,91.01,12.66,45.911933,-123.982843
2020-05-22T06:00:11.000,9.65,90.88,12.67,45.911933,-123.982843
2020-05-22T06:15:11.000,9.6,90.52,12.69,45.911933,-123.982843
2020-05-22T06:30:11.000,9.49,89.49,12.7,45.911933,-123.982843
2020-05-22T06:45:11.000,9.09,85.67,12.69,45.911933,-123.982843
2020-05-22T07:00:11.000,8.37,78.88,12.67,45.911933,-123.982843
2020-05-22T07:15:11.000,9.61,90.46,12.65,45.911933,-123.982843
2020-05-22T07:30:11.000,9.68,91.11,12.63,45.911933,-123.982843
2020-05-22T07:45:11.000,9.71,91.34,12.62,45.911933,-123.982843
2020-05-22T08:00:11.000,9.67,90.89,12.58,45.911933,-123.982843
2020-05-22T08:15:11.000,9.68,90.98,12.56,45.911933,-123.982843
2020-05-22T08:30:11.000,9.67,90.83,12.56,45.911933,-123.982843
2020-05-22T08:45:11.000,9.59,90.12,12.55,45.911933,-123.982843
2020-05-22T09:00:11.000,9.69,90.99,12.55,45.911933,-123.982843
2020-05-22T09:15:11.000,9.52,89.47,12.55,45.911933,-123.982843
2020-05-22T09:30:11.000,8.45,79.42,12.55,45.911933,-123.982843
2020-05-22T09:45:11.000,9.4,88.32,12.56,45.911933,-123.982843
2020-05-22T10:00:11.000,9.52,89.39,12.51,45.911933,-123.982843
2020-05-22T10:15:11.000,9.56,89.44,12.36,45.911933,-123.982843
2020-05-22T10:30:11.000,9.34,87.28,12.31,45.911933,-123.982843
2020-05-22T10:45:11.000,9.33,87.22,12.33,45.911933,-123.982843
2020-05-22T11:00:11.000,9.09,84.97,12.31,45.911933,-123.982843
2020-05-22T11:15:11.000,9.51,88.87,12.31,45.911933,-123.982843
2020-05-22T11:30:11.000,9.45,88.32,12.31,45.911933,-123.982843
2020-05-22T11:45:11.000,9.52,88.86,12.26,45.911933,-123.982843
2020-05-22T12:00:11.000,9.45,88.22,12.26,45.911933,-123.982843
2020-05-22T12:15:11.000,9.55,89.13,12.28,45.911933,-123.982843
2020-05-22T12:30:11.000,9.54,89.12,12.28,45.911933,-123.982843
2020-05-22T12:45:11.000,9.53,88.98,12.28,45.911933,-123.982843
2020-05-22T13:00:11.000,9.55,89.27,12.31,45.911933,-123.982843
2020-05-22T13:15:11.000,9.46,88.32,12.28,45.911933,-123.982843
2020-05-22T13:30:11.000,9.45,88.26,12.28,45.911933,-123.982843
2020-05-22T13:45:11.000,9.43,88.07,12.29,45.911933,-123.982843
2020-05-22T14:00:11.000,9.43,88.08,12.31,45.911933,-123.982843
2020-05-22T14:15:11.000,9.36,87.45,12.3,45.911933,-123.982843
2020-05-22T14:30:11.000,7.64,71.34,12.31,45.911933,-123.982843
2020-05-22T14:45:11.000,7.73,72.22,12.33,45.911933,-123.982843
2020-05-22T15:00:11.000,6.75,63.09,12.33,45.911933,-123.982843
2020-05-22T15:15:11.000,8.64,80.81,12.34,45.911933,-123.982843
2020-05-22T15:30:11.000,8.52,79.68,12.37,45.911933,-123.982843
2020-05-22T15:45:11.000,9.49,88.91,12.41,45.911933,-123.982843
2020-05-22T16:00:11.000,9.54,89.48,12.46,45.911933,-123.982843
2020-05-22T16:15:11.000,9.83,92.49,12.62,45.911933,-123.982843
2020-05-22T16:30:11.000,9.84,92.65,12.64,45.911933,-123.982843
2020-05-22T16:45:11.000,9.89,93.14,12.67,45.911933,-123.982843
2020-05-22T17:00:11.000,9.91,93.51,12.72,45.911933,-123.982843
2020-05-22T17:15:11.000,9.95,93.88,12.74,45.911933,-123.982843
2020-05-22T17:30:11.000,9.92,93.65,12.74,45.911933,-123.982843
2020-05-22T17:45:11.000,9.94,93.81,12.77,45.911933,-123.982843
2020-05-22T18:00:11.000,9.94,93.92,12.79,45.911933,-123.982843
2020-05-22T18:15:11.000,9.79,92.17,12.63,45.911933,-123.982843
2020-05-22T18:30:11.000,9.74,91.54,12.56,45.911933,-123.982843
2020-05-22T18:45:11.000,9.73,91.39,12.54,45.911933,-123.982843
2020-05-22T19:00:11.000,9.62,90.03,12.39,45.911933,-123.982843
2020-05-22T19:15:11.000,9.61,89.89,12.37,45.911933,-123.982843
2020-05-22T19:30:11.000,9.67,90.43,12.35,45.911933,-123.982843
2020-05-22T19:45:11.000,9.67,90.46,12.37,45.911933,-123.982843
2020-05-22T20:00:11.000,9.68,90.62,12.39,45.911933,-123.982843
2020-05-22T20:15:11.000,9.66,90.44,12.39,45.911933,-123.982843
2020-05-22T20:30:11.000,9.62,90.03,12.37,45.911933,-123.982843
2020-05-22T20:45:11.000,9.61,89.86,12.33,45.911933,-123.982843
2020-05-22T21:00:11.000,9.6,89.13,12.03,45.911933,-123.982843
2020-05-22T21:15:11.000,9.6,89.13,12.02,45.911933,-123.982843
2020-05-22T21:30:11.000,9.62,89.48,12.1,45.911933,-123.982843
2020-05-22T21:45:11.000,9.57,88.85,12.03,45.911933,-123.982843
2020-05-22T22:00:11.000,9.56,88.78,12.04,45.911933,-123.982843
2020-05-22T22:15:11.000,9.55,88.76,12.07,45.911933,-123.982843
2020-05-22T22:30:11.000,9.54,88.64,12.08,45.911933,-123.982843
2020-05-22T22:45:11.000,9.57,89.06,12.12,45.911933,-123.982843
2020-05-22T23:00:11.000,9.59,89.21,12.13,45.911933,-123.982843
2020-05-22T23:15:11.000,9.64,89.86,12.19,45.911933,-123.982843
2020-05-22T23:30:11.000,9.6,89.4,12.17,45.911933,-123.982843
2020-05-22T23:45:11.000,9.55,88.89,12.12,45.911933,-123.982843
2020-05-23T00:00:11.000,9.6,89.37,12.15,45.911933,-123.982843
2020-05-23T00:15:11.000,9.56,88.93,12.13,45.911933,-123.982843
2020-05-23T00:30:11.000,9.62,89.69,12.19,45.911933,-123.982843
2020-05-23T00:45:11.000,9.58,89.19,12.15,45.911933,-123.982843
2020-05-23T01:00:11.000,9.65,89.94,12.2,45.911933,-123.982843
2020-05-23T01:15:11.000,9.66,90.06,12.21,45.911933,-123.982843
2020-05-23T01:30:11.000,9.64,89.84,12.19,45.911933,-123.982843
2020-05-23T01:45:11.000,9.67,90.23,12.24,45.911933,-123.982843
2020-05-23T02:00:11.000,9.67,90.22,12.24,45.911933,-123.982843
2020-05-23T02:15:11.000,9.64,89.94,12.24,45.911933,-123.982843
2020-05-23T02:30:11.000,9.76,91.14,12.3,45.911933,-123.982843
2020-05-23T02:45:11.000,9.75,91.07,12.31,45.911933,-123.982843
2020-05-23T03:00:11.000,9.76,91.2,12.31,45.911933,-123.982843
2020-05-23T03:15:11.000,9.79,91.51,12.33,45.911933,-123.982843
2020-05-23T03:30:11.000,9.83,91.98,12.35,45.911933,-123.982843
2020-05-23T03:45:11.000,9.79,91.55,12.33,45.911933,-123.982843
2020-05-23T04:00:11.000,9.78,91.42,12.33,45.911933,-123.982843
2020-05-23T04:15:11.000,9.74,91.06,12.33,45.911933,-123.982843
2020-05-23T04:30:11.000,9.75,91.15,12.35,45.911933,-123.982843
2020-05-23T04:45:11.000,9.76,91.3,12.35,45.911933,-123.982843
2020-05-23T05:00:11.000,9.73,91,12.35,45.911933,-123.982843
2020-05-23T05:15:11.000,9.7,90.67,12.34,45.911933,-123.982843
2020-05-23T05:30:11.000,9.77,91.43,12.37,45.911933,-123.982843
2020-05-23T05:45:11.000,9.82,91.93,12.41,45.911933,-123.982843
2020-05-23T06:00:11.000,9.8,91.78,12.4,45.911933,-123.982843
2020-05-23T06:15:11.000,9.81,91.9,12.42,45.911933,-123.982843
2020-05-23T06:30:11.000,9.75,91.26,12.39,45.911933,-123.982843
2020-05-23T06:45:11.000,9.77,91.51,12.4,45.911933,-123.982843
2020-05-23T07:00:11.000,9.72,90.96,12.37,45.911933,-123.982843
2020-05-23T07:15:11.000,9.77,91.47,12.39,45.911933,-123.982843
2020-05-23T07:30:11.000,9.63,89.7,12.17,45.911933,-123.982843
2020-05-23T07:45:11.000,9.61,89.38,12.12,45.911933,-123.982843
2020-05-23T08:00:11.000,9.62,89.55,12.16,45.911933,-123.982843
2020-05-23T08:15:11.000,9.62,89.68,12.19,45.911933,-123.982843
2020-05-23T08:30:11.000,9.63,89.73,12.19,45.911933,-123.982843
2020-05-23T08:45:11.000,9.63,89.75,12.19,45.911933,-123.982843
2020-05-23T09:00:11.000,9.62,89.71,12.21,45.911933,-123.982843
2020-05-23T09:15:11.000,9.61,89.59,12.21,45.911933,-123.982843
2020-05-23T09:30:11.000,9.62,89.67,12.21,45.911933,-123.982843
2020-05-23T09:45:11.000,9.59,89.38,12.22,45.911933,-123.982843
2020-05-23T10:00:11.000,9.59,89.46,12.23,45.911933,-123.982843
2020-05-23T10:15:11.000,9.6,89.55,12.23,45.911933,-123.982843
2020-05-23T10:30:11.000,9.62,89.71,12.24,45.911933,-123.982843
2020-05-23T10:45:11.000,9.55,89.06,12.22,45.911933,-123.982843
2020-05-23T11:00:11.000,9.53,88.93,12.24,45.911933,-123.982843
2020-05-23T11:15:11.000,9.55,89.09,12.24,45.911933,-123.982843
2020-05-23T11:30:11.000,9.55,89.11,12.24,45.911933,-123.982843
2020-05-23T11:45:11.000,9.27,85.27,11.63,45.911933,-123.982843
2020-05-23T12:00:11.000,9.25,84.91,11.54,45.911933,-123.982843
2020-05-23T12:15:11.000,9.26,85.09,11.57,45.911933,-123.982843
2020-05-23T12:30:11.000,9.26,85.14,11.59,45.911933,-123.982843
2020-05-23T12:45:11.000,9.25,84.87,11.52,45.911933,-123.982843
2020-05-23T13:00:11.000,9.24,84.89,11.54,45.911933,-123.982843
2020-05-23T13:15:11.000,9.21,84.58,11.55,45.911933,-123.982843
2020-05-23T13:30:11.000,8.62,79.05,11.5,45.911933,-123.982843
2020-05-23T13:45:11.000,9.15,83.82,11.46,45.911933,-123.982843
2020-05-23T14:00:11.000,9.18,84.2,11.5,45.911933,-123.982843
2020-05-23T14:15:11.000,9.17,84.11,11.48,45.911933,-123.982843
2020-05-23T14:30:11.000,9.11,83.54,11.48,45.911933,-123.982843
2020-05-23T14:45:11.000,6.39,58.63,11.48,45.911933,-123.982843
2020-05-23T15:00:11.000,9.18,84.26,11.52,45.911933,-123.982843
2020-05-23T15:15:11.000,9.24,84.94,11.57,45.911933,-123.982843
2020-05-23T15:30:11.000,8.92,82,11.57,45.911933,-123.982843
2020-05-23T15:45:11.000,9.23,84.91,11.62,45.911933,-123.982843
2020-05-23T16:00:11.000,9.27,85.28,11.64,45.911933,-123.982843
2020-05-23T16:15:11.000,8.1,74.62,11.68,45.911933,-123.982843
2020-05-23T16:30:11.000,8.05,74.23,11.71,45.911933,-123.982843
2020-05-23T16:45:11.000,9.19,84.59,11.67,45.911933,-123.982843
2020-05-23T17:00:11.000,9.24,85.23,11.72,45.911933,-123.982843
2020-05-23T17:15:11.000,9.28,85.65,11.78,45.911933,-123.982843
2020-05-23T17:30:11.000,9.27,85.71,11.87,45.911933,-123.982843
2020-05-23T17:45:11.000,8.01,74.23,11.93,45.911933,-123.982843
2020-05-23T18:00:11.000,8.88,82.39,12.01,45.911933,-123.982843
2020-05-23T18:15:11.000,8.92,82.91,12.06,45.911933,-123.982843
2020-05-23T18:30:11.000,5.02,46.69,12.1,45.911933,-123.982843
2020-05-23T18:45:11.000,7.45,69.34,12.15,45.911933,-123.982843
2020-05-23T19:00:11.000,9.62,89.61,12.17,45.911933,-123.982843
2020-05-23T19:15:11.000,7.36,68.63,12.19,45.911933,-123.982843
2020-05-23T19:30:11.000,5.15,48.02,12.24,45.911933,-123.982843
2020-05-23T19:45:11.000,2.88,26.89,12.28,45.911933,-123.982843
2020-05-23T20:00:11.000,5.83,54.49,12.31,45.911933,-123.982843
2020-05-23T20:15:11.000,6.35,59.39,12.33,45.911933,-123.982843
2020-05-23T20:30:11.000,5.83,54.55,12.35,45.911933,-123.982843
2020-05-23T20:45:11.000,9.38,86.97,11.96,45.911933,-123.982843
2020-05-23T21:00:11.000,6.05,55.97,11.9,45.911933,-123.982843
2020-05-23T21:15:11.000,4,37.13,12.01,45.911933,-123.982843
2020-05-23T21:30:11.000,3.26,30.27,12.09,45.911933,-123.982843
2020-05-23T21:45:11.000,5.55,51.62,12.14,45.911933,-123.982843
2020-05-23T22:00:11.000,5.77,53.73,12.17,45.911933,-123.982843
2020-05-23T22:15:11.000,5.29,49.04,11.99,45.911933,-123.982843
2020-05-23T22:30:11.000,2.8,25.9,11.85,45.911933,-123.982843
2020-05-23T22:45:11.000,8.15,75.06,11.66,45.911933,-123.982843
2020-05-23T23:00:11.000,8.05,73.97,11.57,45.911933,-123.982843
2020-05-23T23:15:11.000,7.92,72.84,11.61,45.911933,-123.982843
2020-05-23T23:30:11.000,4.56,41.96,11.64,45.911933,-123.982843
2020-05-23T23:45:11.000,4.5,41.44,11.68,45.911933,-123.982843
2020-05-24T00:00:11.000,4.31,39.73,11.73,45.911933,-123.982843
2020-05-24T00:15:11.000,6.15,56.75,11.77,45.911933,-123.982843
2020-05-24T00:30:11.000,6.15,56.74,11.78,45.911933,-123.982843
2020-05-24T00:45:11.000,9.21,85.07,11.8,45.911933,-123.982843
2020-05-24T01:00:11.000,5.01,46.3,11.82,45.911933,-123.982843
2020-05-24T01:15:11.000,8.35,77.25,11.85,45.911933,-123.982843
2020-05-24T01:30:11.000,8.29,76.66,11.87,45.911933,-123.982843
2020-05-24T01:45:11.000,9.34,86.5,11.89,45.911933,-123.982843
2020-05-24T02:00:11.000,9.29,85.92,11.87,45.911933,-123.982843
2020-05-24T02:15:11.000,7.66,70.78,11.84,45.911933,-123.982843
2020-05-24T02:30:11.000,6.05,55.92,11.82,45.911933,-123.982843
2020-05-24T02:45:11.000,5.66,52.37,11.85,45.911933,-123.982843
2020-05-24T03:00:11.000,8.5,78.64,11.87,45.911933,-123.982843
2020-05-24T03:15:11.000,3.69,34.17,11.89,45.911933,-123.982843
2020-05-24T03:30:11.000,3.1,28.71,11.93,45.911933,-123.982843
2020-05-24T03:45:11.000,3.01,27.95,11.98,45.911933,-123.982843
2020-05-24T04:00:11.000,2.92,27.06,12.01,45.911933,-123.982843
2020-05-24T04:15:11.000,8.97,83.37,12.05,45.911933,-123.982843
2020-05-24T04:30:11.000,6.88,63.99,12.08,45.911933,-123.982843
2020-05-24T04:45:11.000,6.25,58.11,12.1,45.911933,-123.982843
2020-05-24T05:00:11.000,7.1,65.91,12.04,45.911933,-123.982843
2020-05-24T05:15:11.000,6.72,62.16,11.89,45.911933,-123.982843
2020-05-24T05:30:11.000,8.41,77.85,11.87,45.911933,-123.982843
2020-05-24T05:45:11.000,9.18,84.85,11.82,45.911933,-123.982843
2020-05-24T06:00:11.000,9.22,85.19,11.8,45.911933,-123.982843
2020-05-24T06:15:11.000,9.23,85.23,11.8,45.911933,-123.982843
2020-05-24T06:30:11.000,9.26,85.58,11.8,45.911933,-123.982843
2020-05-24T06:45:11.000,9.19,84.9,11.82,45.911933,-123.982843
2020-05-24T07:00:11.000,9.18,84.86,11.84,45.911933,-123.982843
2020-05-24T07:15:11.000,9.19,84.99,11.87,45.911933,-123.982843
2020-05-24T07:30:11.000,9.2,85.16,11.9,45.911933,-123.982843
2020-05-24T07:45:11.000,9.25,85.66,11.93,45.911933,-123.982843
2020-05-24T08:00:11.000,9.31,86.29,11.95,45.911933,-123.982843
2020-05-24T08:15:11.000,9.36,86.78,11.98,45.911933,-123.982843
2020-05-24T08:30:11.000,9.46,87.83,12.04,45.911933,-123.982843
2020-05-24T08:45:11.000,9.45,87.76,12.06,45.911933,-123.982843
2020-05-24T09:00:11.000,9.46,87.95,12.08,45.911933,-123.982843
2020-05-24T09:15:11.000,9.43,87.62,12.08,45.911933,-123.982843
2020-05-24T09:30:11.000,9.46,87.99,12.1,45.911933,-123.982843
2020-05-24T09:45:11.000,9.49,88.27,12.12,45.911933,-123.982843
2020-05-24T10:00:11.000,9.51,88.56,12.15,45.911933,-123.982843
2020-05-24T10:15:11.000,9.49,88.4,12.17,45.911933,-123.982843
2020-05-24T10:30:11.000,9.42,87.38,11.98,45.911933,-123.982843
2020-05-24T10:45:11.000,9.3,86.2,11.94,45.911933,-123.982843
2020-05-24T11:00:11.000,8.98,83.2,11.95,45.911933,-123.982843
2020-05-24T11:15:11.000,8.32,77.05,11.93,45.911933,-123.982843
2020-05-24T11:30:11.000,7.86,72.67,11.85,45.911933,-123.982843
2020-05-24T11:45:11.000,7.25,65.78,11,45.911933,-123.982843
2020-05-24T12:00:11.000,4.49,40.72,10.99,45.911933,-123.982843
2020-05-24T12:15:11.000,2.18,19.78,10.96,45.911933,-123.982843
2020-05-24T12:30:11.000,1.04,9.47,11.04,45.911933,-123.982843
2020-05-24T12:45:11.000,0.58,5.24,11.1,45.911933,-123.982843
2020-05-24T13:00:11.000,0.45,4.07,11.15,45.911933,-123.982843
2020-05-24T13:15:11.000,0.32,2.93,11.2,45.911933,-123.982843
2020-05-24T13:30:11.000,0.37,3.38,11.21,45.911933,-123.982843
2020-05-24T13:45:11.000,8.76,79.88,11.23,45.911933,-123.982843
2020-05-24T14:00:11.000,8.2,74.76,11.25,45.911933,-123.982843
2020-05-24T14:15:11.000,6.91,63.1,11.29,45.911933,-123.982843
2020-05-24T14:30:11.000,4.11,37.53,11.34,45.911933,-123.982843
2020-05-24T14:45:11.000,2.14,19.63,11.39,45.911933,-123.982843
2020-05-24T15:00:11.000,1.94,17.79,11.44,45.911933,-123.982843
2020-05-24T15:15:11.000,2.07,19,11.54,45.911933,-123.982843
2020-05-24T15:30:11.000,2.1,19.26,11.52,45.911933,-123.982843
2020-05-24T15:45:11.000,2.23,20.43,11.5,45.911933,-123.982843
2020-05-24T16:00:11.000,2.51,23.06,11.5,45.911933,-123.982843
2020-05-24T16:15:11.000,2.13,19.53,11.56,45.911933,-123.982843
2020-05-24T16:30:11.000,1.89,17.34,11.45,45.911933,-123.982843
2020-05-24T16:45:11.000,1.73,15.87,11.42,45.911933,-123.982843
2020-05-24T17:00:11.000,1.53,13.96,11.41,45.911933,-123.982843
2020-05-24T17:15:11.000,1.63,14.91,11.45,45.911933,-123.982843
2020-05-24T17:30:11.000,1.76,16.18,11.47,45.911933,-123.982843
2020-05-24T17:45:11.000,2.18,19.99,11.53,45.911933,-123.982843
2020-05-24T18:00:11.000,8.29,76.17,11.56,45.911933,-123.982843
2020-05-24T18:15:11.000,8.24,75.72,11.6,45.911933,-123.982843
2020-05-24T18:30:11.000,9.14,84.14,11.66,45.911933,-123.982843
2020-05-24T18:45:11.000,9.2,84.85,11.72,45.911933,-123.982843
2020-05-24T19:00:11.000,9.28,85.75,11.8,45.911933,-123.982843
2020-05-24T19:15:11.000,9.07,83.93,11.87,45.911933,-123.982843
2020-05-24T19:30:11.000,9.35,86.6,11.92,45.911933,-123.982843
2020-05-24T19:45:11.000,9.36,86.78,11.98,45.911933,-123.982843
2020-05-24T20:00:11.000,9.39,87.15,12.01,45.911933,-123.982843
2020-05-24T20:15:11.000,9.42,87.47,12.03,45.911933,-123.982843
2020-05-24T20:30:11.000,9.45,87.78,12.06,45.911933,-123.982843
2020-05-24T20:45:11.000,9.43,87.57,12.03,45.911933,-123.982843
2020-05-24T21:00:11.000,9.49,88.26,12.08,45.911933,-123.982843
2020-05-24T21:15:11.000,9.54,88.8,12.14,45.911933,-123.982843
2020-05-24T21:30:11.000,9.52,88.69,12.17,45.911933,-123.982843
2020-05-24T21:45:11.000,9.54,88.89,12.19,45.911933,-123.982843
2020-05-24T22:00:11.000,9.51,88.59,12.19,45.911933,-123.982843
2020-05-24T22:15:11.000,9.44,87.9,12.16,45.911933,-123.982843
2020-05-24T22:30:11.000,9.46,88.04,12.13,45.911933,-123.982843
2020-05-24T22:45:11.000,9.4,87.25,12.01,45.911933,-123.982843
2020-05-24T23:00:11.000,9.19,84.87,11.81,45.911933,-123.982843
2020-05-24T23:15:11.000,8.92,81.66,11.41,45.911933,-123.982843
2020-05-24T23:30:11.000,8.82,80.32,11.17,45.911933,-123.982843
2020-05-24T23:45:11.000,8.56,77.48,10.89,45.911933,-123.982843
2020-05-25T00:00:11.000,8.39,75.54,10.69,45.911933,-123.982843
2020-05-25T00:15:11.000,8.48,76.51,10.76,45.911933,-123.982843
2020-05-25T00:30:11.000,8.57,77.42,10.83,45.911933,-123.982843
2020-05-25T00:45:11.000,8.56,77.4,10.85,45.911933,-123.982843
2020-05-25T01:00:11.000,8.56,77.29,10.84,45.911933,-123.982843
2020-05-25T01:15:11.000,8.52,76.99,10.82,45.911933,-123.982843
2020-05-25T01:30:11.000,8.52,76.94,10.81,45.911933,-123.982843
2020-05-25T01:45:11.000,8.57,77.5,10.87,45.911933,-123.982843
2020-05-25T02:00:11.000,8.59,77.75,10.9,45.911933,-123.982843
2020-05-25T02:15:11.000,8.61,77.94,10.94,45.911933,-123.982843
2020-05-25T02:30:11.000,8.6,77.86,10.94,45.911933,-123.982843
2020-05-25T02:45:11.000,8.63,78.21,10.99,45.911933,-123.982843
2020-05-25T03:00:11.000,8.61,78.18,11.04,45.911933,-123.982843
2020-05-25T03:15:11.000,8.26,75.08,11.1,45.911933,-123.982843
2020-05-25T03:30:11.000,5.48,49.9,11.18,45.911933,-123.982843
2020-05-25T03:45:11.000,7.79,71.02,11.24,45.911933,-123.982843
2020-05-25T04:00:11.000,8.78,80.09,11.26,45.911933,-123.982843
2020-05-25T04:15:11.000,8.82,80.51,11.3,45.911933,-123.982843
2020-05-25T04:30:11.000,8.86,81.07,11.38,45.911933,-123.982843
2020-05-25T04:45:11.000,8.77,80.17,11.32,45.911933,-123.982843
2020-05-25T05:00:11.000,8.8,80.43,11.36,45.911933,-123.982843
2020-05-25T05:15:11.000,8.73,79.83,11.34,45.911933,-123.982843
2020-05-25T05:30:11.000,8.67,79.24,11.34,45.911933,-123.982843
2020-05-25T05:45:11.000,8.62,78.99,11.45,45.911933,-123.982843
2020-05-25T06:00:11.000,8.87,81.26,11.46,45.911933,-123.982843
2020-05-25T06:15:11.000,8.92,81.91,11.52,45.911933,-123.982843
2020-05-25T06:30:11.000,9.09,83.77,11.71,45.911933,-123.982843
2020-05-25T06:45:11.000,9.22,85.25,11.84,45.911933,-123.982843
2020-05-25T07:00:11.000,9.26,85.74,11.89,45.911933,-123.982843
2020-05-25T07:15:11.000,9.3,86.16,11.94,45.911933,-123.982843
2020-05-25T07:30:11.000,9.29,86.11,11.96,45.911933,-123.982843
2020-05-25T07:45:11.000,9.26,85.82,11.94,45.911933,-123.982843
2020-05-25T08:00:11.000,9.31,86.3,11.96,45.911933,-123.982843
2020-05-25T08:15:11.000,9.39,87.22,12.03,45.911933,-123.982843
2020-05-25T08:30:11.000,9.38,87.23,12.08,45.911933,-123.982843
2020-05-25T08:45:11.000,9.42,87.67,12.14,45.911933,-123.982843
2020-05-25T09:00:11.000,9.45,88.07,12.21,45.911933,-123.982843
2020-05-25T09:15:11.000,9.49,88.55,12.26,45.911933,-123.982843
2020-05-25T09:30:11.000,9.44,88.03,12.24,45.911933,-123.982843
2020-05-25T09:45:11.000,9.32,86.88,12.22,45.911933,-123.982843
2020-05-25T10:00:11.000,9.12,84.97,12.19,45.911933,-123.982843
2020-05-25T10:15:11.000,9.36,87.12,12.14,45.911933,-123.982843
2020-05-25T10:30:11.000,9.2,85.46,12.03,45.911933,-123.982843
2020-05-25T10:45:11.000,9.12,84.65,12.01,45.911933,-123.982843
2020-05-25T11:00:11.000,9.19,85.2,11.98,45.911933,-123.982843
2020-05-25T11:15:11.000,9.19,85.19,11.97,45.911933,-123.982843
2020-05-25T11:30:11.000,8.83,80.73,11.34,45.911933,-123.982843
2020-05-25T11:45:11.000,8.38,75.85,10.92,45.911933,-123.982843
2020-05-25T12:00:11.000,8.24,74.2,10.69,45.911933,-123.982843
2020-05-25T12:15:11.000,8.16,73.37,10.62,45.911933,-123.982843
2020-05-25T12:30:11.000,8.19,73.6,10.63,45.911933,-123.982843
2020-05-25T12:45:11.000,8.23,74.21,10.73,45.911933,-123.982843
2020-05-25T13:00:11.000,8.23,74.14,10.71,45.911933,-123.982843
2020-05-25T13:15:11.000,8.31,75.09,10.82,45.911933,-123.982843
2020-05-25T13:30:11.000,8.19,73.81,10.75,45.911933,-123.982843
2020-05-25T13:45:11.000,8.15,73.49,10.76,45.911933,-123.982843
2020-05-25T14:00:11.000,8.15,73.45,10.73,45.911933,-123.982843
2020-05-25T14:15:11.000,8.13,73.23,10.72,45.911933,-123.982843
2020-05-25T14:30:11.000,8.2,73.96,10.78,45.911933,-123.982843
2020-05-25T14:45:11.000,8.19,73.94,10.81,45.911933,-123.982843
2020-05-25T15:00:11.000,8.18,73.92,10.87,45.911933,-123.982843
2020-05-25T15:15:11.000,8.26,74.71,10.87,45.911933,-123.982843
2020-05-25T15:30:11.000,8.26,74.76,10.9,45.911933,-123.982843
2020-05-25T15:45:11.000,8.38,75.99,10.99,45.911933,-123.982843
2020-05-25T16:00:11.000,8.42,76.36,11.01,45.911933,-123.982843
2020-05-25T16:15:11.000,8.43,76.51,11.04,45.911933,-123.982843
2020-05-25T16:30:11.000,8.41,76.28,11.02,45.911933,-123.982843
2020-05-25T16:45:11.000,8.36,75.89,11.04,45.911933,-123.982843
2020-05-25T17:00:11.000,8.49,77.17,11.11,45.911933,-123.982843
2020-05-25T17:15:11.000,8.54,77.71,11.15,45.911933,-123.982843
2020-05-25T17:30:11.000,8.52,77.56,11.16,45.911933,-123.982843
2020-05-25T17:45:11.000,8.7,79.41,11.29,45.911933,-123.982843
2020-05-25T18:00:11.000,8.92,81.84,11.52,45.911933,-123.982843
2020-05-25T18:15:11.000,8.88,81.86,11.7,45.911933,-123.982843
2020-05-25T18:30:11.000,9.18,84.85,11.83,45.911933,-123.982843
2020-05-25T18:45:11.000,8.88,82.44,12.03,45.911933,-123.982843
2020-05-25T19:00:11.000,9.25,85.63,11.92,45.911933,-123.982843
2020-05-25T19:15:11.000,9.33,86.59,11.98,45.911933,-123.982843
2020-05-25T19:30:11.000,9.47,88.2,12.14,45.911933,-123.982843
2020-05-25T19:45:11.000,9.45,88.03,12.16,45.911933,-123.982843
2020-05-25T20:00:11.000,9.53,88.96,12.28,45.911933,-123.982843
2020-05-25T20:15:11.000,9.49,88.51,12.25,45.911933,-123.982843
2020-05-25T20:30:11.000,9.41,87.7,12.17,45.911933,-123.982843
2020-05-25T20:45:11.000,9.36,87.04,12.1,45.911933,-123.982843
2020-05-25T21:00:11.000,9.34,86.73,12.03,45.911933,-123.982843
2020-05-25T21:15:11.000,8.51,78.95,11.98,45.911933,-123.982843
2020-05-25T21:30:11.000,8.85,81.89,11.87,45.911933,-123.982843
2020-05-25T21:45:11.000,9.26,85.49,11.78,45.911933,-123.982843
2020-05-25T22:00:11.000,9.28,85.66,11.75,45.911933,-123.982843
2020-05-25T22:15:11.000,9.28,85.61,11.76,45.911933,-123.982843
2020-05-25T22:30:11.000,9.27,85.51,11.75,45.911933,-123.982843
2020-05-25T22:45:11.000,9.23,85.18,11.75,45.911933,-123.982843
2020-05-25T23:00:11.000,9.23,85.13,11.75,45.911933,-123.982843
2020-05-25T23:15:11.000,9.27,85.61,11.8,45.911933,-123.982843
2020-05-25T23:30:11.000,9.23,85.3,11.82,45.911933,-123.982843
2020-05-25T23:45:11.000,9.26,85.64,11.85,45.911933,-123.982843
2020-05-26T00:00:11.000,9.26,85.58,11.85,45.911933,-123.982843
2020-05-26T00:15:11.000,8.97,82.35,11.52,45.911933,-123.982843
2020-05-26T00:30:11.000,8.9,81.5,11.41,45.911933,-123.982843
2020-05-26T00:45:11.000,8.91,81.52,11.36,45.911933,-123.982843
2020-05-26T01:00:11.000,8.87,81.19,11.38,45.911933,-123.982843
2020-05-26T01:15:11.000,8.85,81.03,11.4,45.911933,-123.982843
2020-05-26T01:30:11.000,8.79,80.59,11.45,45.911933,-123.982843
2020-05-26T01:45:11.000,8.88,81.63,11.62,45.911933,-123.982843
2020-05-26T02:00:11.000,9.08,83.99,11.85,45.911933,-123.982843
2020-05-26T02:15:11.000,9.58,89.44,12.28,45.911933,-123.982843
2020-05-26T02:30:11.000,9.88,93.4,12.83,45.911933,-123.982843
2020-05-26T02:45:11.000,9.92,94.12,12.99,45.911933,-123.982843
2020-05-26T03:00:11.000,9.91,94.12,13.04,45.911933,-123.982843
2020-05-26T03:15:11.000,9.69,92.66,13.34,45.911933,-123.982843
2020-05-26T03:30:11.000,9.99,95.73,13.45,45.911933,-123.982843
2020-05-26T03:45:11.000,9.38,89.31,13.17,45.911933,-123.982843
2020-05-26T04:00:11.000,8.91,84.22,12.81,45.911933,-123.982843
2020-05-26T04:15:11.000,4.71,43.96,12.26,45.911933,-123.982843
2020-05-26T04:30:11.000,8.89,81.97,11.73,45.911933,-123.982843
2020-05-26T04:45:11.000,8.76,79.98,11.31,45.911933,-123.982843
2020-05-26T05:00:11.000,8.59,78.01,11.05,45.911933,-123.982843
2020-05-26T05:15:11.000,8.61,78.11,11.04,45.911933,-123.982843
2020-05-26T05:30:11.000,8.72,79.28,11.12,45.911933,-123.982843
2020-05-26T05:45:11.000,8.75,79.63,11.17,45.911933,-123.982843
2020-05-26T06:00:11.000,8.64,78.62,11.16,45.911933,-123.982843
2020-05-26T06:15:11.000,8.72,79.54,11.25,45.911933,-123.982843
2020-05-26T06:30:11.000,8.74,79.8,11.32,45.911933,-123.982843
2020-05-26T06:45:11.000,8.92,81.59,11.38,45.911933,-123.982843
2020-05-26T07:00:11.000,8.89,81.33,11.4,45.911933,-123.982843
2020-05-26T07:15:11.000,8.78,80.54,11.49,45.911933,-123.982843
2020-05-26T07:30:11.000,9.07,83.33,11.57,45.911933,-123.982843
2020-05-26T07:45:11.000,9.07,83.4,11.61,45.911933,-123.982843
2020-05-26T08:00:11.000,9.22,84.93,11.67,45.911933,-123.982843
2020-05-26T08:15:11.000,9.13,84.08,11.68,45.911933,-123.982843
2020-05-26T08:30:11.000,9.19,84.92,11.79,45.911933,-123.982843
2020-05-26T08:45:11.000,8.9,82.34,11.89,45.911933,-123.982843
2020-05-26T09:00:11.000,8.89,82.36,11.95,45.911933,-123.982843
2020-05-26T09:15:11.000,8.79,81.57,11.99,45.911933,-123.982843
2020-05-26T09:30:11.000,9.05,83.95,11.99,45.911933,-123.982843
2020-05-26T09:45:11.000,8.73,80.99,11.98,45.911933,-123.982843
2020-05-26T10:00:11.000,8.08,74.99,12.03,45.911933,-123.982843
2020-05-26T10:15:11.000,7.82,72.59,12.01,45.911933,-123.982843
2020-05-26T10:30:11.000,6.21,57.57,11.96,45.911933,-123.982843
2020-05-26T10:45:11.000,4.06,37.65,11.97,45.911933,-123.982843
2020-05-26T11:00:11.000,2.26,20.9,11.89,45.911933,-123.982843
2020-05-26T11:15:11.000,1.46,13.54,11.88,45.911933,-123.982843
2020-05-26T11:30:11.000,0.89,8.24,11.91,45.911933,-123.982843
2020-05-26T11:45:11.000,0.73,6.77,11.89,45.911933,-123.982843
2020-05-26T12:00:11.000,0.72,6.61,11.81,45.911933,-123.982843
2020-05-26T12:15:11.000,1.34,12.37,11.78,45.911933,-123.982843
2020-05-26T12:30:11.000,1.18,10.89,11.71,45.911933,-123.982843
2020-05-26T12:45:11.000,0.76,6.98,11.71,45.911933,-123.982843
2020-05-26T13:00:11.000,0.4,3.68,11.68,45.911933,-123.982843
2020-05-26T13:15:11.000,0.22,2.05,11.7,45.911933,-123.982843
2020-05-26T13:30:11.000,0.15,1.41,11.75,45.911933,-123.982843
2020-05-26T13:45:11.000,0.12,1.12,11.87,45.911933,-123.982843
2020-05-26T14:00:11.000,0.1,0.94,11.98,45.911933,-123.982843
2020-05-26T14:15:11.000,0.17,1.59,12.01,45.911933,-123.982843
2020-05-26T14:30:11.000,3.61,33.45,11.92,45.911933,-123.982843
2020-05-26T14:45:11.000,2.47,22.86,11.82,45.911933,-123.982843
2020-05-26T15:00:11.000,1.19,10.94,11.62,45.911933,-123.982843
2020-05-26T15:15:11.000,3.02,27.7,11.46,45.911933,-123.982843
2020-05-26T15:30:11.000,1.7,15.54,11.42,45.911933,-123.982843
2020-05-26T15:45:11.000,1.48,13.57,11.38,45.911933,-123.982843
2020-05-26T16:00:11.000,1.48,13.55,11.38,45.911933,-123.982843
2020-05-26T16:15:11.000,1.44,13.15,11.43,45.911933,-123.982843
2020-05-26T16:30:11.000,1.03,9.45,11.46,45.911933,-123.982843
2020-05-26T16:45:11.000,0.92,8.45,11.43,45.911933,-123.982843
2020-05-26T17:00:11.000,1.03,9.41,11.46,45.911933,-123.982843
2020-05-26T17:15:11.000,1.24,11.36,11.55,45.911933,-123.982843
2020-05-26T17:30:11.000,0.9,8.32,11.68,45.911933,-123.982843
2020-05-26T17:45:11.000,0.65,5.98,11.88,45.911933,-123.982843
2020-05-26T18:00:11.000,0.6,5.51,11.87,45.911933,-123.982843
2020-05-26T18:15:11.000,1.04,9.64,11.82,45.911933,-123.982843
2020-05-26T18:30:11.000,1.39,12.84,11.85,45.911933,-123.982843
2020-05-26T18:45:11.000,1.31,12.1,11.87,45.911933,-123.982843
2020-05-26T19:00:11.000,1.1,10.21,11.9,45.911933,-123.982843
2020-05-26T19:15:11.000,3.85,35.63,11.92,45.911933,-123.982843
2020-05-26T19:30:11.000,5.39,49.88,11.92,45.911933,-123.982843
2020-05-26T19:45:11.000,4.94,45.78,11.9,45.911933,-123.982843
2020-05-26T20:00:11.000,3.77,34.9,11.87,45.911933,-123.982843
2020-05-26T20:15:11.000,2.82,26.08,11.82,45.911933,-123.982843
2020-05-26T20:30:11.000,2.16,19.93,11.78,45.911933,-123.982843
2020-05-26T20:45:11.000,7.3,67.3,11.73,45.911933,-123.982843
2020-05-26T21:00:11.000,8.31,76.67,11.73,45.911933,-123.982843
2020-05-26T21:15:11.000,7.44,68.5,11.68,45.911933,-123.982843
2020-05-26T21:30:11.000,5.8,53.32,11.6,45.911933,-123.982843
2020-05-26T21:45:11.000,4.99,45.85,11.56,45.911933,-123.982843
2020-05-26T22:00:11.000,4.29,39.39,11.5,45.911933,-123.982843
2020-05-26T22:15:11.000,3.58,32.79,11.37,45.911933,-123.982843
2020-05-26T22:30:11.000,3.02,27.6,11.28,45.911933,-123.982843
2020-05-26T22:45:11.000,2.31,21.02,11.23,45.911933,-123.982843
2020-05-26T23:00:11.000,2.03,18.44,11.17,45.911933,-123.982843
2020-05-26T23:15:11.000,1.57,14.24,11.06,45.911933,-123.982843
2020-05-26T23:30:11.000,1.33,12.03,11.02,45.911933,-123.982843
2020-05-26T23:45:11.000,1.1,9.99,10.9,45.911933,-123.982843
2020-05-27T00:00:11.000,0.87,7.86,10.9,45.911933,-123.982843
2020-05-27T00:15:11.000,0.81,7.31,10.92,45.911933,-123.982843
2020-05-27T00:30:11.000,0.85,7.72,10.92,45.911933,-123.982843
2020-05-27T00:45:11.000,0.88,7.94,10.92,45.911933,-123.982843
2020-05-27T01:00:11.000,0.89,8.02,10.92,45.911933,-123.982843
2020-05-27T01:15:11.000,0.94,8.5,10.92,45.911933,-123.982843
2020-05-27T01:30:11.000,0.68,6.19,10.92,45.911933,-123.982843
2020-05-27T01:45:11.000,0.95,8.59,10.92,45.911933,-123.982843
2020-05-27T02:00:11.000,1.09,9.87,10.9,45.911933,-123.982843
2020-05-27T02:15:11.000,1.02,9.24,10.86,45.911933,-123.982843
2020-05-27T02:30:11.000,1.11,10.03,10.8,45.911933,-123.982843
2020-05-27T02:45:11.000,1.34,12.05,10.7,45.911933,-123.982843
2020-05-27T03:00:11.000,1.05,9.46,10.69,45.911933,-123.982843
2020-05-27T03:15:11.000,0.94,8.49,10.69,45.911933,-123.982843
2020-05-27T03:30:11.000,0.65,5.87,10.71,45.911933,-123.982843
2020-05-27T03:45:11.000,0.46,4.1,10.74,45.911933,-123.982843
2020-05-27T04:00:11.000,0.34,3.11,10.77,45.911933,-123.982843
2020-05-27T04:15:11.000,0.26,2.36,10.8,45.911933,-123.982843
2020-05-27T04:30:11.000,0.24,2.17,10.86,45.911933,-123.982843
2020-05-27T04:45:11.000,0.25,2.26,10.92,45.911933,-123.982843
2020-05-27T05:00:11.000,0.28,2.51,10.92,45.911933,-123.982843
2020-05-27T05:15:11.000,0.28,2.51,10.89,45.911933,-123.982843
2020-05-27T05:30:11.000,0.29,2.58,10.88,45.911933,-123.982843
2020-05-27T05:45:11.000,0.24,2.18,10.88,45.911933,-123.982843
2020-05-27T06:00:11.000,0.19,1.76,10.91,45.911933,-123.982843
2020-05-27T06:15:11.000,0.2,1.78,10.93,45.911933,-123.982843
2020-05-27T06:30:11.000,0.2,1.78,10.95,45.911933,-123.982843
2020-05-27T06:45:11.000,0.23,2.07,10.97,45.911933,-123.982843
2020-05-27T07:00:11.000,0.09,0.86,10.98,45.911933,-123.982843
2020-05-27T07:15:11.000,0.07,0.62,10.99,45.911933,-123.982843
2020-05-27T07:30:11.000,0.1,0.95,10.96,45.911933,-123.982843
2020-05-27T07:45:11.000,0.19,1.69,10.92,45.911933,-123.982843
2020-05-27T08:00:11.000,0.46,4.12,10.9,45.911933,-123.982843
2020-05-27T08:15:11.000,0.11,1.03,10.87,45.911933,-123.982843
2020-05-27T08:30:11.000,0.06,0.56,10.85,45.911933,-123.982843
2020-05-27T08:45:11.000,0.04,0.36,10.83,45.911933,-123.982843
2020-05-27T09:00:11.000,0.07,0.63,10.83,45.911933,-123.982843
2020-05-27T09:15:11.000,0.07,0.62,10.8,45.911933,-123.982843
2020-05-27T09:30:11.000,0.08,0.71,10.74,45.911933,-123.982843
2020-05-27T09:45:11.000,0.02,0.21,10.73,45.911933,-123.982843
2020-05-27T10:00:11.000,0.02,0.16,10.73,45.911933,-123.982843
2020-05-27T10:15:11.000,0.02,0.16,10.72,45.911933,-123.982843
2020-05-27T10:30:11.000,0.02,0.16,10.71,45.911933,-123.982843
2020-05-27T10:45:11.000,0.05,0.42,10.71,45.911933,-123.982843
2020-05-27T11:00:11.000,0.06,0.5,10.71,45.911933,-123.982843
2020-05-27T11:15:11.000,0.04,0.36,10.71,45.911933,-123.982843
2020-05-27T11:30:11.000,0.03,0.24,10.71,45.911933,-123.982843
2020-05-27T11:45:11.000,0.03,0.23,10.71,45.911933,-123.982843
2020-05-27T12:00:11.000,0.02,0.19,10.71,45.911933,-123.982843
2020-05-27T12:15:11.000,0.02,0.21,10.71,45.911933,-123.982843
2020-05-27T12:30:11.000,0.07,0.61,10.72,45.911933,-123.982843
2020-05-27T12:45:11.000,0.31,2.75,10.52,45.911933,-123.982843
2020-05-27T13:00:11.000,0.19,1.72,10.39,45.911933,-123.982843
2020-05-27T13:15:11.000,0.07,0.63,10.35,45.911933,-123.982843
2020-05-27T13:30:11.000,0.03,0.26,10.38,45.911933,-123.982843
2020-05-27T13:45:11.000,0.02,0.16,10.41,45.911933,-123.982843
2020-05-27T14:00:11.000,0.02,0.15,10.44,45.911933,-123.982843
2020-05-27T14:15:11.000,0.02,0.14,10.48,45.911933,-123.982843
2020-05-27T14:30:11.000,0.02,0.14,10.51,45.911933,-123.982843
2020-05-27T14:45:11.000,0.02,0.14,10.53,45.911933,-123.982843
2020-05-27T15:00:11.000,0.02,0.14,10.42,45.911933,-123.982843
2020-05-27T15:15:11.000,0.01,0.13,10.36,45.911933,-123.982843
2020-05-27T15:30:11.000,10.04,91.53,11.24,45.911933,-123.982843
2020-05-27T15:45:11.000,8.29,74.06,10.36,45.911933,-123.982843
2020-05-27T16:00:11.000,8.31,74.08,10.28,45.911933,-123.982843
2020-05-27T16:15:11.000,8.4,74.94,10.29,45.911933,-123.982843
2020-05-27T16:30:11.000,8.27,73.59,10.2,45.911933,-123.982843
2020-05-27T16:45:11.000,7.9,69.94,9.95,45.911933,-123.982843
2020-05-27T17:00:11.000,7.84,69.29,9.89,45.911933,-123.982843
2020-05-27T17:15:11.000,7.91,69.87,9.89,45.911933,-123.982843
2020-05-27T17:30:11.000,7.82,69.07,9.87,45.911933,-123.982843
2020-05-27T17:45:11.000,7.89,69.76,9.9,45.911933,-123.982843
2020-05-27T18:00:11.000,7.99,70.72,9.95,45.911933,-123.982843
2020-05-27T18:15:11.000,8.11,71.84,10.01,45.911933,-123.982843
2020-05-27T18:30:11.000,8.14,72.11,10.02,45.911933,-123.982843
2020-05-27T18:45:11.000,8.4,74.66,10.16,45.911933,-123.982843
2020-05-27T19:00:11.000,8.55,76.32,10.34,45.911933,-123.982843
2020-05-27T19:15:11.000,8.57,76.61,10.38,45.911933,-123.982843
2020-05-27T19:30:11.000,8.42,75.07,10.29,45.911933,-123.982843
2020-05-27T19:45:11.000,8.53,76.34,10.45,45.911933,-123.982843
2020-05-27T20:00:11.000,8.62,77.44,10.57,45.911933,-123.982843
2020-05-27T20:15:11.000,8.84,79.61,10.71,45.911933,-123.982843
2020-05-27T20:30:11.000,8.95,80.93,10.87,45.911933,-123.982843
2020-05-27T20:45:11.000,8.73,78.59,10.69,45.911933,-123.982843
2020-05-27T21:00:11.000,8.59,77.19,10.59,45.911933,-123.982843
2020-05-27T21:15:11.000,8.48,76.05,10.53,45.911933,-123.982843
2020-05-27T21:30:11.000,8.46,75.87,10.52,45.911933,-123.982843
2020-05-27T21:45:11.000,8.42,75.37,10.44,45.911933,-123.982843
2020-05-27T22:00:11.000,8.38,74.88,10.37,45.911933,-123.982843
2020-05-27T22:15:11.000,8.24,73.43,10.24,45.911933,-123.982843
2020-05-27T22:30:11.000,8.24,73.31,10.2,45.911933,-123.982843
2020-05-27T22:45:11.000,8.21,73.06,10.18,45.911933,-123.982843
2020-05-27T23:00:11.000,7.99,70.71,9.96,45.911933,-123.982843
2020-05-27T23:15:11.000,7.94,70.11,9.88,45.911933,-123.982843
2020-05-27T23:30:11.000,7.73,68.03,9.72,45.911933,-123.982843
2020-05-27T23:45:11.000,7.43,65.06,9.51,45.911933,-123.982843
2020-05-28T00:00:11.000,7.21,62.91,9.35,45.911933,-123.982843
2020-05-28T00:15:11.000,7.23,63.05,9.35,45.911933,-123.982843
2020-05-28T00:30:11.000,7.24,63.16,9.35,45.911933,-123.982843
2020-05-28T00:45:11.000,7.21,62.91,9.35,45.911933,-123.982843
2020-05-28T01:00:11.000,7.11,61.95,9.31,45.911933,-123.982843
2020-05-28T01:15:11.000,7.15,62.38,9.33,45.911933,-123.982843
2020-05-28T01:30:11.000,7.22,62.96,9.35,45.911933,-123.982843
2020-05-28T01:45:11.000,7.2,62.88,9.37,45.911933,-123.982843
2020-05-28T02:00:11.000,7.24,63.22,9.39,45.911933,-123.982843
2020-05-28T02:15:11.000,6.87,59.77,9.25,45.911933,-123.982843
2020-05-28T02:30:11.000,6.76,58.74,9.21,45.911933,-123.982843
2020-05-28T02:45:11.000,6.71,58.27,9.18,45.911933,-123.982843
2020-05-28T03:00:11.000,6.74,58.51,9.17,45.911933,-123.982843
2020-05-28T03:15:11.000,6.76,58.71,9.18,45.911933,-123.982843
2020-05-28T03:30:11.000,6.72,58.39,9.18,45.911933,-123.982843
2020-05-28T03:45:11.000,6.75,58.66,9.18,45.911933,-123.982843
2020-05-28T04:00:11.000,6.67,57.98,9.19,45.911933,-123.982843
2020-05-28T04:15:11.000,6.58,57.15,9.18,45.911933,-123.982843
2020-05-28T04:30:11.000,6.51,56.52,9.14,45.911933,-123.982843
2020-05-28T04:45:11.000,6.54,56.71,9.11,45.911933,-123.982843
2020-05-28T05:00:11.000,6.46,56,9.11,45.911933,-123.982843
2020-05-28T05:15:11.000,6.43,55.76,9.09,45.911933,-123.982843
2020-05-28T05:30:11.000,6.44,55.82,9.09,45.911933,-123.982843
2020-05-28T05:45:11.000,6.45,55.92,9.09,45.911933,-123.982843
2020-05-28T06:00:11.000,6.43,55.73,9.1,45.911933,-123.982843
2020-05-28T06:15:11.000,6.51,56.47,9.09,45.911933,-123.982843
2020-05-28T06:30:11.000,6.5,56.4,9.1,45.911933,-123.982843
2020-05-28T06:45:11.000,6.73,58.47,9.16,45.911933,-123.982843
2020-05-28T07:00:11.000,6.94,60.28,9.18,45.911933,-123.982843
2020-05-28T07:15:11.000,6.97,60.67,9.25,45.911933,-123.982843
2020-05-28T07:30:11.000,6.96,60.59,9.29,45.911933,-123.982843
2020-05-28T07:45:11.000,6.95,60.56,9.33,45.911933,-123.982843
2020-05-28T08:00:11.000,6.96,60.8,9.37,45.911933,-123.982843
2020-05-28T08:15:11.000,7.02,61.29,9.41,45.911933,-123.982843
2020-05-28T08:30:11.000,7.05,61.64,9.44,45.911933,-123.982843
2020-05-28T08:45:11.000,7.04,61.63,9.47,45.911933,-123.982843
2020-05-28T09:00:11.000,7.07,61.86,9.45,45.911933,-123.982843
2020-05-28T09:15:11.000,7.09,62.03,9.47,45.911933,-123.982843
2020-05-28T09:30:11.000,7.09,61.99,9.47,45.911933,-123.982843
2020-05-28T09:45:11.000,7.08,61.91,9.47,45.911933,-123.982843
2020-05-28T10:00:11.000,7.03,61.46,9.47,45.911933,-123.982843
2020-05-28T10:15:11.000,6.94,60.64,9.4,45.911933,-123.982843
2020-05-28T10:30:11.000,6.88,59.98,9.35,45.911933,-123.982843
2020-05-28T10:45:11.000,6.79,59.15,9.3,45.911933,-123.982843
2020-05-28T11:00:11.000,6.64,57.79,9.23,45.911933,-123.982843
2020-05-28T11:15:11.000,6.58,57.21,9.21,45.911933,-123.982843
2020-05-28T11:30:11.000,6.54,56.85,9.19,45.911933,-123.982843
2020-05-28T11:45:11.000,6.5,56.48,9.18,45.911933,-123.982843
2020-05-28T12:00:11.000,6.46,56.16,9.18,45.911933,-123.982843
2020-05-28T12:15:11.000,6.45,56.04,9.18,45.911933,-123.982843
2020-05-28T12:30:11.000,6.38,55.48,9.2,45.911933,-123.982843
2020-05-28T12:45:11.000,6.39,55.56,9.21,45.911933,-123.982843
2020-05-28T13:00:11.000,6.44,56,9.22,45.911933,-123.982843
2020-05-28T13:15:11.000,6.1,53.09,9.23,45.911933,-123.982843
2020-05-28T13:30:11.000,6.26,54.46,9.23,45.911933,-123.982843
2020-05-28T13:45:11.000,6.49,56.43,9.23,45.911933,-123.982843
2020-05-28T14:00:11.000,6.49,56.43,9.23,45.911933,-123.982843
2020-05-28T14:15:11.000,6.46,56.17,9.23,45.911933,-123.982843
2020-05-28T14:30:11.000,6.47,56.27,9.23,45.911933,-123.982843
2020-05-28T14:45:11.000,6.39,55.65,9.25,45.911933,-123.982843
2020-05-28T15:00:11.000,6.26,54.48,9.24,45.911933,-123.982843
2020-05-28T15:15:11.000,6.21,54.01,9.23,45.911933,-123.982843
2020-05-28T15:30:11.000,6.2,53.94,9.23,45.911933,-123.982843
2020-05-28T15:45:11.000,6.16,53.6,9.22,45.911933,-123.982843
2020-05-28T16:00:11.000,6.11,53.09,9.2,45.911933,-123.982843
2020-05-28T16:15:11.000,6.05,52.52,9.14,45.911933,-123.982843
2020-05-28T16:30:11.000,6.03,52.32,9.12,45.911933,-123.982843
2020-05-28T16:45:11.000,6.04,52.41,9.12,45.911933,-123.982843
2020-05-28T17:00:11.000,6.02,52.19,9.12,45.911933,-123.982843
2020-05-28T17:15:11.000,6.03,52.28,9.13,45.911933,-123.982843
2020-05-28T17:30:11.000,6.05,52.5,9.13,45.911933,-123.982843
2020-05-28T17:45:11.000,6.02,52.27,9.14,45.911933,-123.982843
2020-05-28T18:00:11.000,6.02,52.3,9.15,45.911933,-123.982843
2020-05-28T18:15:11.000,6.05,52.5,9.16,45.911933,-123.982843
2020-05-28T18:30:11.000,6.04,52.48,9.17,45.911933,-123.982843
2020-05-28T18:45:11.000,6.06,52.64,9.19,45.911933,-123.982843
2020-05-28T19:00:11.000,6.06,52.7,9.2,45.911933,-123.982843
2020-05-28T19:15:11.000,6.04,52.57,9.22,45.911933,-123.982843
2020-05-28T19:30:11.000,6.05,52.67,9.23,45.911933,-123.982843
2020-05-28T19:45:11.000,6.23,54.28,9.3,45.911933,-123.982843
2020-05-28T20:00:11.000,6.38,55.7,9.35,45.911933,-123.982843
2020-05-28T20:15:11.000,6.82,59.79,9.56,45.911933,-123.982843
2020-05-28T20:30:11.000,7.13,62.83,9.78,45.911933,-123.982843
2020-05-28T20:45:11.000,7.46,65.97,9.91,45.911933,-123.982843
2020-05-28T21:00:11.000,7.63,67.65,10.03,45.911933,-123.982843
2020-05-28T21:15:11.000,7.8,69.41,10.16,45.911933,-123.982843
2020-05-28T21:30:11.000,7.95,70.93,10.29,45.911933,-123.982843
2020-05-28T21:45:11.000,8.07,72.1,10.36,45.911933,-123.982843
2020-05-28T22:00:11.000,8.39,75.25,10.52,45.911933,-123.982843
2020-05-28T22:15:11.000,7.73,69.11,10.4,45.911933,-123.982843
2020-05-28T22:30:11.000,7.27,64.36,9.96,45.911933,-123.982843
2020-05-28T22:45:11.000,7.09,62.48,9.75,45.911933,-123.982843
2020-05-28T23:00:11.000,6.91,60.58,9.59,45.911933,-123.982843
2020-05-28T23:15:11.000,6.76,59.22,9.52,45.911933,-123.982843
2020-05-28T23:30:11.000,6.66,58.3,9.47,45.911933,-123.982843
2020-05-28T23:45:11.000,6.55,57.19,9.42,45.911933,-123.982843
2020-05-29T00:00:11.000,6.52,56.94,9.4,45.911933,-123.982843
2020-05-29T00:15:11.000,6.42,56,9.37,45.911933,-123.982843
2020-05-29T00:30:11.000,6.35,55.41,9.35,45.911933,-123.982843
2020-05-29T00:45:11.000,6.27,54.62,9.32,45.911933,-123.982843
2020-05-29T01:00:11.000,6.22,54.21,9.3,45.911933,-123.982843
2020-05-29T01:15:11.000,6.2,54,9.25,45.911933,-123.982843
2020-05-29T01:30:11.000,6.19,53.83,9.23,45.911933,-123.982843
2020-05-29T01:45:11.000,6.14,53.41,9.21,45.911933,-123.982843
2020-05-29T02:00:11.000,6.08,52.82,9.18,45.911933,-123.982843
2020-05-29T02:15:11.000,5.94,51.59,9.18,45.911933,-123.982843
2020-05-29T02:30:11.000,5.73,49.82,9.19,45.911933,-123.982843
2020-05-29T02:45:11.000,5.42,47.11,9.19,45.911933,-123.982843
2020-05-29T03:00:11.000,5.65,49.1,9.21,45.911933,-123.982843
2020-05-29T03:15:11.000,5.68,49.34,9.21,45.911933,-123.982843
2020-05-29T03:30:11.000,5.65,49.12,9.2,45.911933,-123.982843
2020-05-29T03:45:11.000,5.62,48.84,9.21,45.911933,-123.982843
2020-05-29T04:00:11.000,5.46,47.48,9.23,45.911933,-123.982843
2020-05-29T04:15:11.000,5.81,50.56,9.26,45.911933,-123.982843
2020-05-29T04:30:11.000,5.84,50.86,9.26,45.911933,-123.982843
2020-05-29T04:45:11.000,5.9,51.29,9.24,45.911933,-123.982843
2020-05-29T05:00:11.000,5.83,50.72,9.23,45.911933,-123.982843
2020-05-29T05:15:11.000,5.77,50.24,9.24,45.911933,-123.982843
2020-05-29T05:30:11.000,4.99,43.3,9.14,45.911933,-123.982843
2020-05-29T05:45:11.000,4.95,42.92,9.12,45.911933,-123.982843
2020-05-29T06:00:11.000,5.62,48.7,9.1,45.911933,-123.982843
2020-05-29T06:15:11.000,5.6,48.59,9.1,45.911933,-123.982843
2020-05-29T06:30:11.000,5.6,48.51,9.09,45.911933,-123.982843
2020-05-29T06:45:11.000,5.62,48.7,9.11,45.911933,-123.982843
2020-05-29T07:00:11.000,5.62,48.72,9.11,45.911933,-123.982843
2020-05-29T07:15:11.000,5.61,48.67,9.11,45.911933,-123.982843
2020-05-29T07:30:11.000,5.74,49.88,9.16,45.911933,-123.982843
2020-05-29T07:45:11.000,6.55,57.06,9.3,45.911933,-123.982843
2020-05-29T08:00:11.000,7.79,68.22,9.49,45.911933,-123.982843
2020-05-29T08:15:11.000,6,52.24,9.25,45.911933,-123.982843
2020-05-29T08:30:11.000,5.9,51.47,9.32,45.911933,-123.982843
2020-05-29T08:45:11.000,8.62,75.91,9.77,45.911933,-123.982843
2020-05-29T09:00:11.000,9.9,87.99,10.14,45.911933,-123.982843
2020-05-29T09:15:11.000,10.63,94.81,10.27,45.911933,-123.982843
2020-05-29T09:30:11.000,10.71,95.82,10.44,45.911933,-123.982843
2020-05-29T09:45:11.000,10.71,96.09,10.52,45.911933,-123.982843
2020-05-29T10:00:11.000,9.3,82.95,10.28,45.911933,-123.982843
2020-05-29T10:15:11.000,7.28,64.16,9.79,45.911933,-123.982843
2020-05-29T10:30:11.000,6.85,60.12,9.59,45.911933,-123.982843
2020-05-29T10:45:11.000,6.61,57.84,9.47,45.911933,-123.982843
2020-05-29T11:00:11.000,6.52,56.94,9.42,45.911933,-123.982843
2020-05-29T11:15:11.000,6.29,54.88,9.33,45.911933,-123.982843
2020-05-29T11:30:11.000,6.13,53.34,9.26,45.911933,-123.982843
2020-05-29T11:45:11.000,5.98,52.04,9.22,45.911933,-123.982843
2020-05-29T12:00:11.000,5.94,51.66,9.21,45.911933,-123.982843
2020-05-29T12:15:11.000,5.82,50.58,9.16,45.911933,-123.982843
2020-05-29T12:30:11.000,5.81,50.4,9.14,45.911933,-123.982843
2020-05-29T12:45:11.000,5.8,50.3,9.11,45.911933,-123.982843
2020-05-29T13:00:11.000,5.77,50.06,9.11,45.911933,-123.982843
2020-05-29T13:15:11.000,5.75,49.86,9.11,45.911933,-123.982843
2020-05-29T13:30:11.000,5.78,50.16,9.11,45.911933,-123.982843
2020-05-29T13:45:11.000,5.76,50.02,9.13,45.911933,-123.982843
2020-05-29T14:00:11.000,5.8,50.32,9.14,45.911933,-123.982843
2020-05-29T14:15:11.000,5.78,50.21,9.15,45.911933,-123.982843
2020-05-29T14:30:11.000,5.9,51.24,9.18,45.911933,-123.982843
2020-05-29T14:45:11.000,5.84,50.68,9.16,45.911933,-123.982843
2020-05-29T15:00:11.000,5.83,50.64,9.16,45.911933,-123.982843
2020-05-29T15:15:11.000,5.92,51.43,9.18,45.911933,-123.982843
2020-05-29T15:30:11.000,5.85,50.81,9.18,45.911933,-123.982843
2020-05-29T15:45:11.000,5.86,50.91,9.18,45.911933,-123.982843
2020-05-29T16:00:11.000,5.94,51.6,9.21,45.911933,-123.982843
2020-05-29T16:15:11.000,6,52.19,9.21,45.911933,-123.982843
2020-05-29T16:30:11.000,5.9,51.31,9.2,45.911933,-123.982843
2020-05-29T16:45:11.000,5.89,51.25,9.2,45.911933,-123.982843
2020-05-29T17:00:11.000,5.92,51.48,9.21,45.911933,-123.982843
2020-05-29T17:15:11.000,6.66,58.2,9.4,45.911933,-123.982843
2020-05-29T17:30:11.000,6.19,53.9,9.3,45.911933,-123.982843
2020-05-29T17:45:11.000,6.16,53.63,9.28,45.911933,-123.982843
2020-05-29T18:00:11.000,6.13,53.37,9.28,45.911933,-123.982843
2020-05-29T18:15:11.000,6.44,56.26,9.42,45.911933,-123.982843
2020-05-29T18:30:11.000,6.23,54.33,9.31,45.911933,-123.982843
2020-05-29T18:45:11.000,6.14,53.5,9.27,45.911933,-123.982843
2020-05-29T19:00:11.000,6.12,53.31,9.26,45.911933,-123.982843
2020-05-29T19:15:11.000,5.98,51.99,9.21,45.911933,-123.982843
2020-05-29T19:30:11.000,5.87,50.95,9.16,45.911933,-123.982843
2020-05-29T19:45:11.000,5.85,50.73,9.11,45.911933,-123.982843
2020-05-29T20:00:11.000,5.79,50.18,9.04,45.911933,-123.982843
2020-05-29T20:15:11.000,5.85,50.59,9.02,45.911933,-123.982843
2020-05-29T20:30:11.000,5.86,50.78,9.04,45.911933,-123.982843
2020-05-29T20:45:11.000,6.02,52.22,9.1,45.911933,-123.982843
2020-05-29T21:00:11.000,6.72,58.6,9.33,45.911933,-123.982843
2020-05-29T21:15:11.000,7.84,68.9,9.66,45.911933,-123.982843
2020-05-29T21:30:11.000,8.27,73.14,9.92,45.911933,-123.982843
2020-05-29T21:45:11.000,8.77,78.01,10.17,45.911933,-123.982843
2020-05-29T22:00:11.000,9.5,85.13,10.47,45.911933,-123.982843
2020-05-29T22:15:11.000,7.94,69.69,9.61,45.911933,-123.982843
2020-05-29T22:30:11.000,8.18,71.08,9.2,45.911933,-123.982843
2020-05-29T22:45:11.000,5.96,51.64,9.04,45.911933,-123.982843
2020-05-29T23:00:11.000,5.43,46.92,8.95,45.911933,-123.982843
2020-05-29T23:15:11.000,5.32,45.9,8.91,45.911933,-123.982843
2020-05-29T23:30:11.000,5.28,45.6,8.9,45.911933,-123.982843
2020-05-29T23:45:11.000,5.27,45.45,8.9,45.911933,-123.982843
2020-05-30T00:00:11.000,5.28,45.54,8.9,45.911933,-123.982843
2020-05-30T00:15:11.000,5.28,45.53,8.9,45.911933,-123.982843
2020-05-30T00:30:11.000,5.23,45.11,8.9,45.911933,-123.982843
2020-05-30T00:45:11.000,5.26,45.4,8.9,45.911933,-123.982843
2020-05-30T01:00:11.000,5.26,45.42,8.91,45.911933,-123.982843
2020-05-30T01:15:11.000,5.24,45.25,8.92,45.911933,-123.982843
2020-05-30T01:30:11.000,5.22,45.11,8.92,45.911933,-123.982843
2020-05-30T01:45:11.000,5.24,45.26,8.92,45.911933,-123.982843
2020-05-30T02:00:11.000,5.29,45.64,8.92,45.911933,-123.982843
2020-05-30T02:15:11.000,5.24,45.27,8.92,45.911933,-123.982843
2020-05-30T02:30:11.000,5.27,45.48,8.93,45.911933,-123.982843
2020-05-30T02:45:11.000,5.23,45.15,8.93,45.911933,-123.982843
2020-05-30T03:00:11.000,5.26,45.45,8.93,45.911933,-123.982843
2020-05-30T03:15:11.000,5.25,45.37,8.93,45.911933,-123.982843
2020-05-30T03:30:11.000,5.29,45.68,8.94,45.911933,-123.982843
2020-05-30T03:45:11.000,5.23,45.15,8.94,45.911933,-123.982843
2020-05-30T04:00:11.000,5.23,45.21,8.95,45.911933,-123.982843
2020-05-30T04:15:11.000,5.36,46.29,8.94,45.911933,-123.982843
2020-05-30T04:30:11.000,5.32,45.95,8.95,45.911933,-123.982843
2020-05-30T04:45:11.000,5.32,45.97,8.95,45.911933,-123.982843
2020-05-30T05:00:11.000,5.31,45.87,8.95,45.911933,-123.982843
2020-05-30T05:15:11.000,5.34,46.14,8.95,45.911933,-123.982843
2020-05-30T05:30:11.000,5.32,45.94,8.95,45.911933,-123.982843
2020-05-30T05:45:11.000,5.28,45.66,8.95,45.911933,-123.982843
2020-05-30T06:00:11.000,5.33,46.09,8.95,45.911933,-123.982843
2020-05-30T06:15:11.000,5.28,45.61,8.95,45.911933,-123.982843
2020-05-30T06:30:11.000,5.26,45.45,8.96,45.911933,-123.982843
2020-05-30T06:45:11.000,5.24,45.3,8.95,45.911933,-123.982843
2020-05-30T07:00:11.000,5.26,45.45,8.92,45.911933,-123.982843
2020-05-30T07:15:11.000,5.21,45.02,8.92,45.911933,-123.982843
2020-05-30T07:30:11.000,5.16,44.53,8.92,45.911933,-123.982843
2020-05-30T07:45:11.000,5.2,44.88,8.88,45.911933,-123.982843
2020-05-30T08:00:11.000,5.27,45.39,8.84,45.911933,-123.982843
2020-05-30T08:15:11.000,5.2,44.79,8.83,45.911933,-123.982843
2020-05-30T08:30:11.000,5.18,44.64,8.81,45.911933,-123.982843
2020-05-30T08:45:11.000,5.13,44.13,8.78,45.911933,-123.982843
2020-05-30T09:00:11.000,5.12,44.05,8.78,45.911933,-123.982843
2020-05-30T09:15:11.000,5.09,43.8,8.78,45.911933,-123.982843
2020-05-30T09:30:11.000,5.11,43.94,8.76,45.911933,-123.982843
2020-05-30T09:45:11.000,5.08,43.7,8.76,45.911933,-123.982843
2020-05-30T10:00:11.000,5.08,43.64,8.74,45.911933,-123.982843
2020-05-30T10:15:11.000,5.06,43.47,8.75,45.911933,-123.982843
2020-05-30T10:30:11.000,5.09,43.79,8.73,45.911933,-123.982843
2020-05-30T10:45:11.000,6.33,54.65,8.89,45.911933,-123.982843
2020-05-30T11:00:11.000,6.85,59.12,8.93,45.911933,-123.982843
2020-05-30T11:15:11.000,7.34,63.58,9.05,45.911933,-123.982843
2020-05-30T11:30:11.000,6.53,56.87,9.28,45.911933,-123.982843
2020-05-30T11:45:11.000,7.35,63.92,9.21,45.911933,-123.982843
2020-05-30T12:00:11.000,5.79,50.06,8.97,45.911933,-123.982843
2020-05-30T12:15:11.000,5.41,46.63,8.83,45.911933,-123.982843
2020-05-30T12:30:11.000,5.17,44.48,8.75,45.911933,-123.982843
2020-05-30T12:45:11.000,3.46,29.69,8.71,45.911933,-123.982843
2020-05-30T13:00:11.000,2.1,18.03,8.7,45.911933,-123.982843
2020-05-30T13:15:11.000,1.7,14.61,8.69,45.911933,-123.982843
2020-05-30T13:30:11.000,2.86,24.54,8.69,45.911933,-123.982843
2020-05-30T13:45:11.000,2.07,17.77,8.69,45.911933,-123.982843
2020-05-30T14:00:11.000,4.41,37.86,8.69,45.911933,-123.982843
2020-05-30T14:15:11.000,4.42,37.92,8.69,45.911933,-123.982843
2020-05-30T14:30:11.000,3.63,31.19,8.69,45.911933,-123.982843
2020-05-30T14:45:11.000,2.8,24.06,8.69,45.911933,-123.982843
2020-05-30T15:00:11.000,3.25,27.9,8.69,45.911933,-123.982843
2020-05-30T15:15:11.000,4.28,36.72,8.69,45.911933,-123.982843
2020-05-30T15:30:11.000,3.43,29.49,8.68,45.911933,-123.982843
2020-05-30T15:45:11.000,2.63,22.61,8.69,45.911933,-123.982843
2020-05-30T16:00:11.000,2.2,18.9,8.68,45.911933,-123.982843
2020-05-30T16:15:11.000,1.72,14.75,8.69,45.911933,-123.982843
2020-05-30T16:30:11.000,2.28,19.55,8.69,45.911933,-123.982843
2020-05-30T16:45:11.000,1.51,12.97,8.68,45.911933,-123.982843
2020-05-30T17:00:11.000,1.29,11.07,8.69,45.911933,-123.982843
2020-05-30T17:15:11.000,1.7,14.58,8.69,45.911933,-123.982843
2020-05-30T17:30:11.000,1.21,10.37,8.71,45.911933,-123.982843
2020-05-30T17:45:11.000,0.97,8.33,8.71,45.911933,-123.982843
2020-05-30T18:00:11.000,1.21,10.4,8.72,45.911933,-123.982843
2020-05-30T18:15:11.000,1.65,14.21,8.75,45.911933,-123.982843
2020-05-30T18:30:11.000,0.74,6.38,8.78,45.911933,-123.982843
2020-05-30T18:45:11.000,1.76,15.15,8.76,45.911933,-123.982843
2020-05-30T19:00:11.000,0.58,4.98,8.78,45.911933,-123.982843
2020-05-30T19:15:11.000,1.07,9.17,8.78,45.911933,-123.982843
2020-05-30T19:30:11.000,0.58,4.96,8.8,45.911933,-123.982843
2020-05-30T19:45:11.000,0.44,3.79,8.81,45.911933,-123.982843
2020-05-30T20:00:11.000,0.31,2.71,8.83,45.911933,-123.982843
2020-05-30T20:15:11.000,0.21,1.83,8.83,45.911933,-123.982843
2020-05-30T20:30:11.000,0.18,1.53,8.85,45.911933,-123.982843
2020-05-30T20:45:11.000,4.94,42.59,8.85,45.911933,-123.982843
2020-05-30T21:00:11.000,4.23,36.43,8.85,45.911933,-123.982843
2020-05-30T21:15:11.000,1.72,14.85,8.85,45.911933,-123.982843
2020-05-30T21:30:11.000,3.33,28.72,8.85,45.911933,-123.982843
2020-05-30T21:45:11.000,5.23,45.11,8.84,45.911933,-123.982843
2020-05-30T22:00:11.000,5.2,44.8,8.83,45.911933,-123.982843
2020-05-30T22:15:11.000,5.08,43.75,8.81,45.911933,-123.982843
2020-05-30T22:30:11.000,4.41,37.96,8.76,45.911933,-123.982843
2020-05-30T22:45:11.000,2.61,22.45,8.76,45.911933,-123.982843
2020-05-30T23:00:11.000,1.16,9.95,8.79,45.911933,-123.982843
2020-05-30T23:15:11.000,4.89,42.14,8.81,45.911933,-123.982843
2020-05-30T23:30:11.000,3.92,33.87,8.92,45.911933,-123.982843
