Time (UTC),DO (ml/L),Dissolved Oxygen (%),Temperature (C),Latitude,Longitude
2020-06-04T20:31:24.000,7.39,64.8,9.54,NaN,NaN
2020-06-04T20:46:24.000,7.24,63.36,9.47,NaN,NaN
2020-06-04T21:01:24.000,7.06,61.67,9.41,NaN,NaN
2020-06-04T21:16:24.000,7,61.14,9.38,NaN,NaN
2020-06-04T21:31:24.000,6.96,60.78,9.37,NaN,NaN
2020-06-04T21:46:24.000,6.9,60.19,9.35,NaN,NaN
2020-06-04T22:01:24.000,6.84,59.65,9.33,NaN,NaN
2020-06-04T22:16:24.000,6.76,58.92,9.31,NaN,NaN
2020-06-04T22:31:24.000,6.63,57.74,9.26,NaN,NaN
2020-06-04T22:46:24.000,6.61,57.5,9.23,NaN,NaN
2020-06-04T23:01:24.000,6.57,57.11,9.21,NaN,NaN
2020-06-04T23:16:24.000,6.51,56.56,9.18,NaN,NaN
2020-06-04T23:31:24.000,6.51,56.58,9.18,NaN,NaN
2020-06-04T23:46:24.000,6.57,57.11,9.18,NaN,NaN
2020-06-05T00:01:24.000,6.6,57.34,9.21,NaN,NaN
2020-06-05T00:16:24.000,6.64,57.75,9.23,NaN,NaN
2020-06-05T00:31:24.000,6.7,58.31,9.25,NaN,NaN
2020-06-05T00:46:24.000,6.75,58.74,9.28,NaN,NaN
2020-06-05T01:01:24.000,6.73,58.64,9.28,NaN,NaN
2020-06-05T01:16:24.000,6.73,58.63,9.28,NaN,NaN
2020-06-05T01:31:24.000,6.69,58.23,9.26,NaN,NaN
2020-06-05T01:46:24.000,6.66,58.01,9.26,NaN,NaN
2020-06-05T02:01:24.000,6.69,58.2,9.26,NaN,NaN
2020-06-05T02:16:24.000,6.66,58,9.26,NaN,NaN
2020-06-05T02:31:24.000,6.65,57.92,9.26,NaN,NaN
2020-06-05T02:46:24.000,6.65,57.91,9.26,NaN,NaN
2020-06-05T03:01:24.000,6.66,57.96,9.27,NaN,NaN
2020-06-05T03:16:24.000,6.66,58.02,9.28,NaN,NaN
2020-06-05T03:31:24.000,6.7,58.35,9.28,NaN,NaN
2020-06-05T03:46:24.000,6.71,58.49,9.29,NaN,NaN
2020-06-05T04:01:24.000,6.81,59.34,9.3,NaN,NaN
2020-06-05T04:16:24.000,6.83,59.51,9.33,NaN,NaN
2020-06-05T04:31:24.000,6.87,59.94,9.34,NaN,NaN
2020-06-05T04:46:24.000,6.95,60.63,9.35,NaN,NaN
2020-06-05T05:01:24.000,7,61.14,9.37,NaN,NaN
2020-06-05T05:16:24.000,7.07,61.71,9.39,NaN,NaN
2020-06-05T05:31:24.000,7.21,62.97,9.42,NaN,NaN
2020-06-05T05:46:24.000,7.21,63,9.43,NaN,NaN
2020-06-05T06:01:24.000,7.28,63.7,9.46,NaN,NaN
2020-06-05T06:16:24.000,7.36,64.37,9.48,NaN,NaN
2020-06-05T06:31:24.000,7.32,64.1,9.49,NaN,NaN
2020-06-05T06:46:24.000,7.31,63.98,9.49,NaN,NaN
2020-06-05T07:01:24.000,7.3,63.89,9.49,NaN,NaN
2020-06-05T07:16:24.000,7.29,63.77,9.48,NaN,NaN
2020-06-05T07:31:24.000,7.25,63.41,9.47,NaN,NaN
2020-06-05T07:46:24.000,7.21,63.04,9.47,NaN,NaN
2020-06-05T08:01:24.000,7.17,62.75,9.46,NaN,NaN
2020-06-05T08:16:24.000,7.15,62.51,9.44,NaN,NaN
2020-06-05T08:31:24.000,7.04,61.41,9.37,NaN,NaN
2020-06-05T08:46:24.000,6.92,60.35,9.33,NaN,NaN
2020-06-05T09:01:24.000,6.8,59.19,9.28,NaN,NaN
2020-06-05T09:16:24.000,6.66,57.89,9.21,NaN,NaN
2020-06-05T09:31:24.000,6.52,56.68,9.18,NaN,NaN
2020-06-05T09:46:24.000,6.39,55.41,9.12,NaN,NaN
2020-06-05T10:01:24.000,6.33,54.88,9.1,NaN,NaN
2020-06-05T10:16:24.000,6.27,54.33,9.08,NaN,NaN
2020-06-05T10:31:24.000,6.23,53.96,9.07,NaN,NaN
2020-06-05T10:46:24.000,6.12,52.98,9.03,NaN,NaN
2020-06-05T11:01:24.000,6.06,52.44,9.02,NaN,NaN
2020-06-05T11:16:24.000,6.02,52.03,9,NaN,NaN
2020-06-05T11:31:24.000,5.98,51.69,8.99,NaN,NaN
2020-06-05T11:46:24.000,5.94,51.37,8.97,NaN,NaN
2020-06-05T12:01:24.000,5.92,51.17,8.97,NaN,NaN
2020-06-05T12:16:24.000,5.91,51.05,8.97,NaN,NaN
2020-06-05T12:31:24.000,5.84,50.42,8.95,NaN,NaN
2020-06-05T12:46:24.000,5.81,50.2,8.95,NaN,NaN
2020-06-05T13:01:24.000,5.78,49.96,8.93,NaN,NaN
2020-06-05T13:16:24.000,5.78,49.87,8.93,NaN,NaN
2020-06-05T13:31:24.000,5.72,49.37,8.92,NaN,NaN
2020-06-05T13:46:24.000,5.7,49.21,8.91,NaN,NaN
2020-06-05T14:01:24.000,5.67,48.97,8.9,NaN,NaN
2020-06-05T14:16:24.000,5.64,48.67,8.9,NaN,NaN
2020-06-05T14:31:24.000,5.65,48.77,8.9,NaN,NaN
2020-06-05T14:46:24.000,5.6,48.34,8.89,NaN,NaN
2020-06-05T15:01:24.000,5.54,47.79,8.86,NaN,NaN
2020-06-05T15:16:24.000,5.47,47.13,8.84,NaN,NaN
2020-06-05T15:31:24.000,5.38,46.35,8.83,NaN,NaN
2020-06-05T15:46:24.000,5.31,45.7,8.81,NaN,NaN
2020-06-05T16:01:24.000,5.25,45.23,8.8,NaN,NaN
2020-06-05T16:16:24.000,5.2,44.77,8.78,NaN,NaN
2020-06-05T16:31:24.000,5.14,44.2,8.77,NaN,NaN
2020-06-05T16:46:24.000,5.06,43.52,8.76,NaN,NaN
2020-06-05T17:01:24.000,4.99,42.89,8.74,NaN,NaN
2020-06-05T17:16:24.000,4.09,35.19,8.73,NaN,NaN
2020-06-05T17:31:24.000,4.97,42.74,8.73,NaN,NaN
2020-06-05T17:46:24.000,4.99,42.92,8.74,NaN,NaN
2020-06-05T18:01:24.000,4.96,42.62,8.74,NaN,NaN
2020-06-05T18:16:24.000,4.98,42.84,8.75,NaN,NaN
2020-06-05T18:31:24.000,4.98,42.82,8.76,NaN,NaN
2020-06-05T18:46:24.000,5.11,43.99,8.78,NaN,NaN
2020-06-05T19:01:24.000,5.16,44.41,8.79,NaN,NaN
2020-06-05T19:16:24.000,5.18,44.56,8.8,NaN,NaN
2020-06-05T19:31:24.000,5.21,44.83,8.81,NaN,NaN
2020-06-05T19:46:24.000,5.25,45.23,8.81,NaN,NaN
2020-06-05T20:01:24.000,5.34,46.02,8.83,NaN,NaN
2020-06-05T20:16:24.000,5.36,46.16,8.83,NaN,NaN
2020-06-05T20:31:24.000,5.39,46.48,8.85,NaN,NaN
2020-06-05T20:46:24.000,5.45,46.96,8.85,NaN,NaN
2020-06-05T21:01:24.000,5.46,47.11,8.86,NaN,NaN
2020-06-05T21:16:24.000,5.48,47.28,8.87,NaN,NaN
2020-06-05T21:31:24.000,5.45,47.04,8.87,NaN,NaN
2020-06-05T21:46:24.000,5.43,46.82,8.88,NaN,NaN
2020-06-05T22:01:24.000,5.42,46.75,8.87,NaN,NaN
2020-06-05T22:16:24.000,5.4,46.6,8.86,NaN,NaN
2020-06-05T22:31:24.000,5.39,46.44,8.86,NaN,NaN
2020-06-05T22:46:24.000,5.37,46.27,8.85,NaN,NaN
2020-06-05T23:01:24.000,5.34,45.99,8.85,NaN,NaN
2020-06-05T23:16:24.000,5.28,45.5,8.84,NaN,NaN
2020-06-05T23:31:24.000,5.21,44.88,8.82,NaN,NaN
2020-06-05T23:46:24.000,5.17,44.49,8.81,NaN,NaN
2020-06-06T00:01:24.000,5.14,44.3,8.81,NaN,NaN
2020-06-06T00:16:24.000,5.16,44.47,8.81,NaN,NaN
2020-06-06T00:31:24.000,5.16,44.42,8.81,NaN,NaN
2020-06-06T00:46:24.000,5.26,45.31,8.82,NaN,NaN
2020-06-06T01:01:24.000,5.18,44.64,8.81,NaN,NaN
2020-06-06T01:16:24.000,5.18,44.59,8.83,NaN,NaN
2020-06-06T01:31:24.000,5.16,44.46,8.83,NaN,NaN
2020-06-06T01:46:24.000,5.15,44.41,8.83,NaN,NaN
2020-06-06T02:01:24.000,5.16,44.41,8.83,NaN,NaN
2020-06-06T02:16:24.000,5.18,44.62,8.83,NaN,NaN
2020-06-06T02:31:24.000,5.21,44.87,8.83,NaN,NaN
2020-06-06T02:46:24.000,5.23,45.04,8.83,NaN,NaN
2020-06-06T03:01:24.000,5.24,45.13,8.83,NaN,NaN
2020-06-06T03:16:24.000,5.21,44.86,8.83,NaN,NaN
2020-06-06T03:31:24.000,5.23,45.06,8.83,NaN,NaN
2020-06-06T03:46:24.000,5.23,45.06,8.83,NaN,NaN
2020-06-06T04:01:24.000,5.25,45.2,8.83,NaN,NaN
2020-06-06T04:16:24.000,5.25,45.24,8.83,NaN,NaN
2020-06-06T04:31:24.000,5.26,45.31,8.83,NaN,NaN
2020-06-06T04:46:24.000,5.29,45.54,8.83,NaN,NaN
2020-06-06T05:01:24.000,5.3,45.65,8.83,NaN,NaN
2020-06-06T05:16:24.000,5.34,46.03,8.83,NaN,NaN
2020-06-06T05:31:24.000,5.35,46.13,8.83,NaN,NaN
2020-06-06T05:46:24.000,5.38,46.37,8.83,NaN,NaN
2020-06-06T06:01:24.000,5.41,46.63,8.83,NaN,NaN
2020-06-06T06:16:24.000,5.43,46.76,8.84,NaN,NaN
2020-06-06T06:31:24.000,5.47,47.19,8.85,NaN,NaN
2020-06-06T06:46:24.000,5.48,47.22,8.85,NaN,NaN
2020-06-06T07:01:24.000,5.62,48.46,8.88,NaN,NaN
2020-06-06T07:16:24.000,5.72,49.35,8.92,NaN,NaN
2020-06-06T07:31:24.000,5.96,51.49,8.97,NaN,NaN
2020-06-06T07:46:24.000,6.14,53.17,9.02,NaN,NaN
2020-06-06T08:01:24.000,6.18,53.47,9.04,NaN,NaN
2020-06-06T08:16:24.000,6.2,53.71,9.04,NaN,NaN
2020-06-06T08:31:24.000,6.18,53.54,9.06,NaN,NaN
2020-06-06T08:46:24.000,6.21,53.84,9.07,NaN,NaN
2020-06-06T09:01:24.000,6.26,54.22,9.08,NaN,NaN
2020-06-06T09:16:24.000,6.31,54.72,9.09,NaN,NaN
2020-06-06T09:31:24.000,6.27,54.38,9.1,NaN,NaN
2020-06-06T09:46:24.000,6.28,54.45,9.1,NaN,NaN
2020-06-06T10:01:24.000,6.31,54.74,9.11,NaN,NaN
2020-06-06T10:16:24.000,6.33,54.94,9.12,NaN,NaN
2020-06-06T10:31:24.000,6.37,55.31,9.14,NaN,NaN
2020-06-06T10:46:24.000,6.42,55.69,9.14,NaN,NaN
2020-06-06T11:01:24.000,6.43,55.85,9.16,NaN,NaN
2020-06-06T11:16:24.000,6.41,55.67,9.16,NaN,NaN
2020-06-06T11:31:24.000,6.45,56,9.16,NaN,NaN
2020-06-06T11:46:24.000,6.44,55.9,9.16,NaN,NaN
2020-06-06T12:01:24.000,6.42,55.74,9.17,NaN,NaN
2020-06-06T12:16:24.000,6.46,56.1,9.17,NaN,NaN
2020-06-06T12:31:24.000,6.41,55.68,9.17,NaN,NaN
2020-06-06T12:46:24.000,6.37,55.3,9.17,NaN,NaN
2020-06-06T13:01:24.000,6.38,55.46,9.18,NaN,NaN
2020-06-06T13:16:24.000,6.37,55.35,9.18,NaN,NaN
2020-06-06T13:31:24.000,6.38,55.47,9.18,NaN,NaN
2020-06-06T13:46:24.000,6.42,55.75,9.18,NaN,NaN
2020-06-06T14:01:24.000,6.42,55.81,9.19,NaN,NaN
2020-06-06T14:16:24.000,6.43,55.87,9.2,NaN,NaN
2020-06-06T14:31:24.000,6.51,56.56,9.21,NaN,NaN
2020-06-06T14:46:24.000,6.43,55.87,9.21,NaN,NaN
2020-06-06T15:01:24.000,6.39,55.56,9.21,NaN,NaN
2020-06-06T15:16:24.000,6.41,55.75,9.21,NaN,NaN
2020-06-06T15:31:24.000,6.46,56.12,9.21,NaN,NaN
2020-06-06T15:46:24.000,6.49,56.48,9.22,NaN,NaN
2020-06-06T16:01:24.000,6.5,56.52,9.23,NaN,NaN
2020-06-06T16:16:24.000,6.5,56.55,9.23,NaN,NaN
2020-06-06T16:31:24.000,6.57,57.21,9.24,NaN,NaN
2020-06-06T16:46:24.000,6.58,57.31,9.26,NaN,NaN
2020-06-06T17:01:24.000,6.62,57.65,9.27,NaN,NaN
2020-06-06T17:16:24.000,6.69,58.27,9.28,NaN,NaN
2020-06-06T17:31:24.000,6.74,58.73,9.3,NaN,NaN
2020-06-06T17:46:24.000,6.83,59.56,9.32,NaN,NaN
2020-06-06T18:01:24.000,6.92,60.37,9.34,NaN,NaN
2020-06-06T18:16:24.000,6.99,61.04,9.37,NaN,NaN
2020-06-06T18:31:24.000,7.13,62.25,9.4,NaN,NaN
2020-06-06T18:46:24.000,7.3,63.79,9.44,NaN,NaN
2020-06-06T19:01:24.000,7.56,66.22,9.49,NaN,NaN
2020-06-06T19:16:24.000,7.75,67.89,9.54,NaN,NaN
2020-06-06T19:31:24.000,7.91,69.38,9.59,NaN,NaN
2020-06-06T19:46:24.000,7.95,69.78,9.63,NaN,NaN
2020-06-06T20:01:24.000,8.03,70.55,9.67,NaN,NaN
2020-06-06T20:16:24.000,8.14,71.6,9.7,NaN,NaN
2020-06-06T20:31:24.000,8.18,72.04,9.73,NaN,NaN
2020-06-06T20:46:24.000,8.32,73.35,9.8,NaN,NaN
2020-06-06T21:01:24.000,8.45,74.55,9.84,NaN,NaN
2020-06-06T21:16:24.000,8.52,75.29,9.89,NaN,NaN
2020-06-06T21:31:24.000,8.64,76.37,9.92,NaN,NaN
2020-06-06T21:46:24.000,8.66,76.58,9.94,NaN,NaN
2020-06-06T22:01:24.000,8.68,76.82,9.96,NaN,NaN
2020-06-06T22:16:24.000,8.67,76.73,9.97,NaN,NaN
2020-06-06T22:31:24.000,8.7,76.99,9.97,NaN,NaN
2020-06-06T22:46:24.000,8.66,76.68,9.97,NaN,NaN
2020-06-06T23:01:24.000,8.7,77,9.98,NaN,NaN
2020-06-06T23:16:24.000,8.67,76.77,9.97,NaN,NaN
2020-06-06T23:31:24.000,8.63,76.42,9.96,NaN,NaN
2020-06-06T23:46:24.000,8.59,76.05,9.96,NaN,NaN
2020-06-07T00:01:24.000,8.62,76.28,9.96,NaN,NaN
2020-06-07T00:16:24.000,8.63,76.42,9.96,NaN,NaN
2020-06-07T00:31:24.000,8.57,75.84,9.94,NaN,NaN
2020-06-07T00:46:24.000,8.54,75.58,9.94,NaN,NaN
2020-06-07T01:01:24.000,8.55,75.67,9.94,NaN,NaN
2020-06-07T01:16:24.000,8.6,76.09,9.95,NaN,NaN
2020-06-07T01:31:24.000,8.87,78.69,10.05,NaN,NaN
2020-06-07T01:46:24.000,9.13,81.13,10.12,NaN,NaN
2020-06-07T02:01:24.000,9.5,84.62,10.22,NaN,NaN
2020-06-07T02:16:24.000,9.76,87.13,10.31,NaN,NaN
2020-06-07T02:31:24.000,9.73,86.9,10.34,NaN,NaN
2020-06-07T02:46:24.000,9.77,87.36,10.41,NaN,NaN
2020-06-07T03:01:24.000,9.86,88.31,10.45,NaN,NaN
2020-06-07T03:16:24.000,9.93,89.02,10.5,NaN,NaN
2020-06-07T03:31:24.000,9.98,89.47,10.52,NaN,NaN
2020-06-07T03:46:24.000,10.02,89.99,10.57,NaN,NaN
2020-06-07T04:01:24.000,10.17,91.39,10.59,NaN,NaN
2020-06-07T04:16:24.000,10.25,92.24,10.67,NaN,NaN
2020-06-07T04:31:24.000,10.51,95.01,10.88,NaN,NaN
2020-06-07T04:46:24.000,10.52,95.16,10.9,NaN,NaN
2020-06-07T05:01:24.000,10.63,96.19,10.92,NaN,NaN
2020-06-07T05:16:24.000,10.6,95.96,10.93,NaN,NaN
2020-06-07T05:31:24.000,10.77,97.69,11,NaN,NaN
2020-06-07T05:46:24.000,10.81,98.08,11.03,NaN,NaN
2020-06-07T06:01:24.000,10.77,97.79,11.03,NaN,NaN
2020-06-07T06:16:24.000,10.82,98.24,11.06,NaN,NaN
2020-06-07T06:31:24.000,10.89,98.92,11.08,NaN,NaN
2020-06-07T06:46:24.000,10.89,98.99,11.08,NaN,NaN
2020-06-07T07:01:24.000,10.9,99.13,11.11,NaN,NaN
2020-06-07T07:16:24.000,10.9,99.09,11.12,NaN,NaN
2020-06-07T07:31:24.000,10.91,99.22,11.13,NaN,NaN
2020-06-07T07:46:24.000,10.91,99.26,11.13,NaN,NaN
2020-06-07T08:01:24.000,10.86,98.7,11.11,NaN,NaN
2020-06-07T08:16:24.000,10.85,98.63,11.11,NaN,NaN
2020-06-07T08:31:24.000,10.8,98.12,11.08,NaN,NaN
2020-06-07T08:46:24.000,10.74,97.45,11.04,NaN,NaN
2020-06-07T09:01:24.000,10.58,95.89,10.99,NaN,NaN
2020-06-07T09:16:24.000,10.55,95.59,10.97,NaN,NaN
2020-06-07T09:31:24.000,10.51,95.19,10.94,NaN,NaN
2020-06-07T09:46:24.000,10.48,94.88,10.92,NaN,NaN
2020-06-07T10:01:24.000,10.44,94.49,10.9,NaN,NaN
2020-06-07T10:16:24.000,10.35,93.59,10.87,NaN,NaN
2020-06-07T10:31:24.000,10.06,90.63,10.73,NaN,NaN
2020-06-07T10:46:24.000,9.94,89.47,10.68,NaN,NaN
2020-06-07T11:01:24.000,9.83,88.4,10.62,NaN,NaN
2020-06-07T11:16:24.000,9.78,87.87,10.59,NaN,NaN
2020-06-07T11:31:24.000,9.7,87.15,10.58,NaN,NaN
2020-06-07T11:46:24.000,9.65,86.67,10.57,NaN,NaN
2020-06-07T12:01:24.000,9.6,86.18,10.55,NaN,NaN
2020-06-07T12:16:24.000,9.54,85.63,10.54,NaN,NaN
2020-06-07T12:31:24.000,9.55,85.72,10.55,NaN,NaN
2020-06-07T12:46:24.000,9.54,85.64,10.55,NaN,NaN
2020-06-07T13:01:24.000,9.54,85.66,10.56,NaN,NaN
2020-06-07T13:16:24.000,9.56,85.86,10.57,NaN,NaN
2020-06-07T13:31:24.000,9.6,86.28,10.59,NaN,NaN
2020-06-07T13:46:24.000,9.87,88.92,10.71,NaN,NaN
2020-06-07T14:01:24.000,10.27,92.9,10.9,NaN,NaN
2020-06-07T14:16:24.000,10.58,96.19,11.11,NaN,NaN
2020-06-07T14:31:24.000,10.61,96.93,11.31,NaN,NaN
2020-06-07T14:46:24.000,10.49,96.2,11.48,NaN,NaN
2020-06-07T15:01:24.000,10.38,95.35,11.55,NaN,NaN
2020-06-07T15:16:24.000,10.16,93.41,11.59,NaN,NaN
2020-06-07T15:31:24.000,10.18,93.64,11.63,NaN,NaN
2020-06-07T15:46:24.000,10.22,94.23,11.71,NaN,NaN
2020-06-07T16:01:24.000,10.14,93.65,11.78,NaN,NaN
2020-06-07T16:16:24.000,10.13,93.58,11.8,NaN,NaN
2020-06-07T16:31:24.000,10.11,93.43,11.8,NaN,NaN
2020-06-07T16:46:24.000,10.14,93.63,11.8,NaN,NaN
2020-06-07T17:01:24.000,10.19,94.22,11.82,NaN,NaN
2020-06-07T17:16:24.000,10.26,94.86,11.85,NaN,NaN
2020-06-07T17:31:24.000,10.3,95.31,11.88,NaN,NaN
2020-06-07T17:46:24.000,10.39,96.25,11.92,NaN,NaN
2020-06-07T18:01:24.000,10.46,96.97,11.96,NaN,NaN
2020-06-07T18:16:24.000,10.41,96.59,11.98,NaN,NaN
2020-06-07T18:31:24.000,10.47,97.14,12.01,NaN,NaN
2020-06-07T18:46:24.000,10.51,97.57,12.03,NaN,NaN
2020-06-07T19:01:24.000,10.53,97.84,12.06,NaN,NaN
2020-06-07T19:16:24.000,10.44,97.06,12.09,NaN,NaN
2020-06-07T19:31:24.000,10.44,97.14,12.1,NaN,NaN
2020-06-07T19:46:24.000,10.55,98.15,12.1,NaN,NaN
2020-06-07T20:01:24.000,10.04,92.66,11.77,NaN,NaN
2020-06-07T20:16:24.000,10.14,93.32,11.65,NaN,NaN
2020-06-07T20:31:24.000,10.22,93.92,11.57,NaN,NaN
2020-06-07T20:46:24.000,10.18,93.43,11.52,NaN,NaN
2020-06-07T21:01:24.000,10.23,93.83,11.5,NaN,NaN
2020-06-07T21:16:24.000,10.17,93.18,11.45,NaN,NaN
2020-06-07T21:31:24.000,10.16,93.09,11.43,NaN,NaN
2020-06-07T21:46:24.000,10.16,93.04,11.41,NaN,NaN
2020-06-07T22:01:24.000,10.18,93.15,11.37,NaN,NaN
2020-06-07T22:16:24.000,10.13,92.52,11.29,NaN,NaN
2020-06-07T22:31:24.000,10.14,92.48,11.25,NaN,NaN
2020-06-07T22:46:24.000,10.06,91.67,11.2,NaN,NaN
2020-06-07T23:01:24.000,10.08,91.67,11.13,NaN,NaN
2020-06-07T23:16:24.000,10,90.84,11.06,NaN,NaN
2020-06-07T23:31:24.000,10.39,94.57,11.15,NaN,NaN
2020-06-07T23:46:24.000,10.36,94.29,11.14,NaN,NaN
2020-06-08T00:01:24.000,10.28,93.44,11.09,NaN,NaN
2020-06-08T00:16:24.000,10.22,92.9,11.08,NaN,NaN
2020-06-08T00:31:24.000,10.16,92.29,11.07,NaN,NaN
2020-06-08T00:46:24.000,10.22,92.88,11.08,NaN,NaN
2020-06-08T01:01:24.000,10.33,93.94,11.13,NaN,NaN
2020-06-08T01:16:24.000,10.47,95.25,11.15,NaN,NaN
2020-06-08T01:31:24.000,10.44,94.92,11.13,NaN,NaN
2020-06-08T01:46:24.000,10.25,93.14,11.08,NaN,NaN
2020-06-08T02:01:24.000,10.19,92.5,11.06,NaN,NaN
2020-06-08T02:16:24.000,10.22,92.83,11.07,NaN,NaN
2020-06-08T02:31:24.000,10.22,92.91,11.09,NaN,NaN
2020-06-08T02:46:24.000,10.15,92.26,11.1,NaN,NaN
2020-06-08T03:01:24.000,10.15,92.35,11.15,NaN,NaN
2020-06-08T03:16:24.000,10.13,92.27,11.2,NaN,NaN
2020-06-08T03:31:24.000,10.11,92.27,11.29,NaN,NaN
2020-06-08T03:46:24.000,10.06,91.95,11.34,NaN,NaN
2020-06-08T04:01:24.000,10.21,93.55,11.43,NaN,NaN
2020-06-08T04:16:24.000,10.11,92.76,11.52,NaN,NaN
2020-06-08T04:31:24.000,10.09,92.83,11.64,NaN,NaN
2020-06-08T04:46:24.000,10.03,92.62,11.8,NaN,NaN
2020-06-08T05:01:24.000,9.96,92.45,12.01,NaN,NaN
2020-06-08T05:16:24.000,9.95,92.82,12.21,NaN,NaN
2020-06-08T05:31:24.000,9.91,92.7,12.36,NaN,NaN
2020-06-08T05:46:24.000,10.16,94.38,12.05,NaN,NaN
2020-06-08T06:01:24.000,10.24,95.16,12.05,NaN,NaN
2020-06-08T06:16:24.000,10.29,95.63,12.05,NaN,NaN
2020-06-08T06:31:24.000,10.35,96.09,12.03,NaN,NaN
2020-06-08T06:46:24.000,10.24,94.82,11.92,NaN,NaN
2020-06-08T07:01:24.000,10.32,95.36,11.82,NaN,NaN
2020-06-08T07:16:24.000,10.42,96.07,11.71,NaN,NaN
2020-06-08T07:31:24.000,10.38,95.6,11.66,NaN,NaN
2020-06-08T07:46:24.000,10.31,94.66,11.54,NaN,NaN
2020-06-08T08:01:24.000,10.24,93.87,11.46,NaN,NaN
2020-06-08T08:16:24.000,10.28,94.14,11.43,NaN,NaN
2020-06-08T08:31:24.000,10.49,96.37,11.54,NaN,NaN
2020-06-08T08:46:24.000,10.39,95.21,11.47,NaN,NaN
2020-06-08T09:01:24.000,10.37,95,11.43,NaN,NaN
2020-06-08T09:16:24.000,10.35,94.7,11.41,NaN,NaN
2020-06-08T09:31:24.000,10.27,93.94,11.37,NaN,NaN
2020-06-08T09:46:24.000,10.27,93.92,11.38,NaN,NaN
2020-06-08T10:01:24.000,10.29,94.27,11.43,NaN,NaN
2020-06-08T10:16:24.000,10.2,93.33,11.37,NaN,NaN
2020-06-08T10:31:24.000,10.18,93.09,11.36,NaN,NaN
2020-06-08T10:46:24.000,10.31,94.31,11.36,NaN,NaN
2020-06-08T11:01:24.000,10.34,94.55,11.36,NaN,NaN
2020-06-08T11:16:24.000,10.45,95.56,11.35,NaN,NaN
2020-06-08T11:31:24.000,10.41,95.18,11.33,NaN,NaN
2020-06-08T11:46:24.000,10.43,95.18,11.29,NaN,NaN
2020-06-08T12:01:24.000,10.41,94.91,11.25,NaN,NaN
2020-06-08T12:16:24.000,10.35,94.26,11.18,NaN,NaN
2020-06-08T12:31:24.000,10.36,94.3,11.15,NaN,NaN
2020-06-08T12:46:24.000,10.22,92.82,11.08,NaN,NaN
2020-06-08T13:01:24.000,10.2,92.6,11.06,NaN,NaN
2020-06-08T13:16:24.000,10.14,92.08,11.06,NaN,NaN
2020-06-08T13:31:24.000,10.1,91.76,11.06,NaN,NaN
2020-06-08T13:46:24.000,10.23,93.03,11.13,NaN,NaN
2020-06-08T14:01:24.000,10.25,93.29,11.16,NaN,NaN
2020-06-08T14:16:24.000,10.32,94.11,11.22,NaN,NaN
2020-06-08T14:31:24.000,10.45,95.53,11.34,NaN,NaN
2020-06-08T14:46:24.000,10.48,95.93,11.42,NaN,NaN
2020-06-08T15:01:24.000,10.48,96.09,11.48,NaN,NaN
2020-06-08T15:16:24.000,10.45,95.92,11.52,NaN,NaN
2020-06-08T15:31:24.000,10.48,96.22,11.55,NaN,NaN
2020-06-08T15:46:24.000,10.44,95.91,11.57,NaN,NaN
2020-06-08T16:01:24.000,10.44,95.81,11.52,NaN,NaN
2020-06-08T16:16:24.000,10.39,95.24,11.48,NaN,NaN
2020-06-08T16:31:24.000,10.32,94.51,11.43,NaN,NaN
2020-06-08T16:46:24.000,10.13,92.52,11.32,NaN,NaN
2020-06-08T17:01:24.000,10.11,92.27,11.29,NaN,NaN
2020-06-08T17:16:24.000,10.08,92.1,11.31,NaN,NaN
2020-06-08T17:31:24.000,10.27,93.89,11.36,NaN,NaN
2020-06-08T17:46:24.000,10.3,94.2,11.38,NaN,NaN
2020-06-08T18:01:24.000,10.37,94.93,11.41,NaN,NaN
2020-06-08T18:16:24.000,10.35,94.87,11.45,NaN,NaN
2020-06-08T18:31:24.000,10.29,94.33,11.48,NaN,NaN
2020-06-08T18:46:24.000,10.24,93.96,11.5,NaN,NaN
2020-06-08T19:01:24.000,10.31,94.58,11.51,NaN,NaN
2020-06-08T19:16:24.000,10.27,94.33,11.56,NaN,NaN
2020-06-08T19:31:24.000,10.23,93.99,11.57,NaN,NaN
2020-06-08T19:46:24.000,10.16,93.36,11.59,NaN,NaN
2020-06-08T20:01:24.000,10.27,94.46,11.62,NaN,NaN
2020-06-08T20:16:24.000,10.23,94,11.59,NaN,NaN
2020-06-08T20:31:24.000,10.25,94.35,11.64,NaN,NaN
2020-06-08T20:46:24.000,10.41,96.16,11.8,NaN,NaN
2020-06-08T21:01:24.000,10.41,96.15,11.8,NaN,NaN
2020-06-08T21:16:24.000,10.36,95.74,11.82,NaN,NaN
2020-06-08T21:31:24.000,10.59,97.9,11.84,NaN,NaN
2020-06-08T21:46:24.000,10.52,97.2,11.8,NaN,NaN
2020-06-08T22:01:24.000,10.5,96.98,11.78,NaN,NaN
2020-06-08T22:16:24.000,10.45,96.35,11.71,NaN,NaN
2020-06-08T22:31:24.000,10.33,95.09,11.63,NaN,NaN
2020-06-08T22:46:24.000,10.18,93.45,11.55,NaN,NaN
2020-06-08T23:01:24.000,10.11,92.76,11.5,NaN,NaN
2020-06-08T23:16:24.000,10.19,93.41,11.48,NaN,NaN
2020-06-08T23:31:24.000,10.28,94.27,11.5,NaN,NaN
2020-06-08T23:46:24.000,10.25,94.06,11.5,NaN,NaN
2020-06-09T00:01:24.000,10.25,94.11,11.52,NaN,NaN
2020-06-09T00:16:24.000,10.26,94.17,11.52,NaN,NaN
2020-06-09T00:31:24.000,10.25,94.04,11.5,NaN,NaN
2020-06-09T00:46:24.000,10.32,94.59,11.48,NaN,NaN
2020-06-09T01:01:24.000,10.34,94.72,11.46,NaN,NaN
2020-06-09T01:16:24.000,10.37,95.05,11.45,NaN,NaN
2020-06-09T01:31:24.000,10.29,94.27,11.42,NaN,NaN
2020-06-09T01:46:24.000,10.28,94.15,11.45,NaN,NaN
2020-06-09T02:01:24.000,10.3,94.53,11.52,NaN,NaN
2020-06-09T02:16:24.000,10.36,95.36,11.64,NaN,NaN
2020-06-09T02:31:24.000,10.46,96.54,11.75,NaN,NaN
2020-06-09T02:46:24.000,10.45,96.61,11.82,NaN,NaN
2020-06-09T03:01:24.000,10.48,96.93,11.85,NaN,NaN
2020-06-09T03:16:24.000,10.5,97.25,11.91,NaN,NaN
2020-06-09T03:31:24.000,10.53,97.67,11.97,NaN,NaN
2020-06-09T03:46:24.000,10.58,98.29,12.06,NaN,NaN
2020-06-09T04:01:24.000,10.57,98.39,12.15,NaN,NaN
2020-06-09T04:16:24.000,10.63,99.22,12.26,NaN,NaN
2020-06-09T04:31:24.000,10.64,99.61,12.38,NaN,NaN
2020-06-09T04:46:24.000,10.82,16.45,12.51,NaN,NaN
2020-06-09T05:01:24.000,10.82,16.48,12.6,NaN,NaN
2020-06-09T05:16:24.000,10.76,16.43,12.63,NaN,NaN
2020-06-09T05:31:24.000,10.97,16.44,12.72,NaN,NaN
2020-06-09T05:46:24.000,11.02,16.4,12.76,NaN,NaN
2020-06-09T06:01:24.000,11.09,16.49,12.83,NaN,NaN
2020-06-09T06:16:24.000,11.07,16.46,12.83,NaN,NaN
2020-06-09T06:31:24.000,10.97,16.47,12.81,NaN,NaN
2020-06-09T06:46:24.000,11.1,16.4,12.88,NaN,NaN
2020-06-09T07:01:24.000,11.2,16.42,12.99,NaN,NaN
2020-06-09T07:16:24.000,11.25,16.48,13.04,NaN,NaN
2020-06-09T07:31:24.000,11.31,16.45,13.08,NaN,NaN
2020-06-09T07:46:24.000,11.38,16.43,13.13,NaN,NaN
2020-06-09T08:01:24.000,11.51,16.47,13.2,NaN,NaN
2020-06-09T08:16:24.000,11.51,16.47,13.22,NaN,NaN
2020-06-09T08:31:24.000,11.47,16.44,13.22,NaN,NaN
2020-06-09T08:46:24.000,11.36,16.43,13.22,NaN,NaN
2020-06-09T09:01:24.000,11.35,16.42,13.22,NaN,NaN
2020-06-09T09:16:24.000,11.39,16.46,13.22,NaN,NaN
2020-06-09T09:31:24.000,11.4,16.47,13.2,NaN,NaN
2020-06-09T09:46:24.000,10.21,94.9,12.08,NaN,NaN
2020-06-09T10:01:24.000,10.16,93.96,11.87,NaN,NaN
2020-06-09T10:16:24.000,10.14,93.64,11.8,NaN,NaN
2020-06-09T10:31:24.000,10.09,93.15,11.75,NaN,NaN
2020-06-09T10:46:24.000,10.1,93.2,11.75,NaN,NaN
2020-06-09T11:01:24.000,10.09,93.07,11.75,NaN,NaN
2020-06-09T11:16:24.000,10.1,93.27,11.8,NaN,NaN
2020-06-09T11:31:24.000,10.15,93.91,11.9,NaN,NaN
2020-06-09T11:46:24.000,10.2,94.65,12.01,NaN,NaN
2020-06-09T12:01:24.000,10.23,95.43,12.24,NaN,NaN
2020-06-09T12:16:24.000,10.42,97.8,12.51,NaN,NaN
2020-06-09T12:31:24.000,10.61,16.42,12.81,NaN,NaN
2020-06-09T12:46:24.000,10.75,16.4,13.02,NaN,NaN
2020-06-09T13:01:24.000,10.87,16.43,13.11,NaN,NaN
2020-06-09T13:16:24.000,10.83,16.4,13.13,NaN,NaN
2020-06-09T13:31:24.000,10.8,16.47,13.13,NaN,NaN
2020-06-09T13:46:24.000,10.72,16.4,13.15,NaN,NaN
2020-06-09T14:01:24.000,10.71,16.4,13.17,NaN,NaN
2020-06-09T14:16:24.000,10.6,16.4,13.2,NaN,NaN
2020-06-09T14:31:24.000,10.63,16.43,13.19,NaN,NaN
2020-06-09T14:46:24.000,10.61,16.41,13.2,NaN,NaN
2020-06-09T15:01:24.000,10.62,16.41,13.18,NaN,NaN
2020-06-09T15:16:24.000,10.62,16.42,13.19,NaN,NaN
2020-06-09T15:31:24.000,10.57,16.47,13.2,NaN,NaN
2020-06-09T15:46:24.000,10.51,16.41,13.16,NaN,NaN
2020-06-09T16:01:24.000,10.53,16.44,13.19,NaN,NaN
2020-06-09T16:16:24.000,10.43,99.33,13.16,NaN,NaN
2020-06-09T16:31:24.000,10.42,99.28,13.18,NaN,NaN
2020-06-09T16:46:24.000,10.38,98.85,13.17,NaN,NaN
2020-06-09T17:01:24.000,10.34,98.48,13.15,NaN,NaN
2020-06-09T17:16:24.000,10.3,98.1,13.15,NaN,NaN
2020-06-09T17:31:24.000,10.17,96.78,13.11,NaN,NaN
2020-06-09T17:46:24.000,10.12,96.22,13.09,NaN,NaN
2020-06-09T18:01:24.000,10.15,96.46,13.08,NaN,NaN
2020-06-09T18:16:24.000,10.02,95.23,13.08,NaN,NaN
2020-06-09T18:31:24.000,10.04,95.41,13.04,NaN,NaN
2020-06-09T18:46:24.000,9.91,93.97,12.98,NaN,NaN
2020-06-09T19:01:24.000,9.91,94.05,12.99,NaN,NaN
2020-06-09T19:16:24.000,9.88,93.67,12.95,NaN,NaN
2020-06-09T19:31:24.000,9.84,93.16,12.9,NaN,NaN
2020-06-09T19:46:24.000,9.92,94.07,12.95,NaN,NaN
2020-06-09T20:01:24.000,9.95,94.31,12.96,NaN,NaN
2020-06-09T20:16:24.000,10.01,94.94,12.98,NaN,NaN
2020-06-09T20:31:24.000,10.13,95.85,12.88,NaN,NaN
2020-06-09T20:46:24.000,10.17,96.04,12.78,NaN,NaN
2020-06-09T21:01:24.000,10.14,95.75,12.79,NaN,NaN
2020-06-09T21:16:24.000,10.03,95.23,13.04,NaN,NaN
2020-06-09T21:31:24.000,10.11,96.09,13.08,NaN,NaN
2020-06-09T21:46:24.000,10.16,96.64,13.08,NaN,NaN
2020-06-09T22:01:24.000,10.16,96.61,13.09,NaN,NaN
2020-06-09T22:16:24.000,10.13,96.33,13.1,NaN,NaN
2020-06-09T22:31:24.000,10.12,96.18,13.05,NaN,NaN
2020-06-09T22:46:24.000,10.08,95.63,12.99,NaN,NaN
2020-06-09T23:01:24.000,10.05,95.22,12.9,NaN,NaN
2020-06-09T23:16:24.000,10.02,94.82,12.89,NaN,NaN
2020-06-09T23:31:24.000,10.15,96.15,12.9,NaN,NaN
2020-06-09T23:46:24.000,10.18,96.42,12.9,NaN,NaN
2020-06-10T00:01:24.000,10.18,96.39,12.89,NaN,NaN
2020-06-10T00:16:24.000,10.17,96.24,12.86,NaN,NaN
2020-06-10T00:31:24.000,10,94.6,12.86,NaN,NaN
2020-06-10T00:46:24.000,9.99,94.55,12.88,NaN,NaN
2020-06-10T01:01:24.000,10.02,94.85,12.88,NaN,NaN
2020-06-10T01:16:24.000,10.01,94.76,12.88,NaN,NaN
2020-06-10T01:31:24.000,10.04,95.04,12.86,NaN,NaN
2020-06-10T01:46:24.000,10.06,95.18,12.87,NaN,NaN
2020-06-10T02:01:24.000,10.07,95.32,12.88,NaN,NaN
2020-06-10T02:16:24.000,10.06,95.25,12.9,NaN,NaN
2020-06-10T02:31:24.000,10.08,95.36,12.88,NaN,NaN
2020-06-10T02:46:24.000,10.07,95.31,12.86,NaN,NaN
2020-06-10T03:01:24.000,10.06,95.22,12.88,NaN,NaN
2020-06-10T03:16:24.000,10.1,95.62,12.88,NaN,NaN
2020-06-10T03:31:24.000,10.1,95.64,12.89,NaN,NaN
2020-06-10T03:46:24.000,10.1,95.69,12.9,NaN,NaN
2020-06-10T04:01:24.000,10.1,95.68,12.9,NaN,NaN
2020-06-10T04:16:24.000,10.13,95.86,12.89,NaN,NaN
2020-06-10T04:31:24.000,10.1,95.57,12.89,NaN,NaN
2020-06-10T04:46:24.000,10.1,95.61,12.89,NaN,NaN
2020-06-10T05:01:24.000,10.09,95.52,12.88,NaN,NaN
2020-06-10T05:16:24.000,10.07,95.29,12.89,NaN,NaN
2020-06-10T05:31:24.000,10.08,95.43,12.89,NaN,NaN
2020-06-10T05:46:24.000,10.07,95.32,12.88,NaN,NaN
2020-06-10T06:01:24.000,10.07,95.3,12.88,NaN,NaN
2020-06-10T06:16:24.000,10.05,95.08,12.88,NaN,NaN
2020-06-10T06:31:24.000,10.04,95.04,12.88,NaN,NaN
2020-06-10T06:46:24.000,10.05,95.14,12.88,NaN,NaN
2020-06-10T07:01:24.000,10.06,95.26,12.88,NaN,NaN
2020-06-10T07:16:24.000,10.04,94.99,12.88,NaN,NaN
2020-06-10T07:31:24.000,10.01,94.72,12.88,NaN,NaN
2020-06-10T07:46:24.000,10.02,94.84,12.88,NaN,NaN
2020-06-10T08:01:24.000,10.02,94.85,12.86,NaN,NaN
2020-06-10T08:16:24.000,9.97,94.34,12.86,NaN,NaN
2020-06-10T08:31:24.000,10.01,94.72,12.86,NaN,NaN
2020-06-10T08:46:24.000,10.09,95.55,12.88,NaN,NaN
2020-06-10T09:01:24.000,10.11,95.66,12.88,NaN,NaN
2020-06-10T09:16:24.000,10.07,95.31,12.88,NaN,NaN
2020-06-10T09:31:24.000,10.09,95.51,12.88,NaN,NaN
2020-06-10T09:46:24.000,10.05,95.11,12.86,NaN,NaN
2020-06-10T10:01:24.000,10.05,95.05,12.85,NaN,NaN
2020-06-10T10:16:24.000,10.05,95.03,12.86,NaN,NaN
2020-06-10T10:31:24.000,10.02,94.78,12.86,NaN,NaN
2020-06-10T10:46:24.000,10.02,94.75,12.86,NaN,NaN
2020-06-10T11:01:24.000,10.02,94.82,12.86,NaN,NaN
2020-06-10T11:16:24.000,10.04,94.94,12.86,NaN,NaN
2020-06-10T11:31:24.000,10.01,94.65,12.85,NaN,NaN
2020-06-10T11:46:24.000,9.99,94.48,12.84,NaN,NaN
2020-06-10T12:01:24.000,10.02,94.71,12.84,NaN,NaN
2020-06-10T12:16:24.000,10.02,94.75,12.83,NaN,NaN
2020-06-10T12:31:24.000,10,94.6,12.83,NaN,NaN
2020-06-10T12:46:24.000,10.01,94.64,12.83,NaN,NaN
2020-06-10T13:01:24.000,9.98,94.31,12.83,NaN,NaN
2020-06-10T13:16:24.000,9.98,94.32,12.83,NaN,NaN
2020-06-10T13:31:24.000,9.96,94.16,12.82,NaN,NaN
2020-06-10T13:46:24.000,9.92,93.78,12.8,NaN,NaN
2020-06-10T14:01:24.000,9.91,93.6,12.8,NaN,NaN
2020-06-10T14:16:24.000,9.87,93.21,12.79,NaN,NaN
2020-06-10T14:31:24.000,9.86,93.15,12.78,NaN,NaN
2020-06-10T14:46:24.000,9.87,93.2,12.78,NaN,NaN
2020-06-10T15:01:24.000,9.83,92.82,12.78,NaN,NaN
2020-06-10T15:16:24.000,9.81,92.66,12.77,NaN,NaN
2020-06-10T15:31:24.000,9.82,92.72,12.76,NaN,NaN
2020-06-10T15:46:24.000,9.82,92.73,12.76,NaN,NaN
2020-06-10T16:01:24.000,9.81,92.59,12.76,NaN,NaN
2020-06-10T16:16:24.000,9.8,92.49,12.76,NaN,NaN
2020-06-10T16:31:24.000,9.77,92.2,12.76,NaN,NaN
2020-06-10T16:46:24.000,9.77,92.22,12.76,NaN,NaN
2020-06-10T17:01:24.000,9.78,92.35,12.75,NaN,NaN
2020-06-10T17:16:24.000,9.78,92.28,12.74,NaN,NaN
2020-06-10T17:31:24.000,9.78,92.25,12.74,NaN,NaN
2020-06-10T17:46:24.000,9.77,92.21,12.74,NaN,NaN
2020-06-10T18:01:24.000,9.74,91.88,12.73,NaN,NaN
2020-06-10T18:16:24.000,9.7,91.47,12.72,NaN,NaN
2020-06-10T18:31:24.000,9.67,91.2,12.72,NaN,NaN
2020-06-10T18:46:24.000,9.64,90.91,12.72,NaN,NaN
2020-06-10T19:01:24.000,9.66,91.09,12.72,NaN,NaN
2020-06-10T19:16:24.000,9.73,91.77,12.72,NaN,NaN
2020-06-10T19:31:24.000,9.85,92.89,12.72,NaN,NaN
