Time (UTC),DO (ml/L),Dissolved Oxygen (%),Temperature (C),Latitude,Longitude
2020-06-26T17:42:59.000,2.48,21.04,8.16,44.699205,-124.100077
2020-06-26T17:57:59.000,2.32,19.64,8.11,44.699205,-124.100077
2020-06-26T18:12:59.000,2.09,17.7,8.04,44.699205,-124.100077
2020-06-26T18:27:59.000,2,16.89,8.01,44.699205,-124.100077
2020-06-26T18:42:59.000,1.92,16.22,7.98,44.699205,-124.100077
2020-06-26T18:57:59.000,1.91,16.12,7.97,44.699205,-124.100077
2020-06-26T19:12:59.000,1.88,15.86,7.96,44.699205,-124.100077
2020-06-26T19:27:59.000,1.88,15.87,7.96,44.699205,-124.100077
2020-06-26T19:42:59.000,1.88,15.88,7.95,44.699205,-124.100077
2020-06-26T19:57:59.000,1.86,15.71,7.95,44.699205,-124.100077
2020-06-26T20:12:59.000,1.86,15.66,7.95,44.699205,-124.100077
2020-06-26T20:27:59.000,1.87,15.73,7.95,44.699205,-124.100077
2020-06-26T20:42:59.000,1.87,15.77,7.95,44.699205,-124.100077
2020-06-26T20:57:59.000,1.87,15.8,7.94,44.699205,-124.100077
2020-06-26T21:12:59.000,1.87,15.76,7.94,44.699205,-124.100077
2020-06-26T21:27:59.000,1.85,15.64,7.94,44.699205,-124.100077
2020-06-26T21:42:59.000,1.85,15.61,7.92,44.699205,-124.100077
2020-06-26T21:57:59.000,1.81,15.27,7.91,44.699205,-124.100077
2020-06-26T22:12:59.000,1.79,15.06,7.9,44.699205,-124.100077
2020-06-26T22:27:59.000,1.77,14.94,7.9,44.699205,-124.100077
2020-06-26T22:42:59.000,1.77,14.91,7.89,44.699205,-124.100077
2020-06-26T22:57:59.000,1.76,14.82,7.88,44.699205,-124.100077
2020-06-26T23:12:59.000,1.77,14.88,7.88,44.699205,-124.100077
2020-06-26T23:27:59.000,1.76,14.85,7.87,44.699205,-124.100077
2020-06-26T23:42:59.000,1.77,14.88,7.87,44.699205,-124.100077
2020-06-26T23:57:59.000,1.76,14.82,7.87,44.699205,-124.100077
2020-06-27T00:12:59.000,1.75,14.75,7.88,44.699205,-124.100077
2020-06-27T00:27:59.000,1.75,14.73,7.89,44.699205,-124.100077
2020-06-27T00:42:59.000,1.74,14.69,7.89,44.699205,-124.100077
2020-06-27T00:57:59.000,1.76,14.79,7.88,44.699205,-124.100077
2020-06-27T01:12:59.000,1.76,14.78,7.86,44.699205,-124.100077
2020-06-27T01:27:59.000,1.76,14.77,7.85,44.699205,-124.100077
2020-06-27T01:42:59.000,1.73,14.55,7.83,44.699205,-124.100077
2020-06-27T01:57:59.000,1.72,14.46,7.82,44.699205,-124.100077
2020-06-27T02:12:59.000,1.73,14.5,7.81,44.699205,-124.100077
2020-06-27T02:27:59.000,1.73,14.52,7.81,44.699205,-124.100077
2020-06-27T02:42:59.000,1.73,14.52,7.8,44.699205,-124.100077
2020-06-27T02:57:59.000,1.72,14.47,7.8,44.699205,-124.100077
2020-06-27T03:12:59.000,1.72,14.46,7.79,44.699205,-124.100077
2020-06-27T03:27:59.000,1.72,14.48,7.78,44.699205,-124.100077
2020-06-27T03:42:59.000,1.73,14.52,7.78,44.699205,-124.100077
2020-06-27T03:57:59.000,1.73,14.55,7.79,44.699205,-124.100077
2020-06-27T04:12:59.000,1.73,14.56,7.78,44.699205,-124.100077
2020-06-27T04:27:59.000,1.73,14.56,7.78,44.699205,-124.100077
2020-06-27T04:42:59.000,1.74,14.58,7.78,44.699205,-124.100077
2020-06-27T04:57:59.000,1.73,14.53,7.78,44.699205,-124.100077
2020-06-27T05:12:59.000,1.72,14.45,7.8,44.699205,-124.100077
2020-06-27T05:27:59.000,1.71,14.41,7.8,44.699205,-124.100077
2020-06-27T05:42:59.000,1.7,14.33,7.8,44.699205,-124.100077
2020-06-27T05:57:59.000,1.71,14.36,7.81,44.699205,-124.100077
2020-06-27T06:12:59.000,1.71,14.39,7.82,44.699205,-124.100077
2020-06-27T06:27:59.000,1.71,14.42,7.83,44.699205,-124.100077
2020-06-27T06:42:59.000,1.71,14.39,7.83,44.699205,-124.100077
2020-06-27T06:57:59.000,1.74,14.68,7.85,44.699205,-124.100077
2020-06-27T07:12:59.000,1.71,14.36,7.85,44.699205,-124.100077
2020-06-27T07:27:59.000,1.81,15.25,7.87,44.699205,-124.100077
2020-06-27T07:42:59.000,1.81,15.24,7.87,44.699205,-124.100077
2020-06-27T07:57:59.000,1.76,14.82,7.85,44.699205,-124.100077
2020-06-27T08:12:59.000,1.73,14.53,7.82,44.699205,-124.100077
2020-06-27T08:27:59.000,1.71,14.4,7.8,44.699205,-124.100077
2020-06-27T08:42:59.000,1.71,14.38,7.8,44.699205,-124.100077
2020-06-27T08:57:59.000,1.71,14.38,7.8,44.699205,-124.100077
2020-06-27T09:12:59.000,1.71,14.4,7.8,44.699205,-124.100077
2020-06-27T09:27:59.000,1.72,14.43,7.8,44.699205,-124.100077
2020-06-27T09:42:59.000,1.72,14.47,7.8,44.699205,-124.100077
2020-06-27T09:57:59.000,1.73,14.54,7.79,44.699205,-124.100077
2020-06-27T10:12:59.000,1.74,14.61,7.79,44.699205,-124.100077
2020-06-27T10:27:59.000,1.74,14.62,7.78,44.699205,-124.100077
2020-06-27T10:42:59.000,1.75,14.71,7.78,44.699205,-124.100077
2020-06-27T10:57:59.000,1.76,14.74,7.78,44.699205,-124.100077
2020-06-27T11:12:59.000,1.75,14.73,7.78,44.699205,-124.100077
2020-06-27T11:27:59.000,1.75,14.66,7.78,44.699205,-124.100077
2020-06-27T11:42:59.000,1.74,14.62,7.78,44.699205,-124.100077
2020-06-27T11:57:59.000,1.73,14.55,7.78,44.699205,-124.100077
2020-06-27T12:12:59.000,1.72,14.42,7.78,44.699205,-124.100077
2020-06-27T12:27:59.000,1.7,14.28,7.78,44.699205,-124.100077
2020-06-27T12:42:59.000,1.7,14.27,7.79,44.699205,-124.100077
2020-06-27T12:57:59.000,1.7,14.3,7.79,44.699205,-124.100077
2020-06-27T13:12:59.000,1.7,14.3,7.79,44.699205,-124.100077
2020-06-27T13:27:59.000,1.7,14.25,7.8,44.699205,-124.100077
2020-06-27T13:42:59.000,1.7,14.24,7.8,44.699205,-124.100077
2020-06-27T13:57:59.000,1.69,14.22,7.8,44.699205,-124.100077
2020-06-27T14:12:59.000,1.7,14.25,7.81,44.699205,-124.100077
2020-06-27T14:27:59.000,1.71,14.38,7.82,44.699205,-124.100077
2020-06-27T14:42:59.000,1.71,14.4,7.83,44.699205,-124.100077
2020-06-27T14:57:59.000,1.71,14.38,7.83,44.699205,-124.100077
2020-06-27T15:12:59.000,1.62,13.65,7.85,44.699205,-124.100077
2020-06-27T15:27:59.000,1.72,14.49,7.85,44.699205,-124.100077
2020-06-27T15:42:59.000,1.74,14.64,7.86,44.699205,-124.100077
2020-06-27T15:57:59.000,1.73,14.51,7.81,44.699205,-124.100077
2020-06-27T16:12:59.000,1.76,14.83,7.85,44.699205,-124.100077
2020-06-27T16:27:59.000,1.78,14.96,7.85,44.699205,-124.100077
2020-06-27T16:42:59.000,1.78,14.94,7.85,44.699205,-124.100077
2020-06-27T16:57:59.000,1.74,14.65,7.81,44.699205,-124.100077
2020-06-27T17:12:59.000,1.73,14.55,7.8,44.699205,-124.100077
2020-06-27T17:27:59.000,1.74,14.64,7.79,44.699205,-124.100077
2020-06-27T17:42:59.000,1.71,14.35,7.79,44.699205,-124.100077
2020-06-27T17:57:59.000,1.73,14.55,7.79,44.699205,-124.100077
2020-06-27T18:12:59.000,1.72,14.47,7.8,44.699205,-124.100077
2020-06-27T18:27:59.000,1.73,14.54,7.8,44.699205,-124.100077
2020-06-27T18:42:59.000,1.73,14.51,7.8,44.699205,-124.100077
2020-06-27T18:57:59.000,1.72,14.45,7.8,44.699205,-124.100077
2020-06-27T19:12:59.000,1.72,14.46,7.82,44.699205,-124.100077
2020-06-27T19:27:59.000,1.68,14.1,7.83,44.699205,-124.100077
2020-06-27T19:42:59.000,1.72,14.46,7.83,44.699205,-124.100077
2020-06-27T19:57:59.000,1.71,14.4,7.83,44.699205,-124.100077
2020-06-27T20:12:59.000,1.73,14.52,7.82,44.699205,-124.100077
2020-06-27T20:27:59.000,1.73,14.5,7.82,44.699205,-124.100077
2020-06-27T20:42:59.000,1.73,14.51,7.8,44.699205,-124.100077
2020-06-27T20:57:59.000,1.72,14.43,7.78,44.699205,-124.100077
2020-06-27T21:12:59.000,1.72,14.43,7.78,44.699205,-124.100077
2020-06-27T21:27:59.000,1.67,14.03,7.75,44.699205,-124.100077
2020-06-27T21:42:59.000,1.62,13.59,7.73,44.699205,-124.100077
2020-06-27T21:57:59.000,1.62,13.63,7.73,44.699205,-124.100077
2020-06-27T22:12:59.000,1.62,13.6,7.73,44.699205,-124.100077
2020-06-27T22:27:59.000,1.62,13.58,7.73,44.699205,-124.100077
2020-06-27T22:42:59.000,1.61,13.54,7.73,44.699205,-124.100077
2020-06-27T22:57:59.000,1.58,13.29,7.73,44.699205,-124.100077
2020-06-27T23:12:59.000,1.6,13.45,7.73,44.699205,-124.100077
2020-06-27T23:27:59.000,1.61,13.47,7.73,44.699205,-124.100077
2020-06-27T23:42:59.000,1.61,13.5,7.73,44.699205,-124.100077
2020-06-27T23:57:59.000,1.58,13.23,7.73,44.699205,-124.100077
2020-06-28T00:12:59.000,1.6,13.46,7.74,44.699205,-124.100077
2020-06-28T00:27:59.000,1.6,13.42,7.75,44.699205,-124.100077
2020-06-28T00:42:59.000,1.6,13.46,7.75,44.699205,-124.100077
2020-06-28T00:57:59.000,1.69,14.23,7.78,44.699205,-124.100077
2020-06-28T01:12:59.000,1.66,13.91,7.78,44.699205,-124.100077
2020-06-28T01:27:59.000,1.66,13.94,7.8,44.699205,-124.100077
2020-06-28T01:42:59.000,1.68,14.09,7.8,44.699205,-124.100077
2020-06-28T01:57:59.000,1.72,14.5,7.83,44.699205,-124.100077
2020-06-28T02:12:59.000,1.73,14.58,7.85,44.699205,-124.100077
2020-06-28T02:27:59.000,1.73,14.59,7.86,44.699205,-124.100077
2020-06-28T02:42:59.000,1.73,14.54,7.87,44.699205,-124.100077
2020-06-28T02:57:59.000,1.71,14.36,7.87,44.699205,-124.100077
2020-06-28T03:12:59.000,1.69,14.21,7.88,44.699205,-124.100077
2020-06-28T03:27:59.000,1.69,14.25,7.88,44.699205,-124.100077
2020-06-28T03:42:59.000,1.71,14.37,7.89,44.699205,-124.100077
2020-06-28T03:57:59.000,1.72,14.48,7.9,44.699205,-124.100077
2020-06-28T04:12:59.000,1.71,14.42,7.9,44.699205,-124.100077
2020-06-28T04:27:59.000,1.75,14.76,7.92,44.699205,-124.100077
2020-06-28T04:42:59.000,1.78,14.97,7.93,44.699205,-124.100077
2020-06-28T04:57:59.000,1.82,15.34,7.95,44.699205,-124.100077
2020-06-28T05:12:59.000,1.82,15.33,7.96,44.699205,-124.100077
2020-06-28T05:27:59.000,1.86,15.67,7.98,44.699205,-124.100077
2020-06-28T05:42:59.000,1.88,15.91,7.99,44.699205,-124.100077
2020-06-28T05:57:59.000,1.9,16.05,8.02,44.699205,-124.100077
2020-06-28T06:12:59.000,1.88,15.85,8,44.699205,-124.100077
2020-06-28T06:27:59.000,1.74,14.69,7.89,44.699205,-124.100077
2020-06-28T06:42:59.000,1.74,14.64,7.89,44.699205,-124.100077
2020-06-28T06:57:59.000,1.73,14.55,7.87,44.699205,-124.100077
2020-06-28T07:12:59.000,1.74,14.68,7.87,44.699205,-124.100077
2020-06-28T07:27:59.000,1.73,14.58,7.88,44.699205,-124.100077
2020-06-28T07:42:59.000,1.77,14.95,7.9,44.699205,-124.100077
2020-06-28T07:57:59.000,1.82,15.32,7.94,44.699205,-124.100077
2020-06-28T08:12:59.000,1.81,15.26,7.95,44.699205,-124.100077
2020-06-28T08:27:59.000,1.83,15.41,7.99,44.699205,-124.100077
2020-06-28T08:42:59.000,1.98,16.72,8.05,44.699205,-124.100077
2020-06-28T08:57:59.000,1.93,16.32,8.04,44.699205,-124.100077
2020-06-28T09:12:59.000,1.98,16.75,8.04,44.699205,-124.100077
2020-06-28T09:27:59.000,2.06,17.44,8.08,44.699205,-124.100077
2020-06-28T09:42:59.000,2.12,17.95,8.1,44.699205,-124.100077
2020-06-28T09:57:59.000,2.11,17.82,8.09,44.699205,-124.100077
2020-06-28T10:12:59.000,2.1,17.8,8.09,44.699205,-124.100077
2020-06-28T10:27:59.000,2.12,17.95,8.09,44.699205,-124.100077
2020-06-28T10:42:59.000,2.12,17.94,8.09,44.699205,-124.100077
2020-06-28T10:57:59.000,2.11,17.88,8.09,44.699205,-124.100077
2020-06-28T11:12:59.000,2.07,17.52,8.08,44.699205,-124.100077
2020-06-28T11:27:59.000,2.02,17.06,8.06,44.699205,-124.100077
2020-06-28T11:42:59.000,1.97,16.65,8.04,44.699205,-124.100077
2020-06-28T11:57:59.000,1.93,16.33,8.02,44.699205,-124.100077
2020-06-28T12:12:59.000,1.91,16.11,8.01,44.699205,-124.100077
2020-06-28T12:27:59.000,1.87,15.75,7.99,44.699205,-124.100077
2020-06-28T12:42:59.000,1.87,15.77,7.99,44.699205,-124.100077
2020-06-28T12:57:59.000,1.87,15.82,7.99,44.699205,-124.100077
2020-06-28T13:12:59.000,1.86,15.74,7.99,44.699205,-124.100077
2020-06-28T13:27:59.000,1.88,15.84,7.99,44.699205,-124.100077
2020-06-28T13:42:59.000,1.87,15.76,8,44.699205,-124.100077
2020-06-28T13:57:59.000,1.88,15.87,8.01,44.699205,-124.100077
2020-06-28T14:12:59.000,1.88,15.88,8.02,44.699205,-124.100077
2020-06-28T14:27:59.000,1.9,16.04,8.02,44.699205,-124.100077
2020-06-28T14:42:59.000,1.9,16.02,8.02,44.699205,-124.100077
2020-06-28T14:57:59.000,1.91,16.18,8.03,44.699205,-124.100077
2020-06-28T15:12:59.000,1.97,16.66,8.04,44.699205,-124.100077
2020-06-28T15:27:59.000,1.96,16.55,8.04,44.699205,-124.100077
2020-06-28T15:42:59.000,1.97,16.67,8.05,44.699205,-124.100077
2020-06-28T15:57:59.000,2,16.91,8.06,44.699205,-124.100077
2020-06-28T16:12:59.000,2,16.95,8.07,44.699205,-124.100077
2020-06-28T16:27:59.000,2.01,16.97,8.07,44.699205,-124.100077
2020-06-28T16:42:59.000,2.01,17,8.08,44.699205,-124.100077
2020-06-28T16:57:59.000,2.02,17.07,8.09,44.699205,-124.100077
2020-06-28T17:12:59.000,2.04,17.22,8.09,44.699205,-124.100077
2020-06-28T17:27:59.000,2.06,17.44,8.11,44.699205,-124.100077
2020-06-28T17:42:59.000,2.07,17.55,8.11,44.699205,-124.100077
2020-06-28T17:57:59.000,2.13,18.02,8.13,44.699205,-124.100077
2020-06-28T18:12:59.000,2.13,18.09,8.14,44.699205,-124.100077
2020-06-28T18:27:59.000,2.16,18.32,8.14,44.699205,-124.100077
2020-06-28T18:42:59.000,2.2,18.64,8.14,44.699205,-124.100077
2020-06-28T18:57:59.000,2.17,18.4,8.14,44.699205,-124.100077
2020-06-28T19:12:59.000,2.21,18.73,8.14,44.699205,-124.100077
2020-06-28T19:27:59.000,2.21,18.76,8.15,44.699205,-124.100077
2020-06-28T19:42:59.000,2.22,18.78,8.16,44.699205,-124.100077
2020-06-28T19:57:59.000,2.27,19.25,8.18,44.699205,-124.100077
2020-06-28T20:12:59.000,2.31,19.57,8.19,44.699205,-124.100077
2020-06-28T20:27:59.000,2.35,19.97,8.21,44.699205,-124.100077
2020-06-28T20:42:59.000,2.41,20.47,8.22,44.699205,-124.100077
2020-06-28T20:57:59.000,2.46,20.9,8.23,44.699205,-124.100077
2020-06-28T21:12:59.000,2.55,21.7,8.26,44.699205,-124.100077
2020-06-28T21:27:59.000,2.63,22.4,8.28,44.699205,-124.100077
2020-06-28T21:42:59.000,2.66,22.65,8.3,44.699205,-124.100077
2020-06-28T21:57:59.000,2.72,23.15,8.31,44.699205,-124.100077
2020-06-28T22:12:59.000,2.72,23.13,8.31,44.699205,-124.100077
2020-06-28T22:27:59.000,2.73,23.25,8.31,44.699205,-124.100077
2020-06-28T22:42:59.000,2.74,23.32,8.31,44.699205,-124.100077
2020-06-28T22:57:59.000,2.75,23.37,8.31,44.699205,-124.100077
2020-06-28T23:12:59.000,2.78,23.68,8.33,44.699205,-124.100077
2020-06-28T23:27:59.000,2.79,23.73,8.33,44.699205,-124.100077
2020-06-28T23:42:59.000,2.75,23.43,8.33,44.699205,-124.100077
2020-06-28T23:57:59.000,2.72,23.13,8.33,44.699205,-124.100077
2020-06-29T00:12:59.000,2.72,23.14,8.33,44.699205,-124.100077
2020-06-29T00:27:59.000,2.8,23.86,8.34,44.699205,-124.100077
2020-06-29T00:42:59.000,2.91,24.77,8.37,44.699205,-124.100077
2020-06-29T00:57:59.000,2.93,24.96,8.38,44.699205,-124.100077
2020-06-29T01:12:59.000,2.92,24.84,8.37,44.699205,-124.100077
2020-06-29T01:27:59.000,2.91,24.76,8.35,44.699205,-124.100077
2020-06-29T01:42:59.000,2.44,20.68,8.21,44.699205,-124.100077
2020-06-29T01:57:59.000,2.28,19.34,8.14,44.699205,-124.100077
2020-06-29T02:12:59.000,2.24,18.97,8.14,44.699205,-124.100077
2020-06-29T02:27:59.000,2.33,19.74,8.15,44.699205,-124.100077
2020-06-29T02:42:59.000,2.38,20.18,8.17,44.699205,-124.100077
2020-06-29T02:57:59.000,2.48,21.06,8.19,44.699205,-124.100077
2020-06-29T03:12:59.000,2.51,21.29,8.21,44.699205,-124.100077
2020-06-29T03:27:59.000,2.56,21.71,8.21,44.699205,-124.100077
2020-06-29T03:42:59.000,2.56,21.72,8.21,44.699205,-124.100077
2020-06-29T03:57:59.000,2.52,21.34,8.19,44.699205,-124.100077
2020-06-29T04:12:59.000,2.49,21.14,8.19,44.699205,-124.100077
2020-06-29T04:27:59.000,2.47,20.94,8.18,44.699205,-124.100077
2020-06-29T04:42:59.000,2.44,20.69,8.17,44.699205,-124.100077
2020-06-29T04:57:59.000,2.44,20.72,8.17,44.699205,-124.100077
2020-06-29T05:12:59.000,2.45,20.8,8.18,44.699205,-124.100077
2020-06-29T05:27:59.000,2.41,20.43,8.16,44.699205,-124.100077
2020-06-29T05:42:59.000,2.37,20.09,8.15,44.699205,-124.100077
2020-06-29T05:57:59.000,2.35,19.95,8.14,44.699205,-124.100077
2020-06-29T06:12:59.000,2.31,19.53,8.13,44.699205,-124.100077
2020-06-29T06:27:59.000,2.33,19.74,8.14,44.699205,-124.100077
2020-06-29T06:42:59.000,2.31,19.61,8.14,44.699205,-124.100077
2020-06-29T06:57:59.000,2.34,19.85,8.14,44.699205,-124.100077
2020-06-29T07:12:59.000,2.35,19.91,8.14,44.699205,-124.100077
2020-06-29T07:27:59.000,2.31,19.56,8.13,44.699205,-124.100077
2020-06-29T07:42:59.000,2.27,19.26,8.11,44.699205,-124.100077
2020-06-29T07:57:59.000,2.29,19.4,8.11,44.699205,-124.100077
2020-06-29T08:12:59.000,2.3,19.51,8.13,44.699205,-124.100077
2020-06-29T08:27:59.000,2.32,19.66,8.14,44.699205,-124.100077
2020-06-29T08:42:59.000,2.32,19.64,8.14,44.699205,-124.100077
2020-06-29T08:57:59.000,2.35,19.89,8.15,44.699205,-124.100077
2020-06-29T09:12:59.000,2.38,20.15,8.16,44.699205,-124.100077
2020-06-29T09:27:59.000,2.41,20.45,8.18,44.699205,-124.100077
2020-06-29T09:42:59.000,2.5,21.2,8.21,44.699205,-124.100077
2020-06-29T09:57:59.000,2.55,21.69,8.23,44.699205,-124.100077
2020-06-29T10:12:59.000,2.57,21.84,8.23,44.699205,-124.100077
2020-06-29T10:27:59.000,2.61,22.19,8.24,44.699205,-124.100077
2020-06-29T10:42:59.000,2.65,22.55,8.26,44.699205,-124.100077
2020-06-29T10:57:59.000,2.69,22.82,8.26,44.699205,-124.100077
2020-06-29T11:12:59.000,2.7,22.91,8.26,44.699205,-124.100077
2020-06-29T11:27:59.000,2.73,23.18,8.28,44.699205,-124.100077
2020-06-29T11:42:59.000,2.75,23.39,8.28,44.699205,-124.100077
2020-06-29T11:57:59.000,2.83,24.06,8.31,44.699205,-124.100077
2020-06-29T12:12:59.000,2.96,25.16,8.33,44.699205,-124.100077
2020-06-29T12:27:59.000,3.03,25.79,8.35,44.699205,-124.100077
2020-06-29T12:42:59.000,3.09,26.3,8.38,44.699205,-124.100077
2020-06-29T12:57:59.000,3.12,26.57,8.38,44.699205,-124.100077
2020-06-29T13:12:59.000,3.14,26.75,8.39,44.699205,-124.100077
2020-06-29T13:27:59.000,3.13,26.69,8.38,44.699205,-124.100077
2020-06-29T13:42:59.000,3.11,26.54,8.38,44.699205,-124.100077
2020-06-29T13:57:59.000,3.04,25.9,8.35,44.699205,-124.100077
2020-06-29T14:12:59.000,2.98,25.38,8.34,44.699205,-124.100077
2020-06-29T14:27:59.000,2.98,25.35,8.33,44.699205,-124.100077
2020-06-29T14:42:59.000,2.97,25.28,8.33,44.699205,-124.100077
2020-06-29T14:57:59.000,2.97,25.25,8.33,44.699205,-124.100077
2020-06-29T15:12:59.000,2.98,25.4,8.33,44.699205,-124.100077
2020-06-29T15:27:59.000,3,25.5,8.33,44.699205,-124.100077
2020-06-29T15:42:59.000,3,25.5,8.33,44.699205,-124.100077
2020-06-29T15:57:59.000,3,25.55,8.33,44.699205,-124.100077
2020-06-29T16:12:59.000,2.99,25.42,8.32,44.699205,-124.100077
2020-06-29T16:27:59.000,2.96,25.19,8.31,44.699205,-124.100077
2020-06-29T16:42:59.000,2.95,25.08,8.3,44.699205,-124.100077
2020-06-29T16:57:59.000,2.93,24.9,8.3,44.699205,-124.100077
2020-06-29T17:12:59.000,2.95,25.09,8.3,44.699205,-124.100077
2020-06-29T17:27:59.000,2.94,24.98,8.3,44.699205,-124.100077
2020-06-29T17:42:59.000,2.94,25.03,8.3,44.699205,-124.100077
2020-06-29T17:57:59.000,2.94,24.98,8.3,44.699205,-124.100077
2020-06-29T18:12:59.000,2.93,24.9,8.3,44.699205,-124.100077
2020-06-29T18:27:59.000,2.94,25.02,8.31,44.699205,-124.100077
2020-06-29T18:42:59.000,2.93,24.91,8.31,44.699205,-124.100077
2020-06-29T18:57:59.000,2.93,24.93,8.31,44.699205,-124.100077
2020-06-29T19:12:59.000,2.92,24.88,8.31,44.699205,-124.100077
2020-06-29T19:27:59.000,2.93,24.92,8.33,44.699205,-124.100077
2020-06-29T19:42:59.000,2.95,25.14,8.33,44.699205,-124.100077
2020-06-29T19:57:59.000,2.95,25.11,8.33,44.699205,-124.100077
2020-06-29T20:12:59.000,2.96,25.21,8.33,44.699205,-124.100077
2020-06-29T20:27:59.000,2.96,25.2,8.33,44.699205,-124.100077
2020-06-29T20:42:59.000,2.93,24.93,8.33,44.699205,-124.100077
2020-06-29T20:57:59.000,2.95,25.09,8.33,44.699205,-124.100077
2020-06-29T21:12:59.000,2.88,24.48,8.31,44.699205,-124.100077
2020-06-29T21:27:59.000,2.84,24.14,8.3,44.699205,-124.100077
2020-06-29T21:42:59.000,2.82,24.02,8.3,44.699205,-124.100077
2020-06-29T21:57:59.000,2.82,23.98,8.3,44.699205,-124.100077
2020-06-29T22:12:59.000,2.88,24.51,8.31,44.699205,-124.100077
2020-06-29T22:27:59.000,2.9,24.7,8.33,44.699205,-124.100077
2020-06-29T22:42:59.000,2.95,25.1,8.33,44.699205,-124.100077
2020-06-29T22:57:59.000,2.98,25.37,8.34,44.699205,-124.100077
2020-06-29T23:12:59.000,3.03,25.8,8.35,44.699205,-124.100077
2020-06-29T23:27:59.000,3.03,25.84,8.35,44.699205,-124.100077
2020-06-29T23:42:59.000,3.02,25.74,8.33,44.699205,-124.100077
2020-06-29T23:57:59.000,2.97,25.29,8.32,44.699205,-124.100077
2020-06-30T00:12:59.000,2.96,25.18,8.31,44.699205,-124.100077
2020-06-30T00:27:59.000,2.92,24.82,8.3,44.699205,-124.100077
2020-06-30T00:42:59.000,2.83,24.08,8.28,44.699205,-124.100077
2020-06-30T00:57:59.000,2.75,23.37,8.26,44.699205,-124.100077
2020-06-30T01:12:59.000,2.7,22.95,8.24,44.699205,-124.100077
2020-06-30T01:27:59.000,2.69,22.88,8.23,44.699205,-124.100077
2020-06-30T01:42:59.000,2.68,22.77,8.23,44.699205,-124.100077
2020-06-30T01:57:59.000,2.67,22.7,8.23,44.699205,-124.100077
2020-06-30T02:12:59.000,2.66,22.59,8.22,44.699205,-124.100077
2020-06-30T02:27:59.000,2.65,22.46,8.22,44.699205,-124.100077
2020-06-30T02:42:59.000,2.64,22.45,8.22,44.699205,-124.100077
2020-06-30T02:57:59.000,2.63,22.28,8.21,44.699205,-124.100077
2020-06-30T03:12:59.000,2.62,22.25,8.21,44.699205,-124.100077
2020-06-30T03:27:59.000,2.64,22.41,8.22,44.699205,-124.100077
2020-06-30T03:42:59.000,2.61,22.19,8.21,44.699205,-124.100077
2020-06-30T03:57:59.000,2.64,22.4,8.22,44.699205,-124.100077
2020-06-30T04:12:59.000,2.64,22.39,8.23,44.699205,-124.100077
2020-06-30T04:27:59.000,2.67,22.7,8.23,44.699205,-124.100077
2020-06-30T04:42:59.000,2.69,22.87,8.25,44.699205,-124.100077
2020-06-30T04:57:59.000,2.72,23.08,8.26,44.699205,-124.100077
2020-06-30T05:12:59.000,2.72,23.11,8.28,44.699205,-124.100077
2020-06-30T05:27:59.000,2.87,24.45,8.31,44.699205,-124.100077
2020-06-30T05:42:59.000,2.95,25.13,8.33,44.699205,-124.100077
2020-06-30T05:57:59.000,2.98,25.41,8.35,44.699205,-124.100077
2020-06-30T06:12:59.000,3.06,26.05,8.38,44.699205,-124.100077
2020-06-30T06:27:59.000,3.16,26.95,8.42,44.699205,-124.100077
2020-06-30T06:42:59.000,3.25,27.74,8.45,44.699205,-124.100077
2020-06-30T06:57:59.000,3.39,28.96,8.49,44.699205,-124.100077
2020-06-30T07:12:59.000,3.5,29.96,8.52,44.699205,-124.100077
2020-06-30T07:27:59.000,3.56,30.48,8.54,44.699205,-124.100077
2020-06-30T07:42:59.000,3.64,31.17,8.57,44.699205,-124.100077
2020-06-30T07:57:59.000,3.72,31.85,8.61,44.699205,-124.100077
2020-06-30T08:12:59.000,3.77,32.32,8.62,44.699205,-124.100077
2020-06-30T08:27:59.000,3.8,32.58,8.64,44.699205,-124.100077
2020-06-30T08:42:59.000,3.87,33.21,8.66,44.699205,-124.100077
2020-06-30T08:57:59.000,3.64,31.2,8.62,44.699205,-124.100077
2020-06-30T09:12:59.000,3.74,32.03,8.62,44.699205,-124.100077
2020-06-30T09:27:59.000,3.8,32.63,8.64,44.699205,-124.100077
2020-06-30T09:42:59.000,3.45,29.46,8.52,44.699205,-124.100077
2020-06-30T09:57:59.000,3.4,29.02,8.5,44.699205,-124.100077
2020-06-30T10:12:59.000,3.3,28.15,8.45,44.699205,-124.100077
2020-06-30T10:27:59.000,3.31,28.24,8.46,44.699205,-124.100077
2020-06-30T10:42:59.000,3.24,27.64,8.44,44.699205,-124.100077
2020-06-30T10:57:59.000,3.19,27.22,8.43,44.699205,-124.100077
2020-06-30T11:12:59.000,3.18,27.16,8.43,44.699205,-124.100077
2020-06-30T11:27:59.000,3.18,27.13,8.42,44.699205,-124.100077
2020-06-30T11:42:59.000,3.15,26.9,8.4,44.699205,-124.100077
2020-06-30T11:57:59.000,3.05,26.01,8.38,44.699205,-124.100077
2020-06-30T12:12:59.000,3.04,25.87,8.38,44.699205,-124.100077
2020-06-30T12:27:59.000,3,25.56,8.37,44.699205,-124.100077
2020-06-30T12:42:59.000,3,25.53,8.35,44.699205,-124.100077
2020-06-30T12:57:59.000,2.96,25.19,8.35,44.699205,-124.100077
2020-06-30T13:12:59.000,2.94,25.01,8.34,44.699205,-124.100077
2020-06-30T13:27:59.000,2.94,25.05,8.34,44.699205,-124.100077
2020-06-30T13:42:59.000,2.94,25.06,8.34,44.699205,-124.100077
2020-06-30T13:57:59.000,2.95,25.14,8.34,44.699205,-124.100077
2020-06-30T14:12:59.000,2.97,25.28,8.34,44.699205,-124.100077
2020-06-30T14:27:59.000,2.96,25.23,8.34,44.699205,-124.100077
2020-06-30T14:42:59.000,2.98,25.38,8.35,44.699205,-124.100077
2020-06-30T14:57:59.000,2.99,25.45,8.35,44.699205,-124.100077
2020-06-30T15:12:59.000,3.02,25.72,8.35,44.699205,-124.100077
2020-06-30T15:27:59.000,3,25.54,8.35,44.699205,-124.100077
2020-06-30T15:42:59.000,3.01,25.67,8.35,44.699205,-124.100077
2020-06-30T15:57:59.000,3,25.59,8.35,44.699205,-124.100077
2020-06-30T16:12:59.000,2.98,25.35,8.35,44.699205,-124.100077
2020-06-30T16:27:59.000,2.98,25.35,8.35,44.699205,-124.100077
2020-06-30T16:42:59.000,3,25.53,8.36,44.699205,-124.100077
2020-06-30T16:57:59.000,3.01,25.66,8.36,44.699205,-124.100077
2020-06-30T17:12:59.000,3.03,25.78,8.36,44.699205,-124.100077
2020-06-30T17:27:59.000,3.01,25.64,8.37,44.699205,-124.100077
2020-06-30T17:42:59.000,3,25.52,8.38,44.699205,-124.100077
2020-06-30T17:57:59.000,2.98,25.42,8.38,44.699205,-124.100077
2020-06-30T18:12:59.000,3.07,26.16,8.38,44.699205,-124.100077
2020-06-30T18:27:59.000,3.06,26.04,8.38,44.699205,-124.100077
2020-06-30T18:42:59.000,3.07,26.19,8.38,44.699205,-124.100077
2020-06-30T18:57:59.000,2.97,25.26,8.35,44.699205,-124.100077
2020-06-30T19:12:59.000,2.98,25.35,8.35,44.699205,-124.100077
2020-06-30T19:27:59.000,2.98,25.39,8.35,44.699205,-124.100077
2020-06-30T19:42:59.000,2.96,25.24,8.35,44.699205,-124.100077
2020-06-30T19:57:59.000,2.97,25.33,8.35,44.699205,-124.100077
2020-06-30T20:12:59.000,2.97,25.29,8.35,44.699205,-124.100077
2020-06-30T20:27:59.000,2.99,25.48,8.35,44.699205,-124.100077
2020-06-30T20:42:59.000,2.97,25.28,8.35,44.699205,-124.100077
2020-06-30T20:57:59.000,2.96,25.22,8.35,44.699205,-124.100077
2020-06-30T21:12:59.000,2.94,25.05,8.35,44.699205,-124.100077
2020-06-30T21:27:59.000,2.93,24.98,8.35,44.699205,-124.100077
2020-06-30T21:42:59.000,2.95,25.11,8.34,44.699205,-124.100077
2020-06-30T21:57:59.000,3.03,25.82,8.35,44.699205,-124.100077
2020-06-30T22:12:59.000,2.98,25.35,8.34,44.699205,-124.100077
2020-06-30T22:27:59.000,2.96,25.21,8.34,44.699205,-124.100077
2020-06-30T22:42:59.000,2.95,25.15,8.33,44.699205,-124.100077
2020-06-30T22:57:59.000,2.96,25.23,8.33,44.699205,-124.100077
2020-06-30T23:12:59.000,2.96,25.15,8.33,44.699205,-124.100077
2020-06-30T23:27:59.000,2.84,24.2,8.31,44.699205,-124.100077
2020-06-30T23:42:59.000,2.79,23.75,8.3,44.699205,-124.100077
2020-06-30T23:57:59.000,2.77,23.57,8.3,44.699205,-124.100077
2020-07-01T00:12:59.000,2.78,23.64,8.3,44.699205,-124.100077
2020-07-01T00:27:59.000,2.79,23.75,8.3,44.699205,-124.100077
2020-07-01T00:42:59.000,2.82,23.95,8.3,44.699205,-124.100077
2020-07-01T00:57:59.000,2.85,24.27,8.32,44.699205,-124.100077
2020-07-01T01:12:59.000,2.88,24.54,8.33,44.699205,-124.100077
2020-07-01T01:27:59.000,2.83,24.08,8.33,44.699205,-124.100077
2020-07-01T01:42:59.000,2.82,24.04,8.35,44.699205,-124.100077
2020-07-01T01:57:59.000,2.87,24.46,8.36,44.699205,-124.100077
2020-07-01T02:12:59.000,2.91,24.81,8.38,44.699205,-124.100077
2020-07-01T02:27:59.000,2.93,24.96,8.38,44.699205,-124.100077
2020-07-01T02:42:59.000,2.96,25.21,8.39,44.699205,-124.100077
2020-07-01T02:57:59.000,2.95,25.14,8.38,44.699205,-124.100077
2020-07-01T03:12:59.000,2.87,24.47,8.33,44.699205,-124.100077
2020-07-01T03:27:59.000,2.68,22.76,8.26,44.699205,-124.100077
2020-07-01T03:42:59.000,2.75,23.42,8.3,44.699205,-124.100077
2020-07-01T03:57:59.000,2.56,21.71,8.23,44.699205,-124.100077
2020-07-01T04:12:59.000,2.61,22.18,8.24,44.699205,-124.100077
2020-07-01T04:27:59.000,2.59,22.01,8.23,44.699205,-124.100077
2020-07-01T04:42:59.000,2.54,21.55,8.22,44.699205,-124.100077
2020-07-01T04:57:59.000,2.69,22.9,8.28,44.699205,-124.100077
2020-07-01T05:12:59.000,2.77,23.59,8.33,44.699205,-124.100077
2020-07-01T05:27:59.000,2.79,23.71,8.33,44.699205,-124.100077
2020-07-01T05:42:59.000,2.68,22.81,8.28,44.699205,-124.100077
2020-07-01T05:57:59.000,2.63,22.35,8.27,44.699205,-124.100077
2020-07-01T06:12:59.000,2.72,23.11,8.3,44.699205,-124.100077
2020-07-01T06:27:59.000,2.68,22.77,8.28,44.699205,-124.100077
2020-07-01T06:42:59.000,2.77,23.54,8.33,44.699205,-124.100077
2020-07-01T06:57:59.000,2.65,22.49,8.28,44.699205,-124.100077
2020-07-01T07:12:59.000,2.66,22.64,8.28,44.699205,-124.100077
2020-07-01T07:27:59.000,2.77,23.57,8.33,44.699205,-124.100077
2020-07-01T07:42:59.000,2.87,24.44,8.38,44.699205,-124.100077
2020-07-01T07:57:59.000,2.81,23.92,8.36,44.699205,-124.100077
2020-07-01T08:12:59.000,2.8,23.84,8.35,44.699205,-124.100077
2020-07-01T08:27:59.000,2.82,24.04,8.36,44.699205,-124.100077
2020-07-01T08:42:59.000,2.86,24.35,8.38,44.699205,-124.100077
2020-07-01T08:57:59.000,2.87,24.45,8.38,44.699205,-124.100077
2020-07-01T09:12:59.000,2.86,24.32,8.36,44.699205,-124.100077
2020-07-01T09:27:59.000,2.87,24.43,8.35,44.699205,-124.100077
2020-07-01T09:42:59.000,2.88,24.53,8.36,44.699205,-124.100077
2020-07-01T09:57:59.000,2.92,24.9,8.37,44.699205,-124.100077
2020-07-01T10:12:59.000,2.95,25.1,8.38,44.699205,-124.100077
2020-07-01T10:27:59.000,3,25.54,8.38,44.699205,-124.100077
2020-07-01T10:42:59.000,2.97,25.34,8.38,44.699205,-124.100077
2020-07-01T10:57:59.000,2.96,25.2,8.38,44.699205,-124.100077
2020-07-01T11:12:59.000,2.94,25.1,8.38,44.699205,-124.100077
2020-07-01T11:27:59.000,2.92,24.85,8.37,44.699205,-124.100077
2020-07-01T11:42:59.000,2.91,24.75,8.36,44.699205,-124.100077
2020-07-01T11:57:59.000,2.9,24.7,8.36,44.699205,-124.100077
2020-07-01T12:12:59.000,2.9,24.68,8.36,44.699205,-124.100077
2020-07-01T12:27:59.000,2.89,24.66,8.36,44.699205,-124.100077
2020-07-01T12:42:59.000,2.91,24.76,8.36,44.699205,-124.100077
2020-07-01T12:57:59.000,2.91,24.77,8.37,44.699205,-124.100077
2020-07-01T13:12:59.000,2.92,24.85,8.38,44.699205,-124.100077
2020-07-01T13:27:59.000,2.91,24.76,8.38,44.699205,-124.100077
2020-07-01T13:42:59.000,2.87,24.49,8.38,44.699205,-124.100077
2020-07-01T13:57:59.000,2.86,24.34,8.39,44.699205,-124.100077
2020-07-01T14:12:59.000,2.82,24,8.4,44.699205,-124.100077
2020-07-01T14:27:59.000,2.82,24.03,8.4,44.699205,-124.100077
2020-07-01T14:42:59.000,2.84,24.19,8.4,44.699205,-124.100077
2020-07-01T14:57:59.000,2.91,24.85,8.4,44.699205,-124.100077
2020-07-01T15:12:59.000,2.94,25.02,8.39,44.699205,-124.100077
2020-07-01T15:27:59.000,2.94,25.08,8.38,44.699205,-124.100077
2020-07-01T15:42:59.000,2.96,25.24,8.4,44.699205,-124.100077
2020-07-01T15:57:59.000,2.97,25.36,8.4,44.699205,-124.100077
2020-07-01T16:12:59.000,3.01,25.66,8.4,44.699205,-124.100077
2020-07-01T16:27:59.000,3.01,25.71,8.4,44.699205,-124.100077
2020-07-01T16:42:59.000,2.99,25.46,8.4,44.699205,-124.100077
2020-07-01T16:57:59.000,2.97,25.3,8.39,44.699205,-124.100077
2020-07-01T17:12:59.000,2.97,25.31,8.39,44.699205,-124.100077
2020-07-01T17:27:59.000,2.98,25.38,8.39,44.699205,-124.100077
2020-07-01T17:42:59.000,2.98,25.42,8.39,44.699205,-124.100077
2020-07-01T17:57:59.000,2.92,24.85,8.38,44.699205,-124.100077
2020-07-01T18:12:59.000,2.9,24.74,8.38,44.699205,-124.100077
2020-07-01T18:27:59.000,2.99,25.49,8.4,44.699205,-124.100077
2020-07-01T18:42:59.000,3.04,25.96,8.42,44.699205,-124.100077
2020-07-01T18:57:59.000,3.04,25.93,8.42,44.699205,-124.100077
2020-07-01T19:12:59.000,3.04,25.93,8.43,44.699205,-124.100077
2020-07-01T19:27:59.000,3.09,26.37,8.45,44.699205,-124.100077
2020-07-01T19:42:59.000,3.11,26.58,8.45,44.699205,-124.100077
2020-07-01T19:57:59.000,3.16,26.97,8.45,44.699205,-124.100077
2020-07-01T20:12:59.000,3.18,27.17,8.47,44.699205,-124.100077
2020-07-01T20:27:59.000,3.15,26.92,8.47,44.699205,-124.100077
2020-07-01T20:42:59.000,3.1,26.45,8.47,44.699205,-124.100077
2020-07-01T20:57:59.000,3.09,26.45,8.5,44.699205,-124.100077
2020-07-01T21:12:59.000,3.1,26.5,8.5,44.699205,-124.100077
2020-07-01T21:27:59.000,3.12,26.64,8.52,44.699205,-124.100077
2020-07-01T21:42:59.000,3.16,27.01,8.52,44.699205,-124.100077
2020-07-01T21:57:59.000,3.13,26.74,8.52,44.699205,-124.100077
2020-07-01T22:12:59.000,3.13,26.8,8.5,44.699205,-124.100077
2020-07-01T22:27:59.000,3.14,26.85,8.5,44.699205,-124.100077
2020-07-01T22:42:59.000,3.16,26.96,8.49,44.699205,-124.100077
2020-07-01T22:57:59.000,2.98,25.43,8.41,44.699205,-124.100077
2020-07-01T23:12:59.000,2.9,24.68,8.38,44.699205,-124.100077
2020-07-01T23:27:59.000,2.69,22.85,8.31,44.699205,-124.100077
2020-07-01T23:42:59.000,2.63,22.32,8.28,44.699205,-124.100077
2020-07-01T23:57:59.000,2.62,22.26,8.26,44.699205,-124.100077
2020-07-02T00:12:59.000,2.59,22.02,8.26,44.699205,-124.100077
2020-07-02T00:27:59.000,2.6,22.1,8.26,44.699205,-124.100077
2020-07-02T00:42:59.000,2.59,22.02,8.26,44.699205,-124.100077
2020-07-02T00:57:59.000,2.61,22.15,8.26,44.699205,-124.100077
2020-07-02T01:12:59.000,2.64,22.4,8.26,44.699205,-124.100077
2020-07-02T01:27:59.000,2.64,22.43,8.26,44.699205,-124.100077
2020-07-02T01:42:59.000,2.62,22.25,8.26,44.699205,-124.100077
2020-07-02T01:57:59.000,2.65,22.52,8.26,44.699205,-124.100077
2020-07-02T02:12:59.000,2.63,22.38,8.26,44.699205,-124.100077
2020-07-02T02:27:59.000,2.63,22.33,8.27,44.699205,-124.100077
2020-07-02T02:42:59.000,2.65,22.52,8.28,44.699205,-124.100077
2020-07-02T02:57:59.000,2.65,22.56,8.28,44.699205,-124.100077
2020-07-02T03:12:59.000,2.66,22.59,8.28,44.699205,-124.100077
2020-07-02T03:27:59.000,2.67,22.71,8.28,44.699205,-124.100077
2020-07-02T03:42:59.000,2.68,22.8,8.3,44.699205,-124.100077
2020-07-02T03:57:59.000,2.7,22.99,8.3,44.699205,-124.100077
2020-07-02T04:12:59.000,2.74,23.27,8.31,44.699205,-124.100077
2020-07-02T04:27:59.000,2.73,23.24,8.31,44.699205,-124.100077
2020-07-02T04:42:59.000,2.75,23.35,8.31,44.699205,-124.100077
2020-07-02T04:57:59.000,2.76,23.49,8.32,44.699205,-124.100077
2020-07-02T05:12:59.000,2.76,23.5,8.33,44.699205,-124.100077
2020-07-02T05:27:59.000,2.76,23.5,8.33,44.699205,-124.100077
2020-07-02T05:42:59.000,2.81,23.94,8.34,44.699205,-124.100077
2020-07-02T05:57:59.000,2.84,24.19,8.35,44.699205,-124.100077
2020-07-02T06:12:59.000,2.89,24.66,8.37,44.699205,-124.100077
2020-07-02T06:27:59.000,2.96,25.28,8.4,44.699205,-124.100077
2020-07-02T06:42:59.000,3.01,25.71,8.41,44.699205,-124.100077
2020-07-02T06:57:59.000,3.07,26.15,8.42,44.699205,-124.100077
2020-07-02T07:12:59.000,3.11,26.58,8.45,44.699205,-124.100077
2020-07-02T07:27:59.000,3.15,26.91,8.46,44.699205,-124.100077
2020-07-02T07:42:59.000,3.19,27.23,8.47,44.699205,-124.100077
2020-07-02T07:57:59.000,3.27,27.94,8.51,44.699205,-124.100077
2020-07-02T08:12:59.000,3.39,29,8.54,44.699205,-124.100077
2020-07-02T08:27:59.000,3.5,29.95,8.57,44.699205,-124.100077
2020-07-02T08:42:59.000,3.58,30.63,8.59,44.699205,-124.100077
2020-07-02T08:57:59.000,3.56,30.53,8.59,44.699205,-124.100077
2020-07-02T09:12:59.000,3.57,30.56,8.6,44.699205,-124.100077
2020-07-02T09:27:59.000,3.58,30.68,8.61,44.699205,-124.100077
2020-07-02T09:42:59.000,3.58,30.69,8.6,44.699205,-124.100077
2020-07-02T09:57:59.000,3.6,30.8,8.59,44.699205,-124.100077
2020-07-02T10:12:59.000,3.6,30.85,8.59,44.699205,-124.100077
2020-07-02T10:27:59.000,3.58,30.7,8.59,44.699205,-124.100077
2020-07-02T10:42:59.000,3.59,30.76,8.59,44.699205,-124.100077
2020-07-02T10:57:59.000,3.59,30.71,8.59,44.699205,-124.100077
2020-07-02T11:12:59.000,3.56,30.5,8.59,44.699205,-124.100077
2020-07-02T11:27:59.000,3.58,30.69,8.59,44.699205,-124.100077
2020-07-02T11:42:59.000,3.56,30.53,8.58,44.699205,-124.100077
2020-07-02T11:57:59.000,3.57,30.57,8.58,44.699205,-124.100077
2020-07-02T12:12:59.000,3.54,30.34,8.57,44.699205,-124.100077
2020-07-02T12:27:59.000,3.49,29.85,8.55,44.699205,-124.100077
2020-07-02T12:42:59.000,3.44,29.41,8.54,44.699205,-124.100077
2020-07-02T12:57:59.000,3.37,28.84,8.52,44.699205,-124.100077
2020-07-02T13:12:59.000,3.17,27.11,8.47,44.699205,-124.100077
2020-07-02T13:27:59.000,3.01,25.63,8.41,44.699205,-124.100077
2020-07-02T13:42:59.000,2.96,25.25,8.39,44.699205,-124.100077
2020-07-02T13:57:59.000,2.91,24.77,8.38,44.699205,-124.100077
2020-07-02T14:12:59.000,2.87,24.42,8.36,44.699205,-124.100077
2020-07-02T14:27:59.000,2.81,23.92,8.35,44.699205,-124.100077
2020-07-02T14:42:59.000,2.77,23.6,8.33,44.699205,-124.100077
2020-07-02T14:57:59.000,2.73,23.2,8.31,44.699205,-124.100077
2020-07-02T15:12:59.000,2.71,23.03,8.3,44.699205,-124.100077
2020-07-02T15:27:59.000,2.7,22.92,8.3,44.699205,-124.100077
2020-07-02T15:42:59.000,2.7,22.93,8.29,44.699205,-124.100077
2020-07-02T15:57:59.000,2.67,22.75,8.3,44.699205,-124.100077
2020-07-02T16:12:59.000,2.66,22.59,8.31,44.699205,-124.100077
2020-07-02T16:27:59.000,2.68,22.81,8.3,44.699205,-124.100077
2020-07-02T16:42:59.000,2.69,22.92,8.31,44.699205,-124.100077
2020-07-02T16:57:59.000,2.68,22.77,8.3,44.699205,-124.100077
2020-07-02T17:12:59.000,2.67,22.7,8.28,44.699205,-124.100077
2020-07-02T17:27:59.000,2.65,22.55,8.28,44.699205,-124.100077
2020-07-02T17:42:59.000,2.64,22.43,8.27,44.699205,-124.100077
2020-07-02T17:57:59.000,2.63,22.37,8.26,44.699205,-124.100077
2020-07-02T18:12:59.000,2.61,22.19,8.26,44.699205,-124.100077
2020-07-02T18:27:59.000,2.61,22.16,8.26,44.699205,-124.100077
2020-07-02T18:42:59.000,2.61,22.14,8.26,44.699205,-124.100077
2020-07-02T18:57:59.000,2.57,21.84,8.26,44.699205,-124.100077
2020-07-02T19:12:59.000,2.59,21.99,8.25,44.699205,-124.100077
2020-07-02T19:27:59.000,2.59,22,8.25,44.699205,-124.100077
2020-07-02T19:42:59.000,2.58,21.91,8.26,44.699205,-124.100077
2020-07-02T19:57:59.000,2.57,21.83,8.25,44.699205,-124.100077
2020-07-02T20:12:59.000,2.56,21.75,8.24,44.699205,-124.100077
2020-07-02T20:27:59.000,2.54,21.59,8.23,44.699205,-124.100077
2020-07-02T20:42:59.000,2.56,21.77,8.23,44.699205,-124.100077
2020-07-02T20:57:59.000,2.58,21.94,8.24,44.699205,-124.100077
2020-07-02T21:12:59.000,2.64,22.44,8.27,44.699205,-124.100077
2020-07-02T21:27:59.000,2.65,22.58,8.29,44.699205,-124.100077
2020-07-02T21:42:59.000,2.73,23.23,8.33,44.699205,-124.100077
2020-07-02T21:57:59.000,2.76,23.48,8.33,44.699205,-124.100077
2020-07-02T22:12:59.000,2.81,23.9,8.36,44.699205,-124.100077
2020-07-02T22:27:59.000,2.87,24.48,8.39,44.699205,-124.100077
2020-07-02T22:42:59.000,2.86,24.36,8.39,44.699205,-124.100077
2020-07-02T22:57:59.000,2.84,24.24,8.39,44.699205,-124.100077
2020-07-02T23:12:59.000,2.82,24.03,8.38,44.699205,-124.100077
2020-07-02T23:27:59.000,2.82,24.08,8.38,44.699205,-124.100077
2020-07-02T23:42:59.000,2.83,24.11,8.39,44.699205,-124.100077
2020-07-02T23:57:59.000,2.82,24.07,8.4,44.699205,-124.100077
2020-07-03T00:12:59.000,2.88,24.53,8.42,44.699205,-124.100077
2020-07-03T00:27:59.000,2.89,24.62,8.42,44.699205,-124.100077
2020-07-03T00:42:59.000,2.89,24.69,8.42,44.699205,-124.100077
2020-07-03T00:57:59.000,2.93,24.97,8.42,44.699205,-124.100077
2020-07-03T01:12:59.000,2.98,25.43,8.42,44.699205,-124.100077
2020-07-03T01:27:59.000,3.05,26.01,8.43,44.699205,-124.100077
2020-07-03T01:42:59.000,3.03,25.86,8.42,44.699205,-124.100077
2020-07-03T01:57:59.000,2.99,25.52,8.42,44.699205,-124.100077
2020-07-03T02:12:59.000,2.96,25.26,8.41,44.699205,-124.100077
2020-07-03T02:27:59.000,2.9,24.69,8.39,44.699205,-124.100077
2020-07-03T02:42:59.000,2.79,23.76,8.35,44.699205,-124.100077
2020-07-03T02:57:59.000,2.67,22.7,8.31,44.699205,-124.100077
2020-07-03T03:12:59.000,2.6,22.12,8.28,44.699205,-124.100077
2020-07-03T03:27:59.000,2.56,21.78,8.26,44.699205,-124.100077
2020-07-03T03:42:59.000,2.55,21.65,8.26,44.699205,-124.100077
2020-07-03T03:57:59.000,2.57,21.8,8.26,44.699205,-124.100077
2020-07-03T04:12:59.000,2.56,21.79,8.27,44.699205,-124.100077
2020-07-03T04:27:59.000,2.6,22.08,8.28,44.699205,-124.100077
2020-07-03T04:42:59.000,2.62,22.26,8.3,44.699205,-124.100077
2020-07-03T04:57:59.000,2.65,22.57,8.31,44.699205,-124.100077
2020-07-03T05:12:59.000,2.66,22.61,8.32,44.699205,-124.100077
2020-07-03T05:27:59.000,2.64,22.48,8.33,44.699205,-124.100077
2020-07-03T05:42:59.000,2.57,21.91,8.33,44.699205,-124.100077
2020-07-03T05:57:59.000,2.58,21.95,8.35,44.699205,-124.100077
2020-07-03T06:12:59.000,2.57,21.86,8.36,44.699205,-124.100077
2020-07-03T06:27:59.000,2.62,22.38,8.41,44.699205,-124.100077
2020-07-03T06:42:59.000,2.68,22.88,8.44,44.699205,-124.100077
2020-07-03T06:57:59.000,2.68,22.84,8.45,44.699205,-124.100077
2020-07-03T07:12:59.000,2.69,22.99,8.45,44.699205,-124.100077
2020-07-03T07:27:59.000,2.68,22.89,8.44,44.699205,-124.100077
2020-07-03T07:42:59.000,2.67,22.74,8.43,44.699205,-124.100077
2020-07-03T07:57:59.000,2.67,22.8,8.43,44.699205,-124.100077
2020-07-03T08:12:59.000,2.65,22.64,8.41,44.699205,-124.100077
2020-07-03T08:27:59.000,2.63,22.4,8.39,44.699205,-124.100077
2020-07-03T08:42:59.000,2.63,22.41,8.38,44.699205,-124.100077
2020-07-03T08:57:59.000,2.66,22.67,8.38,44.699205,-124.100077
2020-07-03T09:12:59.000,2.66,22.62,8.37,44.699205,-124.100077
2020-07-03T09:27:59.000,2.67,22.7,8.36,44.699205,-124.100077
2020-07-03T09:42:59.000,2.71,23.1,8.37,44.699205,-124.100077
2020-07-03T09:57:59.000,2.77,23.59,8.38,44.699205,-124.100077
2020-07-03T10:12:59.000,2.77,23.62,8.38,44.699205,-124.100077
2020-07-03T10:27:59.000,2.8,23.89,8.38,44.699205,-124.100077
2020-07-03T10:42:59.000,2.82,24.06,8.39,44.699205,-124.100077
2020-07-03T10:57:59.000,2.81,23.99,8.4,44.699205,-124.100077
2020-07-03T11:12:59.000,2.83,24.15,8.39,44.699205,-124.100077
2020-07-03T11:27:59.000,2.84,24.23,8.4,44.699205,-124.100077
2020-07-03T11:42:59.000,2.82,24.07,8.38,44.699205,-124.100077
2020-07-03T11:57:59.000,2.82,23.99,8.38,44.699205,-124.100077
2020-07-03T12:12:59.000,2.81,23.96,8.37,44.699205,-124.100077
2020-07-03T12:27:59.000,2.81,23.91,8.38,44.699205,-124.100077
2020-07-03T12:42:59.000,2.82,24.02,8.38,44.699205,-124.100077
2020-07-03T12:57:59.000,2.83,24.13,8.38,44.699205,-124.100077
2020-07-03T13:12:59.000,2.82,24.04,8.38,44.699205,-124.100077
2020-07-03T13:27:59.000,2.8,23.86,8.35,44.699205,-124.100077
2020-07-03T13:42:59.000,2.78,23.64,8.34,44.699205,-124.100077
2020-07-03T13:57:59.000,2.75,23.42,8.33,44.699205,-124.100077
