Time (UTC),DO (ml/L),Dissolved Oxygen (%),Temperature (C),Latitude,Longitude
2020-07-17T20:59:28.000,0.96,7.99,7.44,44.698932,-124.1075
2020-07-17T21:14:28.000,0.96,8,7.45,44.698932,-124.1075
2020-07-17T21:29:28.000,0.97,8.04,7.46,44.698932,-124.1075
2020-07-17T21:44:28.000,0.97,8.05,7.46,44.698932,-124.1075
2020-07-17T21:59:28.000,0.98,8.14,7.46,44.698932,-124.1075
2020-07-17T22:14:28.000,1,8.35,7.47,44.698932,-124.1075
2020-07-17T22:29:28.000,1,8.33,7.48,44.698932,-124.1075
2020-07-17T22:44:28.000,1.03,8.6,7.48,44.698932,-124.1075
2020-07-17T22:59:28.000,1.05,8.73,7.48,44.698932,-124.1075
2020-07-17T23:14:28.000,1.05,8.78,7.48,44.698932,-124.1075
2020-07-17T23:29:28.000,1.05,8.79,7.49,44.698932,-124.1075
2020-07-17T23:44:28.000,1.06,8.85,7.49,44.698932,-124.1075
2020-07-17T23:59:28.000,1.07,8.91,7.49,44.698932,-124.1075
2020-07-18T00:14:28.000,1.07,8.92,7.49,44.698932,-124.1075
2020-07-18T00:29:28.000,1.06,8.85,7.49,44.698932,-124.1075
2020-07-18T00:44:28.000,1.05,8.75,7.49,44.698932,-124.1075
2020-07-18T00:59:28.000,1.04,8.7,7.49,44.698932,-124.1075
2020-07-18T01:14:28.000,1.04,8.66,7.48,44.698932,-124.1075
2020-07-18T01:29:28.000,1.04,8.63,7.47,44.698932,-124.1075
2020-07-18T01:44:28.000,1.05,8.75,7.46,44.698932,-124.1075
2020-07-18T01:59:28.000,1.05,8.76,7.46,44.698932,-124.1075
2020-07-18T02:14:28.000,1.06,8.84,7.46,44.698932,-124.1075
2020-07-18T02:29:28.000,1.05,8.77,7.45,44.698932,-124.1075
2020-07-18T02:44:28.000,1.06,8.85,7.46,44.698932,-124.1075
2020-07-18T02:59:28.000,1.07,8.93,7.46,44.698932,-124.1075
2020-07-18T03:14:28.000,1.08,9.02,7.45,44.698932,-124.1075
2020-07-18T03:29:28.000,1.09,9.09,7.44,44.698932,-124.1075
2020-07-18T03:44:28.000,1.1,9.16,7.44,44.698932,-124.1075
2020-07-18T03:59:28.000,1.11,9.25,7.44,44.698932,-124.1075
2020-07-18T04:14:28.000,1.11,9.24,7.43,44.698932,-124.1075
2020-07-18T04:29:28.000,1.13,9.43,7.42,44.698932,-124.1075
2020-07-18T04:44:28.000,1.14,9.49,7.42,44.698932,-124.1075
2020-07-18T04:59:28.000,1.14,9.52,7.42,44.698932,-124.1075
2020-07-18T05:14:28.000,1.17,9.7,7.42,44.698932,-124.1075
2020-07-18T05:29:28.000,1.17,9.75,7.43,44.698932,-124.1075
2020-07-18T05:44:28.000,1.19,9.87,7.43,44.698932,-124.1075
2020-07-18T05:59:28.000,1.18,9.85,7.43,44.698932,-124.1075
2020-07-18T06:14:28.000,1.19,9.92,7.43,44.698932,-124.1075
2020-07-18T06:29:28.000,1.19,9.89,7.43,44.698932,-124.1075
2020-07-18T06:44:28.000,1.19,9.91,7.43,44.698932,-124.1075
2020-07-18T06:59:28.000,1.19,9.92,7.43,44.698932,-124.1075
2020-07-18T07:14:28.000,1.2,9.98,7.44,44.698932,-124.1075
2020-07-18T07:29:28.000,1.23,10.26,7.44,44.698932,-124.1075
2020-07-18T07:44:28.000,1.25,10.38,7.44,44.698932,-124.1075
2020-07-18T07:59:28.000,1.23,10.22,7.44,44.698932,-124.1075
2020-07-18T08:14:28.000,1.23,10.26,7.44,44.698932,-124.1075
2020-07-18T08:29:28.000,1.21,10.07,7.44,44.698932,-124.1075
2020-07-18T08:44:28.000,1.21,10.08,7.44,44.698932,-124.1075
2020-07-18T08:59:28.000,1.19,9.95,7.45,44.698932,-124.1075
2020-07-18T09:14:28.000,1.19,9.91,7.46,44.698932,-124.1075
2020-07-18T09:29:28.000,1.19,9.92,7.46,44.698932,-124.1075
2020-07-18T09:44:28.000,1.2,10,7.46,44.698932,-124.1075
2020-07-18T09:59:28.000,1.21,10.08,7.46,44.698932,-124.1075
2020-07-18T10:14:28.000,1.21,10.12,7.46,44.698932,-124.1075
2020-07-18T10:29:28.000,1.22,10.15,7.46,44.698932,-124.1075
2020-07-18T10:44:28.000,1.22,10.19,7.46,44.698932,-124.1075
2020-07-18T10:59:28.000,1.22,10.13,7.47,44.698932,-124.1075
2020-07-18T11:14:28.000,1.21,10.11,7.47,44.698932,-124.1075
2020-07-18T11:29:28.000,1.21,10.1,7.48,44.698932,-124.1075
2020-07-18T11:44:28.000,1.21,10.08,7.49,44.698932,-124.1075
2020-07-18T11:59:28.000,1.2,10.02,7.49,44.698932,-124.1075
2020-07-18T12:14:28.000,1.2,9.99,7.49,44.698932,-124.1075
2020-07-18T12:29:28.000,1.21,10.08,7.49,44.698932,-124.1075
2020-07-18T12:44:28.000,1.22,10.2,7.51,44.698932,-124.1075
2020-07-18T12:59:28.000,1.21,10.08,7.51,44.698932,-124.1075
2020-07-18T13:14:28.000,1.19,9.91,7.51,44.698932,-124.1075
2020-07-18T13:29:28.000,1.22,10.14,7.51,44.698932,-124.1075
2020-07-18T13:44:28.000,1.2,10.03,7.51,44.698932,-124.1075
2020-07-18T13:59:28.000,1.19,9.97,7.51,44.698932,-124.1075
2020-07-18T14:14:28.000,1.2,9.99,7.51,44.698932,-124.1075
2020-07-18T14:29:28.000,1.17,9.8,7.51,44.698932,-124.1075
2020-07-18T14:44:28.000,1.14,9.53,7.49,44.698932,-124.1075
2020-07-18T14:59:28.000,1.13,9.45,7.48,44.698932,-124.1075
2020-07-18T15:14:28.000,1.14,9.48,7.46,44.698932,-124.1075
2020-07-18T15:29:28.000,1.14,9.52,7.45,44.698932,-124.1075
2020-07-18T15:44:28.000,1.14,9.47,7.44,44.698932,-124.1075
2020-07-18T15:59:28.000,1.14,9.51,7.44,44.698932,-124.1075
2020-07-18T16:14:28.000,1.14,9.53,7.43,44.698932,-124.1075
2020-07-18T16:29:28.000,1.14,9.46,7.44,44.698932,-124.1075
2020-07-18T16:44:28.000,1.14,9.49,7.44,44.698932,-124.1075
2020-07-18T16:59:28.000,1.14,9.49,7.43,44.698932,-124.1075
2020-07-18T17:14:28.000,1.15,9.55,7.42,44.698932,-124.1075
2020-07-18T17:29:28.000,1.15,9.58,7.42,44.698932,-124.1075
2020-07-18T17:44:28.000,1.18,9.81,7.4,44.698932,-124.1075
2020-07-18T17:59:28.000,1.19,9.86,7.4,44.698932,-124.1075
2020-07-18T18:14:28.000,1.18,9.82,7.39,44.698932,-124.1075
2020-07-18T18:29:28.000,1.18,9.78,7.39,44.698932,-124.1075
2020-07-18T18:44:28.000,1.17,9.76,7.39,44.698932,-124.1075
2020-07-18T18:59:28.000,1.16,9.67,7.39,44.698932,-124.1075
2020-07-18T19:14:28.000,1.15,9.57,7.4,44.698932,-124.1075
2020-07-18T19:29:28.000,1.14,9.51,7.4,44.698932,-124.1075
2020-07-18T19:44:28.000,1.13,9.43,7.4,44.698932,-124.1075
2020-07-18T19:59:28.000,1.12,9.35,7.4,44.698932,-124.1075
2020-07-18T20:14:28.000,1.11,9.24,7.41,44.698932,-124.1075
2020-07-18T20:29:28.000,1.1,9.19,7.41,44.698932,-124.1075
2020-07-18T20:44:28.000,1.09,9.1,7.41,44.698932,-124.1075
2020-07-18T20:59:28.000,1.09,9.06,7.41,44.698932,-124.1075
2020-07-18T21:14:28.000,1.09,9.07,7.41,44.698932,-124.1075
2020-07-18T21:29:28.000,1.09,9.07,7.41,44.698932,-124.1075
2020-07-18T21:44:28.000,1.11,9.21,7.42,44.698932,-124.1075
2020-07-18T21:59:28.000,1.11,9.26,7.42,44.698932,-124.1075
2020-07-18T22:14:28.000,1.13,9.4,7.43,44.698932,-124.1075
2020-07-18T22:29:28.000,1.14,9.47,7.44,44.698932,-124.1075
2020-07-18T22:44:28.000,1.15,9.56,7.44,44.698932,-124.1075
2020-07-18T22:59:28.000,1.16,9.66,7.44,44.698932,-124.1075
2020-07-18T23:14:28.000,1.17,9.71,7.44,44.698932,-124.1075
2020-07-18T23:29:28.000,1.17,9.76,7.44,44.698932,-124.1075
2020-07-18T23:44:28.000,1.17,9.78,7.45,44.698932,-124.1075
2020-07-18T23:59:28.000,1.19,9.88,7.46,44.698932,-124.1075
2020-07-19T00:14:28.000,1.18,9.81,7.46,44.698932,-124.1075
2020-07-19T00:29:28.000,1.19,9.95,7.46,44.698932,-124.1075
2020-07-19T00:44:28.000,1.2,10,7.46,44.698932,-124.1075
2020-07-19T00:59:28.000,1.2,9.96,7.46,44.698932,-124.1075
2020-07-19T01:14:28.000,1.2,9.99,7.46,44.698932,-124.1075
2020-07-19T01:29:28.000,1.13,9.45,7.44,44.698932,-124.1075
2020-07-19T01:44:28.000,1.16,9.65,7.46,44.698932,-124.1075
2020-07-19T01:59:28.000,1.12,9.37,7.44,44.698932,-124.1075
2020-07-19T02:14:28.000,1.12,9.31,7.44,44.698932,-124.1075
2020-07-19T02:29:28.000,1.11,9.29,7.44,44.698932,-124.1075
2020-07-19T02:44:28.000,1.12,9.29,7.45,44.698932,-124.1075
2020-07-19T02:59:28.000,1.11,9.25,7.44,44.698932,-124.1075
2020-07-19T03:14:28.000,1.09,9.11,7.44,44.698932,-124.1075
2020-07-19T03:29:28.000,1.09,9.11,7.44,44.698932,-124.1075
2020-07-19T03:44:28.000,1.09,9.06,7.44,44.698932,-124.1075
2020-07-19T03:59:28.000,1.08,8.96,7.44,44.698932,-124.1075
2020-07-19T04:14:28.000,1.06,8.87,7.44,44.698932,-124.1075
2020-07-19T04:29:28.000,1.07,8.93,7.44,44.698932,-124.1075
2020-07-19T04:44:28.000,1.05,8.77,7.44,44.698932,-124.1075
2020-07-19T04:59:28.000,1.06,8.83,7.43,44.698932,-124.1075
2020-07-19T05:14:28.000,1.05,8.75,7.43,44.698932,-124.1075
2020-07-19T05:29:28.000,1.06,8.79,7.43,44.698932,-124.1075
2020-07-19T05:44:28.000,1.05,8.75,7.43,44.698932,-124.1075
2020-07-19T05:59:28.000,1.05,8.74,7.43,44.698932,-124.1075
2020-07-19T06:14:28.000,1.04,8.69,7.44,44.698932,-124.1075
2020-07-19T06:29:28.000,1.04,8.68,7.44,44.698932,-124.1075
2020-07-19T06:44:28.000,1.04,8.65,7.44,44.698932,-124.1075
2020-07-19T06:59:28.000,1.03,8.61,7.44,44.698932,-124.1075
2020-07-19T07:14:28.000,1.03,8.61,7.44,44.698932,-124.1075
2020-07-19T07:29:28.000,1.03,8.57,7.44,44.698932,-124.1075
2020-07-19T07:44:28.000,1.03,8.57,7.44,44.698932,-124.1075
2020-07-19T07:59:28.000,1.03,8.58,7.44,44.698932,-124.1075
2020-07-19T08:14:28.000,1.03,8.56,7.44,44.698932,-124.1075
2020-07-19T08:29:28.000,1.02,8.53,7.44,44.698932,-124.1075
2020-07-19T08:44:28.000,1.02,8.52,7.44,44.698932,-124.1075
2020-07-19T08:59:28.000,1.02,8.46,7.45,44.698932,-124.1075
2020-07-19T09:14:28.000,1.01,8.39,7.45,44.698932,-124.1075
2020-07-19T09:29:28.000,1.01,8.37,7.44,44.698932,-124.1075
2020-07-19T09:44:28.000,1.01,8.42,7.44,44.698932,-124.1075
2020-07-19T09:59:28.000,1.03,8.62,7.44,44.698932,-124.1075
2020-07-19T10:14:28.000,1.04,8.65,7.42,44.698932,-124.1075
2020-07-19T10:29:28.000,1.05,8.75,7.42,44.698932,-124.1075
2020-07-19T10:44:28.000,1.05,8.75,7.41,44.698932,-124.1075
2020-07-19T10:59:28.000,1.06,8.83,7.39,44.698932,-124.1075
2020-07-19T11:14:28.000,1.05,8.76,7.38,44.698932,-124.1075
2020-07-19T11:29:28.000,1.04,8.68,7.37,44.698932,-124.1075
2020-07-19T11:44:28.000,1.04,8.61,7.37,44.698932,-124.1075
2020-07-19T11:59:28.000,1.04,8.68,7.37,44.698932,-124.1075
2020-07-19T12:14:28.000,1.08,9,7.37,44.698932,-124.1075
2020-07-19T12:29:28.000,1.13,9.38,7.34,44.698932,-124.1075
2020-07-19T12:44:28.000,1.16,9.63,7.34,44.698932,-124.1075
2020-07-19T12:59:28.000,1.15,9.58,7.34,44.698932,-124.1075
2020-07-19T13:14:28.000,1.14,9.5,7.32,44.698932,-124.1075
2020-07-19T13:29:28.000,1.13,9.41,7.32,44.698932,-124.1075
2020-07-19T13:44:28.000,1.12,9.32,7.32,44.698932,-124.1075
2020-07-19T13:59:28.000,1.1,9.17,7.32,44.698932,-124.1075
2020-07-19T14:14:28.000,1.12,9.29,7.33,44.698932,-124.1075
2020-07-19T14:29:28.000,1.06,8.83,7.32,44.698932,-124.1075
2020-07-19T14:44:28.000,1.01,8.38,7.32,44.698932,-124.1075
2020-07-19T14:59:28.000,0.97,8.02,7.32,44.698932,-124.1075
2020-07-19T15:14:28.000,0.94,7.77,7.32,44.698932,-124.1075
2020-07-19T15:29:28.000,0.9,7.49,7.32,44.698932,-124.1075
2020-07-19T15:44:28.000,0.87,7.23,7.31,44.698932,-124.1075
2020-07-19T15:59:28.000,0.85,7.05,7.3,44.698932,-124.1075
2020-07-19T16:14:28.000,0.83,6.85,7.29,44.698932,-124.1075
2020-07-19T16:29:28.000,0.8,6.61,7.29,44.698932,-124.1075
2020-07-19T16:44:28.000,0.78,6.5,7.29,44.698932,-124.1075
2020-07-19T16:59:28.000,0.76,6.33,7.29,44.698932,-124.1075
2020-07-19T17:14:28.000,0.75,6.21,7.29,44.698932,-124.1075
2020-07-19T17:29:28.000,0.74,6.14,7.29,44.698932,-124.1075
2020-07-19T17:44:28.000,0.74,6.12,7.28,44.698932,-124.1075
2020-07-19T17:59:28.000,0.73,6.07,7.27,44.698932,-124.1075
2020-07-19T18:14:28.000,0.73,6.07,7.27,44.698932,-124.1075
2020-07-19T18:29:28.000,0.75,6.22,7.25,44.698932,-124.1075
2020-07-19T18:44:28.000,0.75,6.22,7.25,44.698932,-124.1075
2020-07-19T18:59:28.000,0.75,6.2,7.25,44.698932,-124.1075
2020-07-19T19:14:28.000,0.76,6.28,7.24,44.698932,-124.1075
2020-07-19T19:29:28.000,0.76,6.32,7.22,44.698932,-124.1075
2020-07-19T19:44:28.000,0.77,6.4,7.22,44.698932,-124.1075
2020-07-19T19:59:28.000,0.77,6.41,7.22,44.698932,-124.1075
2020-07-19T20:14:28.000,0.77,6.36,7.22,44.698932,-124.1075
2020-07-19T20:29:28.000,0.76,6.32,7.22,44.698932,-124.1075
2020-07-19T20:44:28.000,0.76,6.29,7.22,44.698932,-124.1075
2020-07-19T20:59:28.000,0.76,6.27,7.22,44.698932,-124.1075
2020-07-19T21:14:28.000,0.75,6.23,7.22,44.698932,-124.1075
2020-07-19T21:29:28.000,0.76,6.26,7.22,44.698932,-124.1075
2020-07-19T21:44:28.000,0.77,6.4,7.22,44.698932,-124.1075
2020-07-19T21:59:28.000,0.79,6.5,7.21,44.698932,-124.1075
2020-07-19T22:14:28.000,0.82,6.81,7.2,44.698932,-124.1075
2020-07-19T22:29:28.000,0.86,7.08,7.2,44.698932,-124.1075
2020-07-19T22:44:28.000,0.9,7.46,7.19,44.698932,-124.1075
2020-07-19T22:59:28.000,0.92,7.58,7.19,44.698932,-124.1075
2020-07-19T23:14:28.000,0.93,7.72,7.19,44.698932,-124.1075
2020-07-19T23:29:28.000,0.93,7.73,7.18,44.698932,-124.1075
2020-07-19T23:44:28.000,0.97,8.06,7.17,44.698932,-124.1075
2020-07-19T23:59:28.000,1.02,8.46,7.17,44.698932,-124.1075
2020-07-20T00:14:28.000,1.07,8.82,7.17,44.698932,-124.1075
2020-07-20T00:29:28.000,1.08,8.9,7.17,44.698932,-124.1075
2020-07-20T00:44:28.000,1.09,9.03,7.17,44.698932,-124.1075
2020-07-20T00:59:28.000,1.09,9.03,7.17,44.698932,-124.1075
2020-07-20T01:14:28.000,1.13,9.34,7.17,44.698932,-124.1075
2020-07-20T01:29:28.000,1.18,9.76,7.17,44.698932,-124.1075
2020-07-20T01:44:28.000,1.19,9.85,7.17,44.698932,-124.1075
2020-07-20T01:59:28.000,1.2,9.93,7.17,44.698932,-124.1075
2020-07-20T02:14:28.000,1.21,10.03,7.17,44.698932,-124.1075
2020-07-20T02:29:28.000,1.21,10.02,7.17,44.698932,-124.1075
2020-07-20T02:44:28.000,1.19,9.81,7.17,44.698932,-124.1075
2020-07-20T02:59:28.000,1.18,9.78,7.17,44.698932,-124.1075
2020-07-20T03:14:28.000,1.17,9.65,7.17,44.698932,-124.1075
2020-07-20T03:29:28.000,1.15,9.55,7.17,44.698932,-124.1075
2020-07-20T03:44:28.000,1.16,9.62,7.17,44.698932,-124.1075
2020-07-20T03:59:28.000,1.15,9.54,7.17,44.698932,-124.1075
2020-07-20T04:14:28.000,1.13,9.39,7.17,44.698932,-124.1075
2020-07-20T04:29:28.000,1.09,9.02,7.17,44.698932,-124.1075
2020-07-20T04:44:28.000,1.05,8.72,7.17,44.698932,-124.1075
2020-07-20T04:59:28.000,1.03,8.49,7.18,44.698932,-124.1075
2020-07-20T05:14:28.000,1.01,8.32,7.19,44.698932,-124.1075
2020-07-20T05:29:28.000,0.98,8.07,7.19,44.698932,-124.1075
2020-07-20T05:44:28.000,0.94,7.79,7.2,44.698932,-124.1075
2020-07-20T05:59:28.000,0.92,7.65,7.22,44.698932,-124.1075
2020-07-20T06:14:28.000,0.89,7.36,7.22,44.698932,-124.1075
2020-07-20T06:29:28.000,0.85,7.02,7.24,44.698932,-124.1075
2020-07-20T06:44:28.000,0.81,6.75,7.27,44.698932,-124.1075
2020-07-20T06:59:28.000,0.79,6.52,7.27,44.698932,-124.1075
2020-07-20T07:14:28.000,0.78,6.45,7.27,44.698932,-124.1075
2020-07-20T07:29:28.000,0.76,6.33,7.27,44.698932,-124.1075
2020-07-20T07:44:28.000,0.75,6.2,7.25,44.698932,-124.1075
2020-07-20T07:59:28.000,0.75,6.18,7.25,44.698932,-124.1075
2020-07-20T08:14:28.000,0.74,6.1,7.25,44.698932,-124.1075
2020-07-20T08:29:28.000,0.73,6.05,7.25,44.698932,-124.1075
2020-07-20T08:44:28.000,0.74,6.11,7.25,44.698932,-124.1075
2020-07-20T08:59:28.000,0.73,6.06,7.25,44.698932,-124.1075
2020-07-20T09:14:28.000,0.73,6.04,7.25,44.698932,-124.1075
2020-07-20T09:29:28.000,0.72,6,7.25,44.698932,-124.1075
2020-07-20T09:44:28.000,0.72,6,7.26,44.698932,-124.1075
2020-07-20T09:59:28.000,0.73,6.04,7.26,44.698932,-124.1075
2020-07-20T10:14:28.000,0.73,6.07,7.26,44.698932,-124.1075
2020-07-20T10:29:28.000,0.73,6.04,7.27,44.698932,-124.1075
2020-07-20T10:44:28.000,0.74,6.15,7.27,44.698932,-124.1075
2020-07-20T10:59:28.000,0.73,6.09,7.27,44.698932,-124.1075
2020-07-20T11:14:28.000,0.73,6.09,7.27,44.698932,-124.1075
2020-07-20T11:29:28.000,0.74,6.1,7.27,44.698932,-124.1075
2020-07-20T11:44:28.000,0.73,6.08,7.27,44.698932,-124.1075
2020-07-20T11:59:28.000,0.73,6.09,7.27,44.698932,-124.1075
2020-07-20T12:14:28.000,0.73,6.08,7.27,44.698932,-124.1075
2020-07-20T12:29:28.000,0.73,6.05,7.27,44.698932,-124.1075
2020-07-20T12:44:28.000,0.73,6.09,7.27,44.698932,-124.1075
2020-07-20T12:59:28.000,0.73,6.08,7.27,44.698932,-124.1075
2020-07-20T13:14:28.000,0.73,6.04,7.27,44.698932,-124.1075
2020-07-20T13:29:28.000,0.73,6.06,7.26,44.698932,-124.1075
2020-07-20T13:44:28.000,0.73,6.03,7.25,44.698932,-124.1075
2020-07-20T13:59:28.000,0.73,6.09,7.25,44.698932,-124.1075
2020-07-20T14:14:28.000,0.74,6.16,7.24,44.698932,-124.1075
2020-07-20T14:29:28.000,0.74,6.14,7.24,44.698932,-124.1075
2020-07-20T14:44:28.000,0.74,6.15,7.24,44.698932,-124.1075
2020-07-20T14:59:28.000,0.75,6.19,7.23,44.698932,-124.1075
2020-07-20T15:14:28.000,0.8,6.66,7.23,44.698932,-124.1075
2020-07-20T15:29:28.000,0.86,7.1,7.23,44.698932,-124.1075
2020-07-20T15:44:28.000,0.87,7.2,7.23,44.698932,-124.1075
2020-07-20T15:59:28.000,0.87,7.18,7.24,44.698932,-124.1075
2020-07-20T16:14:28.000,0.88,7.29,7.23,44.698932,-124.1075
2020-07-20T16:29:28.000,0.88,7.29,7.23,44.698932,-124.1075
2020-07-20T16:44:28.000,0.87,7.25,7.24,44.698932,-124.1075
2020-07-20T16:59:28.000,0.85,7.07,7.24,44.698932,-124.1075
2020-07-20T17:14:28.000,0.83,6.85,7.24,44.698932,-124.1075
2020-07-20T17:29:28.000,0.81,6.7,7.24,44.698932,-124.1075
2020-07-20T17:44:28.000,0.78,6.5,7.24,44.698932,-124.1075
2020-07-20T17:59:28.000,0.77,6.41,7.24,44.698932,-124.1075
2020-07-20T18:14:28.000,0.76,6.29,7.25,44.698932,-124.1075
2020-07-20T18:29:28.000,0.75,6.23,7.25,44.698932,-124.1075
2020-07-20T18:44:28.000,0.75,6.21,7.25,44.698932,-124.1075
2020-07-20T18:59:28.000,0.74,6.16,7.25,44.698932,-124.1075
2020-07-20T19:14:28.000,0.74,6.12,7.25,44.698932,-124.1075
2020-07-20T19:29:28.000,0.73,6.06,7.25,44.698932,-124.1075
2020-07-20T19:44:28.000,0.73,6.01,7.25,44.698932,-124.1075
2020-07-20T19:59:28.000,0.73,6.03,7.26,44.698932,-124.1075
2020-07-20T20:14:28.000,0.72,6.01,7.27,44.698932,-124.1075
2020-07-20T20:29:28.000,0.72,6,7.27,44.698932,-124.1075
2020-07-20T20:44:28.000,0.72,5.99,7.27,44.698932,-124.1075
2020-07-20T20:59:28.000,0.72,5.95,7.27,44.698932,-124.1075
2020-07-20T21:14:28.000,0.72,5.93,7.27,44.698932,-124.1075
2020-07-20T21:29:28.000,0.72,5.94,7.27,44.698932,-124.1075
2020-07-20T21:44:28.000,0.72,5.94,7.27,44.698932,-124.1075
2020-07-20T21:59:28.000,0.72,6.01,7.27,44.698932,-124.1075
2020-07-20T22:14:28.000,0.73,6.06,7.27,44.698932,-124.1075
2020-07-20T22:29:28.000,0.74,6.12,7.27,44.698932,-124.1075
2020-07-20T22:44:28.000,0.75,6.25,7.28,44.698932,-124.1075
2020-07-20T22:59:28.000,0.77,6.38,7.29,44.698932,-124.1075
2020-07-20T23:14:28.000,0.78,6.47,7.29,44.698932,-124.1075
2020-07-20T23:29:28.000,0.81,6.71,7.29,44.698932,-124.1075
2020-07-20T23:44:28.000,0.85,7.04,7.31,44.698932,-124.1075
2020-07-20T23:59:28.000,0.88,7.28,7.32,44.698932,-124.1075
2020-07-21T00:14:28.000,0.91,7.57,7.32,44.698932,-124.1075
2020-07-21T00:29:28.000,0.94,7.8,7.33,44.698932,-124.1075
2020-07-21T00:44:28.000,1.01,8.36,7.34,44.698932,-124.1075
2020-07-21T00:59:28.000,1.04,8.67,7.35,44.698932,-124.1075
2020-07-21T01:14:28.000,1.07,8.86,7.35,44.698932,-124.1075
2020-07-21T01:29:28.000,1.09,9.04,7.36,44.698932,-124.1075
2020-07-21T01:44:28.000,1.09,9.04,7.36,44.698932,-124.1075
2020-07-21T01:59:28.000,1.1,9.12,7.35,44.698932,-124.1075
2020-07-21T02:14:28.000,1.11,9.21,7.35,44.698932,-124.1075
2020-07-21T02:29:28.000,1.11,9.2,7.34,44.698932,-124.1075
2020-07-21T02:44:28.000,1.13,9.37,7.35,44.698932,-124.1075
2020-07-21T02:59:28.000,1.18,9.79,7.37,44.698932,-124.1075
2020-07-21T03:14:28.000,1.19,9.9,7.37,44.698932,-124.1075
2020-07-21T03:29:28.000,1.21,10.04,7.37,44.698932,-124.1075
2020-07-21T03:44:28.000,1.21,10.04,7.37,44.698932,-124.1075
2020-07-21T03:59:28.000,1.2,10.02,7.38,44.698932,-124.1075
2020-07-21T04:14:28.000,1.21,10.04,7.39,44.698932,-124.1075
2020-07-21T04:29:28.000,1.21,10.11,7.39,44.698932,-124.1075
2020-07-21T04:44:28.000,1.23,10.2,7.39,44.698932,-124.1075
2020-07-21T04:59:28.000,1.25,10.38,7.4,44.698932,-124.1075
2020-07-21T05:14:28.000,1.26,10.51,7.41,44.698932,-124.1075
2020-07-21T05:29:28.000,1.27,10.54,7.41,44.698932,-124.1075
2020-07-21T05:44:28.000,1.28,10.66,7.42,44.698932,-124.1075
2020-07-21T05:59:28.000,1.27,10.61,7.42,44.698932,-124.1075
2020-07-21T06:14:28.000,1.28,10.66,7.42,44.698932,-124.1075
2020-07-21T06:29:28.000,1.31,10.95,7.44,44.698932,-124.1075
2020-07-21T06:44:28.000,1.34,11.18,7.45,44.698932,-124.1075
2020-07-21T06:59:28.000,1.38,11.53,7.46,44.698932,-124.1075
2020-07-21T07:14:28.000,1.43,11.89,7.48,44.698932,-124.1075
2020-07-21T07:29:28.000,1.45,12.06,7.49,44.698932,-124.1075
2020-07-21T07:44:28.000,1.48,12.32,7.49,44.698932,-124.1075
2020-07-21T07:59:28.000,1.52,12.72,7.51,44.698932,-124.1075
2020-07-21T08:14:28.000,1.56,13.01,7.51,44.698932,-124.1075
2020-07-21T08:29:28.000,1.61,13.4,7.53,44.698932,-124.1075
2020-07-21T08:44:28.000,1.66,13.84,7.54,44.698932,-124.1075
2020-07-21T08:59:28.000,1.71,14.24,7.55,44.698932,-124.1075
2020-07-21T09:14:28.000,1.78,14.85,7.56,44.698932,-124.1075
2020-07-21T09:29:28.000,1.85,15.5,7.57,44.698932,-124.1075
2020-07-21T09:44:28.000,1.9,15.92,7.58,44.698932,-124.1075
2020-07-21T09:59:28.000,1.82,15.25,7.56,44.698932,-124.1075
2020-07-21T10:14:28.000,1.86,15.55,7.58,44.698932,-124.1075
2020-07-21T10:29:28.000,1.96,16.39,7.61,44.698932,-124.1075
2020-07-21T10:44:28.000,2.03,16.96,7.62,44.698932,-124.1075
2020-07-21T10:59:28.000,2.08,17.43,7.63,44.698932,-124.1075
2020-07-21T11:14:28.000,2.15,18,7.66,44.698932,-124.1075
2020-07-21T11:29:28.000,2.18,18.28,7.66,44.698932,-124.1075
2020-07-21T11:44:28.000,2.22,18.59,7.67,44.698932,-124.1075
2020-07-21T11:59:28.000,2.23,18.71,7.68,44.698932,-124.1075
2020-07-21T12:14:28.000,2.22,18.61,7.68,44.698932,-124.1075
2020-07-21T12:29:28.000,2.24,18.79,7.68,44.698932,-124.1075
2020-07-21T12:44:28.000,2.25,18.88,7.68,44.698932,-124.1075
2020-07-21T12:59:28.000,2.19,18.33,7.67,44.698932,-124.1075
2020-07-21T13:14:28.000,2.09,17.53,7.65,44.698932,-124.1075
2020-07-21T13:29:28.000,2.06,17.24,7.63,44.698932,-124.1075
2020-07-21T13:44:28.000,2.09,17.47,7.64,44.698932,-124.1075
2020-07-21T13:59:28.000,2.12,17.75,7.66,44.698932,-124.1075
2020-07-21T14:14:28.000,2.2,18.45,7.67,44.698932,-124.1075
2020-07-21T14:29:28.000,2.26,18.95,7.68,44.698932,-124.1075
2020-07-21T14:44:28.000,2.37,19.87,7.72,44.698932,-124.1075
2020-07-21T14:59:28.000,2.37,19.9,7.73,44.698932,-124.1075
2020-07-21T15:14:28.000,2.2,18.46,7.68,44.698932,-124.1075
2020-07-21T15:29:28.000,2.14,17.91,7.66,44.698932,-124.1075
2020-07-21T15:44:28.000,2.05,17.16,7.63,44.698932,-124.1075
2020-07-21T15:59:28.000,1.96,16.41,7.61,44.698932,-124.1075
2020-07-21T16:14:28.000,1.91,15.94,7.61,44.698932,-124.1075
2020-07-21T16:29:28.000,1.89,15.78,7.59,44.698932,-124.1075
2020-07-21T16:44:28.000,1.85,15.46,7.59,44.698932,-124.1075
2020-07-21T16:59:28.000,1.81,15.11,7.58,44.698932,-124.1075
2020-07-21T17:14:28.000,1.74,14.57,7.56,44.698932,-124.1075
2020-07-21T17:29:28.000,1.71,14.26,7.56,44.698932,-124.1075
2020-07-21T17:44:28.000,1.63,13.61,7.55,44.698932,-124.1075
2020-07-21T17:59:28.000,1.53,12.75,7.54,44.698932,-124.1075
2020-07-21T18:14:28.000,1.47,12.29,7.53,44.698932,-124.1075
2020-07-21T18:29:28.000,1.46,12.18,7.52,44.698932,-124.1075
2020-07-21T18:44:28.000,1.44,12.04,7.51,44.698932,-124.1075
2020-07-21T18:59:28.000,1.43,11.96,7.51,44.698932,-124.1075
2020-07-21T19:14:28.000,1.41,11.77,7.5,44.698932,-124.1075
2020-07-21T19:29:28.000,1.4,11.71,7.49,44.698932,-124.1075
2020-07-21T19:44:28.000,1.37,11.43,7.48,44.698932,-124.1075
2020-07-21T19:59:28.000,1.37,11.4,7.47,44.698932,-124.1075
2020-07-21T20:14:28.000,1.35,11.26,7.46,44.698932,-124.1075
2020-07-21T20:29:28.000,1.35,11.23,7.46,44.698932,-124.1075
2020-07-21T20:44:28.000,1.34,11.17,7.46,44.698932,-124.1075
2020-07-21T20:59:28.000,1.34,11.13,7.46,44.698932,-124.1075
2020-07-21T21:14:28.000,1.35,11.29,7.46,44.698932,-124.1075
2020-07-21T21:29:28.000,1.34,11.19,7.46,44.698932,-124.1075
2020-07-21T21:44:28.000,1.37,11.39,7.46,44.698932,-124.1075
2020-07-21T21:59:28.000,1.38,11.51,7.46,44.698932,-124.1075
2020-07-21T22:14:28.000,1.37,11.42,7.46,44.698932,-124.1075
2020-07-21T22:29:28.000,1.41,11.74,7.48,44.698932,-124.1075
2020-07-21T22:44:28.000,1.41,11.78,7.49,44.698932,-124.1075
2020-07-21T22:59:28.000,1.44,12,7.49,44.698932,-124.1075
2020-07-21T23:14:28.000,1.45,12.06,7.49,44.698932,-124.1075
2020-07-21T23:29:28.000,1.49,12.42,7.51,44.698932,-124.1075
2020-07-21T23:44:28.000,1.53,12.73,7.51,44.698932,-124.1075
2020-07-21T23:59:28.000,1.56,13.01,7.53,44.698932,-124.1075
2020-07-22T00:14:28.000,1.58,13.17,7.54,44.698932,-124.1075
2020-07-22T00:29:28.000,1.6,13.39,7.54,44.698932,-124.1075
2020-07-22T00:44:28.000,1.64,13.72,7.55,44.698932,-124.1075
2020-07-22T00:59:28.000,1.68,14.01,7.56,44.698932,-124.1075
2020-07-22T01:14:28.000,1.74,14.52,7.56,44.698932,-124.1075
2020-07-22T01:29:28.000,1.78,14.88,7.58,44.698932,-124.1075
2020-07-22T01:44:28.000,1.83,15.32,7.59,44.698932,-124.1075
2020-07-22T01:59:28.000,1.85,15.48,7.61,44.698932,-124.1075
2020-07-22T02:14:28.000,1.9,15.88,7.61,44.698932,-124.1075
2020-07-22T02:29:28.000,1.73,14.48,7.56,44.698932,-124.1075
2020-07-22T02:44:28.000,1.73,14.44,7.54,44.698932,-124.1075
2020-07-22T02:59:28.000,1.55,12.92,7.48,44.698932,-124.1075
2020-07-22T03:14:28.000,1.56,13,7.46,44.698932,-124.1075
2020-07-22T03:29:28.000,1.56,13.01,7.45,44.698932,-124.1075
2020-07-22T03:44:28.000,1.57,13.09,7.44,44.698932,-124.1075
2020-07-22T03:59:28.000,1.55,12.94,7.44,44.698932,-124.1075
2020-07-22T04:14:28.000,1.55,12.91,7.43,44.698932,-124.1075
2020-07-22T04:29:28.000,1.55,12.91,7.42,44.698932,-124.1075
2020-07-22T04:44:28.000,1.54,12.86,7.42,44.698932,-124.1075
2020-07-22T04:59:28.000,1.54,12.84,7.41,44.698932,-124.1075
2020-07-22T05:14:28.000,1.53,12.72,7.41,44.698932,-124.1075
2020-07-22T05:29:28.000,1.53,12.7,7.41,44.698932,-124.1075
2020-07-22T05:44:28.000,1.52,12.64,7.41,44.698932,-124.1075
2020-07-22T05:59:28.000,1.52,12.61,7.4,44.698932,-124.1075
2020-07-22T06:14:28.000,1.51,12.53,7.4,44.698932,-124.1075
2020-07-22T06:29:28.000,1.5,12.51,7.4,44.698932,-124.1075
2020-07-22T06:44:28.000,1.51,12.55,7.4,44.698932,-124.1075
2020-07-22T06:59:28.000,1.51,12.6,7.4,44.698932,-124.1075
2020-07-22T07:14:28.000,1.51,12.52,7.4,44.698932,-124.1075
2020-07-22T07:29:28.000,1.53,12.75,7.41,44.698932,-124.1075
2020-07-22T07:44:28.000,1.53,12.7,7.41,44.698932,-124.1075
2020-07-22T07:59:28.000,1.54,12.85,7.41,44.698932,-124.1075
2020-07-22T08:14:28.000,1.54,12.8,7.41,44.698932,-124.1075
2020-07-22T08:29:28.000,1.55,12.9,7.41,44.698932,-124.1075
2020-07-22T08:44:28.000,1.57,13.07,7.42,44.698932,-124.1075
2020-07-22T08:59:28.000,1.58,13.15,7.42,44.698932,-124.1075
2020-07-22T09:14:28.000,1.59,13.22,7.44,44.698932,-124.1075
2020-07-22T09:29:28.000,1.6,13.34,7.44,44.698932,-124.1075
2020-07-22T09:44:28.000,1.62,13.52,7.45,44.698932,-124.1075
2020-07-22T09:59:28.000,1.64,13.67,7.46,44.698932,-124.1075
2020-07-22T10:14:28.000,1.66,13.87,7.46,44.698932,-124.1075
2020-07-22T10:29:28.000,1.71,14.24,7.48,44.698932,-124.1075
2020-07-22T10:44:28.000,1.66,13.82,7.46,44.698932,-124.1075
2020-07-22T10:59:28.000,1.68,13.98,7.49,44.698932,-124.1075
2020-07-22T11:14:28.000,1.72,14.33,7.51,44.698932,-124.1075
2020-07-22T11:29:28.000,1.8,15.04,7.53,44.698932,-124.1075
2020-07-22T11:44:28.000,1.83,15.3,7.54,44.698932,-124.1075
2020-07-22T11:59:28.000,1.83,15.29,7.54,44.698932,-124.1075
2020-07-22T12:14:28.000,1.81,15.14,7.54,44.698932,-124.1075
2020-07-22T12:29:28.000,1.83,15.27,7.55,44.698932,-124.1075
2020-07-22T12:44:28.000,1.89,15.75,7.56,44.698932,-124.1075
2020-07-22T12:59:28.000,1.84,15.39,7.55,44.698932,-124.1075
2020-07-22T13:14:28.000,1.86,15.56,7.55,44.698932,-124.1075
2020-07-22T13:29:28.000,1.84,15.38,7.54,44.698932,-124.1075
2020-07-22T13:44:28.000,1.82,15.16,7.53,44.698932,-124.1075
2020-07-22T13:59:28.000,1.82,15.17,7.53,44.698932,-124.1075
2020-07-22T14:14:28.000,1.82,15.17,7.53,44.698932,-124.1075
2020-07-22T14:29:28.000,1.8,15.04,7.53,44.698932,-124.1075
2020-07-22T14:44:28.000,1.79,14.91,7.52,44.698932,-124.1075
2020-07-22T14:59:28.000,1.69,14.07,7.49,44.698932,-124.1075
2020-07-22T15:14:28.000,1.76,14.72,7.51,44.698932,-124.1075
2020-07-22T15:29:28.000,1.75,14.63,7.51,44.698932,-124.1075
2020-07-22T15:44:28.000,1.75,14.56,7.51,44.698932,-124.1075
2020-07-22T15:59:28.000,1.74,14.49,7.51,44.698932,-124.1075
2020-07-22T16:14:28.000,1.71,14.3,7.51,44.698932,-124.1075
2020-07-22T16:29:28.000,1.64,13.68,7.49,44.698932,-124.1075
2020-07-22T16:44:28.000,1.58,13.13,7.46,44.698932,-124.1075
2020-07-22T16:59:28.000,1.55,12.92,7.46,44.698932,-124.1075
2020-07-22T17:14:28.000,1.52,12.64,7.44,44.698932,-124.1075
2020-07-22T17:29:28.000,1.53,12.75,7.45,44.698932,-124.1075
2020-07-22T17:44:28.000,1.52,12.7,7.45,44.698932,-124.1075
2020-07-22T17:59:28.000,1.54,12.8,7.46,44.698932,-124.1075
2020-07-22T18:14:28.000,1.57,13.06,7.46,44.698932,-124.1075
2020-07-22T18:29:28.000,1.58,13.2,7.47,44.698932,-124.1075
2020-07-22T18:44:28.000,1.6,13.3,7.49,44.698932,-124.1075
2020-07-22T18:59:28.000,1.63,13.56,7.5,44.698932,-124.1075
2020-07-22T19:14:28.000,1.62,13.48,7.5,44.698932,-124.1075
2020-07-22T19:29:28.000,1.56,13,7.48,44.698932,-124.1075
2020-07-22T19:44:28.000,1.52,12.7,7.46,44.698932,-124.1075
2020-07-22T19:59:28.000,1.48,12.32,7.46,44.698932,-124.1075
2020-07-22T20:14:28.000,1.47,12.27,7.46,44.698932,-124.1075
2020-07-22T20:29:28.000,1.46,12.14,7.46,44.698932,-124.1075
2020-07-22T20:44:28.000,1.44,11.99,7.44,44.698932,-124.1075
2020-07-22T20:59:28.000,1.43,11.91,7.44,44.698932,-124.1075
2020-07-22T21:14:28.000,1.41,11.77,7.44,44.698932,-124.1075
2020-07-22T21:29:28.000,1.4,11.65,7.44,44.698932,-124.1075
2020-07-22T21:44:28.000,1.39,11.59,7.44,44.698932,-124.1075
2020-07-22T21:59:28.000,1.39,11.59,7.44,44.698932,-124.1075
2020-07-22T22:14:28.000,1.37,11.4,7.44,44.698932,-124.1075
2020-07-22T22:29:28.000,1.37,11.37,7.44,44.698932,-124.1075
2020-07-22T22:44:28.000,1.36,11.34,7.44,44.698932,-124.1075
2020-07-22T22:59:28.000,1.35,11.26,7.44,44.698932,-124.1075
2020-07-22T23:14:28.000,1.36,11.3,7.44,44.698932,-124.1075
2020-07-22T23:29:28.000,1.35,11.26,7.44,44.698932,-124.1075
2020-07-22T23:44:28.000,1.35,11.22,7.44,44.698932,-124.1075
2020-07-22T23:59:28.000,1.33,11.05,7.44,44.698932,-124.1075
2020-07-23T00:14:28.000,1.32,10.98,7.44,44.698932,-124.1075
2020-07-23T00:29:28.000,1.32,10.96,7.44,44.698932,-124.1075
2020-07-23T00:44:28.000,1.32,11.02,7.44,44.698932,-124.1075
2020-07-23T00:59:28.000,1.32,11,7.44,44.698932,-124.1075
2020-07-23T01:14:28.000,1.32,11.01,7.44,44.698932,-124.1075
2020-07-23T01:29:28.000,1.32,11.03,7.44,44.698932,-124.1075
2020-07-23T01:44:28.000,1.32,11,7.44,44.698932,-124.1075
2020-07-23T01:59:28.000,1.32,11.03,7.44,44.698932,-124.1075
2020-07-23T02:14:28.000,1.33,11.08,7.44,44.698932,-124.1075
2020-07-23T02:29:28.000,1.33,11.05,7.44,44.698932,-124.1075
2020-07-23T02:44:28.000,1.34,11.13,7.45,44.698932,-124.1075
2020-07-23T02:59:28.000,1.36,11.32,7.46,44.698932,-124.1075
2020-07-23T03:14:28.000,1.37,11.44,7.46,44.698932,-124.1075
2020-07-23T03:29:28.000,1.34,11.14,7.46,44.698932,-124.1075
2020-07-23T03:44:28.000,1.34,11.13,7.46,44.698932,-124.1075
2020-07-23T03:59:28.000,1.42,11.81,7.47,44.698932,-124.1075
2020-07-23T04:14:28.000,1.39,11.6,7.46,44.698932,-124.1075
2020-07-23T04:29:28.000,1.37,11.39,7.46,44.698932,-124.1075
2020-07-23T04:44:28.000,1.33,11.1,7.46,44.698932,-124.1075
2020-07-23T04:59:28.000,1.34,11.17,7.46,44.698932,-124.1075
2020-07-23T05:14:28.000,1.4,11.68,7.47,44.698932,-124.1075
2020-07-23T05:29:28.000,1.42,11.84,7.48,44.698932,-124.1075
2020-07-23T05:44:28.000,1.35,11.24,7.46,44.698932,-124.1075
2020-07-23T05:59:28.000,1.39,11.56,7.47,44.698932,-124.1075
2020-07-23T06:14:28.000,1.39,11.59,7.47,44.698932,-124.1075
2020-07-23T06:29:28.000,1.39,11.62,7.47,44.698932,-124.1075
2020-07-23T06:44:28.000,1.39,11.62,7.47,44.698932,-124.1075
2020-07-23T06:59:28.000,1.43,11.9,7.49,44.698932,-124.1075
2020-07-23T07:14:28.000,1.41,11.75,7.49,44.698932,-124.1075
2020-07-23T07:29:28.000,1.48,12.31,7.51,44.698932,-124.1075
2020-07-23T07:44:28.000,1.5,12.5,7.51,44.698932,-124.1075
2020-07-23T07:59:28.000,1.42,11.84,7.48,44.698932,-124.1075
2020-07-23T08:14:28.000,1.39,11.58,7.48,44.698932,-124.1075
2020-07-23T08:29:28.000,1.56,13,7.52,44.698932,-124.1075
2020-07-23T08:44:28.000,1.54,12.83,7.53,44.698932,-124.1075
2020-07-23T08:59:28.000,1.49,12.4,7.51,44.698932,-124.1075
2020-07-23T09:14:28.000,1.46,12.18,7.51,44.698932,-124.1075
2020-07-23T09:29:28.000,1.31,10.95,7.46,44.698932,-124.1075
2020-07-23T09:44:28.000,1.3,10.85,7.46,44.698932,-124.1075
2020-07-23T09:59:28.000,1.29,10.76,7.46,44.698932,-124.1075
2020-07-23T10:14:28.000,1.29,10.73,7.46,44.698932,-124.1075
2020-07-23T10:29:28.000,1.29,10.76,7.46,44.698932,-124.1075
2020-07-23T10:44:28.000,1.3,10.83,7.46,44.698932,-124.1075
2020-07-23T10:59:28.000,1.33,11.07,7.46,44.698932,-124.1075
2020-07-23T11:14:28.000,1.32,10.98,7.46,44.698932,-124.1075
2020-07-23T11:29:28.000,1.33,11.09,7.46,44.698932,-124.1075
2020-07-23T11:44:28.000,1.35,11.24,7.46,44.698932,-124.1075
2020-07-23T11:59:28.000,1.4,11.71,7.47,44.698932,-124.1075
2020-07-23T12:14:28.000,1.39,11.6,7.46,44.698932,-124.1075
2020-07-23T12:29:28.000,1.41,11.78,7.48,44.698932,-124.1075
2020-07-23T12:44:28.000,1.43,11.91,7.49,44.698932,-124.1075
2020-07-23T12:59:28.000,1.43,11.89,7.49,44.698932,-124.1075
2020-07-23T13:14:28.000,1.43,11.9,7.49,44.698932,-124.1075
2020-07-23T13:29:28.000,1.41,11.78,7.47,44.698932,-124.1075
2020-07-23T13:44:28.000,1.54,12.85,7.51,44.698932,-124.1075
2020-07-23T13:59:28.000,1.68,14,7.54,44.698932,-124.1075
2020-07-23T14:14:28.000,1.71,14.29,7.55,44.698932,-124.1075
2020-07-23T14:29:28.000,1.67,13.93,7.54,44.698932,-124.1075
2020-07-23T14:44:28.000,1.69,14.13,7.55,44.698932,-124.1075
2020-07-23T14:59:28.000,1.66,13.9,7.55,44.698932,-124.1075
2020-07-23T15:14:28.000,1.69,14.14,7.56,44.698932,-124.1075
2020-07-23T15:29:28.000,1.77,14.77,7.56,44.698932,-124.1075
2020-07-23T15:44:28.000,1.82,15.23,7.59,44.698932,-124.1075
2020-07-23T15:59:28.000,1.55,12.94,7.53,44.698932,-124.1075
2020-07-23T16:14:28.000,1.69,14.15,7.55,44.698932,-124.1075
2020-07-23T16:29:28.000,1.67,13.91,7.55,44.698932,-124.1075
2020-07-23T16:44:28.000,1.65,13.77,7.55,44.698932,-124.1075
2020-07-23T16:59:28.000,1.7,14.19,7.55,44.698932,-124.1075
2020-07-23T17:14:28.000,1.51,12.56,7.5,44.698932,-124.1075
2020-07-23T17:29:28.000,1.41,11.74,7.47,44.698932,-124.1075
2020-07-23T17:44:28.000,1.51,12.58,7.5,44.698932,-124.1075
2020-07-23T17:59:28.000,1.51,12.56,7.51,44.698932,-124.1075
2020-07-23T18:14:28.000,1.52,12.65,7.51,44.698932,-124.1075
2020-07-23T18:29:28.000,1.66,13.89,7.54,44.698932,-124.1075
2020-07-23T18:44:28.000,1.64,13.7,7.54,44.698932,-124.1075
2020-07-23T18:59:28.000,1.52,12.67,7.51,44.698932,-124.1075
2020-07-23T19:14:28.000,1.34,11.13,7.46,44.698932,-124.1075
2020-07-23T19:29:28.000,1.34,11.15,7.45,44.698932,-124.1075
2020-07-23T19:44:28.000,1.32,11.01,7.44,44.698932,-124.1075
2020-07-23T19:59:28.000,1.31,10.9,7.44,44.698932,-124.1075
2020-07-23T20:14:28.000,1.31,10.95,7.44,44.698932,-124.1075
2020-07-23T20:29:28.000,1.3,10.82,7.44,44.698932,-124.1075
2020-07-23T20:44:28.000,1.17,9.71,7.39,44.698932,-124.1075
2020-07-23T20:59:28.000,1.16,9.65,7.39,44.698932,-124.1075
2020-07-23T21:14:28.000,1.11,9.19,7.37,44.698932,-124.1075
2020-07-23T21:29:28.000,1.05,8.74,7.34,44.698932,-124.1075
2020-07-23T21:44:28.000,1.02,8.48,7.34,44.698932,-124.1075
2020-07-23T21:59:28.000,1.02,8.44,7.34,44.698932,-124.1075
2020-07-23T22:14:28.000,1.01,8.37,7.33,44.698932,-124.1075
2020-07-23T22:29:28.000,1,8.3,7.32,44.698932,-124.1075
2020-07-23T22:44:28.000,0.99,8.21,7.32,44.698932,-124.1075
2020-07-23T22:59:28.000,0.98,8.14,7.32,44.698932,-124.1075
2020-07-23T23:14:28.000,0.97,8.03,7.32,44.698932,-124.1075
2020-07-23T23:29:28.000,0.96,7.97,7.32,44.698932,-124.1075
2020-07-23T23:44:28.000,0.96,7.95,7.32,44.698932,-124.1075
2020-07-23T23:59:28.000,0.96,8.01,7.32,44.698932,-124.1075
2020-07-24T00:14:28.000,0.97,8.05,7.32,44.698932,-124.1075
2020-07-24T00:29:28.000,0.97,8.07,7.32,44.698932,-124.1075
2020-07-24T00:44:28.000,0.99,8.19,7.32,44.698932,-124.1075
2020-07-24T00:59:28.000,1,8.27,7.34,44.698932,-124.1075
2020-07-24T01:14:28.000,1.02,8.51,7.34,44.698932,-124.1075
2020-07-24T01:29:28.000,1.04,8.61,7.35,44.698932,-124.1075
2020-07-24T01:44:28.000,1.07,8.92,7.37,44.698932,-124.1075
2020-07-24T01:59:28.000,1.12,9.34,7.38,44.698932,-124.1075
2020-07-24T02:14:28.000,1.18,9.79,7.39,44.698932,-124.1075
2020-07-24T02:29:28.000,1.21,10.04,7.41,44.698932,-124.1075
2020-07-24T02:44:28.000,1.26,10.46,7.43,44.698932,-124.1075
2020-07-24T02:59:28.000,1.33,11.06,7.45,44.698932,-124.1075
2020-07-24T03:14:28.000,1.37,11.44,7.46,44.698932,-124.1075
2020-07-24T03:29:28.000,1.36,11.31,7.47,44.698932,-124.1075
2020-07-24T03:44:28.000,1.36,11.38,7.47,44.698932,-124.1075
2020-07-24T03:59:28.000,1.43,11.9,7.49,44.698932,-124.1075
2020-07-24T04:14:28.000,1.41,11.75,7.5,44.698932,-124.1075
2020-07-24T04:29:28.000,1.52,12.66,7.52,44.698932,-124.1075
2020-07-24T04:44:28.000,1.46,12.17,7.5,44.698932,-124.1075
2020-07-24T04:59:28.000,1.18,9.82,7.41,44.698932,-124.1075
2020-07-24T05:14:28.000,1.13,9.39,7.41,44.698932,-124.1075
2020-07-24T05:29:28.000,1.13,9.42,7.41,44.698932,-124.1075
2020-07-24T05:44:28.000,1.11,9.24,7.4,44.698932,-124.1075
2020-07-24T05:59:28.000,1.1,9.14,7.4,44.698932,-124.1075
2020-07-24T06:14:28.000,1.09,9.04,7.39,44.698932,-124.1075
2020-07-24T06:29:28.000,1.14,9.49,7.4,44.698932,-124.1075
2020-07-24T06:44:28.000,1.14,9.5,7.41,44.698932,-124.1075
2020-07-24T06:59:28.000,1.17,9.73,7.41,44.698932,-124.1075
2020-07-24T07:14:28.000,1.24,10.29,7.44,44.698932,-124.1075
2020-07-24T07:29:28.000,1.23,10.24,7.44,44.698932,-124.1075
2020-07-24T07:44:28.000,1.19,9.88,7.42,44.698932,-124.1075
2020-07-24T07:59:28.000,1.13,9.4,7.39,44.698932,-124.1075
2020-07-24T08:14:28.000,1.1,9.13,7.39,44.698932,-124.1075
2020-07-24T08:29:28.000,1.07,8.9,7.37,44.698932,-124.1075
2020-07-24T08:44:28.000,1.06,8.78,7.37,44.698932,-124.1075
2020-07-24T08:59:28.000,1.03,8.53,7.36,44.698932,-124.1075
2020-07-24T09:14:28.000,1.02,8.51,7.36,44.698932,-124.1075
2020-07-24T09:29:28.000,1.01,8.38,7.35,44.698932,-124.1075
2020-07-24T09:44:28.000,1.02,8.44,7.34,44.698932,-124.1075
2020-07-24T09:59:28.000,1.01,8.39,7.34,44.698932,-124.1075
2020-07-24T10:14:28.000,1,8.34,7.34,44.698932,-124.1075
2020-07-24T10:29:28.000,1.01,8.37,7.34,44.698932,-124.1075
2020-07-24T10:44:28.000,1,8.31,7.34,44.698932,-124.1075
2020-07-24T10:59:28.000,1,8.28,7.34,44.698932,-124.1075
2020-07-24T11:14:28.000,1.01,8.43,7.34,44.698932,-124.1075
2020-07-24T11:29:28.000,0.99,8.22,7.34,44.698932,-124.1075
2020-07-24T11:44:28.000,1,8.31,7.34,44.698932,-124.1075
2020-07-24T11:59:28.000,1.02,8.46,7.34,44.698932,-124.1075
2020-07-24T12:14:28.000,1.03,8.55,7.34,44.698932,-124.1075
2020-07-24T12:29:28.000,1.03,8.6,7.34,44.698932,-124.1075
2020-07-24T12:44:28.000,1.04,8.64,7.35,44.698932,-124.1075
2020-07-24T12:59:28.000,1.04,8.65,7.35,44.698932,-124.1075
2020-07-24T13:14:28.000,1.05,8.74,7.35,44.698932,-124.1075
2020-07-24T13:29:28.000,1.08,8.95,7.36,44.698932,-124.1075
2020-07-24T13:44:28.000,1.06,8.82,7.36,44.698932,-124.1075
2020-07-24T13:59:28.000,1.06,8.77,7.36,44.698932,-124.1075
2020-07-24T14:14:28.000,1.05,8.69,7.36,44.698932,-124.1075
2020-07-24T14:29:28.000,1.04,8.65,7.36,44.698932,-124.1075
2020-07-24T14:44:28.000,1.05,8.74,7.36,44.698932,-124.1075
2020-07-24T14:59:28.000,1.05,8.75,7.36,44.698932,-124.1075
2020-07-24T15:14:28.000,1.05,8.76,7.36,44.698932,-124.1075
2020-07-24T15:29:28.000,1.09,9.07,7.37,44.698932,-124.1075
2020-07-24T15:44:28.000,1.1,9.11,7.37,44.698932,-124.1075
2020-07-24T15:59:28.000,1.12,9.32,7.38,44.698932,-124.1075
2020-07-24T16:14:28.000,1.06,8.82,7.37,44.698932,-124.1075
2020-07-24T16:29:28.000,1.07,8.87,7.37,44.698932,-124.1075
2020-07-24T16:44:28.000,1.06,8.84,7.37,44.698932,-124.1075
2020-07-24T16:59:28.000,1.06,8.84,7.37,44.698932,-124.1075
2020-07-24T17:14:28.000,1.07,8.87,7.37,44.698932,-124.1075
2020-07-24T17:29:28.000,1.06,8.79,7.37,44.698932,-124.1075
2020-07-24T17:44:28.000,1.05,8.75,7.37,44.698932,-124.1075
2020-07-24T17:59:28.000,1.03,8.52,7.37,44.698932,-124.1075
2020-07-24T18:14:28.000,1.01,8.41,7.37,44.698932,-124.1075
2020-07-24T18:29:28.000,0.98,8.17,7.35,44.698932,-124.1075
2020-07-24T18:44:28.000,1,8.33,7.36,44.698932,-124.1075
2020-07-24T18:59:28.000,1.03,8.54,7.37,44.698932,-124.1075
2020-07-24T19:14:28.000,0.97,8.1,7.35,44.698932,-124.1075
2020-07-24T19:29:28.000,0.95,7.86,7.34,44.698932,-124.1075
2020-07-24T19:44:28.000,0.93,7.75,7.34,44.698932,-124.1075
2020-07-24T19:59:28.000,0.92,7.66,7.42,44.698932,-124.1075
2020-07-24T20:14:28.000,0.9,7.51,7.34,44.698932,-124.1075
2020-07-24T20:29:28.000,0.89,7.38,7.32,44.698932,-124.1075
2020-07-24T20:44:28.000,0.88,7.32,7.32,44.698932,-124.1075
2020-07-24T20:59:28.000,0.88,7.29,7.32,44.698932,-124.1075
2020-07-24T21:14:28.000,0.88,7.32,7.32,44.698932,-124.1075
2020-07-24T21:29:28.000,0.87,7.19,7.32,44.698932,-124.1075
2020-07-24T21:44:28.000,0.86,7.1,7.32,44.698932,-124.1075
2020-07-24T21:59:28.000,0.85,7.05,7.31,44.698932,-124.1075
2020-07-24T22:14:28.000,0.84,6.93,7.31,44.698932,-124.1075
2020-07-24T22:29:28.000,0.83,6.87,7.29,44.698932,-124.1075
2020-07-24T22:44:28.000,0.82,6.76,7.29,44.698932,-124.1075
2020-07-24T22:59:28.000,0.85,7.07,7.3,44.698932,-124.1075
2020-07-24T23:14:28.000,0.85,7.06,7.31,44.698932,-124.1075
2020-07-24T23:29:28.000,0.82,6.84,7.3,44.698932,-124.1075
2020-07-24T23:44:28.000,0.83,6.87,7.3,44.698932,-124.1075
2020-07-24T23:59:28.000,0.84,6.95,7.3,44.698932,-124.1075
2020-07-25T00:14:28.000,0.83,6.91,7.3,44.698932,-124.1075
2020-07-25T00:29:28.000,0.86,7.14,7.32,44.698932,-124.1075
2020-07-25T00:44:28.000,0.9,7.46,7.32,44.698932,-124.1075
2020-07-25T00:59:28.000,0.9,7.49,7.34,44.698932,-124.1075
2020-07-25T01:14:28.000,1.03,8.55,7.37,44.698932,-124.1075
2020-07-25T01:29:28.000,1.03,8.59,7.37,44.698932,-124.1075
2020-07-25T01:44:28.000,1.18,9.82,7.41,44.698932,-124.1075
2020-07-25T01:59:28.000,1.22,10.17,7.42,44.698932,-124.1075
2020-07-25T02:14:28.000,0.98,8.11,7.36,44.698932,-124.1075
2020-07-25T02:29:28.000,1.14,9.48,7.39,44.698932,-124.1075
2020-07-25T02:44:28.000,1.16,9.67,7.39,44.698932,-124.1075
2020-07-25T02:59:28.000,1.26,10.48,7.43,44.698932,-124.1075
2020-07-25T03:14:28.000,1.2,9.99,7.42,44.698932,-124.1075
2020-07-25T03:29:28.000,1.18,9.83,7.41,44.698932,-124.1075
2020-07-25T03:44:28.000,1.21,10.07,7.42,44.698932,-124.1075
2020-07-25T03:59:28.000,1.21,10.08,7.42,44.698932,-124.1075
2020-07-25T04:14:28.000,1.11,9.26,7.39,44.698932,-124.1075
2020-07-25T04:29:28.000,1.11,9.24,7.39,44.698932,-124.1075
2020-07-25T04:44:28.000,1.15,9.58,7.4,44.698932,-124.1075
2020-07-25T04:59:28.000,1.15,9.53,7.39,44.698932,-124.1075
2020-07-25T05:14:28.000,1.14,9.51,7.4,44.698932,-124.1075
2020-07-25T05:29:28.000,1.1,9.15,7.39,44.698932,-124.1075
2020-07-25T05:44:28.000,1.07,8.88,7.37,44.698932,-124.1075
2020-07-25T05:59:28.000,1.03,8.59,7.37,44.698932,-124.1075
2020-07-25T06:14:28.000,1.03,8.59,7.37,44.698932,-124.1075
2020-07-25T06:29:28.000,1.03,8.59,7.36,44.698932,-124.1075
2020-07-25T06:44:28.000,1.02,8.47,7.36,44.698932,-124.1075
2020-07-25T06:59:28.000,1,8.33,7.34,44.698932,-124.1075
2020-07-25T07:14:28.000,0.97,8.1,7.34,44.698932,-124.1075
2020-07-25T07:29:28.000,0.97,8.03,7.34,44.698932,-124.1075
2020-07-25T07:44:28.000,0.95,7.87,7.33,44.698932,-124.1075
2020-07-25T07:59:28.000,0.95,7.93,7.32,44.698932,-124.1075
2020-07-25T08:14:28.000,0.95,7.87,7.34,44.698932,-124.1075
2020-07-25T08:29:28.000,0.93,7.7,7.32,44.698932,-124.1075
2020-07-25T08:44:28.000,0.92,7.62,7.32,44.698932,-124.1075
2020-07-25T08:59:28.000,0.93,7.74,7.32,44.698932,-124.1075
2020-07-25T09:14:28.000,0.92,7.61,7.32,44.698932,-124.1075
2020-07-25T09:29:28.000,0.92,7.61,7.32,44.698932,-124.1075
2020-07-25T09:44:28.000,0.9,7.47,7.32,44.698932,-124.1075
2020-07-25T09:59:28.000,0.9,7.43,7.32,44.698932,-124.1075
2020-07-25T10:14:28.000,0.88,7.34,7.31,44.698932,-124.1075
2020-07-25T10:29:28.000,0.88,7.29,7.3,44.698932,-124.1075
2020-07-25T10:44:28.000,0.88,7.32,7.3,44.698932,-124.1075
2020-07-25T10:59:28.000,0.89,7.42,7.3,44.698932,-124.1075
2020-07-25T11:14:28.000,0.88,7.26,7.3,44.698932,-124.1075
2020-07-25T11:29:28.000,0.82,6.79,7.27,44.698932,-124.1075
2020-07-25T11:44:28.000,0.83,6.9,7.27,44.698932,-124.1075
2020-07-25T11:59:28.000,0.83,6.91,7.28,44.698932,-124.1075
2020-07-25T12:14:28.000,0.83,6.91,7.27,44.698932,-124.1075
2020-07-25T12:29:28.000,0.86,7.14,7.29,44.698932,-124.1075
2020-07-25T12:44:28.000,0.85,7.07,7.28,44.698932,-124.1075
2020-07-25T12:59:28.000,0.83,6.91,7.27,44.698932,-124.1075
2020-07-25T13:14:28.000,0.85,7.01,7.27,44.698932,-124.1075
2020-07-25T13:29:28.000,0.83,6.91,7.27,44.698932,-124.1075
2020-07-25T13:44:28.000,0.85,7.05,7.27,44.698932,-124.1075
2020-07-25T13:59:28.000,0.88,7.27,7.27,44.698932,-124.1075
2020-07-25T14:14:28.000,0.88,7.31,7.28,44.698932,-124.1075
2020-07-25T14:29:28.000,0.91,7.51,7.28,44.698932,-124.1075
2020-07-25T14:44:28.000,0.95,7.91,7.29,44.698932,-124.1075
2020-07-25T14:59:28.000,1,8.28,7.3,44.698932,-124.1075
2020-07-25T15:14:28.000,0.98,8.15,7.3,44.698932,-124.1075
2020-07-25T15:29:28.000,0.9,7.48,7.27,44.698932,-124.1075
2020-07-25T15:44:28.000,0.91,7.56,7.27,44.698932,-124.1075
2020-07-25T15:59:28.000,0.92,7.63,7.27,44.698932,-124.1075
2020-07-25T16:14:28.000,0.94,7.78,7.27,44.698932,-124.1075
2020-07-25T16:29:28.000,0.95,7.85,7.25,44.698932,-124.1075
2020-07-25T16:44:28.000,0.99,8.23,7.25,44.698932,-124.1075
2020-07-25T16:59:28.000,1.06,8.75,7.25,44.698932,-124.1075
2020-07-25T17:14:28.000,1.22,10.15,7.25,44.698932,-124.1075
2020-07-25T17:29:28.000,1.32,10.92,7.25,44.698932,-124.1075
2020-07-25T17:44:28.000,1.48,12.31,7.27,44.698932,-124.1075
2020-07-25T17:59:28.000,1.64,13.59,7.29,44.698932,-124.1075
2020-07-25T18:14:28.000,1.7,14.07,7.3,44.698932,-124.1075
2020-07-25T18:29:28.000,1.77,14.72,7.32,44.698932,-124.1075
2020-07-25T18:44:28.000,1.81,15.03,7.32,44.698932,-124.1075
2020-07-25T18:59:28.000,1.82,15.15,7.33,44.698932,-124.1075
2020-07-25T19:14:28.000,1.81,15.01,7.32,44.698932,-124.1075
2020-07-25T19:29:28.000,1.75,14.51,7.31,44.698932,-124.1075
2020-07-25T19:44:28.000,1.73,14.33,7.29,44.698932,-124.1075
2020-07-25T19:59:28.000,1.71,14.17,7.29,44.698932,-124.1075
2020-07-25T20:14:28.000,1.7,14.13,7.28,44.698932,-124.1075
2020-07-25T20:29:28.000,1.66,13.79,7.27,44.698932,-124.1075
2020-07-25T20:44:28.000,1.65,13.68,7.27,44.698932,-124.1075
2020-07-25T20:59:28.000,1.66,13.79,7.28,44.698932,-124.1075
2020-07-25T21:14:28.000,1.66,13.77,7.28,44.698932,-124.1075
2020-07-25T21:29:28.000,1.65,13.71,7.29,44.698932,-124.1075
2020-07-25T21:44:28.000,1.65,13.71,7.29,44.698932,-124.1075
2020-07-25T21:59:28.000,1.66,13.8,7.29,44.698932,-124.1075
2020-07-25T22:14:28.000,1.7,14.07,7.29,44.698932,-124.1075
2020-07-25T22:29:28.000,1.71,14.18,7.29,44.698932,-124.1075
2020-07-25T22:44:28.000,1.74,14.43,7.3,44.698932,-124.1075
2020-07-25T22:59:28.000,1.78,14.74,7.31,44.698932,-124.1075
2020-07-25T23:14:28.000,1.79,14.88,7.31,44.698932,-124.1075
2020-07-25T23:29:28.000,1.81,15.04,7.32,44.698932,-124.1075
2020-07-25T23:44:28.000,1.84,15.28,7.32,44.698932,-124.1075
2020-07-25T23:59:28.000,1.91,15.85,7.32,44.698932,-124.1075
2020-07-26T00:14:28.000,1.91,15.83,7.32,44.698932,-124.1075
2020-07-26T00:29:28.000,1.9,15.76,7.32,44.698932,-124.1075
2020-07-26T00:44:28.000,1.89,15.71,7.32,44.698932,-124.1075
2020-07-26T00:59:28.000,1.9,15.74,7.32,44.698932,-124.1075
2020-07-26T01:14:28.000,1.89,15.71,7.32,44.698932,-124.1075
2020-07-26T01:29:28.000,1.89,15.7,7.32,44.698932,-124.1075
2020-07-26T01:44:28.000,1.89,15.71,7.32,44.698932,-124.1075
2020-07-26T01:59:28.000,1.89,15.73,7.32,44.698932,-124.1075
2020-07-26T02:14:28.000,1.9,15.79,7.32,44.698932,-124.1075
2020-07-26T02:29:28.000,1.92,15.91,7.32,44.698932,-124.1075
2020-07-26T02:44:28.000,1.94,16.1,7.32,44.698932,-124.1075
2020-07-26T02:59:28.000,1.97,16.36,7.32,44.698932,-124.1075
2020-07-26T03:14:28.000,2,16.59,7.33,44.698932,-124.1075
2020-07-26T03:29:28.000,2.04,16.96,7.32,44.698932,-124.1075
2020-07-26T03:44:28.000,2.08,17.29,7.32,44.698932,-124.1075
2020-07-26T03:59:28.000,2.08,17.27,7.32,44.698932,-124.1075
2020-07-26T04:14:28.000,2.07,17.17,7.32,44.698932,-124.1075
2020-07-26T04:29:28.000,2.05,17.05,7.32,44.698932,-124.1075
2020-07-26T04:44:28.000,2.05,17.04,7.32,44.698932,-124.1075
2020-07-26T04:59:28.000,2.05,17.05,7.32,44.698932,-124.1075
2020-07-26T05:14:28.000,2.05,17.02,7.31,44.698932,-124.1075
2020-07-26T05:29:28.000,2.05,17.06,7.31,44.698932,-124.1075
2020-07-26T05:44:28.000,2.05,17.05,7.31,44.698932,-124.1075
2020-07-26T05:59:28.000,2.13,17.73,7.34,44.698932,-124.1075
2020-07-26T06:14:28.000,2.09,17.38,7.34,44.698932,-124.1075
2020-07-26T06:29:28.000,2.04,16.92,7.32,44.698932,-124.1075
2020-07-26T06:44:28.000,1.99,16.53,7.31,44.698932,-124.1075
2020-07-26T06:59:28.000,2.03,16.9,7.34,44.698932,-124.1075
2020-07-26T07:14:28.000,2.05,17.05,7.34,44.698932,-124.1075
2020-07-26T07:29:28.000,2.01,16.67,7.32,44.698932,-124.1075
2020-07-26T07:44:28.000,2.05,17.02,7.33,44.698932,-124.1075
2020-07-26T07:59:28.000,2.01,16.68,7.31,44.698932,-124.1075
2020-07-26T08:14:28.000,2.02,16.8,7.31,44.698932,-124.1075
2020-07-26T08:29:28.000,2.04,16.9,7.31,44.698932,-124.1075
2020-07-26T08:44:28.000,2.04,16.94,7.3,44.698932,-124.1075
2020-07-26T08:59:28.000,2.04,16.91,7.31,44.698932,-124.1075
2020-07-26T09:14:28.000,2.04,16.9,7.3,44.698932,-124.1075
2020-07-26T09:29:28.000,2.04,16.91,7.3,44.698932,-124.1075
2020-07-26T09:44:28.000,2.03,16.88,7.3,44.698932,-124.1075
2020-07-26T09:59:28.000,2.04,16.91,7.3,44.698932,-124.1075
2020-07-26T10:14:28.000,2.03,16.81,7.3,44.698932,-124.1075
2020-07-26T10:29:28.000,2.03,16.81,7.3,44.698932,-124.1075
2020-07-26T10:44:28.000,2.01,16.72,7.3,44.698932,-124.1075
2020-07-26T10:59:28.000,2.02,16.77,7.3,44.698932,-124.1075
2020-07-26T11:14:28.000,2,16.61,7.3,44.698932,-124.1075
2020-07-26T11:29:28.000,2,16.6,7.29,44.698932,-124.1075
2020-07-26T11:44:28.000,1.98,16.42,7.29,44.698932,-124.1075
2020-07-26T11:59:28.000,1.98,16.42,7.29,44.698932,-124.1075
2020-07-26T12:14:28.000,1.97,16.32,7.29,44.698932,-124.1075
2020-07-26T12:29:28.000,1.96,16.3,7.29,44.698932,-124.1075
2020-07-26T12:44:28.000,1.96,16.3,7.29,44.698932,-124.1075
2020-07-26T12:59:28.000,1.97,16.33,7.29,44.698932,-124.1075
2020-07-26T13:14:28.000,1.97,16.35,7.29,44.698932,-124.1075
2020-07-26T13:29:28.000,1.97,16.36,7.29,44.698932,-124.1075
2020-07-26T13:44:28.000,1.96,16.3,7.29,44.698932,-124.1075
2020-07-26T13:59:28.000,1.96,16.23,7.29,44.698932,-124.1075
2020-07-26T14:14:28.000,1.96,16.27,7.29,44.698932,-124.1075
2020-07-26T14:29:28.000,1.96,16.28,7.29,44.698932,-124.1075
2020-07-26T14:44:28.000,1.96,16.25,7.29,44.698932,-124.1075
2020-07-26T14:59:28.000,1.95,16.21,7.29,44.698932,-124.1075
2020-07-26T15:14:28.000,1.97,16.33,7.29,44.698932,-124.1075
2020-07-26T15:29:28.000,1.99,16.51,7.29,44.698932,-124.1075
2020-07-26T15:44:28.000,2,16.6,7.29,44.698932,-124.1075
2020-07-26T15:59:28.000,2.01,16.68,7.29,44.698932,-124.1075
2020-07-26T16:14:28.000,2.02,16.79,7.29,44.698932,-124.1075
2020-07-26T16:29:28.000,2.05,17.03,7.29,44.698932,-124.1075
2020-07-26T16:44:28.000,2.07,17.14,7.29,44.698932,-124.1075
2020-07-26T16:59:28.000,2.08,17.28,7.29,44.698932,-124.1075
2020-07-26T17:14:28.000,2.09,17.32,7.29,44.698932,-124.1075
2020-07-26T17:29:28.000,2.08,17.24,7.29,44.698932,-124.1075
2020-07-26T17:44:28.000,2.07,17.19,7.29,44.698932,-124.1075
2020-07-26T17:59:28.000,2.06,17.06,7.28,44.698932,-124.1075
2020-07-26T18:14:28.000,2.05,17.01,7.28,44.698932,-124.1075
2020-07-26T18:29:28.000,2.05,17.01,7.28,44.698932,-124.1075
2020-07-26T18:44:28.000,2.06,17.07,7.28,44.698932,-124.1075
2020-07-26T18:59:28.000,2.07,17.2,7.28,44.698932,-124.1075
2020-07-26T19:14:28.000,2.08,17.24,7.28,44.698932,-124.1075
2020-07-26T19:29:28.000,2.07,17.18,7.28,44.698932,-124.1075
2020-07-26T19:44:28.000,2.07,17.18,7.27,44.698932,-124.1075
2020-07-26T19:59:28.000,2.06,17.12,7.27,44.698932,-124.1075
2020-07-26T20:14:28.000,2.06,17.12,7.27,44.698932,-124.1075
2020-07-26T20:29:28.000,2.06,17.09,7.27,44.698932,-124.1075
2020-07-26T20:44:28.000,2.06,17.06,7.27,44.698932,-124.1075
2020-07-26T20:59:28.000,2.04,16.95,7.27,44.698932,-124.1075
2020-07-26T21:14:28.000,2.02,16.72,7.28,44.698932,-124.1075
2020-07-26T21:29:28.000,2.01,16.69,7.27,44.698932,-124.1075
2020-07-26T21:44:28.000,1.98,16.44,7.27,44.698932,-124.1075
2020-07-26T21:59:28.000,1.99,16.53,7.27,44.698932,-124.1075
2020-07-26T22:14:28.000,1.99,16.52,7.27,44.698932,-124.1075
2020-07-26T22:29:28.000,2.04,16.91,7.27,44.698932,-124.1075
2020-07-26T22:44:28.000,2.01,16.7,7.27,44.698932,-124.1075
2020-07-26T22:59:28.000,2,16.59,7.27,44.698932,-124.1075
2020-07-26T23:14:28.000,1.96,16.26,7.27,44.698932,-124.1075
2020-07-26T23:29:28.000,1.94,16.09,7.27,44.698932,-124.1075
2020-07-26T23:44:28.000,1.96,16.24,7.27,44.698932,-124.1075
2020-07-26T23:59:28.000,1.95,16.21,7.27,44.698932,-124.1075
2020-07-27T00:14:28.000,1.96,16.28,7.27,44.698932,-124.1075
2020-07-27T00:29:28.000,2,16.59,7.27,44.698932,-124.1075
2020-07-27T00:44:28.000,1.95,16.19,7.27,44.698932,-124.1075
2020-07-27T00:59:28.000,2.01,16.64,7.27,44.698932,-124.1075
2020-07-27T01:14:28.000,2.01,16.7,7.27,44.698932,-124.1075
2020-07-27T01:29:28.000,1.98,16.44,7.27,44.698932,-124.1075
2020-07-27T01:44:28.000,2.04,16.92,7.27,44.698932,-124.1075
2020-07-27T01:59:28.000,2,16.58,7.27,44.698932,-124.1075
2020-07-27T02:14:28.000,1.99,16.48,7.27,44.698932,-124.1075
2020-07-27T02:29:28.000,1.98,16.41,7.27,44.698932,-124.1075
2020-07-27T02:44:28.000,2.02,16.77,7.27,44.698932,-124.1075
2020-07-27T02:59:28.000,2.04,16.91,7.27,44.698932,-124.1075
2020-07-27T03:14:28.000,2.02,16.78,7.28,44.698932,-124.1075
2020-07-27T03:29:28.000,1.99,16.52,7.28,44.698932,-124.1075
2020-07-27T03:44:28.000,1.97,16.35,7.28,44.698932,-124.1075
2020-07-27T03:59:28.000,2.03,16.8,7.28,44.698932,-124.1075
2020-07-27T04:14:28.000,2.03,16.82,7.28,44.698932,-124.1075
2020-07-27T04:29:28.000,2.02,16.77,7.29,44.698932,-124.1075
2020-07-27T04:44:28.000,2.01,16.68,7.29,44.698932,-124.1075
2020-07-27T04:59:28.000,1.98,16.42,7.29,44.698932,-124.1075
2020-07-27T05:14:28.000,1.99,16.49,7.29,44.698932,-124.1075
2020-07-27T05:29:28.000,1.98,16.43,7.3,44.698932,-124.1075
2020-07-27T05:44:28.000,2,16.64,7.3,44.698932,-124.1075
2020-07-27T05:59:28.000,1.99,16.52,7.31,44.698932,-124.1075
2020-07-27T06:14:28.000,2.01,16.67,7.32,44.698932,-124.1075
2020-07-27T06:29:28.000,1.98,16.48,7.32,44.698932,-124.1075
2020-07-27T06:44:28.000,1.93,16.01,7.32,44.698932,-124.1075
2020-07-27T06:59:28.000,1.95,16.17,7.32,44.698932,-124.1075
2020-07-27T07:14:28.000,1.95,16.21,7.32,44.698932,-124.1075
2020-07-27T07:29:28.000,1.96,16.27,7.32,44.698932,-124.1075
2020-07-27T07:44:28.000,1.96,16.3,7.32,44.698932,-124.1075
2020-07-27T07:59:28.000,1.95,16.23,7.32,44.698932,-124.1075
2020-07-27T08:14:28.000,1.96,16.31,7.32,44.698932,-124.1075
2020-07-27T08:29:28.000,1.97,16.35,7.31,44.698932,-124.1075
2020-07-27T08:44:28.000,1.98,16.41,7.3,44.698932,-124.1075
2020-07-27T08:59:28.000,2,16.57,7.3,44.698932,-124.1075
2020-07-27T09:14:28.000,1.99,16.48,7.29,44.698932,-124.1075
2020-07-27T09:29:28.000,1.99,16.48,7.29,44.698932,-124.1075
2020-07-27T09:44:28.000,1.98,16.4,7.29,44.698932,-124.1075
2020-07-27T09:59:28.000,1.99,16.51,7.29,44.698932,-124.1075
2020-07-27T10:14:28.000,1.99,16.53,7.29,44.698932,-124.1075
2020-07-27T10:29:28.000,1.99,16.55,7.29,44.698932,-124.1075
2020-07-27T10:44:28.000,2.02,16.76,7.29,44.698932,-124.1075
2020-07-27T10:59:28.000,2.02,16.75,7.29,44.698932,-124.1075
2020-07-27T11:14:28.000,2.01,16.71,7.29,44.698932,-124.1075
2020-07-27T11:29:28.000,2.02,16.79,7.29,44.698932,-124.1075
2020-07-27T11:44:28.000,2.03,16.84,7.29,44.698932,-124.1075
2020-07-27T11:59:28.000,2.03,16.82,7.29,44.698932,-124.1075
2020-07-27T12:14:28.000,2.02,16.74,7.29,44.698932,-124.1075
2020-07-27T12:29:28.000,2.01,16.7,7.29,44.698932,-124.1075
2020-07-27T12:44:28.000,2.01,16.64,7.29,44.698932,-124.1075
2020-07-27T12:59:28.000,1.99,16.55,7.29,44.698932,-124.1075
2020-07-27T13:14:28.000,1.95,16.21,7.29,44.698932,-124.1075
2020-07-27T13:29:28.000,1.94,16.07,7.29,44.698932,-124.1075
2020-07-27T13:44:28.000,1.92,15.95,7.29,44.698932,-124.1075
2020-07-27T13:59:28.000,1.89,15.72,7.29,44.698932,-124.1075
2020-07-27T14:14:28.000,1.89,15.71,7.3,44.698932,-124.1075
2020-07-27T14:29:28.000,1.9,15.78,7.31,44.698932,-124.1075
2020-07-27T14:44:28.000,1.9,15.8,7.31,44.698932,-124.1075
2020-07-27T14:59:28.000,1.92,15.97,7.32,44.698932,-124.1075
2020-07-27T15:14:28.000,1.93,16.04,7.32,44.698932,-124.1075
2020-07-27T15:29:28.000,1.93,16.02,7.33,44.698932,-124.1075
2020-07-27T15:44:28.000,1.95,16.18,7.34,44.698932,-124.1075
2020-07-27T15:59:28.000,1.95,16.2,7.34,44.698932,-124.1075
2020-07-27T16:14:28.000,1.96,16.24,7.34,44.698932,-124.1075
2020-07-27T16:29:28.000,1.96,16.27,7.34,44.698932,-124.1075
2020-07-27T16:44:28.000,1.96,16.3,7.35,44.698932,-124.1075
2020-07-27T16:59:28.000,1.97,16.38,7.35,44.698932,-124.1075
2020-07-27T17:14:28.000,1.97,16.38,7.35,44.698932,-124.1075
2020-07-27T17:29:28.000,1.98,16.48,7.35,44.698932,-124.1075
2020-07-27T17:44:28.000,1.98,16.45,7.35,44.698932,-124.1075
2020-07-27T17:59:28.000,1.98,16.44,7.35,44.698932,-124.1075
2020-07-27T18:14:28.000,1.95,16.23,7.35,44.698932,-124.1075
2020-07-27T18:29:28.000,1.97,16.33,7.35,44.698932,-124.1075
2020-07-27T18:44:28.000,1.97,16.37,7.35,44.698932,-124.1075
2020-07-27T18:59:28.000,1.97,16.33,7.35,44.698932,-124.1075
2020-07-27T19:14:28.000,1.97,16.36,7.34,44.698932,-124.1075
2020-07-27T19:29:28.000,1.97,16.34,7.34,44.698932,-124.1075
2020-07-27T19:44:28.000,1.98,16.45,7.34,44.698932,-124.1075
2020-07-27T19:59:28.000,1.97,16.41,7.34,44.698932,-124.1075
2020-07-27T20:14:28.000,1.98,16.43,7.34,44.698932,-124.1075
2020-07-27T20:29:28.000,1.98,16.46,7.35,44.698932,-124.1075
2020-07-27T20:44:28.000,2.01,16.69,7.36,44.698932,-124.1075
2020-07-27T20:59:28.000,2.04,16.93,7.37,44.698932,-124.1075
2020-07-27T21:14:28.000,2.06,17.11,7.37,44.698932,-124.1075
2020-07-27T21:29:28.000,2.06,17.17,7.39,44.698932,-124.1075
2020-07-27T21:44:28.000,2.08,17.29,7.39,44.698932,-124.1075
2020-07-27T21:59:28.000,2.11,17.54,7.39,44.698932,-124.1075
2020-07-27T22:14:28.000,2.08,17.3,7.39,44.698932,-124.1075
2020-07-27T22:29:28.000,2.03,16.92,7.39,44.698932,-124.1075
2020-07-27T22:44:28.000,2.01,16.76,7.4,44.698932,-124.1075
2020-07-27T22:59:28.000,1.99,16.54,7.41,44.698932,-124.1075
2020-07-27T23:14:28.000,1.97,16.36,7.4,44.698932,-124.1075
2020-07-27T23:29:28.000,1.97,16.42,7.41,44.698932,-124.1075
2020-07-27T23:44:28.000,1.99,16.6,7.42,44.698932,-124.1075
2020-07-27T23:59:28.000,1.97,16.42,7.42,44.698932,-124.1075
2020-07-28T00:14:28.000,2.03,16.89,7.44,44.698932,-124.1075
2020-07-28T00:29:28.000,2.07,17.26,7.45,44.698932,-124.1075
2020-07-28T00:44:28.000,2.04,17.02,7.46,44.698932,-124.1075
2020-07-28T00:59:28.000,1.99,16.61,7.46,44.698932,-124.1075
2020-07-28T01:14:28.000,1.98,16.46,7.46,44.698932,-124.1075
2020-07-28T01:29:28.000,1.9,15.86,7.46,44.698932,-124.1075
2020-07-28T01:44:28.000,1.85,15.42,7.44,44.698932,-124.1075
2020-07-28T01:59:28.000,1.74,14.48,7.41,44.698932,-124.1075
2020-07-28T02:14:28.000,1.71,14.19,7.41,44.698932,-124.1075
2020-07-28T02:29:28.000,1.72,14.28,7.4,44.698932,-124.1075
2020-07-28T02:44:28.000,1.67,13.85,7.39,44.698932,-124.1075
2020-07-28T02:59:28.000,1.62,13.49,7.4,44.698932,-124.1075
2020-07-28T03:14:28.000,1.63,13.58,7.41,44.698932,-124.1075
2020-07-28T03:29:28.000,1.69,14.08,7.43,44.698932,-124.1075
2020-07-28T03:44:28.000,1.77,14.76,7.46,44.698932,-124.1075
2020-07-28T03:59:28.000,1.84,15.35,7.47,44.698932,-124.1075
2020-07-28T04:14:28.000,1.94,16.16,7.49,44.698932,-124.1075
2020-07-28T04:29:28.000,1.97,16.4,7.51,44.698932,-124.1075
2020-07-28T04:44:28.000,1.95,16.28,7.51,44.698932,-124.1075
2020-07-28T04:59:28.000,1.85,15.41,7.49,44.698932,-124.1075
2020-07-28T05:14:28.000,1.79,14.94,7.48,44.698932,-124.1075
2020-07-28T05:29:28.000,1.87,15.61,7.5,44.698932,-124.1075
2020-07-28T05:44:28.000,1.91,15.9,7.51,44.698932,-124.1075
2020-07-28T05:59:28.000,1.89,15.74,7.51,44.698932,-124.1075
2020-07-28T06:14:28.000,1.84,15.34,7.51,44.698932,-124.1075
2020-07-28T06:29:28.000,1.84,15.34,7.51,44.698932,-124.1075
2020-07-28T06:44:28.000,1.9,15.87,7.52,44.698932,-124.1075
2020-07-28T06:59:28.000,1.94,16.19,7.53,44.698932,-124.1075
2020-07-28T07:14:28.000,1.93,16.14,7.53,44.698932,-124.1075
2020-07-28T07:29:28.000,1.82,15.21,7.51,44.698932,-124.1075
2020-07-28T07:44:28.000,1.8,14.98,7.5,44.698932,-124.1075
2020-07-28T07:59:28.000,1.66,13.8,7.47,44.698932,-124.1075
2020-07-28T08:14:28.000,1.59,13.25,7.46,44.698932,-124.1075
2020-07-28T08:29:28.000,1.56,13.03,7.45,44.698932,-124.1075
2020-07-28T08:44:28.000,1.55,12.88,7.44,44.698932,-124.1075
2020-07-28T08:59:28.000,1.57,13.08,7.45,44.698932,-124.1075
2020-07-28T09:14:28.000,1.59,13.22,7.46,44.698932,-124.1075
2020-07-28T09:29:28.000,1.58,13.14,7.46,44.698932,-124.1075
2020-07-28T09:44:28.000,1.61,13.39,7.46,44.698932,-124.1075
2020-07-28T09:59:28.000,1.62,13.51,7.46,44.698932,-124.1075
2020-07-28T10:14:28.000,1.62,13.46,7.46,44.698932,-124.1075
2020-07-28T10:29:28.000,1.63,13.61,7.46,44.698932,-124.1075
2020-07-28T10:44:28.000,1.63,13.62,7.46,44.698932,-124.1075
2020-07-28T10:59:28.000,1.63,13.54,7.46,44.698932,-124.1075
2020-07-28T11:14:28.000,1.61,13.44,7.46,44.698932,-124.1075
2020-07-28T11:29:28.000,1.6,13.3,7.46,44.698932,-124.1075
2020-07-28T11:44:28.000,1.59,13.29,7.46,44.698932,-124.1075
2020-07-28T11:59:28.000,1.58,13.18,7.46,44.698932,-124.1075
2020-07-28T12:14:28.000,1.6,13.35,7.46,44.698932,-124.1075
2020-07-28T12:29:28.000,1.63,13.57,7.46,44.698932,-124.1075
2020-07-28T12:44:28.000,1.66,13.88,7.48,44.698932,-124.1075
2020-07-28T12:59:28.000,1.73,14.43,7.49,44.698932,-124.1075
2020-07-28T13:14:28.000,1.84,15.36,7.51,44.698932,-124.1075
2020-07-28T13:29:28.000,1.89,15.79,7.53,44.698932,-124.1075
2020-07-28T13:44:28.000,1.97,16.46,7.54,44.698932,-124.1075
2020-07-28T13:59:28.000,2.06,17.2,7.55,44.698932,-124.1075
2020-07-28T14:14:28.000,2.06,17.23,7.56,44.698932,-124.1075
2020-07-28T14:29:28.000,2.05,17.12,7.55,44.698932,-124.1075
2020-07-28T14:44:28.000,2.19,18.27,7.56,44.698932,-124.1075
2020-07-28T14:59:28.000,2.3,19.18,7.59,44.698932,-124.1075
2020-07-28T15:14:28.000,2.33,19.52,7.61,44.698932,-124.1075
2020-07-28T15:29:28.000,2.11,17.65,7.56,44.698932,-124.1075
2020-07-28T15:44:28.000,2.07,17.3,7.56,44.698932,-124.1075
2020-07-28T15:59:28.000,2.02,16.89,7.56,44.698932,-124.1075
2020-07-28T16:14:28.000,1.99,16.59,7.55,44.698932,-124.1075
2020-07-28T16:29:28.000,1.99,16.63,7.55,44.698932,-124.1075
2020-07-28T16:44:28.000,2.03,16.98,7.55,44.698932,-124.1075
2020-07-28T16:59:28.000,1.98,16.57,7.55,44.698932,-124.1075
2020-07-28T17:14:28.000,1.88,15.7,7.53,44.698932,-124.1075
2020-07-28T17:29:28.000,1.83,15.27,7.51,44.698932,-124.1075
2020-07-28T17:44:28.000,1.8,15.03,7.51,44.698932,-124.1075
2020-07-28T17:59:28.000,1.8,14.99,7.51,44.698932,-124.1075
2020-07-28T18:14:28.000,1.8,14.99,7.51,44.698932,-124.1075
2020-07-28T18:29:28.000,1.79,14.96,7.51,44.698932,-124.1075
2020-07-28T18:44:28.000,1.79,14.9,7.51,44.698932,-124.1075
2020-07-28T18:59:28.000,1.77,14.75,7.51,44.698932,-124.1075
2020-07-28T19:14:28.000,1.78,14.86,7.51,44.698932,-124.1075
2020-07-28T19:29:28.000,1.78,14.84,7.51,44.698932,-124.1075
2020-07-28T19:44:28.000,1.78,14.81,7.51,44.698932,-124.1075
2020-07-28T19:59:28.000,1.77,14.74,7.51,44.698932,-124.1075
2020-07-28T20:14:28.000,1.79,14.95,7.51,44.698932,-124.1075
2020-07-28T20:29:28.000,1.81,15.12,7.51,44.698932,-124.1075
2020-07-28T20:44:28.000,1.89,15.74,7.54,44.698932,-124.1075
2020-07-28T20:59:28.000,2.01,16.76,7.55,44.698932,-124.1075
2020-07-28T21:14:28.000,2.03,16.97,7.55,44.698932,-124.1075
2020-07-28T21:29:28.000,2.13,17.83,7.56,44.698932,-124.1075
2020-07-28T21:44:28.000,2.16,18.02,7.57,44.698932,-124.1075
2020-07-28T21:59:28.000,2.23,18.65,7.58,44.698932,-124.1075
2020-07-28T22:14:28.000,2.28,19.1,7.6,44.698932,-124.1075
2020-07-28T22:29:28.000,2.3,19.23,7.61,44.698932,-124.1075
2020-07-28T22:44:28.000,2.45,20.49,7.64,44.698932,-124.1075
2020-07-28T22:59:28.000,2.38,19.9,7.63,44.698932,-124.1075
2020-07-28T23:14:28.000,2.5,20.97,7.66,44.698932,-124.1075
2020-07-28T23:29:28.000,2.52,21.14,7.66,44.698932,-124.1075
2020-07-28T23:44:28.000,2.44,20.45,7.64,44.698932,-124.1075
2020-07-28T23:59:28.000,2.11,17.67,7.58,44.698932,-124.1075
2020-07-29T00:14:28.000,1.99,16.63,7.56,44.698932,-124.1075
2020-07-29T00:29:28.000,1.95,16.27,7.55,44.698932,-124.1075
2020-07-29T00:44:28.000,1.94,16.18,7.55,44.698932,-124.1075
2020-07-29T00:59:28.000,1.98,16.55,7.56,44.698932,-124.1075
2020-07-29T01:14:28.000,1.98,16.55,7.56,44.698932,-124.1075
2020-07-29T01:29:28.000,1.99,16.64,7.56,44.698932,-124.1075
2020-07-29T01:44:28.000,1.97,16.42,7.56,44.698932,-124.1075
2020-07-29T01:59:28.000,1.95,16.28,7.55,44.698932,-124.1075
2020-07-29T02:14:28.000,1.9,15.89,7.55,44.698932,-124.1075
2020-07-29T02:29:28.000,1.88,15.71,7.54,44.698932,-124.1075
2020-07-29T02:44:28.000,1.88,15.66,7.54,44.698932,-124.1075
2020-07-29T02:59:28.000,1.87,15.58,7.54,44.698932,-124.1075
2020-07-29T03:14:28.000,1.86,15.55,7.53,44.698932,-124.1075
2020-07-29T03:29:28.000,1.84,15.37,7.53,44.698932,-124.1075
2020-07-29T03:44:28.000,1.84,15.33,7.53,44.698932,-124.1075
2020-07-29T03:59:28.000,1.84,15.33,7.52,44.698932,-124.1075
2020-07-29T04:14:28.000,1.85,15.4,7.51,44.698932,-124.1075
2020-07-29T04:29:28.000,1.84,15.36,7.52,44.698932,-124.1075
2020-07-29T04:44:28.000,1.81,15.08,7.53,44.698932,-124.1075
2020-07-29T04:59:28.000,1.89,15.76,7.53,44.698932,-124.1075
2020-07-29T05:14:28.000,1.89,15.74,7.54,44.698932,-124.1075
2020-07-29T05:29:28.000,1.87,15.57,7.53,44.698932,-124.1075
2020-07-29T05:44:28.000,1.87,15.64,7.53,44.698932,-124.1075
2020-07-29T05:59:28.000,1.89,15.8,7.54,44.698932,-124.1075
2020-07-29T06:14:28.000,1.9,15.84,7.54,44.698932,-124.1075
2020-07-29T06:29:28.000,1.89,15.76,7.54,44.698932,-124.1075
2020-07-29T06:44:28.000,1.92,16.02,7.54,44.698932,-124.1075
2020-07-29T06:59:28.000,1.96,16.39,7.55,44.698932,-124.1075
2020-07-29T07:14:28.000,2,16.68,7.56,44.698932,-124.1075
2020-07-29T07:29:28.000,2.03,16.94,7.56,44.698932,-124.1075
2020-07-29T07:44:28.000,2.1,17.51,7.58,44.698932,-124.1075
2020-07-29T07:59:28.000,2.12,17.71,7.58,44.698932,-124.1075
2020-07-29T08:14:28.000,2.15,17.95,7.59,44.698932,-124.1075
2020-07-29T08:29:28.000,2.13,17.81,7.59,44.698932,-124.1075
2020-07-29T08:44:28.000,2.13,17.78,7.58,44.698932,-124.1075
2020-07-29T08:59:28.000,2.03,16.94,7.56,44.698932,-124.1075
2020-07-29T09:14:28.000,1.96,16.33,7.55,44.698932,-124.1075
2020-07-29T09:29:28.000,1.93,16.13,7.55,44.698932,-124.1075
2020-07-29T09:44:28.000,1.96,16.4,7.55,44.698932,-124.1075
2020-07-29T09:59:28.000,1.93,16.1,7.55,44.698932,-124.1075
2020-07-29T10:14:28.000,1.89,15.79,7.54,44.698932,-124.1075
2020-07-29T10:29:28.000,1.86,15.51,7.54,44.698932,-124.1075
2020-07-29T10:44:28.000,1.83,15.24,7.53,44.698932,-124.1075
2020-07-29T10:59:28.000,1.79,14.97,7.51,44.698932,-124.1075
2020-07-29T11:14:28.000,1.79,14.96,7.51,44.698932,-124.1075
2020-07-29T11:29:28.000,1.78,14.87,7.51,44.698932,-124.1075
2020-07-29T11:44:28.000,1.73,14.44,7.49,44.698932,-124.1075
2020-07-29T11:59:28.000,1.7,14.21,7.49,44.698932,-124.1075
2020-07-29T12:14:28.000,1.69,14.1,7.49,44.698932,-124.1075
2020-07-29T12:29:28.000,1.7,14.15,7.49,44.698932,-124.1075
2020-07-29T12:44:28.000,1.7,14.13,7.48,44.698932,-124.1075
2020-07-29T12:59:28.000,1.69,14.08,7.48,44.698932,-124.1075
2020-07-29T13:14:28.000,1.7,14.2,7.49,44.698932,-124.1075
2020-07-29T13:29:28.000,1.71,14.27,7.49,44.698932,-124.1075
2020-07-29T13:44:28.000,1.73,14.4,7.49,44.698932,-124.1075
2020-07-29T13:59:28.000,1.74,14.52,7.49,44.698932,-124.1075
2020-07-29T14:14:28.000,1.78,14.82,7.49,44.698932,-124.1075
2020-07-29T14:29:28.000,1.79,14.9,7.5,44.698932,-124.1075
2020-07-29T14:44:28.000,1.81,15.12,7.5,44.698932,-124.1075
2020-07-29T14:59:28.000,1.87,15.57,7.51,44.698932,-124.1075
2020-07-29T15:14:28.000,1.92,15.99,7.51,44.698932,-124.1075
2020-07-29T15:29:28.000,2.07,17.27,7.54,44.698932,-124.1075
2020-07-29T15:44:28.000,2.16,18.02,7.55,44.698932,-124.1075
2020-07-29T15:59:28.000,2.09,17.44,7.54,44.698932,-124.1075
2020-07-29T16:14:28.000,2.17,18.13,7.56,44.698932,-124.1075
2020-07-29T16:29:28.000,2.2,18.37,7.56,44.698932,-124.1075
2020-07-29T16:44:28.000,2.34,19.58,7.58,44.698932,-124.1075
2020-07-29T16:59:28.000,2.38,19.9,7.6,44.698932,-124.1075
2020-07-29T17:14:28.000,2.45,20.52,7.62,44.698932,-124.1075
2020-07-29T17:29:28.000,2.55,21.33,7.65,44.698932,-124.1075
2020-07-29T17:44:28.000,2.62,21.95,7.66,44.698932,-124.1075
2020-07-29T17:59:28.000,2.69,22.57,7.68,44.698932,-124.1075
2020-07-29T18:14:28.000,2.7,22.63,7.68,44.698932,-124.1075
2020-07-29T18:29:28.000,2.77,23.21,7.7,44.698932,-124.1075
2020-07-29T18:44:28.000,2.82,23.64,7.71,44.698932,-124.1075
2020-07-29T18:59:28.000,2.92,24.49,7.73,44.698932,-124.1075
2020-07-29T19:14:28.000,2.96,24.87,7.75,44.698932,-124.1075
2020-07-29T19:29:28.000,2.96,24.84,7.75,44.698932,-124.1075
2020-07-29T19:44:28.000,2.92,24.46,7.73,44.698932,-124.1075
2020-07-29T19:59:28.000,2,16.73,7.54,44.698932,-124.1075
2020-07-29T20:14:28.000,2.12,17.74,7.55,44.698932,-124.1075
2020-07-29T20:29:28.000,1.92,16.01,7.52,44.698932,-124.1075
2020-07-29T20:44:28.000,1.84,15.37,7.51,44.698932,-124.1075
2020-07-29T20:59:28.000,1.78,14.82,7.49,44.698932,-124.1075
2020-07-29T21:14:28.000,1.79,14.9,7.49,44.698932,-124.1075
2020-07-29T21:29:28.000,1.76,14.69,7.49,44.698932,-124.1075
2020-07-29T21:44:28.000,1.73,14.4,7.47,44.698932,-124.1075
2020-07-29T21:59:28.000,1.73,14.41,7.47,44.698932,-124.1075
2020-07-29T22:14:28.000,1.74,14.48,7.47,44.698932,-124.1075
2020-07-29T22:29:28.000,1.75,14.62,7.48,44.698932,-124.1075
2020-07-29T22:44:28.000,1.74,14.53,7.48,44.698932,-124.1075
2020-07-29T22:59:28.000,1.76,14.69,7.48,44.698932,-124.1075
2020-07-29T23:14:28.000,1.76,14.7,7.49,44.698932,-124.1075
2020-07-29T23:29:28.000,1.75,14.6,7.49,44.698932,-124.1075
2020-07-29T23:44:28.000,1.76,14.71,7.49,44.698932,-124.1075
2020-07-29T23:59:28.000,1.76,14.67,7.48,44.698932,-124.1075
2020-07-30T00:14:28.000,1.76,14.66,7.48,44.698932,-124.1075
2020-07-30T00:29:28.000,1.73,14.42,7.48,44.698932,-124.1075
2020-07-30T00:44:28.000,1.73,14.41,7.48,44.698932,-124.1075
2020-07-30T00:59:28.000,1.71,14.26,7.48,44.698932,-124.1075
2020-07-30T01:14:28.000,1.72,14.3,7.48,44.698932,-124.1075
2020-07-30T01:29:28.000,1.76,14.65,7.49,44.698932,-124.1075
2020-07-30T01:44:28.000,1.78,14.87,7.49,44.698932,-124.1075
2020-07-30T01:59:28.000,1.82,15.16,7.49,44.698932,-124.1075
2020-07-30T02:14:28.000,1.83,15.28,7.5,44.698932,-124.1075
2020-07-30T02:29:28.000,1.87,15.62,7.51,44.698932,-124.1075
2020-07-30T02:44:28.000,1.87,15.61,7.51,44.698932,-124.1075
2020-07-30T02:59:28.000,1.95,16.28,7.53,44.698932,-124.1075
2020-07-30T03:14:28.000,2,16.7,7.54,44.698932,-124.1075
2020-07-30T03:29:28.000,2.09,17.44,7.55,44.698932,-124.1075
2020-07-30T03:44:28.000,2.19,18.32,7.56,44.698932,-124.1075
2020-07-30T03:59:28.000,2.25,18.77,7.57,44.698932,-124.1075
2020-07-30T04:14:28.000,2.28,19.06,7.58,44.698932,-124.1075
2020-07-30T04:29:28.000,2.36,19.74,7.61,44.698932,-124.1075
2020-07-30T04:44:28.000,2.42,20.28,7.61,44.698932,-124.1075
2020-07-30T04:59:28.000,2.46,20.55,7.63,44.698932,-124.1075
2020-07-30T05:14:28.000,2.5,20.92,7.64,44.698932,-124.1075
2020-07-30T05:29:28.000,2.57,21.48,7.66,44.698932,-124.1075
2020-07-30T05:44:28.000,2.73,22.92,7.69,44.698932,-124.1075
2020-07-30T05:59:28.000,2.88,24.16,7.73,44.698932,-124.1075
2020-07-30T06:14:28.000,3,25.21,7.75,44.698932,-124.1075
2020-07-30T06:29:28.000,3.11,26.09,7.78,44.698932,-124.1075
2020-07-30T06:44:28.000,3.16,26.55,7.79,44.698932,-124.1075
2020-07-30T06:59:28.000,3.27,27.5,7.81,44.698932,-124.1075
2020-07-30T07:14:28.000,3.31,27.84,7.82,44.698932,-124.1075
2020-07-30T07:29:28.000,3.34,28.11,7.83,44.698932,-124.1075
2020-07-30T07:44:28.000,3.36,28.28,7.84,44.698932,-124.1075
2020-07-30T07:59:28.000,3.46,29.07,7.85,44.698932,-124.1075
2020-07-30T08:14:28.000,3.53,29.74,7.87,44.698932,-124.1075
2020-07-30T08:29:28.000,3.61,30.41,7.9,44.698932,-124.1075
2020-07-30T08:44:28.000,3.67,30.93,7.9,44.698932,-124.1075
2020-07-30T08:59:28.000,3.2,26.93,7.85,44.698932,-124.1075
2020-07-30T09:14:28.000,2.95,24.73,7.75,44.698932,-124.1075
2020-07-30T09:29:28.000,2.79,23.38,7.71,44.698932,-124.1075
2020-07-30T09:44:28.000,2.72,22.81,7.69,44.698932,-124.1075
2020-07-30T09:59:28.000,2.62,21.94,7.66,44.698932,-124.1075
2020-07-30T10:14:28.000,2.53,21.19,7.65,44.698932,-124.1075
2020-07-30T10:29:28.000,2.47,20.69,7.63,44.698932,-124.1075
2020-07-30T10:44:28.000,2.3,19.25,7.58,44.698932,-124.1075
2020-07-30T10:59:28.000,2.29,19.12,7.58,44.698932,-124.1075
2020-07-30T11:14:28.000,2.28,19.05,7.58,44.698932,-124.1075
2020-07-30T11:29:28.000,2.23,18.66,7.56,44.698932,-124.1075
2020-07-30T11:44:28.000,2.23,18.59,7.56,44.698932,-124.1075
2020-07-30T11:59:28.000,2.23,18.67,7.56,44.698932,-124.1075
2020-07-30T12:14:28.000,2.18,18.24,7.56,44.698932,-124.1075
2020-07-30T12:29:28.000,2.13,17.77,7.55,44.698932,-124.1075
2020-07-30T12:44:28.000,2.1,17.57,7.55,44.698932,-124.1075
2020-07-30T12:59:28.000,2.08,17.38,7.54,44.698932,-124.1075
2020-07-30T13:14:28.000,2.06,17.19,7.54,44.698932,-124.1075
2020-07-30T13:29:28.000,2.07,17.32,7.54,44.698932,-124.1075
2020-07-30T13:44:28.000,2.08,17.33,7.54,44.698932,-124.1075
2020-07-30T13:59:28.000,2.08,17.4,7.54,44.698932,-124.1075
2020-07-30T14:14:28.000,2.03,16.92,7.54,44.698932,-124.1075
2020-07-30T14:29:28.000,2.05,17.11,7.54,44.698932,-124.1075
2020-07-30T14:44:28.000,2.08,17.35,7.54,44.698932,-124.1075
2020-07-30T14:59:28.000,2.13,17.81,7.55,44.698932,-124.1075
2020-07-30T15:14:28.000,2.28,19.09,7.58,44.698932,-124.1075
2020-07-30T15:29:28.000,2.58,21.61,7.63,44.698932,-124.1075
2020-07-30T15:44:28.000,2.65,22.17,7.66,44.698932,-124.1075
2020-07-30T15:59:28.000,2.7,22.6,7.68,44.698932,-124.1075
2020-07-30T16:14:28.000,2.83,23.71,7.71,44.698932,-124.1075
2020-07-30T16:29:28.000,3.15,26.46,7.78,44.698932,-124.1075
2020-07-30T16:44:28.000,3.17,26.62,7.79,44.698932,-124.1075
2020-07-30T16:59:28.000,3.04,25.53,7.77,44.698932,-124.1075
2020-07-30T17:14:28.000,3.04,25.55,7.77,44.698932,-124.1075
2020-07-30T17:29:28.000,3.25,27.35,7.82,44.698932,-124.1075
2020-07-30T17:44:28.000,3.57,30.08,7.88,44.698932,-124.1075
2020-07-30T17:59:28.000,3.67,30.91,7.91,44.698932,-124.1075
2020-07-30T18:14:28.000,3.78,31.91,7.94,44.698932,-124.1075
2020-07-30T18:29:28.000,3.82,32.23,7.95,44.698932,-124.1075
2020-07-30T18:44:28.000,3.86,32.57,7.95,44.698932,-124.1075
2020-07-30T18:59:28.000,3.9,32.86,7.96,44.698932,-124.1075
2020-07-30T19:14:28.000,3.99,33.66,7.98,44.698932,-124.1075
2020-07-30T19:29:28.000,4.03,34.03,7.99,44.698932,-124.1075
2020-07-30T19:44:28.000,3.61,30.43,7.9,44.698932,-124.1075
2020-07-30T19:59:28.000,3.07,25.82,7.79,44.698932,-124.1075
2020-07-30T20:14:28.000,2.57,21.5,7.67,44.698932,-124.1075
2020-07-30T20:29:28.000,2.41,20.18,7.63,44.698932,-124.1075
2020-07-30T20:44:28.000,2.26,18.88,7.58,44.698932,-124.1075
2020-07-30T20:59:28.000,2.21,18.43,7.57,44.698932,-124.1075
2020-07-30T21:14:28.000,2.17,18.17,7.56,44.698932,-124.1075
2020-07-30T21:29:28.000,2.12,17.7,7.55,44.698932,-124.1075
2020-07-30T21:44:28.000,2.11,17.63,7.55,44.698932,-124.1075
2020-07-30T21:59:28.000,2.1,17.53,7.55,44.698932,-124.1075
2020-07-30T22:14:28.000,2.07,17.31,7.54,44.698932,-124.1075
2020-07-30T22:29:28.000,2.06,17.17,7.54,44.698932,-124.1075
2020-07-30T22:44:28.000,2,16.7,7.54,44.698932,-124.1075
2020-07-30T22:59:28.000,2.01,16.74,7.53,44.698932,-124.1075
2020-07-30T23:14:28.000,1.98,16.49,7.51,44.698932,-124.1075
2020-07-30T23:29:28.000,1.97,16.42,7.51,44.698932,-124.1075
2020-07-30T23:44:28.000,1.94,16.15,7.51,44.698932,-124.1075
2020-07-30T23:59:28.000,1.93,16.09,7.51,44.698932,-124.1075
2020-07-31T00:14:28.000,1.95,16.27,7.51,44.698932,-124.1075
2020-07-31T00:29:28.000,1.94,16.18,7.5,44.698932,-124.1075
2020-07-31T00:44:28.000,1.93,16.14,7.51,44.698932,-124.1075
2020-07-31T00:59:28.000,1.95,16.25,7.51,44.698932,-124.1075
2020-07-31T01:14:28.000,1.96,16.37,7.51,44.698932,-124.1075
2020-07-31T01:29:28.000,1.97,16.46,7.51,44.698932,-124.1075
2020-07-31T01:44:28.000,2.02,16.89,7.53,44.698932,-124.1075
2020-07-31T01:59:28.000,2.07,17.26,7.54,44.698932,-124.1075
2020-07-31T02:14:28.000,2.11,17.62,7.54,44.698932,-124.1075
2020-07-31T02:29:28.000,2.15,17.96,7.55,44.698932,-124.1075
2020-07-31T02:44:28.000,2.19,18.27,7.56,44.698932,-124.1075
2020-07-31T02:59:28.000,2.23,18.64,7.56,44.698932,-124.1075
2020-07-31T03:14:28.000,2.31,19.33,7.58,44.698932,-124.1075
2020-07-31T03:29:28.000,2.49,20.8,7.63,44.698932,-124.1075
2020-07-31T03:44:28.000,2.64,22.12,7.66,44.698932,-124.1075
2020-07-31T03:59:28.000,2.75,23.01,7.68,44.698932,-124.1075
2020-07-31T04:14:28.000,2.89,24.21,7.71,44.698932,-124.1075
2020-07-31T04:29:28.000,3.07,25.76,7.75,44.698932,-124.1075
2020-07-31T04:44:28.000,3.1,26.01,7.78,44.698932,-124.1075
2020-07-31T04:59:28.000,3.2,26.91,7.8,44.698932,-124.1075
2020-07-31T05:14:28.000,3.21,26.94,7.8,44.698932,-124.1075
2020-07-31T05:29:28.000,3.25,27.28,7.81,44.698932,-124.1075
2020-07-31T05:44:28.000,3.31,27.83,7.83,44.698932,-124.1075
2020-07-31T05:59:28.000,3.37,28.38,7.85,44.698932,-124.1075
2020-07-31T06:14:28.000,3.48,29.31,7.87,44.698932,-124.1075
2020-07-31T06:29:28.000,3.66,30.89,7.92,44.698932,-124.1075
2020-07-31T06:44:28.000,3.8,32.05,7.95,44.698932,-124.1075
2020-07-31T06:59:28.000,3.99,33.67,7.99,44.698932,-124.1075
2020-07-31T07:14:28.000,3.88,32.78,7.99,44.698932,-124.1075
2020-07-31T07:29:28.000,4.1,34.68,8.03,44.698932,-124.1075
2020-07-31T07:44:28.000,3.62,30.47,7.92,44.698932,-124.1075
2020-07-31T07:59:28.000,3.38,28.42,7.87,44.698932,-124.1075
2020-07-31T08:14:28.000,3.31,27.88,7.85,44.698932,-124.1075
2020-07-31T08:29:28.000,3.09,25.91,7.78,44.698932,-124.1075
2020-07-31T08:44:28.000,2.94,24.65,7.75,44.698932,-124.1075
2020-07-31T08:59:28.000,2.73,22.89,7.69,44.698932,-124.1075
2020-07-31T09:14:28.000,2.61,21.85,7.66,44.698932,-124.1075
2020-07-31T09:29:28.000,2.56,21.46,7.66,44.698932,-124.1075
2020-07-31T09:44:28.000,2.55,21.34,7.66,44.698932,-124.1075
2020-07-31T09:59:28.000,2.53,21.17,7.64,44.698932,-124.1075
2020-07-31T10:14:28.000,2.52,21.08,7.64,44.698932,-124.1075
2020-07-31T10:29:28.000,2.5,20.94,7.63,44.698932,-124.1075
2020-07-31T10:44:28.000,2.47,20.7,7.63,44.698932,-124.1075
2020-07-31T10:59:28.000,2.43,20.35,7.61,44.698932,-124.1075
2020-07-31T11:14:28.000,2.42,20.25,7.61,44.698932,-124.1075
2020-07-31T11:29:28.000,2.43,20.29,7.61,44.698932,-124.1075
2020-07-31T11:44:28.000,2.44,20.41,7.61,44.698932,-124.1075
2020-07-31T11:59:28.000,2.45,20.5,7.61,44.698932,-124.1075
2020-07-31T12:14:28.000,2.46,20.54,7.62,44.698932,-124.1075
2020-07-31T12:29:28.000,2.45,20.5,7.61,44.698932,-124.1075
2020-07-31T12:44:28.000,2.45,20.47,7.61,44.698932,-124.1075
2020-07-31T12:59:28.000,2.47,20.68,7.62,44.698932,-124.1075
2020-07-31T13:14:28.000,2.45,20.54,7.62,44.698932,-124.1075
2020-07-31T13:29:28.000,2.45,20.47,7.62,44.698932,-124.1075
2020-07-31T13:44:28.000,2.45,20.46,7.61,44.698932,-124.1075
2020-07-31T13:59:28.000,2.43,20.34,7.61,44.698932,-124.1075
2020-07-31T14:14:28.000,2.41,20.19,7.61,44.698932,-124.1075
2020-07-31T14:29:28.000,2.47,20.7,7.62,44.698932,-124.1075
2020-07-31T14:44:28.000,2.52,21.1,7.63,44.698932,-124.1075
2020-07-31T14:59:28.000,2.56,21.4,7.64,44.698932,-124.1075
2020-07-31T15:14:28.000,2.6,21.79,7.66,44.698932,-124.1075
2020-07-31T15:29:28.000,2.61,21.83,7.66,44.698932,-124.1075
2020-07-31T15:44:28.000,2.68,22.44,7.68,44.698932,-124.1075
2020-07-31T15:59:28.000,2.72,22.78,7.68,44.698932,-124.1075
2020-07-31T16:14:28.000,2.81,23.55,7.71,44.698932,-124.1075
2020-07-31T16:29:28.000,2.85,23.94,7.73,44.698932,-124.1075
2020-07-31T16:44:28.000,2.95,24.72,7.75,44.698932,-124.1075
2020-07-31T16:59:28.000,3.06,25.72,7.78,44.698932,-124.1075
2020-07-31T17:14:28.000,3.19,26.8,7.8,44.698932,-124.1075
2020-07-31T17:29:28.000,3.31,27.87,7.85,44.698932,-124.1075
2020-07-31T17:44:28.000,3.41,28.73,7.87,44.698932,-124.1075
2020-07-31T17:59:28.000,3.38,28.45,7.87,44.698932,-124.1075
2020-07-31T18:14:28.000,3.38,28.46,7.87,44.698932,-124.1075
2020-07-31T18:29:28.000,3.45,29.04,7.89,44.698932,-124.1075
2020-07-31T18:44:28.000,3.52,29.62,7.9,44.698932,-124.1075
2020-07-31T18:59:28.000,3.46,29.11,7.9,44.698932,-124.1075
2020-07-31T19:14:28.000,3.53,29.77,7.93,44.698932,-124.1075
2020-07-31T19:29:28.000,3.49,29.38,7.92,44.698932,-124.1075
2020-07-31T19:44:28.000,3.48,29.29,7.92,44.698932,-124.1075
2020-07-31T19:59:28.000,3.54,29.86,7.94,44.698932,-124.1075
2020-07-31T20:14:28.000,3.11,26.19,7.83,44.698932,-124.1075
