Time (UTC),DO (ml/L),Dissolved Oxygen (%),Temperature (C),Latitude,Longitude
2020-05-21T11:44:28.000,4.31,36.86,8.49,NaN,NaN
2020-05-21T11:59:28.000,4.31,36.85,8.48,NaN,NaN
2020-05-21T12:14:28.000,4.31,36.85,8.49,NaN,NaN
2020-05-21T12:29:28.000,4.32,36.88,8.49,NaN,NaN
2020-05-21T12:44:28.000,4.32,36.93,8.5,NaN,NaN
2020-05-21T12:59:28.000,4.33,36.97,8.5,NaN,NaN
2020-05-21T13:14:28.000,4.32,36.93,8.5,NaN,NaN
2020-05-21T13:29:28.000,4.33,36.97,8.5,NaN,NaN
2020-05-21T13:44:28.000,4.36,37.25,8.51,NaN,NaN
2020-05-21T13:59:28.000,4.39,37.51,8.52,NaN,NaN
2020-05-21T14:14:28.000,4.4,37.64,8.52,NaN,NaN
2020-05-21T14:29:28.000,4.41,37.76,8.54,NaN,NaN
2020-05-21T14:44:28.000,4.41,37.75,8.54,NaN,NaN
2020-05-21T14:59:28.000,4.43,37.87,8.54,NaN,NaN
2020-05-21T15:14:28.000,4.45,38.05,8.55,NaN,NaN
2020-05-21T15:29:28.000,4.4,37.6,8.53,NaN,NaN
2020-05-21T15:44:28.000,4.41,37.7,8.54,NaN,NaN
2020-05-21T15:59:28.000,4.39,37.56,8.52,NaN,NaN
2020-05-21T16:14:28.000,4.38,37.45,8.52,NaN,NaN
2020-05-21T16:29:28.000,4.36,37.28,8.52,NaN,NaN
2020-05-21T16:44:28.000,4.36,37.3,8.52,NaN,NaN
2020-05-21T16:59:28.000,4.36,37.29,8.52,NaN,NaN
2020-05-21T17:14:28.000,4.35,37.16,8.5,NaN,NaN
2020-05-21T17:29:28.000,4.33,37.03,8.5,NaN,NaN
2020-05-21T17:44:28.000,4.33,36.97,8.5,NaN,NaN
2020-05-21T17:59:28.000,4.32,36.95,8.5,NaN,NaN
2020-05-21T18:14:28.000,4.32,36.95,8.49,NaN,NaN
2020-05-21T18:29:28.000,4.32,36.91,8.49,NaN,NaN
2020-05-21T18:44:28.000,4.32,36.92,8.49,NaN,NaN
2020-05-21T18:59:28.000,4.33,36.98,8.5,NaN,NaN
2020-05-21T19:14:28.000,4.33,37.02,8.5,NaN,NaN
2020-05-21T19:29:28.000,4.34,37.08,8.5,NaN,NaN
2020-05-21T19:44:28.000,4.34,37.13,8.5,NaN,NaN
2020-05-21T19:59:28.000,4.35,37.17,8.5,NaN,NaN
2020-05-21T20:14:28.000,4.36,37.23,8.5,NaN,NaN
2020-05-21T20:29:28.000,4.36,37.23,8.5,NaN,NaN
2020-05-21T20:44:28.000,4.36,37.24,8.5,NaN,NaN
2020-05-21T20:59:28.000,4.36,37.23,8.5,NaN,NaN
2020-05-21T21:14:28.000,4.36,37.26,8.5,NaN,NaN
2020-05-21T21:29:28.000,4.36,37.27,8.5,NaN,NaN
2020-05-21T21:44:28.000,4.36,37.29,8.5,NaN,NaN
2020-05-21T21:59:28.000,4.36,37.28,8.5,NaN,NaN
2020-05-21T22:14:28.000,4.36,37.29,8.51,NaN,NaN
2020-05-21T22:29:28.000,4.36,37.26,8.5,NaN,NaN
2020-05-21T22:44:28.000,4.36,37.23,8.5,NaN,NaN
2020-05-21T22:59:28.000,4.35,37.19,8.5,NaN,NaN
2020-05-21T23:14:28.000,4.35,37.2,8.5,NaN,NaN
2020-05-21T23:29:28.000,4.35,37.22,8.5,NaN,NaN
2020-05-21T23:44:28.000,4.35,37.21,8.5,NaN,NaN
2020-05-21T23:59:28.000,4.35,37.16,8.5,NaN,NaN
2020-05-22T00:14:28.000,4.35,37.17,8.5,NaN,NaN
2020-05-22T00:29:28.000,4.35,37.15,8.5,NaN,NaN
2020-05-22T00:44:28.000,4.35,37.14,8.5,NaN,NaN
2020-05-22T00:59:28.000,4.34,37.12,8.5,NaN,NaN
2020-05-22T01:14:28.000,4.34,37.05,8.5,NaN,NaN
2020-05-22T01:29:28.000,4.31,36.78,8.47,NaN,NaN
2020-05-22T01:44:28.000,4.16,35.49,8.42,NaN,NaN
2020-05-22T01:59:28.000,4.13,35.17,8.4,NaN,NaN
2020-05-22T02:14:28.000,4.11,35.04,8.38,NaN,NaN
2020-05-22T02:29:28.000,4.1,34.93,8.38,NaN,NaN
2020-05-22T02:44:28.000,4.09,34.88,8.37,NaN,NaN
2020-05-22T02:59:28.000,4.1,34.9,8.38,NaN,NaN
2020-05-22T03:14:28.000,4.1,34.98,8.38,NaN,NaN
2020-05-22T03:29:28.000,4.13,35.19,8.4,NaN,NaN
2020-05-22T03:44:28.000,4.15,35.41,8.41,NaN,NaN
2020-05-22T03:59:28.000,4.16,35.47,8.42,NaN,NaN
2020-05-22T04:14:28.000,4.18,35.63,8.42,NaN,NaN
2020-05-22T04:29:28.000,4.17,35.59,8.42,NaN,NaN
2020-05-22T04:44:28.000,4.22,36.02,8.45,NaN,NaN
2020-05-22T04:59:28.000,4.24,36.16,8.45,NaN,NaN
2020-05-22T05:14:28.000,4.24,36.22,8.47,NaN,NaN
2020-05-22T05:29:28.000,4.28,36.53,8.47,NaN,NaN
2020-05-22T05:44:28.000,4.27,36.51,8.47,NaN,NaN
2020-05-22T05:59:28.000,4.3,36.72,8.48,NaN,NaN
2020-05-22T06:14:28.000,4.27,36.47,8.47,NaN,NaN
2020-05-22T06:29:28.000,4.28,36.57,8.47,NaN,NaN
2020-05-22T06:44:28.000,4.27,36.5,8.47,NaN,NaN
2020-05-22T06:59:28.000,4.28,36.58,8.48,NaN,NaN
2020-05-22T07:14:28.000,4.29,36.64,8.49,NaN,NaN
2020-05-22T07:29:28.000,4.29,36.69,8.49,NaN,NaN
2020-05-22T07:44:28.000,4.31,36.84,8.5,NaN,NaN
2020-05-22T07:59:28.000,4.31,36.85,8.5,NaN,NaN
2020-05-22T08:14:28.000,4.3,36.79,8.5,NaN,NaN
2020-05-22T08:29:28.000,4.3,36.76,8.5,NaN,NaN
2020-05-22T08:44:28.000,4.32,36.9,8.5,NaN,NaN
2020-05-22T08:59:28.000,4.32,36.97,8.51,NaN,NaN
2020-05-22T09:14:28.000,4.35,37.18,8.52,NaN,NaN
2020-05-22T09:29:28.000,4.36,37.31,8.52,NaN,NaN
2020-05-22T09:44:28.000,4.38,37.43,8.52,NaN,NaN
2020-05-22T09:59:28.000,4.38,37.47,8.52,NaN,NaN
2020-05-22T10:14:28.000,4.38,37.5,8.52,NaN,NaN
2020-05-22T10:29:28.000,4.38,37.49,8.53,NaN,NaN
2020-05-22T10:44:28.000,4.39,37.56,8.53,NaN,NaN
2020-05-22T10:59:28.000,4.4,37.67,8.54,NaN,NaN
2020-05-22T11:14:28.000,4.41,37.71,8.54,NaN,NaN
2020-05-22T11:29:28.000,4.41,37.74,8.54,NaN,NaN
2020-05-22T11:44:28.000,4.42,37.81,8.54,NaN,NaN
2020-05-22T11:59:28.000,4.42,37.84,8.54,NaN,NaN
2020-05-22T12:14:28.000,4.43,37.95,8.55,NaN,NaN
2020-05-22T12:29:28.000,4.44,38.02,8.56,NaN,NaN
2020-05-22T12:44:28.000,4.45,38.05,8.56,NaN,NaN
2020-05-22T12:59:28.000,4.45,38.12,8.57,NaN,NaN
2020-05-22T13:14:28.000,4.45,38.1,8.57,NaN,NaN
2020-05-22T13:29:28.000,4.44,38.05,8.56,NaN,NaN
2020-05-22T13:44:28.000,4.45,38.09,8.56,NaN,NaN
2020-05-22T13:59:28.000,4.44,38,8.56,NaN,NaN
2020-05-22T14:14:28.000,4.43,37.91,8.55,NaN,NaN
2020-05-22T14:29:28.000,4.41,37.77,8.54,NaN,NaN
2020-05-22T14:44:28.000,4.4,37.63,8.54,NaN,NaN
2020-05-22T14:59:28.000,4.4,37.68,8.54,NaN,NaN
2020-05-22T15:14:28.000,4.4,37.65,8.54,NaN,NaN
2020-05-22T15:29:28.000,4.4,37.66,8.54,NaN,NaN
2020-05-22T15:44:28.000,4.4,37.68,8.54,NaN,NaN
2020-05-22T15:59:28.000,4.39,37.54,8.52,NaN,NaN
2020-05-22T16:14:28.000,4.36,37.28,8.52,NaN,NaN
2020-05-22T16:29:28.000,4.34,37.11,8.5,NaN,NaN
2020-05-22T16:44:28.000,4.3,36.75,8.47,NaN,NaN
2020-05-22T16:59:28.000,4.27,36.47,8.47,NaN,NaN
2020-05-22T17:14:28.000,4.25,36.31,8.45,NaN,NaN
2020-05-22T17:29:28.000,4.24,36.22,8.44,NaN,NaN
2020-05-22T17:44:28.000,4.24,36.18,8.43,NaN,NaN
2020-05-22T17:59:28.000,4.22,36.03,8.41,NaN,NaN
2020-05-22T18:14:28.000,4.22,35.98,8.4,NaN,NaN
2020-05-22T18:29:28.000,4.22,35.98,8.4,NaN,NaN
2020-05-22T18:44:28.000,4.22,35.95,8.4,NaN,NaN
2020-05-22T18:59:28.000,4.21,35.92,8.4,NaN,NaN
2020-05-22T19:14:28.000,4.21,35.93,8.4,NaN,NaN
2020-05-22T19:29:28.000,4.21,35.92,8.39,NaN,NaN
2020-05-22T19:44:28.000,4.22,35.94,8.4,NaN,NaN
2020-05-22T19:59:28.000,4.23,36.04,8.4,NaN,NaN
2020-05-22T20:14:28.000,4.24,36.14,8.4,NaN,NaN
2020-05-22T20:29:28.000,4.24,36.18,8.4,NaN,NaN
2020-05-22T20:44:28.000,4.25,36.26,8.41,NaN,NaN
2020-05-22T20:59:28.000,4.26,36.34,8.41,NaN,NaN
2020-05-22T21:14:28.000,4.26,36.34,8.42,NaN,NaN
2020-05-22T21:29:28.000,4.26,36.36,8.42,NaN,NaN
2020-05-22T21:44:28.000,4.27,36.4,8.42,NaN,NaN
2020-05-22T21:59:28.000,4.27,36.43,8.42,NaN,NaN
2020-05-22T22:14:28.000,4.27,36.46,8.42,NaN,NaN
2020-05-22T22:29:28.000,4.27,36.47,8.42,NaN,NaN
2020-05-22T22:44:28.000,4.28,36.53,8.42,NaN,NaN
2020-05-22T22:59:28.000,4.28,36.54,8.42,NaN,NaN
2020-05-22T23:14:28.000,4.29,36.58,8.42,NaN,NaN
2020-05-22T23:29:28.000,4.29,36.58,8.43,NaN,NaN
2020-05-22T23:44:28.000,4.29,36.63,8.43,NaN,NaN
2020-05-22T23:59:28.000,4.3,36.68,8.43,NaN,NaN
2020-05-23T00:14:28.000,4.3,36.67,8.44,NaN,NaN
2020-05-23T00:29:28.000,4.3,36.7,8.44,NaN,NaN
2020-05-23T00:44:28.000,4.3,36.71,8.44,NaN,NaN
2020-05-23T00:59:28.000,4.3,36.7,8.44,NaN,NaN
2020-05-23T01:14:28.000,4.3,36.71,8.44,NaN,NaN
2020-05-23T01:29:28.000,4.3,36.72,8.44,NaN,NaN
2020-05-23T01:44:28.000,4.3,36.73,8.44,NaN,NaN
2020-05-23T01:59:28.000,4.3,36.72,8.43,NaN,NaN
2020-05-23T02:14:28.000,4.3,36.72,8.43,NaN,NaN
2020-05-23T02:29:28.000,4.3,36.71,8.43,NaN,NaN
2020-05-23T02:44:28.000,4.31,36.73,8.43,NaN,NaN
2020-05-23T02:59:28.000,4.3,36.69,8.43,NaN,NaN
2020-05-23T03:14:28.000,4.3,36.71,8.43,NaN,NaN
2020-05-23T03:29:28.000,4.3,36.7,8.43,NaN,NaN
2020-05-23T03:44:28.000,4.3,36.71,8.43,NaN,NaN
2020-05-23T03:59:28.000,4.3,36.71,8.43,NaN,NaN
2020-05-23T04:14:28.000,4.3,36.68,8.43,NaN,NaN
2020-05-23T04:29:28.000,4.3,36.67,8.43,NaN,NaN
2020-05-23T04:44:28.000,4.3,36.67,8.43,NaN,NaN
2020-05-23T04:59:28.000,4.3,36.69,8.43,NaN,NaN
2020-05-23T05:14:28.000,4.3,36.69,8.43,NaN,NaN
2020-05-23T05:29:28.000,4.3,36.7,8.43,NaN,NaN
2020-05-23T05:44:28.000,4.3,36.71,8.43,NaN,NaN
2020-05-23T05:59:28.000,4.3,36.71,8.43,NaN,NaN
2020-05-23T06:14:28.000,4.31,36.74,8.43,NaN,NaN
2020-05-23T06:29:28.000,4.3,36.72,8.43,NaN,NaN
2020-05-23T06:44:28.000,4.3,36.74,8.44,NaN,NaN
2020-05-23T06:59:28.000,4.3,36.71,8.44,NaN,NaN
2020-05-23T07:14:28.000,4.31,36.75,8.44,NaN,NaN
2020-05-23T07:29:28.000,4.3,36.73,8.44,NaN,NaN
2020-05-23T07:44:28.000,4.3,36.73,8.44,NaN,NaN
2020-05-23T07:59:28.000,4.3,36.66,8.44,NaN,NaN
2020-05-23T08:14:28.000,4.3,36.68,8.43,NaN,NaN
2020-05-23T08:29:28.000,4.29,36.64,8.43,NaN,NaN
2020-05-23T08:44:28.000,4.29,36.64,8.43,NaN,NaN
2020-05-23T08:59:28.000,4.28,36.54,8.42,NaN,NaN
2020-05-23T09:14:28.000,4.28,36.48,8.42,NaN,NaN
2020-05-23T09:29:28.000,4.27,36.42,8.42,NaN,NaN
2020-05-23T09:44:28.000,4.28,36.48,8.42,NaN,NaN
2020-05-23T09:59:28.000,4.28,36.53,8.42,NaN,NaN
2020-05-23T10:14:28.000,4.29,36.58,8.42,NaN,NaN
2020-05-23T10:29:28.000,4.29,36.6,8.43,NaN,NaN
2020-05-23T10:44:28.000,4.28,36.54,8.42,NaN,NaN
2020-05-23T10:59:28.000,4.28,36.53,8.42,NaN,NaN
2020-05-23T11:14:28.000,4.28,36.48,8.42,NaN,NaN
2020-05-23T11:29:28.000,4.28,36.52,8.42,NaN,NaN
2020-05-23T11:44:28.000,4.29,36.61,8.42,NaN,NaN
2020-05-23T11:59:28.000,4.3,36.67,8.44,NaN,NaN
2020-05-23T12:14:28.000,4.3,36.69,8.44,NaN,NaN
2020-05-23T12:29:28.000,4.3,36.73,8.43,NaN,NaN
2020-05-23T12:44:28.000,4.31,36.77,8.43,NaN,NaN
2020-05-23T12:59:28.000,4.31,36.74,8.43,NaN,NaN
2020-05-23T13:14:28.000,4.31,36.77,8.43,NaN,NaN
2020-05-23T13:29:28.000,4.31,36.82,8.44,NaN,NaN
2020-05-23T13:44:28.000,4.32,36.88,8.45,NaN,NaN
2020-05-23T13:59:28.000,4.35,37.11,8.45,NaN,NaN
2020-05-23T14:14:28.000,4.37,37.27,8.45,NaN,NaN
2020-05-23T14:29:28.000,4.37,37.3,8.45,NaN,NaN
2020-05-23T14:44:28.000,4.37,37.31,8.45,NaN,NaN
2020-05-23T14:59:28.000,4.37,37.35,8.46,NaN,NaN
2020-05-23T15:14:28.000,4.38,37.41,8.46,NaN,NaN
2020-05-23T15:29:28.000,4.38,37.43,8.46,NaN,NaN
2020-05-23T15:44:28.000,4.39,37.46,8.45,NaN,NaN
2020-05-23T15:59:28.000,4.39,37.45,8.45,NaN,NaN
2020-05-23T16:14:28.000,4.39,37.49,8.45,NaN,NaN
2020-05-23T16:29:28.000,4.4,37.54,8.45,NaN,NaN
2020-05-23T16:44:28.000,4.39,37.48,8.45,NaN,NaN
2020-05-23T16:59:28.000,4.37,37.33,8.45,NaN,NaN
2020-05-23T17:14:28.000,4.36,37.18,8.43,NaN,NaN
2020-05-23T17:29:28.000,4.34,37.01,8.42,NaN,NaN
2020-05-23T17:44:28.000,4.32,36.89,8.42,NaN,NaN
2020-05-23T17:59:28.000,4.31,36.75,8.41,NaN,NaN
2020-05-23T18:14:28.000,4.31,36.75,8.41,NaN,NaN
2020-05-23T18:29:28.000,4.3,36.69,8.41,NaN,NaN
2020-05-23T18:44:28.000,4.31,36.73,8.41,NaN,NaN
2020-05-23T18:59:28.000,4.31,36.74,8.41,NaN,NaN
2020-05-23T19:14:28.000,4.31,36.79,8.42,NaN,NaN
2020-05-23T19:29:28.000,4.31,36.75,8.41,NaN,NaN
2020-05-23T19:44:28.000,4.3,36.71,8.41,NaN,NaN
2020-05-23T19:59:28.000,4.31,36.72,8.41,NaN,NaN
2020-05-23T20:14:28.000,4.31,36.72,8.4,NaN,NaN
2020-05-23T20:29:28.000,4.3,36.66,8.4,NaN,NaN
2020-05-23T20:44:28.000,4.3,36.62,8.4,NaN,NaN
2020-05-23T20:59:28.000,4.3,36.63,8.4,NaN,NaN
2020-05-23T21:14:28.000,4.29,36.59,8.4,NaN,NaN
2020-05-23T21:29:28.000,4.29,36.59,8.4,NaN,NaN
2020-05-23T21:44:28.000,4.29,36.59,8.4,NaN,NaN
2020-05-23T21:59:28.000,4.29,36.53,8.38,NaN,NaN
2020-05-23T22:14:28.000,4.29,36.52,8.38,NaN,NaN
2020-05-23T22:29:28.000,4.28,36.48,8.38,NaN,NaN
2020-05-23T22:44:28.000,4.27,36.39,8.38,NaN,NaN
2020-05-23T22:59:28.000,4.26,36.3,8.37,NaN,NaN
2020-05-23T23:14:28.000,4.25,36.16,8.35,NaN,NaN
2020-05-23T23:29:28.000,4.25,36.24,8.36,NaN,NaN
2020-05-23T23:44:28.000,4.26,36.3,8.37,NaN,NaN
2020-05-23T23:59:28.000,4.25,36.25,8.37,NaN,NaN
2020-05-24T00:14:28.000,4.27,36.37,8.38,NaN,NaN
2020-05-24T00:29:28.000,4.27,36.42,8.38,NaN,NaN
2020-05-24T00:44:28.000,4.27,36.37,8.38,NaN,NaN
2020-05-24T00:59:28.000,4.26,36.33,8.38,NaN,NaN
2020-05-24T01:14:28.000,4.29,36.53,8.38,NaN,NaN
2020-05-24T01:29:28.000,4.3,36.62,8.4,NaN,NaN
2020-05-24T01:44:28.000,4.31,36.74,8.4,NaN,NaN
2020-05-24T01:59:28.000,4.32,36.87,8.4,NaN,NaN
2020-05-24T02:14:28.000,4.34,37.02,8.42,NaN,NaN
2020-05-24T02:29:28.000,4.35,37.1,8.42,NaN,NaN
2020-05-24T02:44:28.000,4.36,37.19,8.42,NaN,NaN
2020-05-24T02:59:28.000,4.37,37.3,8.42,NaN,NaN
2020-05-24T03:14:28.000,4.37,37.32,8.42,NaN,NaN
2020-05-24T03:29:28.000,4.38,37.38,8.43,NaN,NaN
2020-05-24T03:44:28.000,4.39,37.46,8.44,NaN,NaN
2020-05-24T03:59:28.000,4.4,37.57,8.45,NaN,NaN
2020-05-24T04:14:28.000,4.42,37.69,8.45,NaN,NaN
2020-05-24T04:29:28.000,4.42,37.76,8.45,NaN,NaN
2020-05-24T04:44:28.000,4.43,37.83,8.46,NaN,NaN
2020-05-24T04:59:28.000,4.43,37.86,8.47,NaN,NaN
2020-05-24T05:14:28.000,4.43,37.79,8.47,NaN,NaN
2020-05-24T05:29:28.000,4.43,37.86,8.47,NaN,NaN
2020-05-24T05:44:28.000,4.45,38.04,8.47,NaN,NaN
2020-05-24T05:59:28.000,4.48,38.32,8.49,NaN,NaN
2020-05-24T06:14:28.000,4.49,38.38,8.49,NaN,NaN
2020-05-24T06:29:28.000,4.51,38.52,8.5,NaN,NaN
2020-05-24T06:44:28.000,4.51,38.53,8.5,NaN,NaN
2020-05-24T06:59:28.000,4.52,38.59,8.5,NaN,NaN
2020-05-24T07:14:28.000,4.52,38.61,8.5,NaN,NaN
2020-05-24T07:29:28.000,4.52,38.63,8.5,NaN,NaN
2020-05-24T07:44:28.000,4.52,38.64,8.5,NaN,NaN
2020-05-24T07:59:28.000,4.52,38.64,8.5,NaN,NaN
2020-05-24T08:14:28.000,4.52,38.61,8.5,NaN,NaN
2020-05-24T08:29:28.000,4.51,38.55,8.5,NaN,NaN
2020-05-24T08:44:28.000,4.51,38.55,8.5,NaN,NaN
2020-05-24T08:59:28.000,4.5,38.45,8.5,NaN,NaN
2020-05-24T09:14:28.000,4.49,38.36,8.5,NaN,NaN
2020-05-24T09:29:28.000,4.47,38.2,8.47,NaN,NaN
2020-05-24T09:44:28.000,4.45,38.04,8.47,NaN,NaN
2020-05-24T09:59:28.000,4.44,37.93,8.46,NaN,NaN
2020-05-24T10:14:28.000,4.42,37.77,8.45,NaN,NaN
2020-05-24T10:29:28.000,4.41,37.65,8.45,NaN,NaN
2020-05-24T10:44:28.000,4.4,37.55,8.44,NaN,NaN
2020-05-24T10:59:28.000,4.4,37.51,8.43,NaN,NaN
2020-05-24T11:14:28.000,4.39,37.49,8.43,NaN,NaN
2020-05-24T11:29:28.000,4.4,37.5,8.43,NaN,NaN
2020-05-24T11:44:28.000,4.39,37.48,8.42,NaN,NaN
2020-05-24T11:59:28.000,4.4,37.53,8.43,NaN,NaN
2020-05-24T12:14:28.000,4.39,37.42,8.42,NaN,NaN
2020-05-24T12:29:28.000,4.38,37.37,8.42,NaN,NaN
2020-05-24T12:44:28.000,4.38,37.34,8.42,NaN,NaN
2020-05-24T12:59:28.000,4.38,37.33,8.42,NaN,NaN
2020-05-24T13:14:28.000,4.38,37.35,8.42,NaN,NaN
2020-05-24T13:29:28.000,4.37,37.32,8.42,NaN,NaN
2020-05-24T13:44:28.000,4.39,37.41,8.42,NaN,NaN
2020-05-24T13:59:28.000,4.39,37.45,8.42,NaN,NaN
2020-05-24T14:14:28.000,4.4,37.55,8.42,NaN,NaN
2020-05-24T14:29:28.000,4.4,37.57,8.42,NaN,NaN
2020-05-24T14:44:28.000,4.41,37.65,8.43,NaN,NaN
2020-05-24T14:59:28.000,4.42,37.76,8.44,NaN,NaN
2020-05-24T15:14:28.000,4.43,37.85,8.45,NaN,NaN
2020-05-24T15:29:28.000,4.45,37.95,8.45,NaN,NaN
2020-05-24T15:44:28.000,4.46,38.08,8.45,NaN,NaN
2020-05-24T15:59:28.000,4.47,38.14,8.47,NaN,NaN
2020-05-24T16:14:28.000,4.48,38.24,8.47,NaN,NaN
2020-05-24T16:29:28.000,4.49,38.39,8.47,NaN,NaN
2020-05-24T16:44:28.000,4.5,38.43,8.47,NaN,NaN
2020-05-24T16:59:28.000,4.51,38.48,8.48,NaN,NaN
2020-05-24T17:14:28.000,4.51,38.54,8.48,NaN,NaN
2020-05-24T17:29:28.000,4.52,38.61,8.49,NaN,NaN
2020-05-24T17:44:28.000,4.52,38.64,8.49,NaN,NaN
2020-05-24T17:59:28.000,4.51,38.58,8.49,NaN,NaN
2020-05-24T18:14:28.000,4.53,38.68,8.5,NaN,NaN
2020-05-24T18:29:28.000,4.55,38.87,8.5,NaN,NaN
2020-05-24T18:44:28.000,4.57,39.06,8.52,NaN,NaN
2020-05-24T18:59:28.000,4.58,39.16,8.52,NaN,NaN
2020-05-24T19:14:28.000,4.59,39.25,8.52,NaN,NaN
2020-05-24T19:29:28.000,4.6,39.32,8.52,NaN,NaN
2020-05-24T19:44:28.000,4.61,39.39,8.52,NaN,NaN
2020-05-24T19:59:28.000,4.61,39.39,8.52,NaN,NaN
2020-05-24T20:14:28.000,4.61,39.38,8.52,NaN,NaN
2020-05-24T20:29:28.000,4.6,39.32,8.52,NaN,NaN
2020-05-24T20:44:28.000,4.58,39.15,8.52,NaN,NaN
2020-05-24T20:59:28.000,4.57,39.09,8.5,NaN,NaN
2020-05-24T21:14:28.000,4.55,38.85,8.5,NaN,NaN
2020-05-24T21:29:28.000,4.52,38.65,8.48,NaN,NaN
2020-05-24T21:44:28.000,4.49,38.35,8.47,NaN,NaN
2020-05-24T21:59:28.000,4.46,38.08,8.45,NaN,NaN
2020-05-24T22:14:28.000,4.44,37.93,8.44,NaN,NaN
2020-05-24T22:29:28.000,4.23,36,8.33,NaN,NaN
2020-05-24T22:44:28.000,4.04,34.36,8.25,NaN,NaN
2020-05-24T22:59:28.000,3.99,33.91,8.23,NaN,NaN
2020-05-24T23:14:28.000,3.96,33.56,8.21,NaN,NaN
2020-05-24T23:29:28.000,3.94,33.43,8.19,NaN,NaN
2020-05-24T23:44:28.000,3.92,33.27,8.18,NaN,NaN
2020-05-24T23:59:28.000,3.91,33.12,8.18,NaN,NaN
2020-05-25T00:14:28.000,3.91,33.14,8.17,NaN,NaN
2020-05-25T00:29:28.000,3.89,32.95,8.16,NaN,NaN
2020-05-25T00:44:28.000,3.77,31.88,8.1,NaN,NaN
2020-05-25T00:59:28.000,3.74,31.61,8.08,NaN,NaN
2020-05-25T01:14:28.000,3.71,31.39,8.06,NaN,NaN
2020-05-25T01:29:28.000,3.69,31.15,8.04,NaN,NaN
2020-05-25T01:44:28.000,3.66,30.98,8.04,NaN,NaN
2020-05-25T01:59:28.000,3.64,30.78,8.02,NaN,NaN
2020-05-25T02:14:28.000,3.67,30.98,8.04,NaN,NaN
2020-05-25T02:29:28.000,3.66,30.95,8.04,NaN,NaN
2020-05-25T02:44:28.000,3.67,31.05,8.04,NaN,NaN
2020-05-25T02:59:28.000,3.69,31.17,8.04,NaN,NaN
2020-05-25T03:14:28.000,3.69,31.22,8.05,NaN,NaN
2020-05-25T03:29:28.000,3.71,31.37,8.06,NaN,NaN
2020-05-25T03:44:28.000,3.73,31.58,8.07,NaN,NaN
2020-05-25T03:59:28.000,3.75,31.76,8.09,NaN,NaN
2020-05-25T04:14:28.000,3.78,31.96,8.1,NaN,NaN
2020-05-25T04:29:28.000,3.8,32.18,8.11,NaN,NaN
2020-05-25T04:44:28.000,3.83,32.48,8.14,NaN,NaN
2020-05-25T04:59:28.000,3.87,32.82,8.16,NaN,NaN
2020-05-25T05:14:28.000,3.91,33.16,8.18,NaN,NaN
2020-05-25T05:29:28.000,3.93,33.36,8.19,NaN,NaN
2020-05-25T05:44:28.000,3.98,33.77,8.22,NaN,NaN
2020-05-25T05:59:28.000,4.03,34.24,8.24,NaN,NaN
2020-05-25T06:14:28.000,4.09,34.81,8.28,NaN,NaN
2020-05-25T06:29:28.000,4.14,35.18,8.3,NaN,NaN
2020-05-25T06:44:28.000,4.21,35.84,8.33,NaN,NaN
2020-05-25T06:59:28.000,4.3,36.63,8.38,NaN,NaN
2020-05-25T07:14:28.000,4.33,36.92,8.4,NaN,NaN
2020-05-25T07:29:28.000,4.35,37.13,8.41,NaN,NaN
2020-05-25T07:44:28.000,4.42,37.71,8.44,NaN,NaN
2020-05-25T07:59:28.000,4.46,38.1,8.45,NaN,NaN
2020-05-25T08:14:28.000,4.51,38.49,8.47,NaN,NaN
2020-05-25T08:29:28.000,4.55,38.87,8.5,NaN,NaN
2020-05-25T08:44:28.000,4.56,38.94,8.5,NaN,NaN
2020-05-25T08:59:28.000,4.58,39.16,8.51,NaN,NaN
2020-05-25T09:14:28.000,4.58,39.17,8.52,NaN,NaN
2020-05-25T09:29:28.000,4.53,38.75,8.5,NaN,NaN
2020-05-25T09:44:28.000,4.54,38.79,8.5,NaN,NaN
2020-05-25T09:59:28.000,4.52,38.65,8.49,NaN,NaN
2020-05-25T10:14:28.000,4.42,37.73,8.45,NaN,NaN
2020-05-25T10:29:28.000,4.35,37.1,8.42,NaN,NaN
2020-05-25T10:44:28.000,4.32,36.86,8.4,NaN,NaN
2020-05-25T10:59:28.000,4.28,36.5,8.38,NaN,NaN
2020-05-25T11:14:28.000,4.24,36.12,8.37,NaN,NaN
2020-05-25T11:29:28.000,4.23,36.04,8.36,NaN,NaN
2020-05-25T11:44:28.000,4.25,36.19,8.36,NaN,NaN
2020-05-25T11:59:28.000,4.25,36.22,8.36,NaN,NaN
2020-05-25T12:14:28.000,4.26,36.29,8.36,NaN,NaN
2020-05-25T12:29:28.000,4.27,36.35,8.37,NaN,NaN
2020-05-25T12:44:28.000,4.27,36.38,8.37,NaN,NaN
2020-05-25T12:59:28.000,4.26,36.28,8.36,NaN,NaN
2020-05-25T13:14:28.000,4.24,36.12,8.35,NaN,NaN
2020-05-25T13:29:28.000,4.21,35.8,8.33,NaN,NaN
2020-05-25T13:44:28.000,4.18,35.54,8.32,NaN,NaN
2020-05-25T13:59:28.000,4.16,35.37,8.31,NaN,NaN
2020-05-25T14:14:28.000,3.83,32.47,8.16,NaN,NaN
2020-05-25T14:29:28.000,3.77,31.95,8.14,NaN,NaN
2020-05-25T14:44:28.000,3.75,31.76,8.13,NaN,NaN
2020-05-25T14:59:28.000,3.74,31.73,8.14,NaN,NaN
2020-05-25T15:14:28.000,3.72,31.47,8.11,NaN,NaN
2020-05-25T15:29:28.000,3.69,31.24,8.12,NaN,NaN
2020-05-25T15:44:28.000,4,33.93,8.23,NaN,NaN
2020-05-25T15:59:28.000,4.12,35.02,8.29,NaN,NaN
2020-05-25T16:14:28.000,4.18,35.56,8.33,NaN,NaN
2020-05-25T16:29:28.000,4.23,36.06,8.35,NaN,NaN
2020-05-25T16:44:28.000,4.3,36.63,8.38,NaN,NaN
2020-05-25T16:59:28.000,4.34,37.03,8.4,NaN,NaN
2020-05-25T17:14:28.000,4.38,37.34,8.42,NaN,NaN
2020-05-25T17:29:28.000,4.43,37.79,8.43,NaN,NaN
2020-05-25T17:44:28.000,4.46,38.09,8.45,NaN,NaN
2020-05-25T17:59:28.000,4.49,38.37,8.46,NaN,NaN
2020-05-25T18:14:28.000,4.53,38.72,8.47,NaN,NaN
2020-05-25T18:29:28.000,4.6,39.31,8.5,NaN,NaN
2020-05-25T18:44:28.000,4.64,39.7,8.52,NaN,NaN
2020-05-25T18:59:28.000,4.69,40.07,8.52,NaN,NaN
2020-05-25T19:14:28.000,4.75,40.69,8.56,NaN,NaN
2020-05-25T19:29:28.000,4.76,40.79,8.57,NaN,NaN
2020-05-25T19:44:28.000,4.77,40.85,8.57,NaN,NaN
2020-05-25T19:59:28.000,4.8,41.08,8.57,NaN,NaN
2020-05-25T20:14:28.000,4.8,41.1,8.59,NaN,NaN
2020-05-25T20:29:28.000,4.83,41.34,8.59,NaN,NaN
2020-05-25T20:44:28.000,4.83,41.34,8.59,NaN,NaN
2020-05-25T20:59:28.000,4.81,41.17,8.59,NaN,NaN
2020-05-25T21:14:28.000,4.78,40.93,8.59,NaN,NaN
2020-05-25T21:29:28.000,4.75,40.66,8.59,NaN,NaN
2020-05-25T21:44:28.000,4.69,40.19,8.57,NaN,NaN
2020-05-25T21:59:28.000,4.65,39.79,8.54,NaN,NaN
2020-05-25T22:14:28.000,4.59,39.25,8.52,NaN,NaN
2020-05-25T22:29:28.000,4.54,38.85,8.51,NaN,NaN
2020-05-25T22:44:28.000,4.49,38.38,8.49,NaN,NaN
2020-05-25T22:59:28.000,4.45,37.98,8.47,NaN,NaN
2020-05-25T23:14:28.000,4.39,37.45,8.45,NaN,NaN
2020-05-25T23:29:28.000,4.35,37.11,8.42,NaN,NaN
2020-05-25T23:44:28.000,4.3,36.72,8.42,NaN,NaN
2020-05-25T23:59:28.000,4.27,36.43,8.4,NaN,NaN
2020-05-26T00:14:28.000,4.23,36.04,8.38,NaN,NaN
2020-05-26T00:29:28.000,4.19,35.74,8.37,NaN,NaN
2020-05-26T00:44:28.000,4.13,35.14,8.34,NaN,NaN
2020-05-26T00:59:28.000,4.09,34.78,8.33,NaN,NaN
2020-05-26T01:14:28.000,4.07,34.62,8.31,NaN,NaN
2020-05-26T01:29:28.000,4.05,34.42,8.3,NaN,NaN
2020-05-26T01:44:28.000,4.03,34.25,8.3,NaN,NaN
2020-05-26T01:59:28.000,4.01,34.09,8.28,NaN,NaN
2020-05-26T02:14:28.000,3.99,33.93,8.28,NaN,NaN
2020-05-26T02:29:28.000,3.98,33.86,8.27,NaN,NaN
2020-05-26T02:44:28.000,3.98,33.81,8.26,NaN,NaN
2020-05-26T02:59:28.000,3.96,33.65,8.26,NaN,NaN
2020-05-26T03:14:28.000,3.95,33.58,8.26,NaN,NaN
2020-05-26T03:29:28.000,3.95,33.57,8.26,NaN,NaN
2020-05-26T03:44:28.000,3.94,33.51,8.26,NaN,NaN
2020-05-26T03:59:28.000,3.96,33.61,8.26,NaN,NaN
2020-05-26T04:14:28.000,3.95,33.59,8.26,NaN,NaN
2020-05-26T04:29:28.000,3.96,33.65,8.26,NaN,NaN
2020-05-26T04:44:28.000,3.96,33.69,8.26,NaN,NaN
2020-05-26T04:59:28.000,3.98,33.82,8.28,NaN,NaN
2020-05-26T05:14:28.000,4,33.99,8.28,NaN,NaN
2020-05-26T05:29:28.000,4.01,34.09,8.29,NaN,NaN
2020-05-26T05:44:28.000,4.01,34.11,8.3,NaN,NaN
2020-05-26T05:59:28.000,4,34.03,8.29,NaN,NaN
2020-05-26T06:14:28.000,4,34.04,8.29,NaN,NaN
2020-05-26T06:29:28.000,4,34.03,8.29,NaN,NaN
2020-05-26T06:44:28.000,4,34.06,8.3,NaN,NaN
2020-05-26T06:59:28.000,4.01,34.15,8.3,NaN,NaN
2020-05-26T07:14:28.000,4.05,34.43,8.31,NaN,NaN
2020-05-26T07:29:28.000,4.08,34.74,8.33,NaN,NaN
2020-05-26T07:44:28.000,4.12,35.1,8.35,NaN,NaN
2020-05-26T07:59:28.000,4.17,35.49,8.37,NaN,NaN
2020-05-26T08:14:28.000,4.2,35.78,8.38,NaN,NaN
2020-05-26T08:29:28.000,4.25,36.22,8.4,NaN,NaN
2020-05-26T08:44:28.000,4.28,36.48,8.42,NaN,NaN
2020-05-26T08:59:28.000,4.32,36.88,8.43,NaN,NaN
2020-05-26T09:14:28.000,4.36,37.2,8.45,NaN,NaN
2020-05-26T09:29:28.000,4.37,37.34,8.45,NaN,NaN
2020-05-26T09:44:28.000,4.42,37.78,8.47,NaN,NaN
2020-05-26T09:59:28.000,4.46,38.09,8.5,NaN,NaN
2020-05-26T10:14:28.000,4.48,38.3,8.5,NaN,NaN
2020-05-26T10:29:28.000,4.47,38.18,8.5,NaN,NaN
2020-05-26T10:44:28.000,4.45,38.03,8.5,NaN,NaN
2020-05-26T10:59:28.000,4.45,38.04,8.49,NaN,NaN
2020-05-26T11:14:28.000,4.43,37.86,8.47,NaN,NaN
2020-05-26T11:29:28.000,4.44,37.89,8.47,NaN,NaN
2020-05-26T11:44:28.000,4.44,37.95,8.48,NaN,NaN
2020-05-26T11:59:28.000,4.43,37.85,8.48,NaN,NaN
2020-05-26T12:14:28.000,4.46,38.14,8.5,NaN,NaN
2020-05-26T12:29:28.000,4.47,38.17,8.5,NaN,NaN
2020-05-26T12:44:28.000,4.46,38.14,8.5,NaN,NaN
2020-05-26T12:59:28.000,4.45,38.03,8.49,NaN,NaN
2020-05-26T13:14:28.000,4.42,37.76,8.47,NaN,NaN
2020-05-26T13:29:28.000,4.4,37.54,8.47,NaN,NaN
2020-05-26T13:44:28.000,4.37,37.28,8.45,NaN,NaN
2020-05-26T13:59:28.000,4.33,37,8.44,NaN,NaN
2020-05-26T14:14:28.000,4.34,37,8.44,NaN,NaN
2020-05-26T14:29:28.000,4.32,36.84,8.43,NaN,NaN
2020-05-26T14:44:28.000,4.31,36.8,8.42,NaN,NaN
2020-05-26T14:59:28.000,4.29,36.64,8.42,NaN,NaN
2020-05-26T15:14:28.000,4.28,36.54,8.42,NaN,NaN
2020-05-26T15:29:28.000,4.22,35.98,8.4,NaN,NaN
2020-05-26T15:44:28.000,4.18,35.65,8.38,NaN,NaN
2020-05-26T15:59:28.000,4.17,35.54,8.38,NaN,NaN
2020-05-26T16:14:28.000,4.16,35.46,8.38,NaN,NaN
2020-05-26T16:29:28.000,4.14,35.31,8.37,NaN,NaN
2020-05-26T16:44:28.000,4.14,35.3,8.37,NaN,NaN
2020-05-26T16:59:28.000,4.15,35.33,8.37,NaN,NaN
2020-05-26T17:14:28.000,4.16,35.49,8.38,NaN,NaN
2020-05-26T17:29:28.000,4.18,35.58,8.38,NaN,NaN
2020-05-26T17:44:28.000,4.2,35.8,8.4,NaN,NaN
2020-05-26T17:59:28.000,4.26,36.31,8.42,NaN,NaN
2020-05-26T18:14:28.000,4.29,36.61,8.42,NaN,NaN
2020-05-26T18:29:28.000,4.31,36.73,8.43,NaN,NaN
2020-05-26T18:44:28.000,4.33,36.96,8.45,NaN,NaN
2020-05-26T18:59:28.000,4.35,37.13,8.45,NaN,NaN
2020-05-26T19:14:28.000,4.38,37.37,8.46,NaN,NaN
2020-05-26T19:29:28.000,4.4,37.59,8.47,NaN,NaN
2020-05-26T19:44:28.000,4.43,37.85,8.48,NaN,NaN
2020-05-26T19:59:28.000,4.46,38.11,8.5,NaN,NaN
2020-05-26T20:14:28.000,4.5,38.47,8.52,NaN,NaN
2020-05-26T20:29:28.000,4.53,38.76,8.52,NaN,NaN
2020-05-26T20:44:28.000,4.56,39.01,8.54,NaN,NaN
2020-05-26T20:59:28.000,4.59,39.27,8.54,NaN,NaN
2020-05-26T21:14:28.000,4.63,39.62,8.57,NaN,NaN
2020-05-26T21:29:28.000,4.67,39.95,8.57,NaN,NaN
2020-05-26T21:44:28.000,4.7,40.26,8.59,NaN,NaN
2020-05-26T21:59:28.000,4.73,40.55,8.6,NaN,NaN
2020-05-26T22:14:28.000,4.75,40.71,8.61,NaN,NaN
2020-05-26T22:29:28.000,4.78,40.97,8.61,NaN,NaN
2020-05-26T22:44:28.000,4.79,41.04,8.62,NaN,NaN
2020-05-26T22:59:28.000,4.8,41.18,8.62,NaN,NaN
2020-05-26T23:14:28.000,4.81,41.23,8.62,NaN,NaN
2020-05-26T23:29:28.000,4.83,41.39,8.64,NaN,NaN
2020-05-26T23:44:28.000,4.82,41.34,8.64,NaN,NaN
2020-05-26T23:59:28.000,4.81,41.2,8.62,NaN,NaN
2020-05-27T00:14:28.000,4.76,40.8,8.61,NaN,NaN
2020-05-27T00:29:28.000,4.72,40.43,8.59,NaN,NaN
2020-05-27T00:44:28.000,4.68,40.05,8.57,NaN,NaN
2020-05-27T00:59:28.000,4.64,39.76,8.57,NaN,NaN
2020-05-27T01:14:28.000,4.62,39.5,8.56,NaN,NaN
2020-05-27T01:29:28.000,4.6,39.34,8.54,NaN,NaN
2020-05-27T01:44:28.000,4.58,39.23,8.54,NaN,NaN
2020-05-27T01:59:28.000,4.58,39.2,8.54,NaN,NaN
2020-05-27T02:14:28.000,4.58,39.18,8.54,NaN,NaN
2020-05-27T02:29:28.000,4.58,39.2,8.54,NaN,NaN
2020-05-27T02:44:28.000,4.57,39.12,8.53,NaN,NaN
2020-05-27T02:59:28.000,4.56,39.01,8.52,NaN,NaN
2020-05-27T03:14:28.000,4.55,38.89,8.52,NaN,NaN
2020-05-27T03:29:28.000,4.54,38.78,8.52,NaN,NaN
2020-05-27T03:44:28.000,4.53,38.7,8.52,NaN,NaN
2020-05-27T03:59:28.000,4.52,38.63,8.52,NaN,NaN
2020-05-27T04:14:28.000,4.51,38.55,8.52,NaN,NaN
2020-05-27T04:29:28.000,4.5,38.47,8.52,NaN,NaN
2020-05-27T04:44:28.000,4.5,38.46,8.52,NaN,NaN
2020-05-27T04:59:28.000,4.5,38.45,8.51,NaN,NaN
2020-05-27T05:14:28.000,4.49,38.42,8.52,NaN,NaN
2020-05-27T05:29:28.000,4.5,38.44,8.52,NaN,NaN
2020-05-27T05:44:28.000,4.5,38.43,8.51,NaN,NaN
2020-05-27T05:59:28.000,4.49,38.4,8.51,NaN,NaN
2020-05-27T06:14:28.000,4.49,38.38,8.51,NaN,NaN
2020-05-27T06:29:28.000,4.48,38.34,8.51,NaN,NaN
2020-05-27T06:44:28.000,4.48,38.33,8.51,NaN,NaN
2020-05-27T06:59:28.000,4.49,38.35,8.51,NaN,NaN
2020-05-27T07:14:28.000,4.49,38.37,8.51,NaN,NaN
2020-05-27T07:29:28.000,4.49,38.43,8.51,NaN,NaN
2020-05-27T07:44:28.000,4.5,38.47,8.52,NaN,NaN
2020-05-27T07:59:28.000,4.51,38.53,8.52,NaN,NaN
2020-05-27T08:14:28.000,4.52,38.63,8.52,NaN,NaN
2020-05-27T08:29:28.000,4.53,38.71,8.52,NaN,NaN
2020-05-27T08:44:28.000,4.54,38.8,8.52,NaN,NaN
2020-05-27T08:59:28.000,4.55,38.89,8.52,NaN,NaN
2020-05-27T09:14:28.000,4.56,39,8.54,NaN,NaN
2020-05-27T09:29:28.000,4.57,39.08,8.54,NaN,NaN
2020-05-27T09:44:28.000,4.58,39.17,8.54,NaN,NaN
2020-05-27T09:59:28.000,4.6,39.36,8.54,NaN,NaN
2020-05-27T10:14:28.000,4.61,39.44,8.55,NaN,NaN
2020-05-27T10:29:28.000,4.62,39.56,8.56,NaN,NaN
2020-05-27T10:44:28.000,4.63,39.67,8.57,NaN,NaN
2020-05-27T10:59:28.000,4.65,39.8,8.57,NaN,NaN
2020-05-27T11:14:28.000,4.67,39.95,8.57,NaN,NaN
2020-05-27T11:29:28.000,4.68,40.09,8.58,NaN,NaN
2020-05-27T11:44:28.000,4.7,40.3,8.59,NaN,NaN
2020-05-27T11:59:28.000,4.73,40.56,8.59,NaN,NaN
2020-05-27T12:14:28.000,4.75,40.66,8.6,NaN,NaN
2020-05-27T12:29:28.000,4.74,40.61,8.6,NaN,NaN
2020-05-27T12:44:28.000,4.73,40.55,8.6,NaN,NaN
2020-05-27T12:59:28.000,4.73,40.52,8.6,NaN,NaN
2020-05-27T13:14:28.000,4.73,40.53,8.6,NaN,NaN
2020-05-27T13:29:28.000,4.73,40.49,8.6,NaN,NaN
2020-05-27T13:44:28.000,4.72,40.45,8.6,NaN,NaN
2020-05-27T13:59:28.000,4.72,40.48,8.6,NaN,NaN
2020-05-27T14:14:28.000,4.72,40.47,8.6,NaN,NaN
2020-05-27T14:29:28.000,4.72,40.41,8.6,NaN,NaN
2020-05-27T14:44:28.000,4.72,40.46,8.6,NaN,NaN
2020-05-27T14:59:28.000,4.72,40.43,8.6,NaN,NaN
2020-05-27T15:14:28.000,4.72,40.43,8.61,NaN,NaN
2020-05-27T15:29:28.000,4.72,40.45,8.61,NaN,NaN
2020-05-27T15:44:28.000,4.72,40.44,8.61,NaN,NaN
2020-05-27T15:59:28.000,4.72,40.46,8.6,NaN,NaN
2020-05-27T16:14:28.000,4.71,40.39,8.6,NaN,NaN
2020-05-27T16:29:28.000,4.72,40.41,8.6,NaN,NaN
2020-05-27T16:44:28.000,4.72,40.47,8.6,NaN,NaN
2020-05-27T16:59:28.000,4.73,40.52,8.61,NaN,NaN
2020-05-27T17:14:28.000,4.73,40.54,8.61,NaN,NaN
2020-05-27T17:29:28.000,4.73,40.53,8.61,NaN,NaN
2020-05-27T17:44:28.000,4.73,40.58,8.61,NaN,NaN
2020-05-27T17:59:28.000,4.74,40.62,8.61,NaN,NaN
2020-05-27T18:14:28.000,4.74,40.63,8.61,NaN,NaN
2020-05-27T18:29:28.000,4.74,40.6,8.62,NaN,NaN
2020-05-27T18:44:28.000,4.74,40.65,8.62,NaN,NaN
2020-05-27T18:59:28.000,4.74,40.59,8.62,NaN,NaN
2020-05-27T19:14:28.000,4.75,40.69,8.62,NaN,NaN
2020-05-27T19:29:28.000,4.76,40.79,8.62,NaN,NaN
2020-05-27T19:44:28.000,4.76,40.82,8.62,NaN,NaN
2020-05-27T19:59:28.000,4.77,40.85,8.62,NaN,NaN
2020-05-27T20:14:28.000,4.78,40.95,8.63,NaN,NaN
2020-05-27T20:29:28.000,4.79,41.04,8.64,NaN,NaN
2020-05-27T20:44:28.000,4.8,41.17,8.64,NaN,NaN
2020-05-27T20:59:28.000,4.81,41.27,8.64,NaN,NaN
2020-05-27T21:14:28.000,4.82,41.37,8.64,NaN,NaN
2020-05-27T21:29:28.000,4.83,41.39,8.64,NaN,NaN
2020-05-27T21:44:28.000,4.83,41.47,8.65,NaN,NaN
2020-05-27T21:59:28.000,4.83,41.46,8.65,NaN,NaN
2020-05-27T22:14:28.000,4.83,41.4,8.65,NaN,NaN
2020-05-27T22:29:28.000,4.83,41.43,8.65,NaN,NaN
2020-05-27T22:44:28.000,4.81,41.29,8.64,NaN,NaN
2020-05-27T22:59:28.000,4.8,41.19,8.64,NaN,NaN
2020-05-27T23:14:28.000,4.8,41.18,8.64,NaN,NaN
2020-05-27T23:29:28.000,4.8,41.16,8.64,NaN,NaN
2020-05-27T23:44:28.000,4.8,41.18,8.64,NaN,NaN
2020-05-27T23:59:28.000,4.81,41.22,8.64,NaN,NaN
2020-05-28T00:14:28.000,4.81,41.28,8.64,NaN,NaN
2020-05-28T00:29:28.000,4.8,41.19,8.64,NaN,NaN
2020-05-28T00:44:28.000,4.8,41.15,8.64,NaN,NaN
2020-05-28T00:59:28.000,4.78,41.02,8.64,NaN,NaN
2020-05-28T01:14:28.000,4.76,40.85,8.64,NaN,NaN
2020-05-28T01:29:28.000,4.76,40.77,8.62,NaN,NaN
2020-05-28T01:44:28.000,4.73,40.51,8.62,NaN,NaN
2020-05-28T01:59:28.000,4.65,39.82,8.61,NaN,NaN
2020-05-28T02:14:28.000,4.51,38.57,8.57,NaN,NaN
2020-05-28T02:29:28.000,4.46,38.17,8.56,NaN,NaN
2020-05-28T02:44:28.000,4.45,38.12,8.54,NaN,NaN
2020-05-28T02:59:28.000,4.45,38.08,8.54,NaN,NaN
2020-05-28T03:14:28.000,4.45,38.02,8.52,NaN,NaN
2020-05-28T03:29:28.000,4.44,37.98,8.52,NaN,NaN
2020-05-28T03:44:28.000,4.43,37.85,8.52,NaN,NaN
2020-05-28T03:59:28.000,4.41,37.68,8.52,NaN,NaN
2020-05-28T04:14:28.000,4.4,37.64,8.5,NaN,NaN
2020-05-28T04:29:28.000,4.41,37.7,8.5,NaN,NaN
2020-05-28T04:44:28.000,4.42,37.77,8.5,NaN,NaN
2020-05-28T04:59:28.000,4.43,37.86,8.5,NaN,NaN
2020-05-28T05:14:28.000,4.43,37.87,8.5,NaN,NaN
2020-05-28T05:29:28.000,4.46,38.13,8.5,NaN,NaN
2020-05-28T05:44:28.000,4.48,38.32,8.5,NaN,NaN
2020-05-28T05:59:28.000,4.46,38.13,8.5,NaN,NaN
2020-05-28T06:14:28.000,4.45,38.07,8.5,NaN,NaN
2020-05-28T06:29:28.000,4.44,37.96,8.5,NaN,NaN
2020-05-28T06:44:28.000,4.43,37.86,8.5,NaN,NaN
2020-05-28T06:59:28.000,4.42,37.81,8.5,NaN,NaN
2020-05-28T07:14:28.000,4.41,37.71,8.49,NaN,NaN
2020-05-28T07:29:28.000,4.4,37.57,8.49,NaN,NaN
2020-05-28T07:44:28.000,4.39,37.48,8.49,NaN,NaN
2020-05-28T07:59:28.000,4.38,37.39,8.48,NaN,NaN
2020-05-28T08:14:28.000,4.37,37.33,8.48,NaN,NaN
2020-05-28T08:29:28.000,4.36,37.29,8.49,NaN,NaN
2020-05-28T08:44:28.000,4.36,37.26,8.49,NaN,NaN
2020-05-28T08:59:28.000,4.37,37.32,8.5,NaN,NaN
2020-05-28T09:14:28.000,4.37,37.37,8.5,NaN,NaN
2020-05-28T09:29:28.000,4.38,37.4,8.5,NaN,NaN
2020-05-28T09:44:28.000,4.38,37.48,8.5,NaN,NaN
2020-05-28T09:59:28.000,4.4,37.59,8.52,NaN,NaN
2020-05-28T10:14:28.000,4.43,37.87,8.52,NaN,NaN
2020-05-28T10:29:28.000,4.45,38.08,8.53,NaN,NaN
2020-05-28T10:44:28.000,4.44,37.99,8.52,NaN,NaN
2020-05-28T10:59:28.000,4.44,38.01,8.53,NaN,NaN
2020-05-28T11:14:28.000,4.43,37.91,8.53,NaN,NaN
2020-05-28T11:29:28.000,4.44,37.96,8.54,NaN,NaN
2020-05-28T11:44:28.000,4.45,38.12,8.54,NaN,NaN
2020-05-28T11:59:28.000,4.48,38.33,8.55,NaN,NaN
2020-05-28T12:14:28.000,4.51,38.61,8.57,NaN,NaN
2020-05-28T12:29:28.000,4.54,38.86,8.57,NaN,NaN
2020-05-28T12:44:28.000,4.56,39.09,8.59,NaN,NaN
2020-05-28T12:59:28.000,4.59,39.3,8.59,NaN,NaN
2020-05-28T13:14:28.000,4.61,39.46,8.6,NaN,NaN
2020-05-28T13:29:28.000,4.61,39.53,8.61,NaN,NaN
2020-05-28T13:44:28.000,4.61,39.55,8.61,NaN,NaN
2020-05-28T13:59:28.000,4.62,39.58,8.62,NaN,NaN
2020-05-28T14:14:28.000,4.6,39.41,8.62,NaN,NaN
2020-05-28T14:29:28.000,4.64,39.76,8.62,NaN,NaN
2020-05-28T14:44:28.000,4.65,39.86,8.62,NaN,NaN
2020-05-28T14:59:28.000,4.65,39.84,8.62,NaN,NaN
2020-05-28T15:14:28.000,4.66,39.94,8.63,NaN,NaN
2020-05-28T15:29:28.000,4.69,40.22,8.64,NaN,NaN
2020-05-28T15:44:28.000,4.69,40.22,8.64,NaN,NaN
2020-05-28T15:59:28.000,4.71,40.38,8.64,NaN,NaN
2020-05-28T16:14:28.000,4.71,40.37,8.64,NaN,NaN
2020-05-28T16:29:28.000,4.72,40.45,8.64,NaN,NaN
2020-05-28T16:44:28.000,4.7,40.29,8.64,NaN,NaN
2020-05-28T16:59:28.000,4.6,39.39,8.62,NaN,NaN
2020-05-28T17:14:28.000,4.57,39.15,8.61,NaN,NaN
2020-05-28T17:29:28.000,4.54,38.93,8.6,NaN,NaN
2020-05-28T17:44:28.000,4.53,38.82,8.59,NaN,NaN
2020-05-28T17:59:28.000,4.52,38.75,8.59,NaN,NaN
2020-05-28T18:14:28.000,4.51,38.62,8.59,NaN,NaN
2020-05-28T18:29:28.000,4.49,38.5,8.59,NaN,NaN
2020-05-28T18:44:28.000,4.48,38.38,8.58,NaN,NaN
2020-05-28T18:59:28.000,4.47,38.31,8.57,NaN,NaN
2020-05-28T19:14:28.000,4.48,38.32,8.57,NaN,NaN
2020-05-28T19:29:28.000,4.47,38.24,8.57,NaN,NaN
2020-05-28T19:44:28.000,4.47,38.28,8.57,NaN,NaN
2020-05-28T19:59:28.000,4.47,38.27,8.57,NaN,NaN
2020-05-28T20:14:28.000,4.47,38.29,8.57,NaN,NaN
2020-05-28T20:29:28.000,4.47,38.25,8.57,NaN,NaN
2020-05-28T20:44:28.000,4.47,38.27,8.57,NaN,NaN
2020-05-28T20:59:28.000,4.47,38.24,8.57,NaN,NaN
2020-05-28T21:14:28.000,4.46,38.19,8.57,NaN,NaN
2020-05-28T21:29:28.000,4.44,38.01,8.57,NaN,NaN
2020-05-28T21:44:28.000,4.47,38.23,8.57,NaN,NaN
2020-05-28T21:59:28.000,4.48,38.35,8.57,NaN,NaN
2020-05-28T22:14:28.000,4.48,38.37,8.57,NaN,NaN
2020-05-28T22:29:28.000,4.5,38.54,8.57,NaN,NaN
2020-05-28T22:44:28.000,4.51,38.61,8.57,NaN,NaN
2020-05-28T22:59:28.000,4.52,38.66,8.57,NaN,NaN
2020-05-28T23:14:28.000,4.52,38.71,8.57,NaN,NaN
2020-05-28T23:29:28.000,4.52,38.69,8.57,NaN,NaN
2020-05-28T23:44:28.000,4.52,38.68,8.57,NaN,NaN
2020-05-28T23:59:28.000,4.51,38.63,8.57,NaN,NaN
2020-05-29T00:14:28.000,4.5,38.54,8.57,NaN,NaN
2020-05-29T00:29:28.000,4.51,38.6,8.57,NaN,NaN
2020-05-29T00:44:28.000,4.5,38.57,8.57,NaN,NaN
2020-05-29T00:59:28.000,4.5,38.48,8.57,NaN,NaN
2020-05-29T01:14:28.000,4.49,38.4,8.57,NaN,NaN
2020-05-29T01:29:28.000,4.47,38.26,8.55,NaN,NaN
2020-05-29T01:44:28.000,4.51,38.55,8.54,NaN,NaN
2020-05-29T01:59:28.000,4.5,38.51,8.52,NaN,NaN
2020-05-29T02:14:28.000,4.5,38.44,8.52,NaN,NaN
2020-05-29T02:29:28.000,4.47,38.26,8.52,NaN,NaN
2020-05-29T02:44:28.000,4.46,38.14,8.5,NaN,NaN
2020-05-29T02:59:28.000,4.44,37.94,8.49,NaN,NaN
2020-05-29T03:14:28.000,4.42,37.76,8.48,NaN,NaN
2020-05-29T03:29:28.000,4.39,37.46,8.47,NaN,NaN
2020-05-29T03:44:28.000,4.36,37.26,8.45,NaN,NaN
2020-05-29T03:59:28.000,4.36,37.26,8.45,NaN,NaN
2020-05-29T04:14:28.000,4.34,37.01,8.43,NaN,NaN
2020-05-29T04:29:28.000,4.31,36.78,8.42,NaN,NaN
2020-05-29T04:44:28.000,4.3,36.68,8.42,NaN,NaN
2020-05-29T04:59:28.000,4.29,36.61,8.41,NaN,NaN
2020-05-29T05:14:28.000,4.29,36.58,8.4,NaN,NaN
2020-05-29T05:29:28.000,4.29,36.54,8.4,NaN,NaN
2020-05-29T05:44:28.000,4.25,36.25,8.38,NaN,NaN
2020-05-29T05:59:28.000,4.18,35.59,8.33,NaN,NaN
2020-05-29T06:14:28.000,4.07,34.59,8.28,NaN,NaN
2020-05-29T06:29:28.000,4.01,34.08,8.26,NaN,NaN
2020-05-29T06:44:28.000,4,33.94,8.25,NaN,NaN
2020-05-29T06:59:28.000,4,33.99,8.26,NaN,NaN
2020-05-29T07:14:28.000,4.01,34.05,8.26,NaN,NaN
2020-05-29T07:29:28.000,3.99,33.89,8.25,NaN,NaN
2020-05-29T07:44:28.000,3.99,33.94,8.26,NaN,NaN
2020-05-29T07:59:28.000,4,33.98,8.26,NaN,NaN
2020-05-29T08:14:28.000,3.98,33.84,8.25,NaN,NaN
2020-05-29T08:29:28.000,3.95,33.55,8.23,NaN,NaN
2020-05-29T08:44:28.000,3.96,33.64,8.23,NaN,NaN
2020-05-29T08:59:28.000,3.97,33.76,8.24,NaN,NaN
2020-05-29T09:14:28.000,4.01,34.04,8.26,NaN,NaN
2020-05-29T09:29:28.000,4.02,34.18,8.27,NaN,NaN
2020-05-29T09:44:28.000,4.03,34.26,8.28,NaN,NaN
2020-05-29T09:59:28.000,4.05,34.46,8.28,NaN,NaN
2020-05-29T10:14:28.000,4.22,35.95,8.35,NaN,NaN
2020-05-29T10:29:28.000,4.25,36.25,8.38,NaN,NaN
2020-05-29T10:44:28.000,4.28,36.51,8.4,NaN,NaN
2020-05-29T10:59:28.000,4.31,36.81,8.42,NaN,NaN
2020-05-29T11:14:28.000,4.34,37.06,8.44,NaN,NaN
2020-05-29T11:29:28.000,4.37,37.28,8.45,NaN,NaN
2020-05-29T11:44:28.000,4.39,37.45,8.46,NaN,NaN
2020-05-29T11:59:28.000,4.41,37.7,8.47,NaN,NaN
2020-05-29T12:14:28.000,4.42,37.77,8.47,NaN,NaN
2020-05-29T12:29:28.000,4.41,37.66,8.47,NaN,NaN
2020-05-29T12:44:28.000,4.41,37.66,8.47,NaN,NaN
2020-05-29T12:59:28.000,4.42,37.75,8.48,NaN,NaN
2020-05-29T13:14:28.000,4.42,37.8,8.49,NaN,NaN
2020-05-29T13:29:28.000,4.43,37.87,8.5,NaN,NaN
2020-05-29T13:44:28.000,4.44,37.96,8.5,NaN,NaN
2020-05-29T13:59:28.000,4.45,38.06,8.5,NaN,NaN
2020-05-29T14:14:28.000,4.46,38.17,8.52,NaN,NaN
2020-05-29T14:29:28.000,4.48,38.29,8.52,NaN,NaN
2020-05-29T14:44:28.000,4.48,38.33,8.52,NaN,NaN
2020-05-29T14:59:28.000,4.48,38.32,8.52,NaN,NaN
2020-05-29T15:14:28.000,4.48,38.29,8.52,NaN,NaN
2020-05-29T15:29:28.000,4.47,38.27,8.52,NaN,NaN
2020-05-29T15:44:28.000,4.46,38.11,8.52,NaN,NaN
2020-05-29T15:59:28.000,4.48,38.31,8.52,NaN,NaN
2020-05-29T16:14:28.000,4.39,37.5,8.47,NaN,NaN
2020-05-29T16:29:28.000,4.45,38.05,8.51,NaN,NaN
2020-05-29T16:44:28.000,4.45,38.05,8.51,NaN,NaN
2020-05-29T16:59:28.000,4.44,37.97,8.51,NaN,NaN
2020-05-29T17:14:28.000,4.44,37.96,8.5,NaN,NaN
2020-05-29T17:29:28.000,4.44,37.96,8.5,NaN,NaN
2020-05-29T17:44:28.000,4.41,37.65,8.48,NaN,NaN
2020-05-29T17:59:28.000,4.42,37.73,8.48,NaN,NaN
2020-05-29T18:14:28.000,4.17,35.51,8.35,NaN,NaN
2020-05-29T18:29:28.000,4.17,35.49,8.35,NaN,NaN
2020-05-29T18:44:28.000,4.19,35.72,8.37,NaN,NaN
2020-05-29T18:59:28.000,4.21,35.9,8.38,NaN,NaN
2020-05-29T19:14:28.000,4.22,35.97,8.38,NaN,NaN
2020-05-29T19:29:28.000,4.23,36.08,8.4,NaN,NaN
2020-05-29T19:44:28.000,4.24,36.18,8.4,NaN,NaN
2020-05-29T19:59:28.000,4.24,36.18,8.4,NaN,NaN
2020-05-29T20:14:28.000,4.24,36.14,8.4,NaN,NaN
2020-05-29T20:29:28.000,4.26,36.32,8.4,NaN,NaN
2020-05-29T20:44:28.000,4.29,36.6,8.42,NaN,NaN
2020-05-29T20:59:28.000,4.31,36.74,8.42,NaN,NaN
2020-05-29T21:14:28.000,4.33,36.95,8.43,NaN,NaN
2020-05-29T21:29:28.000,4.33,36.96,8.44,NaN,NaN
2020-05-29T21:44:28.000,4.34,37.04,8.45,NaN,NaN
2020-05-29T21:59:28.000,4.35,37.11,8.45,NaN,NaN
2020-05-29T22:14:28.000,4.35,37.17,8.45,NaN,NaN
2020-05-29T22:29:28.000,4.35,37.16,8.45,NaN,NaN
2020-05-29T22:44:28.000,4.33,36.94,8.44,NaN,NaN
2020-05-29T22:59:28.000,4.32,36.85,8.43,NaN,NaN
2020-05-29T23:14:28.000,4.28,36.52,8.42,NaN,NaN
2020-05-29T23:29:28.000,4.26,36.34,8.4,NaN,NaN
2020-05-29T23:44:28.000,4.24,36.14,8.4,NaN,NaN
2020-05-29T23:59:28.000,4.22,35.96,8.38,NaN,NaN
2020-05-30T00:14:28.000,4.2,35.77,8.38,NaN,NaN
2020-05-30T00:29:28.000,4.18,35.58,8.36,NaN,NaN
2020-05-30T00:44:28.000,4.15,35.37,8.35,NaN,NaN
2020-05-30T00:59:28.000,4.09,34.84,8.33,NaN,NaN
2020-05-30T01:14:28.000,4.01,34.08,8.28,NaN,NaN
2020-05-30T01:29:28.000,3.96,33.63,8.26,NaN,NaN
2020-05-30T01:44:28.000,3.93,33.42,8.25,NaN,NaN
2020-05-30T01:59:28.000,3.92,33.32,8.23,NaN,NaN
2020-05-30T02:14:28.000,3.94,33.43,8.23,NaN,NaN
2020-05-30T02:29:28.000,3.94,33.42,8.23,NaN,NaN
2020-05-30T02:44:28.000,3.95,33.53,8.21,NaN,NaN
2020-05-30T02:59:28.000,3.96,33.62,8.21,NaN,NaN
2020-05-30T03:14:28.000,3.97,33.68,8.21,NaN,NaN
2020-05-30T03:29:28.000,3.97,33.71,8.21,NaN,NaN
2020-05-30T03:44:28.000,3.97,33.66,8.21,NaN,NaN
2020-05-30T03:59:28.000,3.96,33.6,8.2,NaN,NaN
2020-05-30T04:14:28.000,3.96,33.56,8.19,NaN,NaN
2020-05-30T04:29:28.000,3.94,33.46,8.19,NaN,NaN
2020-05-30T04:44:28.000,3.93,33.33,8.19,NaN,NaN
2020-05-30T04:59:28.000,3.92,33.24,8.19,NaN,NaN
2020-05-30T05:14:28.000,3.93,33.3,8.19,NaN,NaN
2020-05-30T05:29:28.000,3.92,33.25,8.19,NaN,NaN
2020-05-30T05:44:28.000,3.91,33.2,8.18,NaN,NaN
2020-05-30T05:59:28.000,3.92,33.22,8.19,NaN,NaN
2020-05-30T06:14:28.000,3.92,33.23,8.19,NaN,NaN
2020-05-30T06:29:28.000,3.92,33.24,8.2,NaN,NaN
2020-05-30T06:44:28.000,3.92,33.28,8.21,NaN,NaN
2020-05-30T06:59:28.000,3.92,33.31,8.21,NaN,NaN
2020-05-30T07:14:28.000,3.93,33.36,8.21,NaN,NaN
2020-05-30T07:29:28.000,3.92,33.3,8.21,NaN,NaN
2020-05-30T07:44:28.000,3.93,33.33,8.21,NaN,NaN
2020-05-30T07:59:28.000,3.91,33.19,8.19,NaN,NaN
2020-05-30T08:14:28.000,3.84,32.59,8.16,NaN,NaN
2020-05-30T08:29:28.000,3.82,32.38,8.14,NaN,NaN
2020-05-30T08:44:28.000,3.8,32.17,8.13,NaN,NaN
2020-05-30T08:59:28.000,3.82,32.37,8.14,NaN,NaN
2020-05-30T09:14:28.000,3.81,32.3,8.14,NaN,NaN
2020-05-30T09:29:28.000,3.82,32.35,8.14,NaN,NaN
2020-05-30T09:44:28.000,3.83,32.43,8.14,NaN,NaN
2020-05-30T09:59:28.000,3.83,32.45,8.14,NaN,NaN
2020-05-30T10:14:28.000,3.82,32.35,8.14,NaN,NaN
2020-05-30T10:29:28.000,3.83,32.46,8.14,NaN,NaN
2020-05-30T10:44:28.000,3.82,32.4,8.14,NaN,NaN
2020-05-30T10:59:28.000,3.82,32.38,8.14,NaN,NaN
2020-05-30T11:14:28.000,3.82,32.39,8.14,NaN,NaN
2020-05-30T11:29:28.000,3.82,32.36,8.14,NaN,NaN
2020-05-30T11:44:28.000,3.82,32.33,8.14,NaN,NaN
2020-05-30T11:59:28.000,3.82,32.33,8.14,NaN,NaN
2020-05-30T12:14:28.000,3.82,32.37,8.14,NaN,NaN
2020-05-30T12:29:28.000,3.83,32.45,8.14,NaN,NaN
2020-05-30T12:44:28.000,3.85,32.6,8.14,NaN,NaN
2020-05-30T12:59:28.000,3.85,32.65,8.15,NaN,NaN
2020-05-30T13:14:28.000,3.86,32.72,8.16,NaN,NaN
2020-05-30T13:29:28.000,3.87,32.79,8.16,NaN,NaN
2020-05-30T13:44:28.000,3.87,32.85,8.16,NaN,NaN
2020-05-30T13:59:28.000,3.88,32.93,8.18,NaN,NaN
2020-05-30T14:14:28.000,3.9,33.06,8.19,NaN,NaN
2020-05-30T14:29:28.000,3.9,33.12,8.19,NaN,NaN
2020-05-30T14:44:28.000,3.91,33.16,8.19,NaN,NaN
2020-05-30T14:59:28.000,3.91,33.18,8.2,NaN,NaN
2020-05-30T15:14:28.000,3.91,33.19,8.21,NaN,NaN
2020-05-30T15:29:28.000,3.91,33.18,8.21,NaN,NaN
2020-05-30T15:44:28.000,3.92,33.23,8.21,NaN,NaN
2020-05-30T15:59:28.000,3.92,33.27,8.21,NaN,NaN
2020-05-30T16:14:28.000,3.92,33.29,8.21,NaN,NaN
2020-05-30T16:29:28.000,3.93,33.39,8.23,NaN,NaN
2020-05-30T16:44:28.000,3.94,33.5,8.23,NaN,NaN
2020-05-30T16:59:28.000,3.95,33.54,8.23,NaN,NaN
2020-05-30T17:14:28.000,3.95,33.54,8.23,NaN,NaN
2020-05-30T17:29:28.000,3.95,33.53,8.23,NaN,NaN
2020-05-30T17:44:28.000,3.95,33.54,8.23,NaN,NaN
2020-05-30T17:59:28.000,3.96,33.61,8.25,NaN,NaN
2020-05-30T18:14:28.000,3.94,33.47,8.25,NaN,NaN
2020-05-30T18:29:28.000,3.96,33.65,8.26,NaN,NaN
2020-05-30T18:44:28.000,3.97,33.73,8.26,NaN,NaN
2020-05-30T18:59:28.000,3.97,33.73,8.26,NaN,NaN
2020-05-30T19:14:28.000,3.96,33.67,8.26,NaN,NaN
2020-05-30T19:29:28.000,3.96,33.67,8.26,NaN,NaN
2020-05-30T19:44:28.000,3.99,33.89,8.26,NaN,NaN
2020-05-30T19:59:28.000,3.97,33.73,8.24,NaN,NaN
2020-05-30T20:14:28.000,3.94,33.43,8.23,NaN,NaN
2020-05-30T20:29:28.000,3.93,33.32,8.21,NaN,NaN
2020-05-30T20:44:28.000,3.89,32.99,8.19,NaN,NaN
2020-05-30T20:59:28.000,3.8,32.21,8.15,NaN,NaN
2020-05-30T21:14:28.000,3.76,31.86,8.13,NaN,NaN
2020-05-30T21:29:28.000,3.75,31.78,8.11,NaN,NaN
2020-05-30T21:44:28.000,3.71,31.42,8.09,NaN,NaN
2020-05-30T21:59:28.000,3.67,31.03,8.09,NaN,NaN
2020-05-30T22:14:28.000,3.64,30.76,8.07,NaN,NaN
2020-05-30T22:29:28.000,3.6,30.47,8.06,NaN,NaN
2020-05-30T22:44:28.000,3.59,30.31,8.05,NaN,NaN
2020-05-30T22:59:28.000,3.55,30.02,8.04,NaN,NaN
2020-05-30T23:14:28.000,3.52,29.77,8.03,NaN,NaN
2020-05-30T23:29:28.000,3.5,29.59,8.02,NaN,NaN
2020-05-30T23:44:28.000,3.53,29.8,8.02,NaN,NaN
2020-05-30T23:59:28.000,3.51,29.64,8.01,NaN,NaN
2020-05-31T00:14:28.000,3.5,29.54,7.99,NaN,NaN
2020-05-31T00:29:28.000,3.49,29.48,7.99,NaN,NaN
2020-05-31T00:44:28.000,3.49,29.44,7.99,NaN,NaN
2020-05-31T00:59:28.000,3.48,29.39,7.99,NaN,NaN
2020-05-31T01:14:28.000,3.47,29.3,7.97,NaN,NaN
2020-05-31T01:29:28.000,3.46,29.2,7.97,NaN,NaN
2020-05-31T01:44:28.000,3.44,29.04,7.97,NaN,NaN
2020-05-31T01:59:28.000,3.43,28.94,7.96,NaN,NaN
2020-05-31T02:14:28.000,3.43,28.91,7.96,NaN,NaN
2020-05-31T02:29:28.000,3.41,28.77,7.95,NaN,NaN
2020-05-31T02:44:28.000,3.4,28.67,7.95,NaN,NaN
2020-05-31T02:59:28.000,3.4,28.65,7.95,NaN,NaN
2020-05-31T03:14:28.000,3.39,28.6,7.95,NaN,NaN
2020-05-31T03:29:28.000,3.39,28.58,7.95,NaN,NaN
2020-05-31T03:44:28.000,3.39,28.55,7.95,NaN,NaN
2020-05-31T03:59:28.000,3.39,28.59,7.95,NaN,NaN
2020-05-31T04:14:28.000,3.4,28.65,7.95,NaN,NaN
2020-05-31T04:29:28.000,3.4,28.68,7.95,NaN,NaN
2020-05-31T04:44:28.000,3.4,28.66,7.95,NaN,NaN
2020-05-31T04:59:28.000,3.42,28.84,7.95,NaN,NaN
2020-05-31T05:14:28.000,3.44,29.03,7.95,NaN,NaN
2020-05-31T05:29:28.000,3.48,29.38,7.96,NaN,NaN
2020-05-31T05:44:28.000,3.5,29.55,7.97,NaN,NaN
2020-05-31T05:59:28.000,3.54,29.89,7.97,NaN,NaN
2020-05-31T06:14:28.000,3.56,30.05,7.97,NaN,NaN
2020-05-31T06:29:28.000,3.56,30.05,7.97,NaN,NaN
2020-05-31T06:44:28.000,3.57,30.11,7.97,NaN,NaN
2020-05-31T06:59:28.000,3.63,30.65,7.99,NaN,NaN
2020-05-31T07:14:28.000,3.65,30.79,7.99,NaN,NaN
2020-05-31T07:29:28.000,3.65,30.83,7.99,NaN,NaN
2020-05-31T07:44:28.000,3.67,30.98,7.99,NaN,NaN
2020-05-31T07:59:28.000,3.69,31.19,7.99,NaN,NaN
2020-05-31T08:14:28.000,3.71,31.32,8.01,NaN,NaN
2020-05-31T08:29:28.000,3.73,31.49,8.02,NaN,NaN
2020-05-31T08:44:28.000,3.73,31.5,8.02,NaN,NaN
2020-05-31T08:59:28.000,3.75,31.69,8.02,NaN,NaN
2020-05-31T09:14:28.000,3.78,31.9,8.02,NaN,NaN
2020-05-31T09:29:28.000,3.75,31.7,8.02,NaN,NaN
2020-05-31T09:44:28.000,3.77,31.81,8.02,NaN,NaN
2020-05-31T09:59:28.000,3.78,31.91,8.03,NaN,NaN
2020-05-31T10:14:28.000,3.78,31.98,8.04,NaN,NaN
2020-05-31T10:29:28.000,3.79,32.07,8.04,NaN,NaN
2020-05-31T10:44:28.000,3.8,32.15,8.04,NaN,NaN
2020-05-31T10:59:28.000,3.81,32.17,8.04,NaN,NaN
2020-05-31T11:14:28.000,3.8,32.16,8.04,NaN,NaN
2020-05-31T11:29:28.000,3.8,32.16,8.04,NaN,NaN
2020-05-31T11:44:28.000,3.8,32.1,8.04,NaN,NaN
2020-05-31T11:59:28.000,3.79,32.04,8.04,NaN,NaN
2020-05-31T12:14:28.000,3.78,31.98,8.04,NaN,NaN
2020-05-31T12:29:28.000,3.77,31.88,8.04,NaN,NaN
2020-05-31T12:44:28.000,3.76,31.78,8.04,NaN,NaN
2020-05-31T12:59:28.000,3.75,31.64,8.02,NaN,NaN
2020-05-31T13:14:28.000,3.71,31.34,8.02,NaN,NaN
2020-05-31T13:29:28.000,3.62,30.56,7.99,NaN,NaN
2020-05-31T13:44:28.000,3.56,30.03,7.98,NaN,NaN
2020-05-31T13:59:28.000,3.55,29.97,7.98,NaN,NaN
2020-05-31T14:14:28.000,3.54,29.9,7.97,NaN,NaN
2020-05-31T14:29:28.000,3.54,29.91,7.97,NaN,NaN
2020-05-31T14:44:28.000,3.55,29.93,7.98,NaN,NaN
2020-05-31T14:59:28.000,3.56,30.05,7.99,NaN,NaN
2020-05-31T15:14:28.000,3.56,30.09,7.99,NaN,NaN
2020-05-31T15:29:28.000,3.57,30.1,7.99,NaN,NaN
2020-05-31T15:44:28.000,3.57,30.12,7.99,NaN,NaN
2020-05-31T15:59:28.000,3.56,30.09,7.99,NaN,NaN
2020-05-31T16:14:28.000,3.56,30.06,7.99,NaN,NaN
2020-05-31T16:29:28.000,3.57,30.1,7.99,NaN,NaN
2020-05-31T16:44:28.000,3.6,30.35,8,NaN,NaN
2020-05-31T16:59:28.000,3.61,30.53,8.01,NaN,NaN
2020-05-31T17:14:28.000,3.65,30.84,8.02,NaN,NaN
2020-05-31T17:29:28.000,3.67,31.01,8.02,NaN,NaN
2020-05-31T17:44:28.000,3.69,31.23,8.04,NaN,NaN
2020-05-31T17:59:28.000,3.71,31.33,8.04,NaN,NaN
2020-05-31T18:14:28.000,3.72,31.42,8.04,NaN,NaN
2020-05-31T18:29:28.000,3.73,31.57,8.06,NaN,NaN
2020-05-31T18:44:28.000,3.74,31.65,8.07,NaN,NaN
2020-05-31T18:59:28.000,3.75,31.76,8.07,NaN,NaN
2020-05-31T19:14:28.000,3.76,31.78,8.08,NaN,NaN
2020-05-31T19:29:28.000,3.75,31.76,8.09,NaN,NaN
2020-05-31T19:44:28.000,3.75,31.72,8.09,NaN,NaN
2020-05-31T19:59:28.000,3.76,31.79,8.09,NaN,NaN
2020-05-31T20:14:28.000,3.76,31.79,8.09,NaN,NaN
2020-05-31T20:29:28.000,3.76,31.85,8.09,NaN,NaN
2020-05-31T20:44:28.000,3.77,31.94,8.09,NaN,NaN
2020-05-31T20:59:28.000,3.77,31.92,8.11,NaN,NaN
2020-05-31T21:14:28.000,3.77,31.95,8.11,NaN,NaN
2020-05-31T21:29:28.000,3.77,31.93,8.11,NaN,NaN
2020-05-31T21:44:28.000,3.77,31.91,8.11,NaN,NaN
2020-05-31T21:59:28.000,3.76,31.81,8.1,NaN,NaN
2020-05-31T22:14:28.000,3.76,31.81,8.1,NaN,NaN
2020-05-31T22:29:28.000,3.75,31.74,8.11,NaN,NaN
2020-05-31T22:44:28.000,3.76,31.8,8.11,NaN,NaN
2020-05-31T22:59:28.000,3.74,31.66,8.1,NaN,NaN
2020-05-31T23:14:28.000,3.75,31.71,8.09,NaN,NaN
2020-05-31T23:29:28.000,3.75,31.7,8.09,NaN,NaN
2020-05-31T23:44:28.000,3.73,31.6,8.09,NaN,NaN
2020-05-31T23:59:28.000,3.73,31.58,8.09,NaN,NaN
2020-06-01T00:14:28.000,3.73,31.55,8.09,NaN,NaN
2020-06-01T00:29:28.000,3.73,31.61,8.09,NaN,NaN
2020-06-01T00:44:28.000,3.73,31.58,8.09,NaN,NaN
2020-06-01T00:59:28.000,3.73,31.52,8.08,NaN,NaN
2020-06-01T01:14:28.000,3.72,31.45,8.07,NaN,NaN
2020-06-01T01:29:28.000,3.73,31.51,8.07,NaN,NaN
2020-06-01T01:44:28.000,3.72,31.48,8.07,NaN,NaN
2020-06-01T01:59:28.000,3.72,31.48,8.07,NaN,NaN
2020-06-01T02:14:28.000,3.72,31.5,8.07,NaN,NaN
2020-06-01T02:29:28.000,3.72,31.44,8.07,NaN,NaN
2020-06-01T02:44:28.000,3.72,31.49,8.07,NaN,NaN
2020-06-01T02:59:28.000,3.71,31.41,8.07,NaN,NaN
2020-06-01T03:14:28.000,3.72,31.42,8.07,NaN,NaN
2020-06-01T03:29:28.000,3.72,31.43,8.07,NaN,NaN
2020-06-01T03:44:28.000,3.72,31.43,8.07,NaN,NaN
2020-06-01T03:59:28.000,3.71,31.4,8.07,NaN,NaN
2020-06-01T04:14:28.000,3.71,31.36,8.07,NaN,NaN
2020-06-01T04:29:28.000,3.71,31.38,8.07,NaN,NaN
2020-06-01T04:44:28.000,3.72,31.43,8.07,NaN,NaN
2020-06-01T04:59:28.000,3.72,31.44,8.07,NaN,NaN
2020-06-01T05:14:28.000,3.72,31.45,8.07,NaN,NaN
2020-06-01T05:29:28.000,3.74,31.63,8.07,NaN,NaN
2020-06-01T05:44:28.000,3.75,31.72,8.07,NaN,NaN
2020-06-01T05:59:28.000,3.77,31.87,8.09,NaN,NaN
2020-06-01T06:14:28.000,3.78,31.97,8.09,NaN,NaN
2020-06-01T06:29:28.000,3.8,32.13,8.09,NaN,NaN
2020-06-01T06:44:28.000,3.81,32.26,8.1,NaN,NaN
2020-06-01T06:59:28.000,3.82,32.38,8.11,NaN,NaN
2020-06-01T07:14:28.000,3.84,32.51,8.11,NaN,NaN
2020-06-01T07:29:28.000,3.85,32.62,8.14,NaN,NaN
2020-06-01T07:44:28.000,3.85,32.64,8.14,NaN,NaN
2020-06-01T07:59:28.000,3.87,32.78,8.14,NaN,NaN
2020-06-01T08:14:28.000,3.87,32.84,8.16,NaN,NaN
2020-06-01T08:29:28.000,3.88,32.9,8.16,NaN,NaN
2020-06-01T08:44:28.000,3.89,32.97,8.18,NaN,NaN
2020-06-01T08:59:28.000,3.89,33.01,8.19,NaN,NaN
2020-06-01T09:14:28.000,3.9,33.1,8.19,NaN,NaN
2020-06-01T09:29:28.000,3.9,33.1,8.21,NaN,NaN
2020-06-01T09:44:28.000,3.91,33.16,8.21,NaN,NaN
