Time (UTC),DO (ml/L),Dissolved Oxygen (%),Temperature (C),Latitude,Longitude
2020-07-03T23:57:39.000,1.84,15.62,8.12,44.799267,-124.096392
2020-07-04T00:12:39.000,1.85,15.69,8.14,44.799267,-124.096392
2020-07-04T00:27:39.000,1.86,15.73,8.14,44.799267,-124.096392
2020-07-04T00:42:39.000,1.87,15.82,8.14,44.799267,-124.096392
2020-07-04T00:57:39.000,1.86,15.76,8.14,44.799267,-124.096392
2020-07-04T01:12:39.000,1.86,15.77,8.14,44.799267,-124.096392
2020-07-04T01:27:39.000,1.87,15.87,8.14,44.799267,-124.096392
2020-07-04T01:42:39.000,1.86,15.75,8.15,44.799267,-124.096392
2020-07-04T01:57:39.000,1.86,15.73,8.15,44.799267,-124.096392
2020-07-04T02:12:39.000,1.88,15.93,8.15,44.799267,-124.096392
2020-07-04T02:27:39.000,1.83,15.53,8.16,44.799267,-124.096392
2020-07-04T02:42:39.000,1.83,15.51,8.16,44.799267,-124.096392
2020-07-04T02:57:39.000,1.84,15.62,8.15,44.799267,-124.096392
2020-07-04T03:12:39.000,1.83,15.5,8.14,44.799267,-124.096392
2020-07-04T03:27:39.000,1.82,15.43,8.14,44.799267,-124.096392
2020-07-04T03:42:39.000,1.8,15.23,8.14,44.799267,-124.096392
2020-07-04T03:57:39.000,1.76,14.89,8.14,44.799267,-124.096392
2020-07-04T04:12:39.000,1.78,15.07,8.14,44.799267,-124.096392
2020-07-04T04:27:39.000,1.77,15,8.14,44.799267,-124.096392
2020-07-04T04:42:39.000,1.8,15.27,8.14,44.799267,-124.096392
2020-07-04T04:57:39.000,1.81,15.35,8.14,44.799267,-124.096392
2020-07-04T05:12:39.000,1.8,15.25,8.15,44.799267,-124.096392
2020-07-04T05:27:39.000,1.81,15.32,8.16,44.799267,-124.096392
2020-07-04T05:42:39.000,1.82,15.41,8.16,44.799267,-124.096392
2020-07-04T05:57:39.000,1.82,15.4,8.16,44.799267,-124.096392
2020-07-04T06:12:39.000,1.81,15.36,8.16,44.799267,-124.096392
2020-07-04T06:27:39.000,1.84,15.61,8.16,44.799267,-124.096392
2020-07-04T06:42:39.000,1.85,15.65,8.17,44.799267,-124.096392
2020-07-04T06:57:39.000,1.85,15.73,8.18,44.799267,-124.096392
2020-07-04T07:12:39.000,1.9,16.11,8.19,44.799267,-124.096392
2020-07-04T07:27:39.000,1.88,15.95,8.19,44.799267,-124.096392
2020-07-04T07:42:39.000,1.9,16.11,8.19,44.799267,-124.096392
2020-07-04T07:57:39.000,1.9,16.13,8.19,44.799267,-124.096392
2020-07-04T08:12:39.000,1.87,15.85,8.19,44.799267,-124.096392
2020-07-04T08:27:39.000,1.86,15.74,8.19,44.799267,-124.096392
2020-07-04T08:42:39.000,1.86,15.82,8.18,44.799267,-124.096392
2020-07-04T08:57:39.000,1.85,15.67,8.18,44.799267,-124.096392
2020-07-04T09:12:39.000,1.87,15.88,8.17,44.799267,-124.096392
2020-07-04T09:27:39.000,1.86,15.8,8.16,44.799267,-124.096392
2020-07-04T09:42:39.000,1.86,15.76,8.16,44.799267,-124.096392
2020-07-04T09:57:39.000,1.87,15.85,8.16,44.799267,-124.096392
2020-07-04T10:12:39.000,1.85,15.72,8.16,44.799267,-124.096392
2020-07-04T10:27:39.000,1.83,15.52,8.16,44.799267,-124.096392
2020-07-04T10:42:39.000,1.82,15.44,8.15,44.799267,-124.096392
2020-07-04T10:57:39.000,1.81,15.37,8.16,44.799267,-124.096392
2020-07-04T11:12:39.000,1.83,15.49,8.16,44.799267,-124.096392
2020-07-04T11:27:39.000,1.84,15.59,8.16,44.799267,-124.096392
2020-07-04T11:42:39.000,1.85,15.71,8.16,44.799267,-124.096392
2020-07-04T11:57:39.000,1.86,15.78,8.16,44.799267,-124.096392
2020-07-04T12:12:39.000,1.87,15.84,8.17,44.799267,-124.096392
2020-07-04T12:27:39.000,1.89,16.04,8.18,44.799267,-124.096392
2020-07-04T12:42:39.000,1.9,16.14,8.18,44.799267,-124.096392
2020-07-04T12:57:39.000,1.91,16.21,8.18,44.799267,-124.096392
2020-07-04T13:12:39.000,1.92,16.31,8.18,44.799267,-124.096392
2020-07-04T13:27:39.000,1.97,16.68,8.19,44.799267,-124.096392
2020-07-04T13:42:39.000,1.98,16.85,8.23,44.799267,-124.096392
2020-07-04T13:57:39.000,2.1,17.82,8.26,44.799267,-124.096392
2020-07-04T14:12:39.000,2.17,18.48,8.29,44.799267,-124.096392
2020-07-04T14:27:39.000,2.23,18.99,8.31,44.799267,-124.096392
2020-07-04T14:42:39.000,2.25,19.19,8.33,44.799267,-124.096392
2020-07-04T14:57:39.000,2.26,19.25,8.33,44.799267,-124.096392
2020-07-04T15:12:39.000,2.28,19.43,8.34,44.799267,-124.096392
2020-07-04T15:27:39.000,2.2,18.71,8.32,44.799267,-124.096392
2020-07-04T15:42:39.000,2.14,18.19,8.28,44.799267,-124.096392
2020-07-04T15:57:39.000,2.08,17.65,8.26,44.799267,-124.096392
2020-07-04T16:12:39.000,2.04,17.35,8.22,44.799267,-124.096392
2020-07-04T16:27:39.000,2,16.93,8.19,44.799267,-124.096392
2020-07-04T16:42:39.000,2,16.92,8.16,44.799267,-124.096392
2020-07-04T16:57:39.000,1.96,16.63,8.14,44.799267,-124.096392
2020-07-04T17:12:39.000,1.95,16.54,8.14,44.799267,-124.096392
2020-07-04T17:27:39.000,1.95,16.48,8.13,44.799267,-124.096392
2020-07-04T17:42:39.000,1.94,16.46,8.11,44.799267,-124.096392
2020-07-04T17:57:39.000,1.93,16.37,8.11,44.799267,-124.096392
2020-07-04T18:12:39.000,1.93,16.34,8.09,44.799267,-124.096392
2020-07-04T18:27:39.000,1.91,16.16,8.09,44.799267,-124.096392
2020-07-04T18:42:39.000,1.88,15.88,8.09,44.799267,-124.096392
2020-07-04T18:57:39.000,1.9,16.06,8.09,44.799267,-124.096392
2020-07-04T19:12:39.000,1.88,15.91,8.09,44.799267,-124.096392
2020-07-04T19:27:39.000,1.85,15.7,8.09,44.799267,-124.096392
2020-07-04T19:42:39.000,1.87,15.81,8.09,44.799267,-124.096392
2020-07-04T19:57:39.000,1.84,15.59,8.09,44.799267,-124.096392
2020-07-04T20:12:39.000,1.86,15.73,8.09,44.799267,-124.096392
2020-07-04T20:27:39.000,1.86,15.71,8.08,44.799267,-124.096392
2020-07-04T20:42:39.000,1.85,15.67,8.08,44.799267,-124.096392
2020-07-04T20:57:39.000,1.85,15.65,8.08,44.799267,-124.096392
2020-07-04T21:12:39.000,1.85,15.61,8.07,44.799267,-124.096392
2020-07-04T21:27:39.000,1.84,15.53,8.07,44.799267,-124.096392
2020-07-04T21:42:39.000,1.81,15.34,8.06,44.799267,-124.096392
2020-07-04T21:57:39.000,1.82,15.4,8.06,44.799267,-124.096392
2020-07-04T22:12:39.000,1.81,15.31,8.05,44.799267,-124.096392
2020-07-04T22:27:39.000,1.83,15.44,8.06,44.799267,-124.096392
2020-07-04T22:42:39.000,1.79,15.18,8.06,44.799267,-124.096392
2020-07-04T22:57:39.000,1.79,15.12,8.06,44.799267,-124.096392
2020-07-04T23:12:39.000,1.8,15.26,8.06,44.799267,-124.096392
2020-07-04T23:27:39.000,1.78,15.04,8.06,44.799267,-124.096392
2020-07-04T23:42:39.000,1.78,15.09,8.06,44.799267,-124.096392
2020-07-04T23:57:39.000,1.79,15.11,8.06,44.799267,-124.096392
2020-07-05T00:12:39.000,1.8,15.19,8.06,44.799267,-124.096392
2020-07-05T00:27:39.000,1.78,15.05,8.07,44.799267,-124.096392
2020-07-05T00:42:39.000,1.81,15.32,8.07,44.799267,-124.096392
2020-07-05T00:57:39.000,1.79,15.11,8.07,44.799267,-124.096392
2020-07-05T01:12:39.000,1.83,15.5,8.08,44.799267,-124.096392
2020-07-05T01:27:39.000,1.86,15.72,8.09,44.799267,-124.096392
2020-07-05T01:42:39.000,1.85,15.69,8.1,44.799267,-124.096392
2020-07-05T01:57:39.000,1.87,15.82,8.11,44.799267,-124.096392
2020-07-05T02:12:39.000,1.88,15.94,8.12,44.799267,-124.096392
2020-07-05T02:27:39.000,1.88,15.92,8.12,44.799267,-124.096392
2020-07-05T02:42:39.000,1.87,15.85,8.13,44.799267,-124.096392
2020-07-05T02:57:39.000,1.86,15.73,8.14,44.799267,-124.096392
2020-07-05T03:12:39.000,1.84,15.56,8.14,44.799267,-124.096392
2020-07-05T03:27:39.000,1.82,15.42,8.14,44.799267,-124.096392
2020-07-05T03:42:39.000,1.84,15.57,8.14,44.799267,-124.096392
2020-07-05T03:57:39.000,1.83,15.48,8.16,44.799267,-124.096392
2020-07-05T04:12:39.000,1.83,15.53,8.16,44.799267,-124.096392
2020-07-05T04:27:39.000,1.84,15.61,8.16,44.799267,-124.096392
2020-07-05T04:42:39.000,1.83,15.55,8.16,44.799267,-124.096392
2020-07-05T04:57:39.000,1.84,15.58,8.16,44.799267,-124.096392
2020-07-05T05:12:39.000,1.84,15.59,8.17,44.799267,-124.096392
2020-07-05T05:27:39.000,1.84,15.62,8.18,44.799267,-124.096392
2020-07-05T05:42:39.000,1.87,15.89,8.19,44.799267,-124.096392
2020-07-05T05:57:39.000,1.88,15.98,8.2,44.799267,-124.096392
2020-07-05T06:12:39.000,1.89,16.07,8.21,44.799267,-124.096392
2020-07-05T06:27:39.000,1.92,16.32,8.22,44.799267,-124.096392
2020-07-05T06:42:39.000,1.95,16.58,8.23,44.799267,-124.096392
2020-07-05T06:57:39.000,1.93,16.35,8.22,44.799267,-124.096392
2020-07-05T07:12:39.000,1.91,16.22,8.21,44.799267,-124.096392
2020-07-05T07:27:39.000,1.89,16.04,8.21,44.799267,-124.096392
2020-07-05T07:42:39.000,1.88,15.94,8.2,44.799267,-124.096392
2020-07-05T07:57:39.000,1.89,16.07,8.21,44.799267,-124.096392
2020-07-05T08:12:39.000,1.87,15.89,8.21,44.799267,-124.096392
2020-07-05T08:27:39.000,1.89,16.02,8.21,44.799267,-124.096392
2020-07-05T08:42:39.000,1.9,16.1,8.21,44.799267,-124.096392
2020-07-05T08:57:39.000,1.91,16.2,8.21,44.799267,-124.096392
2020-07-05T09:12:39.000,1.9,16.12,8.2,44.799267,-124.096392
2020-07-05T09:27:39.000,1.93,16.34,8.21,44.799267,-124.096392
2020-07-05T09:42:39.000,1.92,16.28,8.21,44.799267,-124.096392
2020-07-05T09:57:39.000,1.92,16.27,8.21,44.799267,-124.096392
2020-07-05T10:12:39.000,1.92,16.32,8.21,44.799267,-124.096392
2020-07-05T10:27:39.000,1.95,16.56,8.21,44.799267,-124.096392
2020-07-05T10:42:39.000,1.94,16.5,8.21,44.799267,-124.096392
2020-07-05T10:57:39.000,1.94,16.5,8.22,44.799267,-124.096392
2020-07-05T11:12:39.000,1.96,16.61,8.23,44.799267,-124.096392
2020-07-05T11:27:39.000,1.94,16.5,8.23,44.799267,-124.096392
2020-07-05T11:42:39.000,1.94,16.51,8.23,44.799267,-124.096392
2020-07-05T11:57:39.000,1.99,16.86,8.23,44.799267,-124.096392
2020-07-05T12:12:39.000,1.99,16.9,8.23,44.799267,-124.096392
2020-07-05T12:27:39.000,2.03,17.2,8.24,44.799267,-124.096392
2020-07-05T12:42:39.000,2.16,18.36,8.27,44.799267,-124.096392
2020-07-05T12:57:39.000,2.21,18.84,8.3,44.799267,-124.096392
2020-07-05T13:12:39.000,2.33,19.82,8.33,44.799267,-124.096392
2020-07-05T13:27:39.000,2.41,20.49,8.35,44.799267,-124.096392
2020-07-05T13:42:39.000,2.49,21.23,8.38,44.799267,-124.096392
2020-07-05T13:57:39.000,2.47,21.09,8.4,44.799267,-124.096392
2020-07-05T14:12:39.000,2.51,21.4,8.41,44.799267,-124.096392
2020-07-05T14:27:39.000,2.53,21.58,8.42,44.799267,-124.096392
2020-07-05T14:42:39.000,2.52,21.51,8.42,44.799267,-124.096392
2020-07-05T14:57:39.000,2.43,20.69,8.4,44.799267,-124.096392
2020-07-05T15:12:39.000,2.43,20.75,8.4,44.799267,-124.096392
2020-07-05T15:27:39.000,2.4,20.46,8.4,44.799267,-124.096392
2020-07-05T15:42:39.000,2.4,20.45,8.4,44.799267,-124.096392
2020-07-05T15:57:39.000,2.4,20.47,8.4,44.799267,-124.096392
2020-07-05T16:12:39.000,2.38,20.26,8.38,44.799267,-124.096392
2020-07-05T16:27:39.000,2.35,20.02,8.35,44.799267,-124.096392
2020-07-05T16:42:39.000,2.27,19.3,8.32,44.799267,-124.096392
2020-07-05T16:57:39.000,2.19,18.66,8.28,44.799267,-124.096392
2020-07-05T17:12:39.000,2.16,18.41,8.28,44.799267,-124.096392
2020-07-05T17:27:39.000,2.13,18.11,8.26,44.799267,-124.096392
2020-07-05T17:42:39.000,2.09,17.8,8.26,44.799267,-124.096392
2020-07-05T17:57:39.000,2.07,17.62,8.25,44.799267,-124.096392
2020-07-05T18:12:39.000,2.07,17.59,8.25,44.799267,-124.096392
2020-07-05T18:27:39.000,2.07,17.6,8.25,44.799267,-124.096392
2020-07-05T18:42:39.000,2.08,17.65,8.25,44.799267,-124.096392
2020-07-05T18:57:39.000,2.07,17.59,8.25,44.799267,-124.096392
2020-07-05T19:12:39.000,2.09,17.79,8.26,44.799267,-124.096392
2020-07-05T19:27:39.000,2.08,17.67,8.26,44.799267,-124.096392
2020-07-05T19:42:39.000,2.13,18.1,8.26,44.799267,-124.096392
2020-07-05T19:57:39.000,2.16,18.39,8.27,44.799267,-124.096392
2020-07-05T20:12:39.000,2.21,18.8,8.28,44.799267,-124.096392
2020-07-05T20:27:39.000,2.14,18.21,8.29,44.799267,-124.096392
2020-07-05T20:42:39.000,2.2,18.71,8.3,44.799267,-124.096392
2020-07-05T20:57:39.000,2.19,18.66,8.3,44.799267,-124.096392
2020-07-05T21:12:39.000,2.25,19.18,8.33,44.799267,-124.096392
2020-07-05T21:27:39.000,2.24,19.08,8.32,44.799267,-124.096392
2020-07-05T21:42:39.000,2.21,18.83,8.33,44.799267,-124.096392
2020-07-05T21:57:39.000,2.23,18.98,8.33,44.799267,-124.096392
2020-07-05T22:12:39.000,2.22,18.87,8.33,44.799267,-124.096392
2020-07-05T22:27:39.000,2.26,19.25,8.33,44.799267,-124.096392
2020-07-05T22:42:39.000,2.24,19.08,8.34,44.799267,-124.096392
2020-07-05T22:57:39.000,2.26,19.22,8.34,44.799267,-124.096392
2020-07-05T23:12:39.000,2.23,18.99,8.34,44.799267,-124.096392
2020-07-05T23:27:39.000,2.21,18.84,8.33,44.799267,-124.096392
2020-07-05T23:42:39.000,2.24,19.06,8.33,44.799267,-124.096392
2020-07-05T23:57:39.000,2.2,18.76,8.33,44.799267,-124.096392
2020-07-06T00:12:39.000,2.23,18.94,8.33,44.799267,-124.096392
2020-07-06T00:27:39.000,2.23,18.96,8.33,44.799267,-124.096392
2020-07-06T00:42:39.000,2.23,19,8.34,44.799267,-124.096392
2020-07-06T00:57:39.000,2.21,18.85,8.34,44.799267,-124.096392
2020-07-06T01:12:39.000,2.23,19,8.34,44.799267,-124.096392
2020-07-06T01:27:39.000,2.2,18.74,8.34,44.799267,-124.096392
2020-07-06T01:42:39.000,2.2,18.71,8.35,44.799267,-124.096392
2020-07-06T01:57:39.000,2.26,19.23,8.35,44.799267,-124.096392
2020-07-06T02:12:39.000,2.22,18.95,8.35,44.799267,-124.096392
2020-07-06T02:27:39.000,2.26,19.21,8.35,44.799267,-124.096392
2020-07-06T02:42:39.000,2.25,19.15,8.36,44.799267,-124.096392
2020-07-06T02:57:39.000,2.28,19.47,8.37,44.799267,-124.096392
2020-07-06T03:12:39.000,2.27,19.35,8.37,44.799267,-124.096392
2020-07-06T03:27:39.000,2.25,19.18,8.38,44.799267,-124.096392
2020-07-06T03:42:39.000,2.25,19.19,8.38,44.799267,-124.096392
2020-07-06T03:57:39.000,2.29,19.51,8.38,44.799267,-124.096392
2020-07-06T04:12:39.000,2.28,19.45,8.38,44.799267,-124.096392
2020-07-06T04:27:39.000,2.28,19.42,8.38,44.799267,-124.096392
2020-07-06T04:42:39.000,2.29,19.52,8.4,44.799267,-124.096392
2020-07-06T04:57:39.000,2.27,19.39,8.4,44.799267,-124.096392
2020-07-06T05:12:39.000,2.36,20.12,8.42,44.799267,-124.096392
2020-07-06T05:27:39.000,2.38,20.31,8.42,44.799267,-124.096392
2020-07-06T05:42:39.000,2.37,20.21,8.42,44.799267,-124.096392
2020-07-06T05:57:39.000,2.38,20.29,8.43,44.799267,-124.096392
2020-07-06T06:12:39.000,2.43,20.7,8.43,44.799267,-124.096392
2020-07-06T06:27:39.000,2.42,20.62,8.44,44.799267,-124.096392
2020-07-06T06:42:39.000,2.38,20.29,8.45,44.799267,-124.096392
2020-07-06T06:57:39.000,2.36,20.1,8.43,44.799267,-124.096392
2020-07-06T07:12:39.000,2.3,19.61,8.4,44.799267,-124.096392
2020-07-06T07:27:39.000,2.21,18.87,8.38,44.799267,-124.096392
2020-07-06T07:42:39.000,2.18,18.53,8.35,44.799267,-124.096392
2020-07-06T07:57:39.000,2.16,18.41,8.33,44.799267,-124.096392
2020-07-06T08:12:39.000,2.15,18.33,8.33,44.799267,-124.096392
2020-07-06T08:27:39.000,2.13,18.17,8.33,44.799267,-124.096392
2020-07-06T08:42:39.000,2.12,18.02,8.33,44.799267,-124.096392
2020-07-06T08:57:39.000,2.14,18.21,8.33,44.799267,-124.096392
2020-07-06T09:12:39.000,2.13,18.16,8.33,44.799267,-124.096392
2020-07-06T09:27:39.000,2.12,18.01,8.32,44.799267,-124.096392
2020-07-06T09:42:39.000,2.11,17.96,8.32,44.799267,-124.096392
2020-07-06T09:57:39.000,2.1,17.87,8.32,44.799267,-124.096392
2020-07-06T10:12:39.000,2.1,17.87,8.31,44.799267,-124.096392
2020-07-06T10:27:39.000,2.1,17.86,8.32,44.799267,-124.096392
2020-07-06T10:42:39.000,2.06,17.56,8.32,44.799267,-124.096392
2020-07-06T10:57:39.000,2.04,17.37,8.31,44.799267,-124.096392
2020-07-06T11:12:39.000,2.1,17.9,8.32,44.799267,-124.096392
2020-07-06T11:27:39.000,2.12,18.02,8.33,44.799267,-124.096392
2020-07-06T11:42:39.000,2.11,17.97,8.33,44.799267,-124.096392
2020-07-06T11:57:39.000,2.16,18.39,8.34,44.799267,-124.096392
2020-07-06T12:12:39.000,2.16,18.4,8.35,44.799267,-124.096392
2020-07-06T12:27:39.000,2.17,18.49,8.35,44.799267,-124.096392
2020-07-06T12:42:39.000,2.22,18.88,8.36,44.799267,-124.096392
2020-07-06T12:57:39.000,2.23,18.98,8.38,44.799267,-124.096392
2020-07-06T13:12:39.000,2.23,19.04,8.38,44.799267,-124.096392
2020-07-06T13:27:39.000,2.27,19.37,8.4,44.799267,-124.096392
2020-07-06T13:42:39.000,2.29,19.53,8.4,44.799267,-124.096392
2020-07-06T13:57:39.000,2.3,19.6,8.41,44.799267,-124.096392
2020-07-06T14:12:39.000,2.31,19.68,8.42,44.799267,-124.096392
2020-07-06T14:27:39.000,2.38,20.27,8.45,44.799267,-124.096392
2020-07-06T14:42:39.000,2.48,21.17,8.47,44.799267,-124.096392
2020-07-06T14:57:39.000,2.44,20.84,8.47,44.799267,-124.096392
2020-07-06T15:12:39.000,2.45,20.93,8.47,44.799267,-124.096392
2020-07-06T15:27:39.000,2.43,20.76,8.47,44.799267,-124.096392
2020-07-06T15:42:39.000,2.39,20.41,8.47,44.799267,-124.096392
2020-07-06T15:57:39.000,2.39,20.36,8.45,44.799267,-124.096392
2020-07-06T16:12:39.000,2.29,19.51,8.42,44.799267,-124.096392
2020-07-06T16:27:39.000,2.23,18.99,8.39,44.799267,-124.096392
2020-07-06T16:42:39.000,2.16,18.42,8.37,44.799267,-124.096392
2020-07-06T16:57:39.000,2.13,18.13,8.34,44.799267,-124.096392
2020-07-06T17:12:39.000,2.09,17.75,8.31,44.799267,-124.096392
2020-07-06T17:27:39.000,2.02,17.21,8.29,44.799267,-124.096392
2020-07-06T17:42:39.000,2.01,17.1,8.28,44.799267,-124.096392
2020-07-06T17:57:39.000,1.98,16.8,8.27,44.799267,-124.096392
2020-07-06T18:12:39.000,2,16.97,8.26,44.799267,-124.096392
2020-07-06T18:27:39.000,1.98,16.79,8.26,44.799267,-124.096392
2020-07-06T18:42:39.000,1.98,16.79,8.26,44.799267,-124.096392
2020-07-06T18:57:39.000,1.95,16.56,8.26,44.799267,-124.096392
2020-07-06T19:12:39.000,2,16.96,8.26,44.799267,-124.096392
2020-07-06T19:27:39.000,1.97,16.77,8.26,44.799267,-124.096392
2020-07-06T19:42:39.000,1.95,16.61,8.26,44.799267,-124.096392
2020-07-06T19:57:39.000,1.88,15.97,8.26,44.799267,-124.096392
2020-07-06T20:12:39.000,1.97,16.71,8.26,44.799267,-124.096392
2020-07-06T20:27:39.000,1.91,16.23,8.28,44.799267,-124.096392
2020-07-06T20:42:39.000,1.94,16.53,8.27,44.799267,-124.096392
2020-07-06T20:57:39.000,1.89,16.1,8.27,44.799267,-124.096392
2020-07-06T21:12:39.000,1.89,16.03,8.26,44.799267,-124.096392
2020-07-06T21:27:39.000,1.85,15.71,8.26,44.799267,-124.096392
2020-07-06T21:42:39.000,1.83,15.59,8.26,44.799267,-124.096392
2020-07-06T21:57:39.000,1.81,15.39,8.26,44.799267,-124.096392
2020-07-06T22:12:39.000,1.81,15.42,8.24,44.799267,-124.096392
2020-07-06T22:27:39.000,1.8,15.31,8.23,44.799267,-124.096392
2020-07-06T22:42:39.000,1.82,15.44,8.23,44.799267,-124.096392
2020-07-06T22:57:39.000,1.82,15.45,8.23,44.799267,-124.096392
2020-07-06T23:12:39.000,1.82,15.5,8.23,44.799267,-124.096392
2020-07-06T23:27:39.000,1.8,15.25,8.23,44.799267,-124.096392
2020-07-06T23:42:39.000,1.82,15.43,8.23,44.799267,-124.096392
2020-07-06T23:57:39.000,1.8,15.31,8.23,44.799267,-124.096392
2020-07-07T00:12:39.000,1.76,14.91,8.23,44.799267,-124.096392
2020-07-07T00:27:39.000,1.78,15.14,8.23,44.799267,-124.096392
2020-07-07T00:42:39.000,1.79,15.18,8.23,44.799267,-124.096392
2020-07-07T00:57:39.000,1.79,15.2,8.22,44.799267,-124.096392
2020-07-07T01:12:39.000,1.76,14.94,8.22,44.799267,-124.096392
2020-07-07T01:27:39.000,1.79,15.23,8.23,44.799267,-124.096392
2020-07-07T01:42:39.000,1.76,14.98,8.23,44.799267,-124.096392
2020-07-07T01:57:39.000,1.78,15.1,8.23,44.799267,-124.096392
2020-07-07T02:12:39.000,1.73,14.68,8.23,44.799267,-124.096392
2020-07-07T02:27:39.000,1.74,14.8,8.21,44.799267,-124.096392
2020-07-07T02:42:39.000,1.77,15.04,8.21,44.799267,-124.096392
2020-07-07T02:57:39.000,1.77,14.99,8.2,44.799267,-124.096392
2020-07-07T03:12:39.000,1.76,14.9,8.19,44.799267,-124.096392
2020-07-07T03:27:39.000,1.67,14.21,8.19,44.799267,-124.096392
2020-07-07T03:42:39.000,1.69,14.3,8.19,44.799267,-124.096392
2020-07-07T03:57:39.000,1.7,14.38,8.19,44.799267,-124.096392
2020-07-07T04:12:39.000,1.69,14.33,8.19,44.799267,-124.096392
2020-07-07T04:27:39.000,1.66,14.06,8.18,44.799267,-124.096392
2020-07-07T04:42:39.000,1.71,14.48,8.18,44.799267,-124.096392
2020-07-07T04:57:39.000,1.7,14.44,8.18,44.799267,-124.096392
2020-07-07T05:12:39.000,1.72,14.6,8.18,44.799267,-124.096392
2020-07-07T05:27:39.000,1.75,14.88,8.18,44.799267,-124.096392
2020-07-07T05:42:39.000,1.72,14.6,8.19,44.799267,-124.096392
2020-07-07T05:57:39.000,1.7,14.44,8.19,44.799267,-124.096392
2020-07-07T06:12:39.000,1.74,14.72,8.19,44.799267,-124.096392
2020-07-07T06:27:39.000,1.71,14.52,8.2,44.799267,-124.096392
2020-07-07T06:42:39.000,1.74,14.75,8.2,44.799267,-124.096392
2020-07-07T06:57:39.000,1.73,14.71,8.21,44.799267,-124.096392
2020-07-07T07:12:39.000,1.75,14.82,8.21,44.799267,-124.096392
2020-07-07T07:27:39.000,1.76,14.92,8.21,44.799267,-124.096392
2020-07-07T07:42:39.000,1.77,14.98,8.21,44.799267,-124.096392
2020-07-07T07:57:39.000,1.73,14.72,8.22,44.799267,-124.096392
2020-07-07T08:12:39.000,1.74,14.74,8.23,44.799267,-124.096392
2020-07-07T08:27:39.000,1.75,14.84,8.23,44.799267,-124.096392
2020-07-07T08:42:39.000,1.77,15.05,8.23,44.799267,-124.096392
2020-07-07T08:57:39.000,1.74,14.79,8.23,44.799267,-124.096392
2020-07-07T09:12:39.000,1.76,14.93,8.23,44.799267,-124.096392
2020-07-07T09:27:39.000,1.8,15.3,8.23,44.799267,-124.096392
2020-07-07T09:42:39.000,1.78,15.11,8.24,44.799267,-124.096392
2020-07-07T09:57:39.000,1.81,15.36,8.25,44.799267,-124.096392
2020-07-07T10:12:39.000,1.8,15.26,8.25,44.799267,-124.096392
2020-07-07T10:27:39.000,1.83,15.58,8.25,44.799267,-124.096392
2020-07-07T10:42:39.000,1.85,15.71,8.24,44.799267,-124.096392
2020-07-07T10:57:39.000,1.84,15.61,8.24,44.799267,-124.096392
2020-07-07T11:12:39.000,1.86,15.81,8.24,44.799267,-124.096392
2020-07-07T11:27:39.000,1.86,15.8,8.24,44.799267,-124.096392
2020-07-07T11:42:39.000,1.86,15.83,8.24,44.799267,-124.096392
2020-07-07T11:57:39.000,1.85,15.71,8.24,44.799267,-124.096392
2020-07-07T12:12:39.000,1.86,15.83,8.25,44.799267,-124.096392
2020-07-07T12:27:39.000,1.88,16.01,8.25,44.799267,-124.096392
2020-07-07T12:42:39.000,1.89,16.09,8.26,44.799267,-124.096392
2020-07-07T12:57:39.000,1.91,16.23,8.26,44.799267,-124.096392
2020-07-07T13:12:39.000,1.9,16.17,8.26,44.799267,-124.096392
2020-07-07T13:27:39.000,1.93,16.37,8.27,44.799267,-124.096392
2020-07-07T13:42:39.000,2,16.96,8.28,44.799267,-124.096392
2020-07-07T13:57:39.000,1.96,16.64,8.28,44.799267,-124.096392
2020-07-07T14:12:39.000,1.95,16.62,8.28,44.799267,-124.096392
2020-07-07T14:27:39.000,2.03,17.24,8.28,44.799267,-124.096392
2020-07-07T14:42:39.000,1.96,16.68,8.3,44.799267,-124.096392
2020-07-07T14:57:39.000,1.98,16.88,8.3,44.799267,-124.096392
2020-07-07T15:12:39.000,1.94,16.5,8.3,44.799267,-124.096392
2020-07-07T15:27:39.000,1.99,16.91,8.3,44.799267,-124.096392
2020-07-07T15:42:39.000,1.97,16.74,8.3,44.799267,-124.096392
2020-07-07T15:57:39.000,2,17.06,8.32,44.799267,-124.096392
2020-07-07T16:12:39.000,2.07,17.64,8.33,44.799267,-124.096392
2020-07-07T16:27:39.000,2.11,17.96,8.35,44.799267,-124.096392
2020-07-07T16:42:39.000,1.99,16.96,8.3,44.799267,-124.096392
2020-07-07T16:57:39.000,2.07,17.63,8.33,44.799267,-124.096392
2020-07-07T17:12:39.000,1.94,16.5,8.28,44.799267,-124.096392
2020-07-07T17:27:39.000,1.91,16.19,8.26,44.799267,-124.096392
2020-07-07T17:42:39.000,1.88,16.01,8.26,44.799267,-124.096392
2020-07-07T17:57:39.000,1.89,16.02,8.25,44.799267,-124.096392
2020-07-07T18:12:39.000,1.87,15.92,8.26,44.799267,-124.096392
2020-07-07T18:27:39.000,1.87,15.88,8.25,44.799267,-124.096392
2020-07-07T18:42:39.000,1.8,15.32,8.25,44.799267,-124.096392
2020-07-07T18:57:39.000,1.82,15.44,8.25,44.799267,-124.096392
2020-07-07T19:12:39.000,1.78,15.16,8.25,44.799267,-124.096392
2020-07-07T19:27:39.000,1.75,14.86,8.26,44.799267,-124.096392
2020-07-07T19:42:39.000,1.75,14.83,8.26,44.799267,-124.096392
2020-07-07T19:57:39.000,1.74,14.82,8.25,44.799267,-124.096392
2020-07-07T20:12:39.000,1.76,14.93,8.25,44.799267,-124.096392
2020-07-07T20:27:39.000,1.74,14.82,8.25,44.799267,-124.096392
2020-07-07T20:42:39.000,1.73,14.67,8.25,44.799267,-124.096392
2020-07-07T20:57:39.000,1.74,14.78,8.24,44.799267,-124.096392
2020-07-07T21:12:39.000,1.72,14.62,8.24,44.799267,-124.096392
2020-07-07T21:27:39.000,1.73,14.73,8.23,44.799267,-124.096392
2020-07-07T21:42:39.000,1.7,14.46,8.23,44.799267,-124.096392
2020-07-07T21:57:39.000,1.75,14.86,8.21,44.799267,-124.096392
2020-07-07T22:12:39.000,1.72,14.61,8.21,44.799267,-124.096392
2020-07-07T22:27:39.000,1.72,14.57,8.21,44.799267,-124.096392
2020-07-07T22:42:39.000,1.76,14.95,8.21,44.799267,-124.096392
2020-07-07T22:57:39.000,1.75,14.84,8.21,44.799267,-124.096392
2020-07-07T23:12:39.000,1.72,14.61,8.23,44.799267,-124.096392
2020-07-07T23:27:39.000,1.73,14.72,8.23,44.799267,-124.096392
2020-07-07T23:42:39.000,1.76,14.92,8.25,44.799267,-124.096392
2020-07-07T23:57:39.000,1.82,15.51,8.28,44.799267,-124.096392
2020-07-08T00:12:39.000,1.86,15.8,8.3,44.799267,-124.096392
2020-07-08T00:27:39.000,1.88,16.04,8.33,44.799267,-124.096392
2020-07-08T00:42:39.000,1.9,16.14,8.34,44.799267,-124.096392
2020-07-08T00:57:39.000,1.86,15.83,8.35,44.799267,-124.096392
2020-07-08T01:12:39.000,1.82,15.48,8.33,44.799267,-124.096392
2020-07-08T01:27:39.000,1.81,15.38,8.31,44.799267,-124.096392
2020-07-08T01:42:39.000,1.76,14.97,8.28,44.799267,-124.096392
2020-07-08T01:57:39.000,1.65,14.01,8.27,44.799267,-124.096392
2020-07-08T02:12:39.000,1.7,14.44,8.26,44.799267,-124.096392
2020-07-08T02:27:39.000,1.66,14.07,8.25,44.799267,-124.096392
2020-07-08T02:42:39.000,1.69,14.38,8.24,44.799267,-124.096392
2020-07-08T02:57:39.000,1.67,14.2,8.23,44.799267,-124.096392
2020-07-08T03:12:39.000,1.69,14.33,8.23,44.799267,-124.096392
2020-07-08T03:27:39.000,1.71,14.52,8.23,44.799267,-124.096392
2020-07-08T03:42:39.000,1.72,14.64,8.23,44.799267,-124.096392
2020-07-08T03:57:39.000,1.68,14.24,8.23,44.799267,-124.096392
2020-07-08T04:12:39.000,1.69,14.39,8.23,44.799267,-124.096392
2020-07-08T04:27:39.000,1.71,14.55,8.24,44.799267,-124.096392
2020-07-08T04:42:39.000,1.71,14.52,8.26,44.799267,-124.096392
2020-07-08T04:57:39.000,1.75,14.88,8.26,44.799267,-124.096392
2020-07-08T05:12:39.000,1.71,14.55,8.27,44.799267,-124.096392
2020-07-08T05:27:39.000,1.74,14.83,8.28,44.799267,-124.096392
2020-07-08T05:42:39.000,1.73,14.67,8.28,44.799267,-124.096392
2020-07-08T05:57:39.000,1.76,14.97,8.28,44.799267,-124.096392
2020-07-08T06:12:39.000,1.76,14.92,8.28,44.799267,-124.096392
2020-07-08T06:27:39.000,1.81,15.41,8.28,44.799267,-124.096392
2020-07-08T06:42:39.000,1.79,15.25,8.28,44.799267,-124.096392
2020-07-08T06:57:39.000,1.88,15.99,8.28,44.799267,-124.096392
2020-07-08T07:12:39.000,1.9,16.14,8.28,44.799267,-124.096392
2020-07-08T07:27:39.000,1.89,16.08,8.28,44.799267,-124.096392
2020-07-08T07:42:39.000,1.87,15.89,8.28,44.799267,-124.096392
2020-07-08T07:57:39.000,1.9,16.18,8.28,44.799267,-124.096392
2020-07-08T08:12:39.000,1.87,15.9,8.27,44.799267,-124.096392
2020-07-08T08:27:39.000,1.9,16.19,8.28,44.799267,-124.096392
2020-07-08T08:42:39.000,1.91,16.28,8.28,44.799267,-124.096392
2020-07-08T08:57:39.000,1.95,16.59,8.28,44.799267,-124.096392
2020-07-08T09:12:39.000,1.93,16.45,8.3,44.799267,-124.096392
2020-07-08T09:27:39.000,1.95,16.63,8.31,44.799267,-124.096392
2020-07-08T09:42:39.000,1.96,16.66,8.32,44.799267,-124.096392
2020-07-08T09:57:39.000,1.99,16.95,8.32,44.799267,-124.096392
2020-07-08T10:12:39.000,1.97,16.79,8.33,44.799267,-124.096392
2020-07-08T10:27:39.000,1.98,16.83,8.33,44.799267,-124.096392
2020-07-08T10:42:39.000,1.97,16.73,8.33,44.799267,-124.096392
2020-07-08T10:57:39.000,1.92,16.32,8.33,44.799267,-124.096392
2020-07-08T11:12:39.000,1.9,16.19,8.32,44.799267,-124.096392
2020-07-08T11:27:39.000,1.82,15.5,8.3,44.799267,-124.096392
2020-07-08T11:42:39.000,1.82,15.44,8.28,44.799267,-124.096392
2020-07-08T11:57:39.000,1.8,15.33,8.27,44.799267,-124.096392
2020-07-08T12:12:39.000,1.86,15.79,8.26,44.799267,-124.096392
2020-07-08T12:27:39.000,1.86,15.76,8.26,44.799267,-124.096392
2020-07-08T12:42:39.000,1.82,15.43,8.26,44.799267,-124.096392
2020-07-08T12:57:39.000,1.83,15.58,8.25,44.799267,-124.096392
2020-07-08T13:12:39.000,1.86,15.82,8.25,44.799267,-124.096392
2020-07-08T13:27:39.000,1.87,15.85,8.24,44.799267,-124.096392
2020-07-08T13:42:39.000,1.91,16.2,8.25,44.799267,-124.096392
2020-07-08T13:57:39.000,1.95,16.55,8.26,44.799267,-124.096392
2020-07-08T14:12:39.000,1.91,16.22,8.26,44.799267,-124.096392
2020-07-08T14:27:39.000,1.86,15.77,8.26,44.799267,-124.096392
2020-07-08T14:42:39.000,1.85,15.72,8.26,44.799267,-124.096392
2020-07-08T14:57:39.000,1.91,16.26,8.26,44.799267,-124.096392
2020-07-08T15:12:39.000,1.9,16.15,8.26,44.799267,-124.096392
2020-07-08T15:27:39.000,1.87,15.9,8.26,44.799267,-124.096392
2020-07-08T15:42:39.000,1.9,16.12,8.25,44.799267,-124.096392
2020-07-08T15:57:39.000,1.88,15.95,8.25,44.799267,-124.096392
2020-07-08T16:12:39.000,1.88,16.01,8.25,44.799267,-124.096392
2020-07-08T16:27:39.000,1.87,15.87,8.25,44.799267,-124.096392
2020-07-08T16:42:39.000,1.92,16.29,8.24,44.799267,-124.096392
2020-07-08T16:57:39.000,1.89,16.04,8.25,44.799267,-124.096392
2020-07-08T17:12:39.000,1.9,16.16,8.24,44.799267,-124.096392
2020-07-08T17:27:39.000,1.93,16.35,8.24,44.799267,-124.096392
2020-07-08T17:42:39.000,1.94,16.45,8.24,44.799267,-124.096392
2020-07-08T17:57:39.000,1.94,16.45,8.24,44.799267,-124.096392
2020-07-08T18:12:39.000,1.96,16.63,8.24,44.799267,-124.096392
2020-07-08T18:27:39.000,1.96,16.69,8.25,44.799267,-124.096392
2020-07-08T18:42:39.000,1.99,16.88,8.25,44.799267,-124.096392
2020-07-08T18:57:39.000,1.97,16.7,8.26,44.799267,-124.096392
2020-07-08T19:12:39.000,1.92,16.31,8.26,44.799267,-124.096392
2020-07-08T19:27:39.000,1.91,16.2,8.26,44.799267,-124.096392
2020-07-08T19:42:39.000,1.85,15.71,8.26,44.799267,-124.096392
2020-07-08T19:57:39.000,1.86,15.77,8.26,44.799267,-124.096392
2020-07-08T20:12:39.000,1.79,15.18,8.27,44.799267,-124.096392
2020-07-08T20:27:39.000,1.76,14.93,8.27,44.799267,-124.096392
2020-07-08T20:42:39.000,1.79,15.21,8.27,44.799267,-124.096392
2020-07-08T20:57:39.000,1.83,15.53,8.27,44.799267,-124.096392
2020-07-08T21:12:39.000,1.77,15.06,8.26,44.799267,-124.096392
2020-07-08T21:27:39.000,1.78,15.1,8.26,44.799267,-124.096392
2020-07-08T21:42:39.000,1.78,15.13,8.24,44.799267,-124.096392
2020-07-08T21:57:39.000,1.73,14.65,8.23,44.799267,-124.096392
2020-07-08T22:12:39.000,1.75,14.88,8.22,44.799267,-124.096392
2020-07-08T22:27:39.000,1.72,14.63,8.21,44.799267,-124.096392
2020-07-08T22:42:39.000,1.71,14.55,8.21,44.799267,-124.096392
2020-07-08T22:57:39.000,1.71,14.47,8.21,44.799267,-124.096392
2020-07-08T23:12:39.000,1.68,14.25,8.2,44.799267,-124.096392
2020-07-08T23:27:39.000,1.71,14.48,8.19,44.799267,-124.096392
2020-07-08T23:42:39.000,1.74,14.77,8.19,44.799267,-124.096392
2020-07-08T23:57:39.000,1.72,14.57,8.19,44.799267,-124.096392
2020-07-09T00:12:39.000,1.75,14.86,8.19,44.799267,-124.096392
2020-07-09T00:27:39.000,1.73,14.7,8.19,44.799267,-124.096392
2020-07-09T00:42:39.000,1.73,14.68,8.19,44.799267,-124.096392
2020-07-09T00:57:39.000,1.77,15,8.19,44.799267,-124.096392
2020-07-09T01:12:39.000,1.74,14.76,8.19,44.799267,-124.096392
2020-07-09T01:27:39.000,1.75,14.88,8.19,44.799267,-124.096392
2020-07-09T01:42:39.000,1.77,15.03,8.19,44.799267,-124.096392
2020-07-09T01:57:39.000,1.74,14.73,8.19,44.799267,-124.096392
2020-07-09T02:12:39.000,1.76,14.96,8.18,44.799267,-124.096392
2020-07-09T02:27:39.000,1.78,15.1,8.19,44.799267,-124.096392
2020-07-09T02:42:39.000,1.76,14.97,8.19,44.799267,-124.096392
2020-07-09T02:57:39.000,1.73,14.69,8.19,44.799267,-124.096392
2020-07-09T03:12:39.000,1.74,14.73,8.19,44.799267,-124.096392
2020-07-09T03:27:39.000,1.7,14.43,8.2,44.799267,-124.096392
2020-07-09T03:42:39.000,1.72,14.6,8.21,44.799267,-124.096392
2020-07-09T03:57:39.000,1.69,14.35,8.21,44.799267,-124.096392
2020-07-09T04:12:39.000,1.69,14.32,8.2,44.799267,-124.096392
2020-07-09T04:27:39.000,1.71,14.48,8.2,44.799267,-124.096392
2020-07-09T04:42:39.000,1.71,14.53,8.2,44.799267,-124.096392
2020-07-09T04:57:39.000,1.62,13.78,8.2,44.799267,-124.096392
2020-07-09T05:12:39.000,1.74,14.78,8.2,44.799267,-124.096392
2020-07-09T05:27:39.000,1.66,14.07,8.2,44.799267,-124.096392
2020-07-09T05:42:39.000,1.63,13.8,8.19,44.799267,-124.096392
2020-07-09T05:57:39.000,1.69,14.32,8.19,44.799267,-124.096392
2020-07-09T06:12:39.000,1.65,14,8.19,44.799267,-124.096392
2020-07-09T06:27:39.000,1.65,14.01,8.19,44.799267,-124.096392
2020-07-09T06:42:39.000,1.7,14.41,8.18,44.799267,-124.096392
2020-07-09T06:57:39.000,1.7,14.44,8.18,44.799267,-124.096392
2020-07-09T07:12:39.000,1.67,14.12,8.16,44.799267,-124.096392
2020-07-09T07:27:39.000,1.64,13.93,8.16,44.799267,-124.096392
2020-07-09T07:42:39.000,1.7,14.39,8.16,44.799267,-124.096392
2020-07-09T07:57:39.000,1.73,14.63,8.16,44.799267,-124.096392
2020-07-09T08:12:39.000,1.63,13.84,8.16,44.799267,-124.096392
2020-07-09T08:27:39.000,1.73,14.69,8.16,44.799267,-124.096392
2020-07-09T08:42:39.000,1.67,14.14,8.16,44.799267,-124.096392
2020-07-09T08:57:39.000,1.69,14.36,8.16,44.799267,-124.096392
2020-07-09T09:12:39.000,1.7,14.37,8.16,44.799267,-124.096392
2020-07-09T09:27:39.000,1.66,14.08,8.17,44.799267,-124.096392
2020-07-09T09:42:39.000,1.66,14.06,8.18,44.799267,-124.096392
2020-07-09T09:57:39.000,1.66,14.05,8.18,44.799267,-124.096392
2020-07-09T10:12:39.000,1.58,13.37,8.18,44.799267,-124.096392
2020-07-09T10:27:39.000,1.47,12.51,8.18,44.799267,-124.096392
2020-07-09T10:42:39.000,1.56,13.24,8.19,44.799267,-124.096392
2020-07-09T10:57:39.000,1.57,13.36,8.19,44.799267,-124.096392
2020-07-09T11:12:39.000,1.57,13.29,8.19,44.799267,-124.096392
2020-07-09T11:27:39.000,1.52,12.87,8.18,44.799267,-124.096392
2020-07-09T11:42:39.000,1.57,13.29,8.19,44.799267,-124.096392
2020-07-09T11:57:39.000,1.52,12.86,8.18,44.799267,-124.096392
2020-07-09T12:12:39.000,1.6,13.59,8.18,44.799267,-124.096392
2020-07-09T12:27:39.000,1.61,13.69,8.18,44.799267,-124.096392
2020-07-09T12:42:39.000,1.58,13.41,8.18,44.799267,-124.096392
2020-07-09T12:57:39.000,1.63,13.79,8.18,44.799267,-124.096392
2020-07-09T13:12:39.000,1.65,14,8.18,44.799267,-124.096392
2020-07-09T13:27:39.000,1.55,13.16,8.19,44.799267,-124.096392
2020-07-09T13:42:39.000,1.64,13.89,8.19,44.799267,-124.096392
2020-07-09T13:57:39.000,1.63,13.79,8.19,44.799267,-124.096392
2020-07-09T14:12:39.000,1.59,13.5,8.19,44.799267,-124.096392
2020-07-09T14:27:39.000,1.59,13.46,8.19,44.799267,-124.096392
2020-07-09T14:42:39.000,1.56,13.21,8.19,44.799267,-124.096392
2020-07-09T14:57:39.000,1.55,13.12,8.19,44.799267,-124.096392
2020-07-09T15:12:39.000,1.58,13.41,8.19,44.799267,-124.096392
2020-07-09T15:27:39.000,1.61,13.69,8.18,44.799267,-124.096392
2020-07-09T15:42:39.000,1.62,13.73,8.18,44.799267,-124.096392
2020-07-09T15:57:39.000,1.61,13.61,8.15,44.799267,-124.096392
2020-07-09T16:12:39.000,1.6,13.54,8.14,44.799267,-124.096392
2020-07-09T16:27:39.000,1.61,13.64,8.14,44.799267,-124.096392
2020-07-09T16:42:39.000,1.65,13.95,8.14,44.799267,-124.096392
2020-07-09T16:57:39.000,1.63,13.8,8.14,44.799267,-124.096392
2020-07-09T17:12:39.000,1.63,13.81,8.14,44.799267,-124.096392
2020-07-09T17:27:39.000,1.62,13.76,8.14,44.799267,-124.096392
2020-07-09T17:42:39.000,1.65,13.94,8.14,44.799267,-124.096392
2020-07-09T17:57:39.000,1.64,13.92,8.14,44.799267,-124.096392
2020-07-09T18:12:39.000,1.64,13.91,8.14,44.799267,-124.096392
2020-07-09T18:27:39.000,1.63,13.83,8.14,44.799267,-124.096392
2020-07-09T18:42:39.000,1.65,13.97,8.14,44.799267,-124.096392
2020-07-09T18:57:39.000,1.64,13.89,8.14,44.799267,-124.096392
2020-07-09T19:12:39.000,1.63,13.83,8.14,44.799267,-124.096392
2020-07-09T19:27:39.000,1.63,13.8,8.14,44.799267,-124.096392
2020-07-09T19:42:39.000,1.63,13.8,8.15,44.799267,-124.096392
2020-07-09T19:57:39.000,1.63,13.8,8.15,44.799267,-124.096392
2020-07-09T20:12:39.000,1.62,13.77,8.16,44.799267,-124.096392
2020-07-09T20:27:39.000,1.59,13.44,8.16,44.799267,-124.096392
2020-07-09T20:42:39.000,1.56,13.21,8.16,44.799267,-124.096392
2020-07-09T20:57:39.000,1.56,13.18,8.16,44.799267,-124.096392
2020-07-09T21:12:39.000,1.55,13.14,8.16,44.799267,-124.096392
2020-07-09T21:27:39.000,1.52,12.89,8.16,44.799267,-124.096392
2020-07-09T21:42:39.000,1.51,12.76,8.16,44.799267,-124.096392
2020-07-09T21:57:39.000,1.53,12.96,8.16,44.799267,-124.096392
2020-07-09T22:12:39.000,1.48,12.58,8.15,44.799267,-124.096392
2020-07-09T22:27:39.000,1.49,12.59,8.14,44.799267,-124.096392
2020-07-09T22:42:39.000,1.5,12.69,8.14,44.799267,-124.096392
2020-07-09T22:57:39.000,1.51,12.81,8.14,44.799267,-124.096392
2020-07-09T23:12:39.000,1.47,12.43,8.14,44.799267,-124.096392
2020-07-09T23:27:39.000,1.43,12.11,8.12,44.799267,-124.096392
2020-07-09T23:42:39.000,1.45,12.31,8.11,44.799267,-124.096392
2020-07-09T23:57:39.000,1.45,12.27,8.11,44.799267,-124.096392
2020-07-10T00:12:39.000,1.42,12.06,8.11,44.799267,-124.096392
2020-07-10T00:27:39.000,1.47,12.42,8.1,44.799267,-124.096392
2020-07-10T00:42:39.000,1.43,12.06,8.09,44.799267,-124.096392
2020-07-10T00:57:39.000,1.45,12.27,8.09,44.799267,-124.096392
2020-07-10T01:12:39.000,1.46,12.38,8.09,44.799267,-124.096392
2020-07-10T01:27:39.000,1.49,12.57,8.09,44.799267,-124.096392
2020-07-10T01:42:39.000,1.48,12.52,8.09,44.799267,-124.096392
2020-07-10T01:57:39.000,1.48,12.52,8.09,44.799267,-124.096392
2020-07-10T02:12:39.000,1.46,12.38,8.09,44.799267,-124.096392
2020-07-10T02:27:39.000,1.48,12.52,8.09,44.799267,-124.096392
2020-07-10T02:42:39.000,1.46,12.35,8.1,44.799267,-124.096392
2020-07-10T02:57:39.000,1.47,12.42,8.11,44.799267,-124.096392
2020-07-10T03:12:39.000,1.36,11.54,8.11,44.799267,-124.096392
2020-07-10T03:27:39.000,1.46,12.38,8.1,44.799267,-124.096392
2020-07-10T03:42:39.000,1.44,12.21,8.1,44.799267,-124.096392
2020-07-10T03:57:39.000,1.44,12.16,8.09,44.799267,-124.096392
2020-07-10T04:12:39.000,1.45,12.24,8.09,44.799267,-124.096392
2020-07-10T04:27:39.000,1.42,12.01,8.09,44.799267,-124.096392
2020-07-10T04:42:39.000,1.38,11.67,8.09,44.799267,-124.096392
2020-07-10T04:57:39.000,1.4,11.85,8.09,44.799267,-124.096392
2020-07-10T05:12:39.000,1.35,11.44,8.09,44.799267,-124.096392
2020-07-10T05:27:39.000,1.34,11.32,8.1,44.799267,-124.096392
2020-07-10T05:42:39.000,1.27,10.74,8.1,44.799267,-124.096392
2020-07-10T05:57:39.000,1.35,11.4,8.1,44.799267,-124.096392
2020-07-10T06:12:39.000,1.35,11.42,8.11,44.799267,-124.096392
2020-07-10T06:27:39.000,1.26,10.67,8.11,44.799267,-124.096392
2020-07-10T06:42:39.000,1.29,10.96,8.11,44.799267,-124.096392
2020-07-10T06:57:39.000,1.36,11.48,8.11,44.799267,-124.096392
2020-07-10T07:12:39.000,1.22,10.31,8.11,44.799267,-124.096392
2020-07-10T07:27:39.000,1.25,10.58,8.11,44.799267,-124.096392
2020-07-10T07:42:39.000,1.2,10.13,8.11,44.799267,-124.096392
2020-07-10T07:57:39.000,1.17,9.89,8.11,44.799267,-124.096392
2020-07-10T08:12:39.000,1.35,11.39,8.11,44.799267,-124.096392
2020-07-10T08:27:39.000,1.27,10.75,8.11,44.799267,-124.096392
2020-07-10T08:42:39.000,1.24,10.46,8.11,44.799267,-124.096392
2020-07-10T08:57:39.000,1.29,10.92,8.11,44.799267,-124.096392
2020-07-10T09:12:39.000,1.19,10.06,8.11,44.799267,-124.096392
2020-07-10T09:27:39.000,1.22,10.3,8.1,44.799267,-124.096392
2020-07-10T09:42:39.000,1.21,10.27,8.11,44.799267,-124.096392
2020-07-10T09:57:39.000,1.28,10.82,8.1,44.799267,-124.096392
2020-07-10T10:12:39.000,1.25,10.62,8.11,44.799267,-124.096392
2020-07-10T10:27:39.000,1.23,10.41,8.11,44.799267,-124.096392
2020-07-10T10:42:39.000,1.31,11.09,8.11,44.799267,-124.096392
2020-07-10T10:57:39.000,1.3,11.04,8.11,44.799267,-124.096392
2020-07-10T11:12:39.000,1.21,10.25,8.11,44.799267,-124.096392
2020-07-10T11:27:39.000,1.23,10.44,8.11,44.799267,-124.096392
2020-07-10T11:42:39.000,1.25,10.55,8.11,44.799267,-124.096392
2020-07-10T11:57:39.000,1.31,11.05,8.11,44.799267,-124.096392
2020-07-10T12:12:39.000,1.31,11.09,8.11,44.799267,-124.096392
2020-07-10T12:27:39.000,1.16,9.83,8.11,44.799267,-124.096392
2020-07-10T12:42:39.000,1.29,10.93,8.11,44.799267,-124.096392
2020-07-10T12:57:39.000,1.23,10.42,8.11,44.799267,-124.096392
2020-07-10T13:12:39.000,1.35,11.46,8.11,44.799267,-124.096392
2020-07-10T13:27:39.000,1.34,11.38,8.11,44.799267,-124.096392
2020-07-10T13:42:39.000,1.37,11.59,8.11,44.799267,-124.096392
2020-07-10T13:57:39.000,1.37,11.61,8.11,44.799267,-124.096392
2020-07-10T14:12:39.000,1.33,11.28,8.11,44.799267,-124.096392
2020-07-10T14:27:39.000,1.35,11.46,8.11,44.799267,-124.096392
2020-07-10T14:42:39.000,1.39,11.78,8.11,44.799267,-124.096392
2020-07-10T14:57:39.000,1.36,11.49,8.11,44.799267,-124.096392
2020-07-10T15:12:39.000,1.32,11.16,8.11,44.799267,-124.096392
2020-07-10T15:27:39.000,1.33,11.23,8.11,44.799267,-124.096392
2020-07-10T15:42:39.000,1.33,11.22,8.11,44.799267,-124.096392
2020-07-10T15:57:39.000,1.3,11,8.11,44.799267,-124.096392
2020-07-10T16:12:39.000,1.32,11.14,8.11,44.799267,-124.096392
2020-07-10T16:27:39.000,1.31,11.08,8.11,44.799267,-124.096392
2020-07-10T16:42:39.000,1.35,11.4,8.11,44.799267,-124.096392
2020-07-10T16:57:39.000,1.34,11.34,8.11,44.799267,-124.096392
2020-07-10T17:12:39.000,1.41,11.93,8.12,44.799267,-124.096392
2020-07-10T17:27:39.000,1.42,12.04,8.14,44.799267,-124.096392
2020-07-10T17:42:39.000,1.38,11.72,8.14,44.799267,-124.096392
2020-07-10T17:57:39.000,1.32,11.15,8.14,44.799267,-124.096392
2020-07-10T18:12:39.000,1.32,11.16,8.14,44.799267,-124.096392
2020-07-10T18:27:39.000,1.27,10.78,8.14,44.799267,-124.096392
2020-07-10T18:42:39.000,1.27,10.75,8.14,44.799267,-124.096392
2020-07-10T18:57:39.000,1.28,10.85,8.14,44.799267,-124.096392
2020-07-10T19:12:39.000,1.29,10.93,8.13,44.799267,-124.096392
2020-07-10T19:27:39.000,1.29,10.93,8.12,44.799267,-124.096392
2020-07-10T19:42:39.000,1.29,10.91,8.12,44.799267,-124.096392
2020-07-10T19:57:39.000,1.3,11,8.11,44.799267,-124.096392
2020-07-10T20:12:39.000,1.25,10.63,8.11,44.799267,-124.096392
2020-07-10T20:27:39.000,1.24,10.52,8.11,44.799267,-124.096392
2020-07-10T20:42:39.000,1.18,9.98,8.1,44.799267,-124.096392
2020-07-10T20:57:39.000,1.16,9.84,8.09,44.799267,-124.096392
2020-07-10T21:12:39.000,1.16,9.85,8.09,44.799267,-124.096392
2020-07-10T21:27:39.000,1.12,9.47,8.09,44.799267,-124.096392
2020-07-10T21:42:39.000,1.11,9.42,8.09,44.799267,-124.096392
2020-07-10T21:57:39.000,1.09,9.22,8.09,44.799267,-124.096392
2020-07-10T22:12:39.000,1.22,10.31,8.09,44.799267,-124.096392
2020-07-10T22:27:39.000,1.15,9.73,8.09,44.799267,-124.096392
2020-07-10T22:42:39.000,1.17,9.86,8.09,44.799267,-124.096392
2020-07-10T22:57:39.000,1.14,9.64,8.09,44.799267,-124.096392
2020-07-10T23:12:39.000,1.18,10,8.09,44.799267,-124.096392
2020-07-10T23:27:39.000,1.16,9.81,8.09,44.799267,-124.096392
2020-07-10T23:42:39.000,1.14,9.61,8.09,44.799267,-124.096392
2020-07-10T23:57:39.000,1.15,9.74,8.09,44.799267,-124.096392
2020-07-11T00:12:39.000,1.26,10.75,8.28,44.799267,-124.096392
2020-07-11T00:27:39.000,1.23,10.43,8.11,44.799267,-124.096392
2020-07-11T00:42:39.000,1.22,10.33,8.09,44.799267,-124.096392
2020-07-11T00:57:39.000,1.21,10.22,8.08,44.799267,-124.096392
2020-07-11T01:12:39.000,1.19,10.1,8.07,44.799267,-124.096392
2020-07-11T01:27:39.000,1.19,10.05,8.07,44.799267,-124.096392
2020-07-11T01:42:39.000,1.13,9.6,8.06,44.799267,-124.096392
2020-07-11T01:57:39.000,1.1,9.34,8.07,44.799267,-124.096392
2020-07-11T02:12:39.000,1.05,8.87,8.06,44.799267,-124.096392
2020-07-11T02:27:39.000,1.1,9.32,8.06,44.799267,-124.096392
2020-07-11T02:42:39.000,1.09,9.23,8.07,44.799267,-124.096392
2020-07-11T02:57:39.000,1.14,9.65,8.07,44.799267,-124.096392
2020-07-11T03:12:39.000,1.13,9.6,8.07,44.799267,-124.096392
2020-07-11T03:27:39.000,1.08,9.13,8.07,44.799267,-124.096392
2020-07-11T03:42:39.000,1.06,8.98,8.07,44.799267,-124.096392
2020-07-11T03:57:39.000,1.05,8.9,8.07,44.799267,-124.096392
2020-07-11T04:12:39.000,1.08,9.15,8.07,44.799267,-124.096392
2020-07-11T04:27:39.000,1.07,9.08,8.07,44.799267,-124.096392
2020-07-11T04:42:39.000,1.06,8.97,8.06,44.799267,-124.096392
2020-07-11T04:57:39.000,1.05,8.88,8.07,44.799267,-124.096392
2020-07-11T05:12:39.000,1.12,9.45,8.07,44.799267,-124.096392
2020-07-11T05:27:39.000,1.13,9.55,8.07,44.799267,-124.096392
2020-07-11T05:42:39.000,1.16,9.81,8.08,44.799267,-124.096392
2020-07-11T05:57:39.000,1.19,10.03,8.09,44.799267,-124.096392
2020-07-11T06:12:39.000,1.2,10.12,8.09,44.799267,-124.096392
2020-07-11T06:27:39.000,1.35,11.41,8.11,44.799267,-124.096392
2020-07-11T06:42:39.000,1.32,11.2,8.11,44.799267,-124.096392
2020-07-11T06:57:39.000,1.37,11.61,8.11,44.799267,-124.096392
2020-07-11T07:12:39.000,1.37,11.63,8.13,44.799267,-124.096392
2020-07-11T07:27:39.000,1.36,11.52,8.14,44.799267,-124.096392
2020-07-11T07:42:39.000,1.37,11.62,8.14,44.799267,-124.096392
2020-07-11T07:57:39.000,1.43,12.09,8.14,44.799267,-124.096392
2020-07-11T08:12:39.000,1.42,12.02,8.15,44.799267,-124.096392
2020-07-11T08:27:39.000,1.43,12.09,8.16,44.799267,-124.096392
2020-07-11T08:42:39.000,1.43,12.11,8.16,44.799267,-124.096392
2020-07-11T08:57:39.000,1.42,12.06,8.17,44.799267,-124.096392
2020-07-11T09:12:39.000,1.44,12.21,8.18,44.799267,-124.096392
2020-07-11T09:27:39.000,1.42,12.06,8.18,44.799267,-124.096392
2020-07-11T09:42:39.000,1.4,11.83,8.18,44.799267,-124.096392
2020-07-11T09:57:39.000,1.39,11.75,8.16,44.799267,-124.096392
2020-07-11T10:12:39.000,1.37,11.6,8.16,44.799267,-124.096392
2020-07-11T10:27:39.000,1.38,11.68,8.16,44.799267,-124.096392
2020-07-11T10:42:39.000,1.39,11.78,8.16,44.799267,-124.096392
2020-07-11T10:57:39.000,1.35,11.41,8.15,44.799267,-124.096392
2020-07-11T11:12:39.000,1.34,11.34,8.14,44.799267,-124.096392
2020-07-11T11:27:39.000,1.35,11.43,8.14,44.799267,-124.096392
2020-07-11T11:42:39.000,1.37,11.56,8.14,44.799267,-124.096392
2020-07-11T11:57:39.000,1.36,11.51,8.14,44.799267,-124.096392
2020-07-11T12:12:39.000,1.35,11.42,8.13,44.799267,-124.096392
2020-07-11T12:27:39.000,1.32,11.14,8.13,44.799267,-124.096392
2020-07-11T12:42:39.000,1.35,11.44,8.13,44.799267,-124.096392
2020-07-11T12:57:39.000,1.38,11.66,8.12,44.799267,-124.096392
2020-07-11T13:12:39.000,1.35,11.41,8.13,44.799267,-124.096392
2020-07-11T13:27:39.000,1.36,11.49,8.14,44.799267,-124.096392
2020-07-11T13:42:39.000,1.37,11.63,8.14,44.799267,-124.096392
2020-07-11T13:57:39.000,1.34,11.37,8.14,44.799267,-124.096392
2020-07-11T14:12:39.000,1.42,12.05,8.14,44.799267,-124.096392
2020-07-11T14:27:39.000,1.34,11.39,8.14,44.799267,-124.096392
2020-07-11T14:42:39.000,1.38,11.72,8.16,44.799267,-124.096392
2020-07-11T14:57:39.000,1.32,11.17,8.16,44.799267,-124.096392
2020-07-11T15:12:39.000,1.34,11.4,8.16,44.799267,-124.096392
2020-07-11T15:27:39.000,1.37,11.63,8.16,44.799267,-124.096392
2020-07-11T15:42:39.000,1.37,11.62,8.17,44.799267,-124.096392
2020-07-11T15:57:39.000,1.28,10.83,8.17,44.799267,-124.096392
2020-07-11T16:12:39.000,1.18,10.03,8.17,44.799267,-124.096392
2020-07-11T16:27:39.000,1.36,11.55,8.17,44.799267,-124.096392
2020-07-11T16:42:39.000,1.32,11.18,8.17,44.799267,-124.096392
2020-07-11T16:57:39.000,1.3,11.04,8.18,44.799267,-124.096392
2020-07-11T17:12:39.000,1.25,10.61,8.18,44.799267,-124.096392
2020-07-11T17:27:39.000,1.26,10.65,8.18,44.799267,-124.096392
2020-07-11T17:42:39.000,1.21,10.29,8.18,44.799267,-124.096392
2020-07-11T17:57:39.000,1.28,10.82,8.18,44.799267,-124.096392
2020-07-11T18:12:39.000,1.23,10.47,8.18,44.799267,-124.096392
2020-07-11T18:27:39.000,1.23,10.44,8.17,44.799267,-124.096392
2020-07-11T18:42:39.000,1.27,10.81,8.17,44.799267,-124.096392
2020-07-11T18:57:39.000,1.24,10.48,8.17,44.799267,-124.096392
2020-07-11T19:12:39.000,1.35,11.48,8.17,44.799267,-124.096392
2020-07-11T19:27:39.000,1.23,10.46,8.17,44.799267,-124.096392
2020-07-11T19:42:39.000,1.26,10.65,8.17,44.799267,-124.096392
2020-07-11T19:57:39.000,1.24,10.54,8.16,44.799267,-124.096392
2020-07-11T20:12:39.000,1.22,10.37,8.16,44.799267,-124.096392
2020-07-11T20:27:39.000,1.16,9.8,8.16,44.799267,-124.096392
2020-07-11T20:42:39.000,1.14,9.68,8.16,44.799267,-124.096392
2020-07-11T20:57:39.000,1.25,10.57,8.16,44.799267,-124.096392
2020-07-11T21:12:39.000,1.22,10.32,8.16,44.799267,-124.096392
2020-07-11T21:27:39.000,1.22,10.32,8.16,44.799267,-124.096392
2020-07-11T21:42:39.000,1.28,10.88,8.16,44.799267,-124.096392
2020-07-11T21:57:39.000,1.19,10.13,8.16,44.799267,-124.096392
2020-07-11T22:12:39.000,1.25,10.59,8.16,44.799267,-124.096392
2020-07-11T22:27:39.000,1.25,10.58,8.16,44.799267,-124.096392
2020-07-11T22:42:39.000,1.22,10.36,8.16,44.799267,-124.096392
2020-07-11T22:57:39.000,1.28,10.86,8.16,44.799267,-124.096392
2020-07-11T23:12:39.000,1.25,10.56,8.16,44.799267,-124.096392
2020-07-11T23:27:39.000,1.25,10.59,8.16,44.799267,-124.096392
2020-07-11T23:42:39.000,1.31,11.14,8.16,44.799267,-124.096392
2020-07-11T23:57:39.000,1.38,11.67,8.16,44.799267,-124.096392
2020-07-12T00:12:39.000,1.33,11.27,8.16,44.799267,-124.096392
2020-07-12T00:27:39.000,1.35,11.44,8.16,44.799267,-124.096392
2020-07-12T00:42:39.000,1.37,11.57,8.16,44.799267,-124.096392
2020-07-12T00:57:39.000,1.34,11.37,8.16,44.799267,-124.096392
2020-07-12T01:12:39.000,1.38,11.68,8.16,44.799267,-124.096392
2020-07-12T01:27:39.000,1.42,12.08,8.16,44.799267,-124.096392
2020-07-12T01:42:39.000,1.43,12.11,8.16,44.799267,-124.096392
2020-07-12T01:57:39.000,1.39,11.75,8.16,44.799267,-124.096392
2020-07-12T02:12:39.000,1.44,12.21,8.16,44.799267,-124.096392
2020-07-12T02:27:39.000,1.43,12.15,8.16,44.799267,-124.096392
2020-07-12T02:42:39.000,1.4,11.87,8.17,44.799267,-124.096392
2020-07-12T02:57:39.000,1.43,12.15,8.17,44.799267,-124.096392
2020-07-12T03:12:39.000,1.42,12.01,8.17,44.799267,-124.096392
2020-07-12T03:27:39.000,1.31,11.08,8.18,44.799267,-124.096392
2020-07-12T03:42:39.000,1.39,11.8,8.18,44.799267,-124.096392
2020-07-12T03:57:39.000,1.37,11.65,8.18,44.799267,-124.096392
2020-07-12T04:12:39.000,1.36,11.53,8.18,44.799267,-124.096392
2020-07-12T04:27:39.000,1.36,11.51,8.18,44.799267,-124.096392
2020-07-12T04:42:39.000,1.4,11.89,8.18,44.799267,-124.096392
2020-07-12T04:57:39.000,1.41,11.92,8.18,44.799267,-124.096392
2020-07-12T05:12:39.000,1.43,12.14,8.18,44.799267,-124.096392
2020-07-12T05:27:39.000,1.38,11.7,8.18,44.799267,-124.096392
2020-07-12T05:42:39.000,1.39,11.75,8.17,44.799267,-124.096392
2020-07-12T05:57:39.000,1.38,11.67,8.17,44.799267,-124.096392
2020-07-12T06:12:39.000,1.35,11.48,8.16,44.799267,-124.096392
2020-07-12T06:27:39.000,1.41,11.94,8.16,44.799267,-124.096392
2020-07-12T06:42:39.000,1.38,11.66,8.16,44.799267,-124.096392
2020-07-12T06:57:39.000,1.42,12.05,8.16,44.799267,-124.096392
2020-07-12T07:12:39.000,1.39,11.8,8.16,44.799267,-124.096392
2020-07-12T07:27:39.000,1.25,10.62,8.17,44.799267,-124.096392
2020-07-12T07:42:39.000,1.4,11.91,8.18,44.799267,-124.096392
2020-07-12T07:57:39.000,1.43,12.12,8.18,44.799267,-124.096392
2020-07-12T08:12:39.000,1.32,11.15,8.18,44.799267,-124.096392
2020-07-12T08:27:39.000,1.49,12.67,8.19,44.799267,-124.096392
2020-07-12T08:42:39.000,1.53,13,8.2,44.799267,-124.096392
2020-07-12T08:57:39.000,1.52,12.87,8.21,44.799267,-124.096392
2020-07-12T09:12:39.000,1.52,12.92,8.2,44.799267,-124.096392
2020-07-12T09:27:39.000,1.46,12.37,8.2,44.799267,-124.096392
2020-07-12T09:42:39.000,1.49,12.65,8.19,44.799267,-124.096392
2020-07-12T09:57:39.000,1.41,11.97,8.19,44.799267,-124.096392
2020-07-12T10:12:39.000,1.43,12.15,8.19,44.799267,-124.096392
2020-07-12T10:27:39.000,1.45,12.3,8.18,44.799267,-124.096392
2020-07-12T10:42:39.000,1.49,12.68,8.18,44.799267,-124.096392
2020-07-12T10:57:39.000,1.46,12.4,8.18,44.799267,-124.096392
2020-07-12T11:12:39.000,1.48,12.56,8.18,44.799267,-124.096392
2020-07-12T11:27:39.000,1.49,12.64,8.18,44.799267,-124.096392
2020-07-12T11:42:39.000,1.41,11.94,8.18,44.799267,-124.096392
2020-07-12T11:57:39.000,1.47,12.44,8.18,44.799267,-124.096392
2020-07-12T12:12:39.000,1.46,12.38,8.18,44.799267,-124.096392
2020-07-12T12:27:39.000,1.39,11.8,8.18,44.799267,-124.096392
2020-07-12T12:42:39.000,1.44,12.18,8.18,44.799267,-124.096392
2020-07-12T12:57:39.000,1.48,12.55,8.18,44.799267,-124.096392
2020-07-12T13:12:39.000,1.41,11.97,8.18,44.799267,-124.096392
2020-07-12T13:27:39.000,1.45,12.28,8.19,44.799267,-124.096392
2020-07-12T13:42:39.000,1.47,12.51,8.19,44.799267,-124.096392
2020-07-12T13:57:39.000,1.46,12.41,8.19,44.799267,-124.096392
2020-07-12T14:12:39.000,1.39,11.76,8.19,44.799267,-124.096392
2020-07-12T14:27:39.000,1.44,12.19,8.19,44.799267,-124.096392
2020-07-12T14:42:39.000,1.37,11.66,8.19,44.799267,-124.096392
2020-07-12T14:57:39.000,1.4,11.91,8.19,44.799267,-124.096392
2020-07-12T15:12:39.000,1.39,11.81,8.19,44.799267,-124.096392
2020-07-12T15:27:39.000,1.42,12.02,8.19,44.799267,-124.096392
2020-07-12T15:42:39.000,1.38,11.7,8.19,44.799267,-124.096392
2020-07-12T15:57:39.000,1.38,11.67,8.19,44.799267,-124.096392
2020-07-12T16:12:39.000,1.31,11.11,8.2,44.799267,-124.096392
2020-07-12T16:27:39.000,1.27,10.74,8.21,44.799267,-124.096392
2020-07-12T16:42:39.000,1.35,11.42,8.21,44.799267,-124.096392
2020-07-12T16:57:39.000,1.31,11.13,8.21,44.799267,-124.096392
2020-07-12T17:12:39.000,1.33,11.27,8.22,44.799267,-124.096392
2020-07-12T17:27:39.000,1.27,10.77,8.22,44.799267,-124.096392
2020-07-12T17:42:39.000,1.32,11.23,8.23,44.799267,-124.096392
2020-07-12T17:57:39.000,1.27,10.79,8.23,44.799267,-124.096392
2020-07-12T18:12:39.000,1.27,10.76,8.23,44.799267,-124.096392
2020-07-12T18:27:39.000,1.24,10.57,8.23,44.799267,-124.096392
2020-07-12T18:42:39.000,1.2,10.2,8.23,44.799267,-124.096392
2020-07-12T18:57:39.000,1.25,10.58,8.23,44.799267,-124.096392
2020-07-12T19:12:39.000,1.31,11.12,8.23,44.799267,-124.096392
2020-07-12T19:27:39.000,1.25,10.59,8.23,44.799267,-124.096392
2020-07-12T19:42:39.000,1.23,10.45,8.23,44.799267,-124.096392
2020-07-12T19:57:39.000,1.25,10.59,8.23,44.799267,-124.096392
2020-07-12T20:12:39.000,1.27,10.8,8.23,44.799267,-124.096392
2020-07-12T20:27:39.000,1.25,10.6,8.23,44.799267,-124.096392
2020-07-12T20:42:39.000,1.23,10.44,8.23,44.799267,-124.096392
2020-07-12T20:57:39.000,1.16,9.86,8.23,44.799267,-124.096392
2020-07-12T21:12:39.000,1.17,9.94,8.22,44.799267,-124.096392
2020-07-12T21:27:39.000,1.13,9.59,8.21,44.799267,-124.096392
2020-07-12T21:42:39.000,1.17,9.95,8.21,44.799267,-124.096392
2020-07-12T21:57:39.000,1.17,9.89,8.2,44.799267,-124.096392
2020-07-12T22:12:39.000,1.18,9.98,8.19,44.799267,-124.096392
2020-07-12T22:27:39.000,1.22,10.39,8.19,44.799267,-124.096392
2020-07-12T22:42:39.000,1.2,10.15,8.19,44.799267,-124.096392
2020-07-12T22:57:39.000,1.24,10.49,8.19,44.799267,-124.096392
2020-07-12T23:12:39.000,1.25,10.63,8.19,44.799267,-124.096392
2020-07-12T23:27:39.000,1.19,10.13,8.19,44.799267,-124.096392
2020-07-12T23:42:39.000,1.17,9.89,8.19,44.799267,-124.096392
2020-07-12T23:57:39.000,1.23,10.41,8.19,44.799267,-124.096392
2020-07-13T00:12:39.000,1.19,10.12,8.19,44.799267,-124.096392
2020-07-13T00:27:39.000,1.2,10.14,8.19,44.799267,-124.096392
2020-07-13T00:42:39.000,1.27,10.75,8.19,44.799267,-124.096392
2020-07-13T00:57:39.000,1.22,10.36,8.19,44.799267,-124.096392
2020-07-13T01:12:39.000,1.2,10.22,8.19,44.799267,-124.096392
2020-07-13T01:27:39.000,1.21,10.24,8.18,44.799267,-124.096392
2020-07-13T01:42:39.000,1.17,9.9,8.18,44.799267,-124.096392
2020-07-13T01:57:39.000,1.23,10.45,8.18,44.799267,-124.096392
2020-07-13T02:12:39.000,1.23,10.43,8.18,44.799267,-124.096392
2020-07-13T02:27:39.000,1.14,9.71,8.17,44.799267,-124.096392
2020-07-13T02:42:39.000,1.22,10.33,8.16,44.799267,-124.096392
2020-07-13T02:57:39.000,1.23,10.39,8.16,44.799267,-124.096392
2020-07-13T03:12:39.000,1.22,10.32,8.17,44.799267,-124.096392
2020-07-13T03:27:39.000,1.2,10.2,8.17,44.799267,-124.096392
2020-07-13T03:42:39.000,1.2,10.21,8.16,44.799267,-124.096392
2020-07-13T03:57:39.000,1.19,10.09,8.16,44.799267,-124.096392
2020-07-13T04:12:39.000,1.19,10.07,8.16,44.799267,-124.096392
2020-07-13T04:27:39.000,1.17,9.92,8.17,44.799267,-124.096392
2020-07-13T04:42:39.000,1.21,10.22,8.17,44.799267,-124.096392
2020-07-13T04:57:39.000,1.14,9.64,8.16,44.799267,-124.096392
2020-07-13T05:12:39.000,1.11,9.39,8.16,44.799267,-124.096392
2020-07-13T05:27:39.000,1.15,9.73,8.16,44.799267,-124.096392
2020-07-13T05:42:39.000,1.1,9.35,8.16,44.799267,-124.096392
2020-07-13T05:57:39.000,1.11,9.41,8.16,44.799267,-124.096392
2020-07-13T06:12:39.000,1.09,9.28,8.16,44.799267,-124.096392
2020-07-13T06:27:39.000,1.1,9.34,8.16,44.799267,-124.096392
2020-07-13T06:42:39.000,1.08,9.13,8.16,44.799267,-124.096392
2020-07-13T06:57:39.000,1.08,9.12,8.16,44.799267,-124.096392
2020-07-13T07:12:39.000,1.05,8.89,8.16,44.799267,-124.096392
2020-07-13T07:27:39.000,1.14,9.66,8.16,44.799267,-124.096392
2020-07-13T07:42:39.000,1.16,9.81,8.16,44.799267,-124.096392
2020-07-13T07:57:39.000,1.13,9.55,8.16,44.799267,-124.096392
2020-07-13T08:12:39.000,1.06,8.97,8.16,44.799267,-124.096392
2020-07-13T08:27:39.000,1.09,9.27,8.16,44.799267,-124.096392
2020-07-13T08:42:39.000,1.05,8.89,8.16,44.799267,-124.096392
2020-07-13T08:57:39.000,1.12,9.47,8.16,44.799267,-124.096392
2020-07-13T09:12:39.000,1.09,9.23,8.16,44.799267,-124.096392
2020-07-13T09:27:39.000,1.17,9.92,8.16,44.799267,-124.096392
2020-07-13T09:42:39.000,1.09,9.26,8.16,44.799267,-124.096392
2020-07-13T09:57:39.000,1.08,9.18,8.16,44.799267,-124.096392
2020-07-13T10:12:39.000,1.06,9.02,8.16,44.799267,-124.096392
2020-07-13T10:27:39.000,1.05,8.9,8.16,44.799267,-124.096392
2020-07-13T10:42:39.000,1.12,9.47,8.16,44.799267,-124.096392
2020-07-13T10:57:39.000,1.09,9.23,8.16,44.799267,-124.096392
2020-07-13T11:12:39.000,1.07,9.05,8.16,44.799267,-124.096392
2020-07-13T11:27:39.000,1.05,8.91,8.16,44.799267,-124.096392
2020-07-13T11:42:39.000,1.12,9.49,8.16,44.799267,-124.096392
2020-07-13T11:57:39.000,1.07,9.09,8.16,44.799267,-124.096392
2020-07-13T12:12:39.000,1.12,9.5,8.16,44.799267,-124.096392
2020-07-13T12:27:39.000,1.09,9.22,8.16,44.799267,-124.096392
2020-07-13T12:42:39.000,1.08,9.12,8.16,44.799267,-124.096392
2020-07-13T12:57:39.000,1.07,9.07,8.16,44.799267,-124.096392
2020-07-13T13:12:39.000,1.13,9.59,8.16,44.799267,-124.096392
2020-07-13T13:27:39.000,1.08,9.14,8.16,44.799267,-124.096392
2020-07-13T13:42:39.000,1.1,9.33,8.15,44.799267,-124.096392
2020-07-13T13:57:39.000,1.08,9.12,8.14,44.799267,-124.096392
2020-07-13T14:12:39.000,1.11,9.43,8.14,44.799267,-124.096392
2020-07-13T14:27:39.000,1.15,9.76,8.14,44.799267,-124.096392
2020-07-13T14:42:39.000,1.13,9.61,8.14,44.799267,-124.096392
2020-07-13T14:57:39.000,1.09,9.26,8.14,44.799267,-124.096392
2020-07-13T15:12:39.000,1.1,9.35,8.14,44.799267,-124.096392
2020-07-13T15:27:39.000,1.09,9.25,8.14,44.799267,-124.096392
2020-07-13T15:42:39.000,1.08,9.12,8.14,44.799267,-124.096392
2020-07-13T15:57:39.000,1.05,8.86,8.14,44.799267,-124.096392
2020-07-13T16:12:39.000,1.08,9.19,8.14,44.799267,-124.096392
2020-07-13T16:27:39.000,1.05,8.93,8.14,44.799267,-124.096392
2020-07-13T16:42:39.000,1.11,9.4,8.14,44.799267,-124.096392
2020-07-13T16:57:39.000,1.15,9.7,8.13,44.799267,-124.096392
2020-07-13T17:12:39.000,1.14,9.62,8.13,44.799267,-124.096392
2020-07-13T17:27:39.000,1.16,9.79,8.12,44.799267,-124.096392
2020-07-13T17:42:39.000,1.12,9.48,8.12,44.799267,-124.096392
2020-07-13T17:57:39.000,1.1,9.3,8.12,44.799267,-124.096392
2020-07-13T18:12:39.000,1.16,9.85,8.12,44.799267,-124.096392
2020-07-13T18:27:39.000,1.11,9.42,8.12,44.799267,-124.096392
2020-07-13T18:42:39.000,1.17,9.91,8.12,44.799267,-124.096392
2020-07-13T18:57:39.000,1.16,9.84,8.12,44.799267,-124.096392
2020-07-13T19:12:39.000,1.16,9.85,8.12,44.799267,-124.096392
2020-07-13T19:27:39.000,1.16,9.85,8.12,44.799267,-124.096392
2020-07-13T19:42:39.000,1.25,10.63,8.13,44.799267,-124.096392
2020-07-13T19:57:39.000,1.26,10.65,8.13,44.799267,-124.096392
2020-07-13T20:12:39.000,1.2,10.14,8.13,44.799267,-124.096392
2020-07-13T20:27:39.000,1.16,9.85,8.13,44.799267,-124.096392
2020-07-13T20:42:39.000,1.21,10.28,8.13,44.799267,-124.096392
2020-07-13T20:57:39.000,1.19,10.08,8.12,44.799267,-124.096392
2020-07-13T21:12:39.000,1.21,10.23,8.12,44.799267,-124.096392
2020-07-13T21:27:39.000,1.19,10.11,8.12,44.799267,-124.096392
2020-07-13T21:42:39.000,1.19,10.07,8.12,44.799267,-124.096392
2020-07-13T21:57:39.000,1.22,10.36,8.12,44.799267,-124.096392
2020-07-13T22:12:39.000,1.2,10.18,8.11,44.799267,-124.096392
2020-07-13T22:27:39.000,1.19,10.09,8.11,44.799267,-124.096392
2020-07-13T22:42:39.000,1.21,10.24,8.11,44.799267,-124.096392
2020-07-13T22:57:39.000,1.15,9.78,8.11,44.799267,-124.096392
2020-07-13T23:12:39.000,1.18,10.03,8.11,44.799267,-124.096392
2020-07-13T23:27:39.000,1.33,11.23,8.11,44.799267,-124.096392
2020-07-13T23:42:39.000,1.34,11.37,8.11,44.799267,-124.096392
2020-07-13T23:57:39.000,1.28,10.8,8.11,44.799267,-124.096392
2020-07-14T00:12:39.000,1.2,10.2,8.11,44.799267,-124.096392
2020-07-14T00:27:39.000,1.17,9.94,8.11,44.799267,-124.096392
2020-07-14T00:42:39.000,1.18,9.95,8.11,44.799267,-124.096392
2020-07-14T00:57:39.000,1.16,9.79,8.11,44.799267,-124.096392
2020-07-14T01:12:39.000,1.09,9.23,8.1,44.799267,-124.096392
2020-07-14T01:27:39.000,1.11,9.39,8.09,44.799267,-124.096392
2020-07-14T01:42:39.000,1.1,9.33,8.09,44.799267,-124.096392
2020-07-14T01:57:39.000,1.04,8.78,8.08,44.799267,-124.096392
2020-07-14T02:12:39.000,1.04,8.82,8.08,44.799267,-124.096392
2020-07-14T02:27:39.000,1.04,8.82,8.07,44.799267,-124.096392
2020-07-14T02:42:39.000,1.02,8.67,8.06,44.799267,-124.096392
2020-07-14T02:57:39.000,0.99,8.39,8.05,44.799267,-124.096392
2020-07-14T03:12:39.000,0.97,8.19,8.04,44.799267,-124.096392
2020-07-14T03:27:39.000,0.98,8.29,8.04,44.799267,-124.096392
2020-07-14T03:42:39.000,0.96,8.15,8.04,44.799267,-124.096392
2020-07-14T03:57:39.000,0.92,7.77,8.04,44.799267,-124.096392
2020-07-14T04:12:39.000,0.96,8.15,8.04,44.799267,-124.096392
2020-07-14T04:27:39.000,0.95,8.02,8.04,44.799267,-124.096392
2020-07-14T04:42:39.000,0.92,7.78,8.04,44.799267,-124.096392
2020-07-14T04:57:39.000,0.94,7.98,8.04,44.799267,-124.096392
2020-07-14T05:12:39.000,0.9,7.61,8.02,44.799267,-124.096392
2020-07-14T05:27:39.000,0.91,7.65,8.02,44.799267,-124.096392
2020-07-14T05:42:39.000,0.87,7.38,8.01,44.799267,-124.096392
2020-07-14T05:57:39.000,0.89,7.48,8,44.799267,-124.096392
2020-07-14T06:12:39.000,0.9,7.57,7.99,44.799267,-124.096392
2020-07-14T06:27:39.000,0.89,7.54,8,44.799267,-124.096392
2020-07-14T06:42:39.000,0.96,8.1,8,44.799267,-124.096392
2020-07-14T06:57:39.000,0.95,8.03,8.01,44.799267,-124.096392
2020-07-14T07:12:39.000,0.92,7.79,8.02,44.799267,-124.096392
2020-07-14T07:27:39.000,0.96,8.09,8.02,44.799267,-124.096392
2020-07-14T07:42:39.000,1.02,8.63,8.02,44.799267,-124.096392
2020-07-14T07:57:39.000,1.04,8.82,8.04,44.799267,-124.096392
2020-07-14T08:12:39.000,1.04,8.82,8.04,44.799267,-124.096392
2020-07-14T08:27:39.000,1.01,8.57,8.04,44.799267,-124.096392
2020-07-14T08:42:39.000,1.01,8.51,8.04,44.799267,-124.096392
2020-07-14T08:57:39.000,1.01,8.5,8.04,44.799267,-124.096392
2020-07-14T09:12:39.000,0.99,8.41,8.04,44.799267,-124.096392
2020-07-14T09:27:39.000,1,8.47,8.04,44.799267,-124.096392
2020-07-14T09:42:39.000,0.95,8.03,8.02,44.799267,-124.096392
2020-07-14T09:57:39.000,0.92,7.78,8.02,44.799267,-124.096392
2020-07-14T10:12:39.000,0.91,7.7,8.02,44.799267,-124.096392
2020-07-14T10:27:39.000,0.93,7.84,8.02,44.799267,-124.096392
2020-07-14T10:42:39.000,0.92,7.76,8.02,44.799267,-124.096392
2020-07-14T10:57:39.000,0.89,7.49,8,44.799267,-124.096392
2020-07-14T11:12:39.000,0.89,7.51,7.99,44.799267,-124.096392
2020-07-14T11:27:39.000,0.92,7.74,8,44.799267,-124.096392
2020-07-14T11:42:39.000,0.91,7.71,8.01,44.799267,-124.096392
2020-07-14T11:57:39.000,0.91,7.67,7.99,44.799267,-124.096392
2020-07-14T12:12:39.000,0.88,7.43,7.97,44.799267,-124.096392
2020-07-14T12:27:39.000,0.84,7.08,7.97,44.799267,-124.096392
2020-07-14T12:42:39.000,0.82,6.93,7.97,44.799267,-124.096392
2020-07-14T12:57:39.000,0.78,6.57,7.97,44.799267,-124.096392
2020-07-14T13:12:39.000,0.78,6.59,7.96,44.799267,-124.096392
2020-07-14T13:27:39.000,0.81,6.86,7.97,44.799267,-124.096392
2020-07-14T13:42:39.000,0.8,6.78,7.96,44.799267,-124.096392
2020-07-14T13:57:39.000,0.76,6.45,7.95,44.799267,-124.096392
2020-07-14T14:12:39.000,0.72,6.07,7.92,44.799267,-124.096392
2020-07-14T14:27:39.000,0.71,5.98,7.92,44.799267,-124.096392
2020-07-14T14:42:39.000,0.7,5.88,7.92,44.799267,-124.096392
2020-07-14T14:57:39.000,0.7,5.92,7.91,44.799267,-124.096392
2020-07-14T15:12:39.000,0.72,6.05,7.91,44.799267,-124.096392
2020-07-14T15:27:39.000,0.72,6.06,7.92,44.799267,-124.096392
2020-07-14T15:42:39.000,0.74,6.2,7.92,44.799267,-124.096392
2020-07-14T15:57:39.000,0.86,7.27,7.93,44.799267,-124.096392
2020-07-14T16:12:39.000,0.86,7.28,7.94,44.799267,-124.096392
2020-07-14T16:27:39.000,0.91,7.66,7.95,44.799267,-124.096392
2020-07-14T16:42:39.000,0.88,7.41,7.95,44.799267,-124.096392
2020-07-14T16:57:39.000,0.88,7.43,7.97,44.799267,-124.096392
2020-07-14T17:12:39.000,0.84,7.06,7.97,44.799267,-124.096392
2020-07-14T17:27:39.000,0.86,7.24,7.97,44.799267,-124.096392
2020-07-14T17:42:39.000,0.79,6.68,7.95,44.799267,-124.096392
2020-07-14T17:57:39.000,0.76,6.43,7.94,44.799267,-124.096392
2020-07-14T18:12:39.000,0.83,7,7.97,44.799267,-124.096392
2020-07-14T18:27:39.000,0.74,6.27,7.92,44.799267,-124.096392
2020-07-14T18:42:39.000,0.73,6.19,7.92,44.799267,-124.096392
2020-07-14T18:57:39.000,0.7,5.88,7.9,44.799267,-124.096392
2020-07-14T19:12:39.000,0.81,6.82,7.9,44.799267,-124.096392
2020-07-14T19:27:39.000,0.77,6.46,7.9,44.799267,-124.096392
2020-07-14T19:42:39.000,0.76,6.43,7.91,44.799267,-124.096392
2020-07-14T19:57:39.000,0.78,6.54,7.9,44.799267,-124.096392
2020-07-14T20:12:39.000,0.76,6.43,7.89,44.799267,-124.096392
2020-07-14T20:27:39.000,0.77,6.47,7.89,44.799267,-124.096392
2020-07-14T20:42:39.000,0.73,6.18,7.87,44.799267,-124.096392
2020-07-14T20:57:39.000,0.74,6.22,7.87,44.799267,-124.096392
2020-07-14T21:12:39.000,0.75,6.27,7.88,44.799267,-124.096392
2020-07-14T21:27:39.000,0.81,6.81,7.9,44.799267,-124.096392
2020-07-14T21:42:39.000,0.79,6.67,7.91,44.799267,-124.096392
2020-07-14T21:57:39.000,0.8,6.77,7.92,44.799267,-124.096392
2020-07-14T22:12:39.000,0.84,7.05,7.94,44.799267,-124.096392
2020-07-14T22:27:39.000,0.88,7.45,7.95,44.799267,-124.096392
2020-07-14T22:42:39.000,0.88,7.4,7.95,44.799267,-124.096392
2020-07-14T22:57:39.000,0.91,7.67,7.95,44.799267,-124.096392
2020-07-14T23:12:39.000,0.92,7.77,7.95,44.799267,-124.096392
2020-07-14T23:27:39.000,0.9,7.59,7.96,44.799267,-124.096392
2020-07-14T23:42:39.000,0.9,7.6,7.97,44.799267,-124.096392
2020-07-14T23:57:39.000,0.91,7.7,7.97,44.799267,-124.096392
2020-07-15T00:12:39.000,0.92,7.73,7.95,44.799267,-124.096392
2020-07-15T00:27:39.000,0.93,7.88,7.94,44.799267,-124.096392
2020-07-15T00:42:39.000,0.93,7.84,7.93,44.799267,-124.096392
2020-07-15T00:57:39.000,0.89,7.52,7.92,44.799267,-124.096392
2020-07-15T01:12:39.000,0.86,7.22,7.91,44.799267,-124.096392
2020-07-15T01:27:39.000,0.82,6.91,7.89,44.799267,-124.096392
2020-07-15T01:42:39.000,0.79,6.68,7.87,44.799267,-124.096392
2020-07-15T01:57:39.000,0.79,6.66,7.87,44.799267,-124.096392
2020-07-15T02:12:39.000,0.77,6.46,7.87,44.799267,-124.096392
2020-07-15T02:27:39.000,0.76,6.39,7.87,44.799267,-124.096392
2020-07-15T02:42:39.000,0.77,6.49,7.86,44.799267,-124.096392
2020-07-15T02:57:39.000,0.75,6.33,7.87,44.799267,-124.096392
2020-07-15T03:12:39.000,0.82,6.92,7.86,44.799267,-124.096392
2020-07-15T03:27:39.000,0.85,7.19,7.87,44.799267,-124.096392
2020-07-15T03:42:39.000,0.88,7.4,7.87,44.799267,-124.096392
2020-07-15T03:57:39.000,0.87,7.32,7.87,44.799267,-124.096392
2020-07-15T04:12:39.000,0.89,7.47,7.89,44.799267,-124.096392
2020-07-15T04:27:39.000,0.82,6.91,7.9,44.799267,-124.096392
2020-07-15T04:42:39.000,0.87,7.35,7.9,44.799267,-124.096392
2020-07-15T04:57:39.000,0.78,6.59,7.87,44.799267,-124.096392
2020-07-15T05:12:39.000,0.82,6.89,7.89,44.799267,-124.096392
2020-07-15T05:27:39.000,0.84,7.03,7.88,44.799267,-124.096392
2020-07-15T05:42:39.000,0.83,7.01,7.89,44.799267,-124.096392
2020-07-15T05:57:39.000,0.84,7.07,7.89,44.799267,-124.096392
2020-07-15T06:12:39.000,0.82,6.89,7.85,44.799267,-124.096392
2020-07-15T06:27:39.000,0.83,7,7.83,44.799267,-124.096392
2020-07-15T06:42:39.000,0.84,7.07,7.84,44.799267,-124.096392
2020-07-15T06:57:39.000,0.83,6.97,7.85,44.799267,-124.096392
2020-07-15T07:12:39.000,0.88,7.39,7.87,44.799267,-124.096392
2020-07-15T07:27:39.000,0.88,7.44,7.87,44.799267,-124.096392
2020-07-15T07:42:39.000,0.88,7.42,7.86,44.799267,-124.096392
2020-07-15T07:57:39.000,0.88,7.38,7.85,44.799267,-124.096392
2020-07-15T08:12:39.000,0.86,7.22,7.85,44.799267,-124.096392
2020-07-15T08:27:39.000,0.88,7.44,7.85,44.799267,-124.096392
2020-07-15T08:42:39.000,0.86,7.26,7.83,44.799267,-124.096392
2020-07-15T08:57:39.000,0.89,7.52,7.83,44.799267,-124.096392
2020-07-15T09:12:39.000,0.89,7.49,7.83,44.799267,-124.096392
2020-07-15T09:27:39.000,0.96,8.08,7.85,44.799267,-124.096392
2020-07-15T09:42:39.000,0.96,8.05,7.85,44.799267,-124.096392
2020-07-15T09:57:39.000,0.96,8.09,7.85,44.799267,-124.096392
2020-07-15T10:12:39.000,0.98,8.26,7.85,44.799267,-124.096392
2020-07-15T10:27:39.000,0.91,7.61,7.8,44.799267,-124.096392
2020-07-15T10:42:39.000,0.92,7.77,7.8,44.799267,-124.096392
2020-07-15T10:57:39.000,0.93,7.78,7.8,44.799267,-124.096392
2020-07-15T11:12:39.000,0.95,7.96,7.79,44.799267,-124.096392
2020-07-15T11:27:39.000,0.98,8.21,7.78,44.799267,-124.096392
2020-07-15T11:42:39.000,0.99,8.3,7.78,44.799267,-124.096392
2020-07-15T11:57:39.000,1,8.42,7.78,44.799267,-124.096392
2020-07-15T12:12:39.000,1.06,8.91,7.75,44.799267,-124.096392
2020-07-15T12:27:39.000,1.09,9.12,7.73,44.799267,-124.096392
2020-07-15T12:42:39.000,1.08,9.09,7.73,44.799267,-124.096392
2020-07-15T12:57:39.000,1.06,8.92,7.74,44.799267,-124.096392
2020-07-15T13:12:39.000,1.05,8.8,7.75,44.799267,-124.096392
2020-07-15T13:27:39.000,1.03,8.65,7.75,44.799267,-124.096392
2020-07-15T13:42:39.000,1.05,8.79,7.75,44.799267,-124.096392
2020-07-15T13:57:39.000,1.02,8.57,7.74,44.799267,-124.096392
2020-07-15T14:12:39.000,1.01,8.47,7.74,44.799267,-124.096392
2020-07-15T14:27:39.000,0.99,8.3,7.75,44.799267,-124.096392
2020-07-15T14:42:39.000,0.99,8.29,7.75,44.799267,-124.096392
2020-07-15T14:57:39.000,1.01,8.45,7.76,44.799267,-124.096392
2020-07-15T15:12:39.000,1.02,8.58,7.77,44.799267,-124.096392
2020-07-15T15:27:39.000,1.01,8.48,7.76,44.799267,-124.096392
2020-07-15T15:42:39.000,0.96,8.03,7.73,44.799267,-124.096392
2020-07-15T15:57:39.000,0.97,8.13,7.72,44.799267,-124.096392
2020-07-15T16:12:39.000,0.98,8.23,7.71,44.799267,-124.096392
2020-07-15T16:27:39.000,0.99,8.29,7.71,44.799267,-124.096392
2020-07-15T16:42:39.000,1.01,8.47,7.68,44.799267,-124.096392
2020-07-15T16:57:39.000,1.01,8.5,7.68,44.799267,-124.096392
2020-07-15T17:12:39.000,1.03,8.63,7.68,44.799267,-124.096392
2020-07-15T17:27:39.000,1.08,9.04,7.68,44.799267,-124.096392
2020-07-15T17:42:39.000,1.14,9.59,7.71,44.799267,-124.096392
2020-07-15T17:57:39.000,1.18,9.92,7.72,44.799267,-124.096392
2020-07-15T18:12:39.000,1.24,10.37,7.74,44.799267,-124.096392
2020-07-15T18:27:39.000,1.26,10.56,7.75,44.799267,-124.096392
2020-07-15T18:42:39.000,1.18,9.89,7.73,44.799267,-124.096392
2020-07-15T18:57:39.000,1.07,8.96,7.66,44.799267,-124.096392
2020-07-15T19:12:39.000,1.06,8.85,7.66,44.799267,-124.096392
2020-07-15T19:27:39.000,1.08,9.09,7.67,44.799267,-124.096392
2020-07-15T19:42:39.000,1.09,9.15,7.68,44.799267,-124.096392
2020-07-15T19:57:39.000,1.03,8.59,7.63,44.799267,-124.096392
2020-07-15T20:12:39.000,0.98,8.22,7.61,44.799267,-124.096392
2020-07-15T20:27:39.000,1,8.35,7.63,44.799267,-124.096392
2020-07-15T20:42:39.000,0.95,7.96,7.6,44.799267,-124.096392
2020-07-15T20:57:39.000,0.91,7.65,7.58,44.799267,-124.096392
2020-07-15T21:12:39.000,0.89,7.48,7.59,44.799267,-124.096392
2020-07-15T21:27:39.000,0.86,7.21,7.6,44.799267,-124.096392
2020-07-15T21:42:39.000,0.84,7.06,7.62,44.799267,-124.096392
2020-07-15T21:57:39.000,0.84,7.02,7.63,44.799267,-124.096392
2020-07-15T22:12:39.000,0.86,7.16,7.63,44.799267,-124.096392
2020-07-15T22:27:39.000,0.87,7.27,7.64,44.799267,-124.096392
2020-07-15T22:42:39.000,0.88,7.36,7.65,44.799267,-124.096392
2020-07-15T22:57:39.000,0.86,7.23,7.64,44.799267,-124.096392
2020-07-15T23:12:39.000,0.85,7.15,7.64,44.799267,-124.096392
2020-07-15T23:27:39.000,0.84,7,7.56,44.799267,-124.096392
2020-07-15T23:42:39.000,0.83,6.91,7.56,44.799267,-124.096392
2020-07-15T23:57:39.000,0.85,7.11,7.56,44.799267,-124.096392
2020-07-16T00:12:39.000,0.84,7.05,7.56,44.799267,-124.096392
2020-07-16T00:27:39.000,0.85,7.09,7.58,44.799267,-124.096392
2020-07-16T00:42:39.000,0.84,7.03,7.61,44.799267,-124.096392
2020-07-16T00:57:39.000,0.84,6.99,7.59,44.799267,-124.096392
2020-07-16T01:12:39.000,0.84,7.06,7.59,44.799267,-124.096392
2020-07-16T01:27:39.000,0.85,7.1,7.58,44.799267,-124.096392
2020-07-16T01:42:39.000,0.85,7.08,7.58,44.799267,-124.096392
2020-07-16T01:57:39.000,0.86,7.2,7.61,44.799267,-124.096392
2020-07-16T02:12:39.000,0.83,6.92,7.61,44.799267,-124.096392
2020-07-16T02:27:39.000,0.85,7.1,7.61,44.799267,-124.096392
2020-07-16T02:42:39.000,0.84,7.02,7.61,44.799267,-124.096392
2020-07-16T02:57:39.000,0.82,6.89,7.61,44.799267,-124.096392
2020-07-16T03:12:39.000,0.82,6.85,7.6,44.799267,-124.096392
2020-07-16T03:27:39.000,0.81,6.76,7.6,44.799267,-124.096392
2020-07-16T03:42:39.000,0.79,6.65,7.6,44.799267,-124.096392
2020-07-16T03:57:39.000,0.71,5.92,7.56,44.799267,-124.096392
2020-07-16T04:12:39.000,0.71,5.93,7.56,44.799267,-124.096392
2020-07-16T04:27:39.000,0.71,5.97,7.55,44.799267,-124.096392
2020-07-16T04:42:39.000,0.71,5.96,7.55,44.799267,-124.096392
2020-07-16T04:57:39.000,0.73,6.13,7.54,44.799267,-124.096392
2020-07-16T05:12:39.000,0.73,6.1,7.54,44.799267,-124.096392
2020-07-16T05:27:39.000,0.72,6.05,7.54,44.799267,-124.096392
2020-07-16T05:42:39.000,0.76,6.33,7.55,44.799267,-124.096392
2020-07-16T05:57:39.000,0.74,6.17,7.55,44.799267,-124.096392
2020-07-16T06:12:39.000,0.78,6.49,7.56,44.799267,-124.096392
2020-07-16T06:27:39.000,0.75,6.3,7.56,44.799267,-124.096392
2020-07-16T06:42:39.000,0.75,6.28,7.56,44.799267,-124.096392
2020-07-16T06:57:39.000,0.81,6.81,7.58,44.799267,-124.096392
2020-07-16T07:12:39.000,0.78,6.56,7.59,44.799267,-124.096392
2020-07-16T07:27:39.000,0.81,6.81,7.59,44.799267,-124.096392
2020-07-16T07:42:39.000,0.84,7.01,7.59,44.799267,-124.096392
2020-07-16T07:57:39.000,0.86,7.15,7.59,44.799267,-124.096392
2020-07-16T08:12:39.000,0.84,7.04,7.59,44.799267,-124.096392
2020-07-16T08:27:39.000,0.86,7.17,7.6,44.799267,-124.096392
2020-07-16T08:42:39.000,0.83,6.91,7.61,44.799267,-124.096392
2020-07-16T08:57:39.000,0.8,6.67,7.56,44.799267,-124.096392
2020-07-16T09:12:39.000,0.79,6.62,7.55,44.799267,-124.096392
2020-07-16T09:27:39.000,0.81,6.81,7.55,44.799267,-124.096392
2020-07-16T09:42:39.000,0.84,6.99,7.55,44.799267,-124.096392
2020-07-16T09:57:39.000,0.84,7.01,7.54,44.799267,-124.096392
2020-07-16T10:12:39.000,0.87,7.28,7.54,44.799267,-124.096392
2020-07-16T10:27:39.000,0.91,7.62,7.54,44.799267,-124.096392
2020-07-16T10:42:39.000,0.93,7.8,7.54,44.799267,-124.096392
2020-07-16T10:57:39.000,0.96,7.98,7.51,44.799267,-124.096392
2020-07-16T11:12:39.000,0.97,8.09,7.51,44.799267,-124.096392
2020-07-16T11:27:39.000,0.98,8.16,7.53,44.799267,-124.096392
2020-07-16T11:42:39.000,1,8.39,7.54,44.799267,-124.096392
2020-07-16T11:57:39.000,1.04,8.68,7.56,44.799267,-124.096392
2020-07-16T12:12:39.000,0.91,7.62,7.49,44.799267,-124.096392
2020-07-16T12:27:39.000,0.95,7.95,7.5,44.799267,-124.096392
2020-07-16T12:42:39.000,0.95,7.91,7.5,44.799267,-124.096392
2020-07-16T12:57:39.000,0.96,7.98,7.49,44.799267,-124.096392
2020-07-16T13:12:39.000,0.99,8.27,7.5,44.799267,-124.096392
2020-07-16T13:27:39.000,1.04,8.68,7.52,44.799267,-124.096392
2020-07-16T13:42:39.000,1.05,8.74,7.54,44.799267,-124.096392
2020-07-16T13:57:39.000,1.05,8.78,7.54,44.799267,-124.096392
2020-07-16T14:12:39.000,0.98,8.21,7.5,44.799267,-124.096392
2020-07-16T14:27:39.000,1.02,8.48,7.51,44.799267,-124.096392
2020-07-16T14:42:39.000,1.03,8.58,7.51,44.799267,-124.096392
2020-07-16T14:57:39.000,1.05,8.75,7.53,44.799267,-124.096392
2020-07-16T15:12:39.000,1.04,8.67,7.53,44.799267,-124.096392
2020-07-16T15:27:39.000,1.03,8.56,7.54,44.799267,-124.096392
2020-07-16T15:42:39.000,1.02,8.54,7.53,44.799267,-124.096392
2020-07-16T15:57:39.000,1.01,8.43,7.53,44.799267,-124.096392
2020-07-16T16:12:39.000,0.96,7.99,7.51,44.799267,-124.096392
2020-07-16T16:27:39.000,0.95,7.94,7.5,44.799267,-124.096392
2020-07-16T16:42:39.000,0.95,7.96,7.51,44.799267,-124.096392
2020-07-16T16:57:39.000,0.96,8.05,7.51,44.799267,-124.096392
2020-07-16T17:12:39.000,0.97,8.06,7.51,44.799267,-124.096392
2020-07-16T17:27:39.000,0.96,7.98,7.53,44.799267,-124.096392
2020-07-16T17:42:39.000,0.96,8.02,7.54,44.799267,-124.096392
2020-07-16T17:57:39.000,0.99,8.25,7.54,44.799267,-124.096392
2020-07-16T18:12:39.000,0.99,8.27,7.54,44.799267,-124.096392
2020-07-16T18:27:39.000,0.97,8.13,7.55,44.799267,-124.096392
2020-07-16T18:42:39.000,0.87,7.29,7.53,44.799267,-124.096392
2020-07-16T18:57:39.000,0.84,7.02,7.53,44.799267,-124.096392
2020-07-16T19:12:39.000,0.86,7.19,7.54,44.799267,-124.096392
2020-07-16T19:27:39.000,0.89,7.39,7.54,44.799267,-124.096392
2020-07-16T19:42:39.000,0.87,7.26,7.54,44.799267,-124.096392
2020-07-16T19:57:39.000,0.84,6.99,7.54,44.799267,-124.096392
2020-07-16T20:12:39.000,0.8,6.69,7.54,44.799267,-124.096392
2020-07-16T20:27:39.000,0.81,6.78,7.54,44.799267,-124.096392
2020-07-16T20:42:39.000,0.77,6.4,7.54,44.799267,-124.096392
2020-07-16T20:57:39.000,0.79,6.57,7.54,44.799267,-124.096392
2020-07-16T21:12:39.000,0.81,6.76,7.54,44.799267,-124.096392
2020-07-16T21:27:39.000,0.79,6.56,7.53,44.799267,-124.096392
2020-07-16T21:42:39.000,0.78,6.51,7.52,44.799267,-124.096392
2020-07-16T21:57:39.000,0.76,6.32,7.49,44.799267,-124.096392
2020-07-16T22:12:39.000,0.78,6.5,7.47,44.799267,-124.096392
2020-07-16T22:27:39.000,0.77,6.42,7.46,44.799267,-124.096392
2020-07-16T22:42:39.000,0.77,6.45,7.44,44.799267,-124.096392
2020-07-16T22:57:39.000,0.8,6.66,7.44,44.799267,-124.096392
2020-07-16T23:12:39.000,0.8,6.67,7.44,44.799267,-124.096392
2020-07-16T23:27:39.000,0.81,6.74,7.44,44.799267,-124.096392
2020-07-16T23:42:39.000,0.8,6.69,7.44,44.799267,-124.096392
2020-07-16T23:57:39.000,0.82,6.85,7.44,44.799267,-124.096392
2020-07-17T00:12:39.000,0.81,6.73,7.44,44.799267,-124.096392
2020-07-17T00:27:39.000,0.81,6.78,7.44,44.799267,-124.096392
2020-07-17T00:42:39.000,0.79,6.58,7.44,44.799267,-124.096392
2020-07-17T00:57:39.000,0.79,6.56,7.42,44.799267,-124.096392
2020-07-17T01:12:39.000,0.78,6.5,7.41,44.799267,-124.096392
2020-07-17T01:27:39.000,0.78,6.47,7.41,44.799267,-124.096392
2020-07-17T01:42:39.000,0.78,6.5,7.41,44.799267,-124.096392
2020-07-17T01:57:39.000,0.78,6.47,7.41,44.799267,-124.096392
2020-07-17T02:12:39.000,0.82,6.84,7.41,44.799267,-124.096392
2020-07-17T02:27:39.000,0.85,7.08,7.41,44.799267,-124.096392
2020-07-17T02:42:39.000,0.81,6.77,7.41,44.799267,-124.096392
2020-07-17T02:57:39.000,0.78,6.47,7.41,44.799267,-124.096392
2020-07-17T03:12:39.000,0.75,6.21,7.41,44.799267,-124.096392
2020-07-17T03:27:39.000,0.73,6.05,7.41,44.799267,-124.096392
2020-07-17T03:42:39.000,0.69,5.75,7.41,44.799267,-124.096392
2020-07-17T03:57:39.000,0.73,6.06,7.41,44.799267,-124.096392
2020-07-17T04:12:39.000,0.85,7.1,7.41,44.799267,-124.096392
2020-07-17T04:27:39.000,0.85,7.03,7.42,44.799267,-124.096392
2020-07-17T04:42:39.000,0.85,7.1,7.42,44.799267,-124.096392
2020-07-17T04:57:39.000,0.83,6.88,7.43,44.799267,-124.096392
2020-07-17T05:12:39.000,0.85,7.12,7.44,44.799267,-124.096392
2020-07-17T05:27:39.000,0.81,6.77,7.44,44.799267,-124.096392
2020-07-17T05:42:39.000,0.81,6.73,7.44,44.799267,-124.096392
2020-07-17T05:57:39.000,0.79,6.54,7.45,44.799267,-124.096392
2020-07-17T06:12:39.000,0.78,6.51,7.45,44.799267,-124.096392
2020-07-17T06:27:39.000,0.78,6.52,7.44,44.799267,-124.096392
2020-07-17T06:42:39.000,0.76,6.29,7.44,44.799267,-124.096392
2020-07-17T06:57:39.000,0.71,5.92,7.44,44.799267,-124.096392
2020-07-17T07:12:39.000,0.74,6.15,7.44,44.799267,-124.096392
2020-07-17T07:27:39.000,0.78,6.5,7.44,44.799267,-124.096392
2020-07-17T07:42:39.000,0.71,5.91,7.44,44.799267,-124.096392
2020-07-17T07:57:39.000,0.68,5.63,7.43,44.799267,-124.096392
2020-07-17T08:12:39.000,0.75,6.27,7.43,44.799267,-124.096392
2020-07-17T08:27:39.000,0.7,5.84,7.43,44.799267,-124.096392
2020-07-17T08:42:39.000,0.71,5.9,7.43,44.799267,-124.096392
2020-07-17T08:57:39.000,0.73,6.04,7.42,44.799267,-124.096392
2020-07-17T09:12:39.000,0.74,6.18,7.42,44.799267,-124.096392
2020-07-17T09:27:39.000,0.81,6.75,7.42,44.799267,-124.096392
2020-07-17T09:42:39.000,0.77,6.4,7.42,44.799267,-124.096392
2020-07-17T09:57:39.000,0.75,6.24,7.42,44.799267,-124.096392
2020-07-17T10:12:39.000,0.73,6.11,7.43,44.799267,-124.096392
2020-07-17T10:27:39.000,0.76,6.32,7.42,44.799267,-124.096392
2020-07-17T10:42:39.000,0.79,6.59,7.43,44.799267,-124.096392
2020-07-17T10:57:39.000,0.79,6.55,7.43,44.799267,-124.096392
2020-07-17T11:12:39.000,0.76,6.33,7.43,44.799267,-124.096392
2020-07-17T11:27:39.000,0.72,6.01,7.44,44.799267,-124.096392
2020-07-17T11:42:39.000,0.78,6.49,7.44,44.799267,-124.096392
2020-07-17T11:57:39.000,0.81,6.71,7.44,44.799267,-124.096392
2020-07-17T12:12:39.000,0.78,6.53,7.44,44.799267,-124.096392
2020-07-17T12:27:39.000,0.8,6.67,7.44,44.799267,-124.096392
2020-07-17T12:42:39.000,0.82,6.81,7.44,44.799267,-124.096392
2020-07-17T12:57:39.000,0.84,6.97,7.44,44.799267,-124.096392
2020-07-17T13:12:39.000,0.8,6.64,7.44,44.799267,-124.096392
2020-07-17T13:27:39.000,0.78,6.49,7.44,44.799267,-124.096392
2020-07-17T13:42:39.000,0.79,6.58,7.44,44.799267,-124.096392
2020-07-17T13:57:39.000,0.8,6.64,7.44,44.799267,-124.096392
2020-07-17T14:12:39.000,0.78,6.48,7.44,44.799267,-124.096392
2020-07-17T14:27:39.000,0.78,6.49,7.44,44.799267,-124.096392
2020-07-17T14:42:39.000,0.83,6.88,7.45,44.799267,-124.096392
2020-07-17T14:57:39.000,0.8,6.68,7.45,44.799267,-124.096392
2020-07-17T15:12:39.000,0.75,6.28,7.44,44.799267,-124.096392
2020-07-17T15:27:39.000,0.79,6.54,7.44,44.799267,-124.096392
2020-07-17T15:42:39.000,0.86,7.12,7.45,44.799267,-124.096392
2020-07-17T15:57:39.000,0.85,7.05,7.46,44.799267,-124.096392
2020-07-17T16:12:39.000,0.83,6.9,7.46,44.799267,-124.096392
2020-07-17T16:27:39.000,0.83,6.95,7.46,44.799267,-124.096392
2020-07-17T16:42:39.000,0.82,6.82,7.46,44.799267,-124.096392
2020-07-17T16:57:39.000,0.8,6.66,7.46,44.799267,-124.096392
2020-07-17T17:12:39.000,0.78,6.5,7.46,44.799267,-124.096392
2020-07-17T17:27:39.000,0.82,6.8,7.46,44.799267,-124.096392
2020-07-17T17:42:39.000,0.83,6.88,7.46,44.799267,-124.096392
2020-07-17T17:57:39.000,0.78,6.52,7.46,44.799267,-124.096392
2020-07-17T18:12:39.000,0.8,6.68,7.45,44.799267,-124.096392
2020-07-17T18:27:39.000,0.78,6.47,7.45,44.799267,-124.096392
2020-07-17T18:42:39.000,0.79,6.59,7.44,44.799267,-124.096392
2020-07-17T18:57:39.000,0.77,6.37,7.44,44.799267,-124.096392
2020-07-17T19:12:39.000,0.84,6.96,7.44,44.799267,-124.096392
2020-07-17T19:27:39.000,0.8,6.68,7.44,44.799267,-124.096392
2020-07-17T19:42:39.000,0.82,6.84,7.44,44.799267,-124.096392
2020-07-17T19:57:39.000,0.82,6.83,7.43,44.799267,-124.096392
2020-07-17T20:12:39.000,0.81,6.77,7.42,44.799267,-124.096392
2020-07-17T20:27:39.000,0.82,6.79,7.42,44.799267,-124.096392
2020-07-17T20:42:39.000,0.82,6.79,7.42,44.799267,-124.096392
2020-07-17T20:57:39.000,0.82,6.8,7.41,44.799267,-124.096392
2020-07-17T21:12:39.000,0.78,6.52,7.42,44.799267,-124.096392
2020-07-17T21:27:39.000,0.81,6.77,7.42,44.799267,-124.096392
2020-07-17T21:42:39.000,0.81,6.77,7.42,44.799267,-124.096392
2020-07-17T21:57:39.000,0.82,6.8,7.42,44.799267,-124.096392
2020-07-17T22:12:39.000,0.83,6.94,7.42,44.799267,-124.096392
2020-07-17T22:27:39.000,0.82,6.84,7.42,44.799267,-124.096392
2020-07-17T22:42:39.000,0.82,6.79,7.43,44.799267,-124.096392
