Time (UTC),DO (ml/L),Dissolved Oxygen (%),Temperature (C),Latitude,Longitude
2020-05-27T00:27:24.000,8.18,73.44,10.55,45.836303,-123.98132
2020-05-27T00:42:24.000,8.23,73.93,10.58,45.836303,-123.98132
2020-05-27T00:57:24.000,8.33,74.84,10.62,45.836303,-123.98132
2020-05-27T01:12:24.000,8.36,75.2,10.64,45.836303,-123.98132
2020-05-27T01:27:24.000,8.39,75.52,10.65,45.836303,-123.98132
2020-05-27T01:42:24.000,8.39,75.44,10.65,45.836303,-123.98132
2020-05-27T01:57:24.000,8.35,75.06,10.63,45.836303,-123.98132
2020-05-27T02:12:24.000,8.07,72.31,10.51,45.836303,-123.98132
2020-05-27T02:27:24.000,7.94,71.01,10.41,45.836303,-123.98132
2020-05-27T02:42:24.000,7.9,70.6,10.38,45.836303,-123.98132
2020-05-27T02:57:24.000,7.89,70.48,10.36,45.836303,-123.98132
2020-05-27T03:12:24.000,7.78,69.43,10.31,45.836303,-123.98132
2020-05-27T03:27:24.000,7.8,69.58,10.31,45.836303,-123.98132
2020-05-27T03:42:24.000,7.43,65.92,10.08,45.836303,-123.98132
2020-05-27T03:57:24.000,7.34,65.09,10.03,45.836303,-123.98132
2020-05-27T04:12:24.000,7.37,65.34,10.06,45.836303,-123.98132
2020-05-27T04:27:24.000,7.38,65.52,10.08,45.836303,-123.98132
2020-05-27T04:42:24.000,7.28,64.51,10.01,45.836303,-123.98132
2020-05-27T04:57:24.000,7.37,65.37,10.06,45.836303,-123.98132
2020-05-27T05:12:24.000,7.42,65.93,10.11,45.836303,-123.98132
2020-05-27T05:27:24.000,7.56,67.33,10.2,45.836303,-123.98132
2020-05-27T05:42:24.000,7.76,69.22,10.31,45.836303,-123.98132
2020-05-27T05:57:24.000,7.98,71.45,10.48,45.836303,-123.98132
2020-05-27T06:12:24.000,8.31,74.78,10.69,45.836303,-123.98132
2020-05-27T06:27:24.000,8.62,78.06,10.92,45.836303,-123.98132
2020-05-27T06:42:24.000,8.77,79.66,11.06,45.836303,-123.98132
2020-05-27T06:57:24.000,8.94,81.46,11.22,45.836303,-123.98132
2020-05-27T07:12:24.000,8.94,81.5,11.24,45.836303,-123.98132
2020-05-27T07:27:24.000,8.94,81.53,11.26,45.836303,-123.98132
2020-05-27T07:42:24.000,8.97,81.86,11.29,45.836303,-123.98132
2020-05-27T07:57:24.000,8.96,81.76,11.29,45.836303,-123.98132
2020-05-27T08:12:24.000,8.94,81.65,11.29,45.836303,-123.98132
2020-05-27T08:27:24.000,8.93,81.49,11.29,45.836303,-123.98132
2020-05-27T08:42:24.000,9.01,82.32,11.34,45.836303,-123.98132
2020-05-27T08:57:24.000,8.93,81.36,11.2,45.836303,-123.98132
2020-05-27T09:12:24.000,8.54,77.27,10.92,45.836303,-123.98132
2020-05-27T09:27:24.000,8.01,71.87,10.52,45.836303,-123.98132
2020-05-27T09:42:24.000,7.58,67.46,10.22,45.836303,-123.98132
2020-05-27T09:57:24.000,7.3,64.76,10.06,45.836303,-123.98132
2020-05-27T10:12:24.000,7.05,62.31,9.88,45.836303,-123.98132
2020-05-27T10:27:24.000,6.96,61.37,9.8,45.836303,-123.98132
2020-05-27T10:42:24.000,6.89,60.65,9.7,45.836303,-123.98132
2020-05-27T10:57:24.000,6.83,59.97,9.66,45.836303,-123.98132
2020-05-27T11:12:24.000,6.72,58.91,9.58,45.836303,-123.98132
2020-05-27T11:27:24.000,6.49,56.71,9.44,45.836303,-123.98132
2020-05-27T11:42:24.000,6.41,56.02,9.4,45.836303,-123.98132
2020-05-27T11:57:24.000,6.42,56.06,9.41,45.836303,-123.98132
2020-05-27T12:12:24.000,6.44,56.25,9.42,45.836303,-123.98132
2020-05-27T12:27:24.000,6.42,56.07,9.4,45.836303,-123.98132
2020-05-27T12:42:24.000,6.27,54.64,9.31,45.836303,-123.98132
2020-05-27T12:57:24.000,6.22,54.16,9.28,45.836303,-123.98132
2020-05-27T13:12:24.000,6.23,54.22,9.28,45.836303,-123.98132
2020-05-27T13:27:24.000,6.2,53.95,9.26,45.836303,-123.98132
2020-05-27T13:42:24.000,6.16,53.58,9.23,45.836303,-123.98132
2020-05-27T13:57:24.000,6.17,53.64,9.23,45.836303,-123.98132
2020-05-27T14:12:24.000,6.17,53.69,9.25,45.836303,-123.98132
2020-05-27T14:27:24.000,6.17,53.69,9.26,45.836303,-123.98132
2020-05-27T14:42:24.000,6.15,53.5,9.24,45.836303,-123.98132
2020-05-27T14:57:24.000,6.12,53.25,9.23,45.836303,-123.98132
2020-05-27T15:12:24.000,6.1,53.08,9.22,45.836303,-123.98132
2020-05-27T15:27:24.000,6.11,53.17,9.23,45.836303,-123.98132
2020-05-27T15:42:24.000,6.08,52.92,9.23,45.836303,-123.98132
2020-05-27T15:57:24.000,6.06,52.65,9.21,45.836303,-123.98132
2020-05-27T16:12:24.000,5.98,51.92,9.17,45.836303,-123.98132
2020-05-27T16:27:24.000,5.93,51.5,9.14,45.836303,-123.98132
2020-05-27T16:42:24.000,5.93,51.46,9.16,45.836303,-123.98132
2020-05-27T16:57:24.000,5.99,52.03,9.18,45.836303,-123.98132
2020-05-27T17:12:24.000,5.99,52.08,9.21,45.836303,-123.98132
2020-05-27T17:27:24.000,6.13,53.39,9.28,45.836303,-123.98132
2020-05-27T17:42:24.000,6.27,54.72,9.37,45.836303,-123.98132
2020-05-27T17:57:24.000,6.5,56.95,9.52,45.836303,-123.98132
2020-05-27T18:12:24.000,6.88,60.61,9.77,45.836303,-123.98132
2020-05-27T18:27:24.000,7.17,63.51,9.99,45.836303,-123.98132
2020-05-27T18:42:24.000,7.3,64.78,10.08,45.836303,-123.98132
2020-05-27T18:57:24.000,7.43,66.09,10.17,45.836303,-123.98132
2020-05-27T19:12:24.000,7.93,71.06,10.48,45.836303,-123.98132
2020-05-27T19:27:24.000,8.15,73.26,10.62,45.836303,-123.98132
2020-05-27T19:42:24.000,8.5,76.76,10.8,45.836303,-123.98132
2020-05-27T19:57:24.000,8.67,78.52,10.94,45.836303,-123.98132
2020-05-27T20:12:24.000,8.8,79.93,11.05,45.836303,-123.98132
2020-05-27T20:27:24.000,8.85,80.41,11.07,45.836303,-123.98132
2020-05-27T20:42:24.000,8.46,76.36,10.78,45.836303,-123.98132
2020-05-27T20:57:24.000,8.16,73.27,10.57,45.836303,-123.98132
2020-05-27T21:12:24.000,7.58,67.42,10.17,45.836303,-123.98132
2020-05-27T21:27:24.000,7.18,63.47,9.88,45.836303,-123.98132
2020-05-27T21:42:24.000,7.02,61.9,9.79,45.836303,-123.98132
2020-05-27T21:57:24.000,6.97,61.43,9.76,45.836303,-123.98132
2020-05-27T22:12:24.000,6.96,61.37,9.77,45.836303,-123.98132
2020-05-27T22:27:24.000,7.02,61.88,9.8,45.836303,-123.98132
2020-05-27T22:42:24.000,7.12,62.86,9.86,45.836303,-123.98132
2020-05-27T22:57:24.000,7.13,62.93,9.87,45.836303,-123.98132
2020-05-27T23:12:24.000,7.14,63.02,9.87,45.836303,-123.98132
2020-05-27T23:27:24.000,7.16,63.26,9.87,45.836303,-123.98132
2020-05-27T23:42:24.000,7.14,62.92,9.8,45.836303,-123.98132
2020-05-27T23:57:24.000,7.15,62.94,9.7,45.836303,-123.98132
2020-05-28T00:12:24.000,7.06,61.64,9.38,45.836303,-123.98132
2020-05-28T00:27:24.000,6.84,59.54,9.24,45.836303,-123.98132
2020-05-28T00:42:24.000,6.61,57.35,9.1,45.836303,-123.98132
2020-05-28T00:57:24.000,6.42,55.5,8.99,45.836303,-123.98132
2020-05-28T01:12:24.000,6.32,54.66,8.96,45.836303,-123.98132
2020-05-28T01:27:24.000,6.21,53.64,8.94,45.836303,-123.98132
2020-05-28T01:42:24.000,6.09,52.59,8.93,45.836303,-123.98132
2020-05-28T01:57:24.000,6.08,52.5,8.94,45.836303,-123.98132
2020-05-28T02:12:24.000,6.1,52.73,8.95,45.836303,-123.98132
2020-05-28T02:27:24.000,6.15,53.15,8.97,45.836303,-123.98132
2020-05-28T02:42:24.000,6.19,53.57,8.99,45.836303,-123.98132
2020-05-28T02:57:24.000,6.25,54.06,9,45.836303,-123.98132
2020-05-28T03:12:24.000,6.3,54.57,9.02,45.836303,-123.98132
2020-05-28T03:27:24.000,6.29,54.41,9.03,45.836303,-123.98132
2020-05-28T03:42:24.000,6.26,54.15,9.03,45.836303,-123.98132
2020-05-28T03:57:24.000,6.25,54.12,9.03,45.836303,-123.98132
2020-05-28T04:12:24.000,6.23,53.97,9.04,45.836303,-123.98132
2020-05-28T04:27:24.000,6.24,54.04,9.04,45.836303,-123.98132
2020-05-28T04:42:24.000,6.18,53.48,9.02,45.836303,-123.98132
2020-05-28T04:57:24.000,6.14,53.15,9.02,45.836303,-123.98132
2020-05-28T05:12:24.000,6.08,52.62,8.99,45.836303,-123.98132
2020-05-28T05:27:24.000,6.15,53.18,8.99,45.836303,-123.98132
2020-05-28T05:42:24.000,6.14,53.14,8.99,45.836303,-123.98132
2020-05-28T05:57:24.000,6.13,53.07,8.99,45.836303,-123.98132
2020-05-28T06:12:24.000,6.1,52.77,8.98,45.836303,-123.98132
2020-05-28T06:27:24.000,6.13,52.99,8.99,45.836303,-123.98132
2020-05-28T06:42:24.000,6.34,54.98,9.07,45.836303,-123.98132
2020-05-28T06:57:24.000,6.57,57.08,9.16,45.836303,-123.98132
2020-05-28T07:12:24.000,6.82,59.35,9.24,45.836303,-123.98132
2020-05-28T07:27:24.000,7.33,64,9.38,45.836303,-123.98132
2020-05-28T07:42:24.000,7.67,67.32,9.59,45.836303,-123.98132
2020-05-28T07:57:24.000,7.73,68.04,9.75,45.836303,-123.98132
2020-05-28T08:12:24.000,7.76,68.51,9.86,45.836303,-123.98132
2020-05-28T08:27:24.000,7.77,68.66,9.9,45.836303,-123.98132
2020-05-28T08:42:24.000,8.02,71.26,10.12,45.836303,-123.98132
2020-05-28T08:57:24.000,8.11,72.23,10.22,45.836303,-123.98132
2020-05-28T09:12:24.000,7.58,66.7,9.73,45.836303,-123.98132
2020-05-28T09:27:24.000,6.71,58.34,9.23,45.836303,-123.98132
2020-05-28T09:42:24.000,6.23,53.9,9,45.836303,-123.98132
2020-05-28T09:57:24.000,5.92,51.04,8.86,45.836303,-123.98132
2020-05-28T10:12:24.000,5.81,50.02,8.83,45.836303,-123.98132
2020-05-28T10:27:24.000,5.7,49.07,8.81,45.836303,-123.98132
2020-05-28T10:42:24.000,5.69,48.99,8.81,45.836303,-123.98132
2020-05-28T10:57:24.000,5.67,48.83,8.81,45.836303,-123.98132
2020-05-28T11:12:24.000,5.67,48.82,8.82,45.836303,-123.98132
2020-05-28T11:27:24.000,5.66,48.79,8.83,45.836303,-123.98132
2020-05-28T11:42:24.000,5.71,49.19,8.85,45.836303,-123.98132
2020-05-28T11:57:24.000,5.77,49.75,8.88,45.836303,-123.98132
2020-05-28T12:12:24.000,5.88,50.8,8.92,45.836303,-123.98132
2020-05-28T12:27:24.000,5.99,51.72,8.95,45.836303,-123.98132
2020-05-28T12:42:24.000,6.13,53.04,9,45.836303,-123.98132
2020-05-28T12:57:24.000,6.36,55.07,9.06,45.836303,-123.98132
2020-05-28T13:12:24.000,6.46,56.02,9.11,45.836303,-123.98132
2020-05-28T13:27:24.000,6.54,56.83,9.18,45.836303,-123.98132
2020-05-28T13:42:24.000,6.7,58.36,9.27,45.836303,-123.98132
2020-05-28T13:57:24.000,6.67,58.02,9.25,45.836303,-123.98132
2020-05-28T14:12:24.000,6.58,57.18,9.21,45.836303,-123.98132
2020-05-28T14:27:24.000,6.55,56.92,9.19,45.836303,-123.98132
2020-05-28T14:42:24.000,6.47,56.2,9.16,45.836303,-123.98132
2020-05-28T14:57:24.000,6.21,53.74,9.04,45.836303,-123.98132
2020-05-28T15:12:24.000,6.13,53.07,9.02,45.836303,-123.98132
2020-05-28T15:27:24.000,6.05,52.35,9,45.836303,-123.98132
2020-05-28T15:42:24.000,6.03,52.2,9,45.836303,-123.98132
2020-05-28T15:57:24.000,5.98,51.72,8.98,45.836303,-123.98132
2020-05-28T16:12:24.000,5.89,50.92,8.95,45.836303,-123.98132
2020-05-28T16:27:24.000,5.71,49.27,8.9,45.836303,-123.98132
2020-05-28T16:42:24.000,5.69,49.07,8.89,45.836303,-123.98132
2020-05-28T16:57:24.000,5.7,49.23,8.9,45.836303,-123.98132
2020-05-28T17:12:24.000,5.75,49.66,8.92,45.836303,-123.98132
2020-05-28T17:27:24.000,5.85,50.52,8.92,45.836303,-123.98132
2020-05-28T17:42:24.000,5.91,51.03,8.94,45.836303,-123.98132
2020-05-28T17:57:24.000,5.94,51.32,8.95,45.836303,-123.98132
2020-05-28T18:12:24.000,5.96,51.49,8.95,45.836303,-123.98132
2020-05-28T18:27:24.000,5.98,51.64,8.95,45.836303,-123.98132
2020-05-28T18:42:24.000,6,51.84,8.95,45.836303,-123.98132
2020-05-28T18:57:24.000,6.02,52,8.95,45.836303,-123.98132
2020-05-28T19:12:24.000,6,51.81,8.95,45.836303,-123.98132
2020-05-28T19:27:24.000,5.98,51.7,8.95,45.836303,-123.98132
2020-05-28T19:42:24.000,5.98,51.71,8.95,45.836303,-123.98132
2020-05-28T19:57:24.000,6.01,51.92,8.98,45.836303,-123.98132
2020-05-28T20:12:24.000,6.29,54.59,9.16,45.836303,-123.98132
2020-05-28T20:27:24.000,6.98,61.18,9.52,45.836303,-123.98132
2020-05-28T20:42:24.000,7.22,63.45,9.67,45.836303,-123.98132
2020-05-28T20:57:24.000,7.5,66.15,9.84,45.836303,-123.98132
2020-05-28T21:12:24.000,7.79,69.02,10.03,45.836303,-123.98132
2020-05-28T21:27:24.000,7.85,69.66,10.09,45.836303,-123.98132
2020-05-28T21:42:24.000,7.96,70.85,10.2,45.836303,-123.98132
2020-05-28T21:57:24.000,7.97,70.98,10.24,45.836303,-123.98132
2020-05-28T22:12:24.000,8.17,73.25,10.5,45.836303,-123.98132
2020-05-28T22:27:24.000,8.5,76.58,10.71,45.836303,-123.98132
2020-05-28T22:42:24.000,8.57,77.37,10.78,45.836303,-123.98132
2020-05-28T22:57:24.000,8.42,75.78,10.66,45.836303,-123.98132
2020-05-28T23:12:24.000,8.39,75.35,10.59,45.836303,-123.98132
2020-05-28T23:27:24.000,8.37,74.96,10.48,45.836303,-123.98132
2020-05-28T23:42:24.000,8.31,74.29,10.36,45.836303,-123.98132
2020-05-28T23:57:24.000,8.18,72.99,10.31,45.836303,-123.98132
2020-05-29T00:12:24.000,6.83,59.87,9.56,45.836303,-123.98132
2020-05-29T00:27:24.000,6.4,55.64,9.23,45.836303,-123.98132
2020-05-29T00:42:24.000,6.13,53.15,9.1,45.836303,-123.98132
2020-05-29T00:57:24.000,6.04,52.37,9.07,45.836303,-123.98132
2020-05-29T01:12:24.000,5.95,51.5,9.03,45.836303,-123.98132
2020-05-29T01:27:24.000,5.91,51.15,9.02,45.836303,-123.98132
2020-05-29T01:42:24.000,5.88,50.85,9.01,45.836303,-123.98132
2020-05-29T01:57:24.000,5.87,50.74,9,45.836303,-123.98132
2020-05-29T02:12:24.000,5.87,50.78,9,45.836303,-123.98132
2020-05-29T02:27:24.000,5.89,50.93,9.01,45.836303,-123.98132
2020-05-29T02:42:24.000,5.87,50.79,9.04,45.836303,-123.98132
2020-05-29T02:57:24.000,5.89,51,9.06,45.836303,-123.98132
2020-05-29T03:12:24.000,5.95,51.56,9.07,45.836303,-123.98132
2020-05-29T03:27:24.000,6.03,52.26,9.07,45.836303,-123.98132
2020-05-29T03:42:24.000,6.24,54.09,9.09,45.836303,-123.98132
2020-05-29T03:57:24.000,6.47,56.11,9.09,45.836303,-123.98132
2020-05-29T04:12:24.000,6.61,57.37,9.17,45.836303,-123.98132
2020-05-29T04:27:24.000,6.73,58.61,9.25,45.836303,-123.98132
2020-05-29T04:42:24.000,6.79,59.2,9.3,45.836303,-123.98132
2020-05-29T04:57:24.000,6.88,59.98,9.35,45.836303,-123.98132
2020-05-29T05:12:24.000,7.01,61.29,9.42,45.836303,-123.98132
2020-05-29T05:27:24.000,7.27,63.64,9.52,45.836303,-123.98132
2020-05-29T05:42:24.000,7.45,65.37,9.58,45.836303,-123.98132
2020-05-29T05:57:24.000,7.56,66.37,9.63,45.836303,-123.98132
2020-05-29T06:12:24.000,7.65,67.27,9.67,45.836303,-123.98132
2020-05-29T06:27:24.000,7.73,68.04,9.7,45.836303,-123.98132
2020-05-29T06:42:24.000,6.19,53.68,9.13,45.836303,-123.98132
2020-05-29T06:57:24.000,6.18,53.58,9.1,45.836303,-123.98132
2020-05-29T07:12:24.000,5.95,51.5,9.04,45.836303,-123.98132
2020-05-29T07:27:24.000,6.32,54.94,9.2,45.836303,-123.98132
2020-05-29T07:42:24.000,6.65,58.08,9.37,45.836303,-123.98132
2020-05-29T07:57:24.000,7.69,67.9,9.85,45.836303,-123.98132
2020-05-29T08:12:24.000,8.2,72.97,10.19,45.836303,-123.98132
2020-05-29T08:27:24.000,8.35,74.56,10.36,45.836303,-123.98132
2020-05-29T08:42:24.000,8.48,76.05,10.51,45.836303,-123.98132
2020-05-29T08:57:24.000,8.59,77.24,10.65,45.836303,-123.98132
2020-05-29T09:12:24.000,8.69,78.42,10.78,45.836303,-123.98132
2020-05-29T09:27:24.000,8.82,79.74,10.85,45.836303,-123.98132
2020-05-29T09:42:24.000,9.2,83.32,10.97,45.836303,-123.98132
2020-05-29T09:57:24.000,9.41,85.46,11.08,45.836303,-123.98132
2020-05-29T10:12:24.000,9.38,85.4,11.15,45.836303,-123.98132
2020-05-29T10:27:24.000,9.26,84.38,11.22,45.836303,-123.98132
2020-05-29T10:42:24.000,9.17,83.5,11.18,45.836303,-123.98132
2020-05-29T10:57:24.000,7.72,68.59,10.13,45.836303,-123.98132
2020-05-29T11:12:24.000,6.67,58.34,9.44,45.836303,-123.98132
2020-05-29T11:27:24.000,6.08,52.81,9.17,45.836303,-123.98132
2020-05-29T11:42:24.000,5.89,50.99,9.04,45.836303,-123.98132
2020-05-29T11:57:24.000,5.73,49.55,8.97,45.836303,-123.98132
2020-05-29T12:12:24.000,5.69,49.12,8.93,45.836303,-123.98132
2020-05-29T12:27:24.000,5.75,49.66,8.92,45.836303,-123.98132
2020-05-29T12:42:24.000,5.32,45.89,8.9,45.836303,-123.98132
2020-05-29T12:57:24.000,5.27,45.49,8.88,45.836303,-123.98132
2020-05-29T13:12:24.000,5.37,46.26,8.86,45.836303,-123.98132
2020-05-29T13:27:24.000,5.23,45.08,8.85,45.836303,-123.98132
2020-05-29T13:42:24.000,4.93,42.45,8.83,45.836303,-123.98132
2020-05-29T13:57:24.000,4.65,40.01,8.82,45.836303,-123.98132
2020-05-29T14:12:24.000,3.82,32.91,8.81,45.836303,-123.98132
2020-05-29T14:27:24.000,3.82,32.87,8.81,45.836303,-123.98132
2020-05-29T14:42:24.000,4.14,35.65,8.81,45.836303,-123.98132
2020-05-29T14:57:24.000,4.27,36.75,8.81,45.836303,-123.98132
2020-05-29T15:12:24.000,4.04,34.75,8.8,45.836303,-123.98132
2020-05-29T15:27:24.000,4.2,36.13,8.77,45.836303,-123.98132
2020-05-29T15:42:24.000,4.29,36.84,8.74,45.836303,-123.98132
2020-05-29T15:57:24.000,4.05,34.77,8.73,45.836303,-123.98132
2020-05-29T16:12:24.000,4.08,35.06,8.71,45.836303,-123.98132
2020-05-29T16:27:24.000,5.29,45.44,8.71,45.836303,-123.98132
2020-05-29T16:42:24.000,5.3,45.53,8.71,45.836303,-123.98132
2020-05-29T16:57:24.000,4.7,40.41,8.71,45.836303,-123.98132
2020-05-29T17:12:24.000,4.9,42.12,8.71,45.836303,-123.98132
2020-05-29T17:27:24.000,5.1,43.8,8.73,45.836303,-123.98132
2020-05-29T17:42:24.000,5.23,44.94,8.74,45.836303,-123.98132
2020-05-29T17:57:24.000,4.13,35.53,8.76,45.836303,-123.98132
2020-05-29T18:12:24.000,2.74,23.6,8.78,45.836303,-123.98132
2020-05-29T18:27:24.000,1.09,9.41,8.78,45.836303,-123.98132
2020-05-29T18:42:24.000,3.43,29.53,8.78,45.836303,-123.98132
2020-05-29T18:57:24.000,3.84,33.07,8.8,45.836303,-123.98132
2020-05-29T19:12:24.000,4.84,41.71,8.88,45.836303,-123.98132
2020-05-29T19:27:24.000,5.19,44.94,9.02,45.836303,-123.98132
2020-05-29T19:42:24.000,5.78,50.16,9.16,45.836303,-123.98132
2020-05-29T19:57:24.000,5.44,47.39,9.28,45.836303,-123.98132
2020-05-29T20:12:24.000,5.48,47.94,9.49,45.836303,-123.98132
2020-05-29T20:27:24.000,5.61,49.46,9.82,45.836303,-123.98132
2020-05-29T20:42:24.000,0.93,8.22,9.99,45.836303,-123.98132
2020-05-29T20:57:24.000,0.45,3.97,10.12,45.836303,-123.98132
2020-05-29T21:12:24.000,0.32,2.81,10.33,45.836303,-123.98132
2020-05-29T21:27:24.000,0.24,2.19,10.52,45.836303,-123.98132
2020-05-29T21:42:24.000,0.14,1.28,10.59,45.836303,-123.98132
2020-05-29T21:57:24.000,0.72,6.51,10.64,45.836303,-123.98132
2020-05-29T22:12:24.000,0.72,6.46,10.73,45.836303,-123.98132
2020-05-29T22:27:24.000,0.46,4.13,10.76,45.836303,-123.98132
2020-05-29T22:42:24.000,0.98,8.84,10.75,45.836303,-123.98132
2020-05-29T22:57:24.000,6.68,59,9.89,45.836303,-123.98132
2020-05-29T23:12:24.000,5.11,44.56,9.3,45.836303,-123.98132
2020-05-29T23:27:24.000,2.07,17.98,9.11,45.836303,-123.98132
2020-05-29T23:42:24.000,0.43,3.7,9.09,45.836303,-123.98132
2020-05-29T23:57:24.000,0.09,0.8,9,45.836303,-123.98132
2020-05-30T00:12:24.000,0.04,0.37,8.92,45.836303,-123.98132
2020-05-30T00:27:24.000,0.13,1.13,8.92,45.836303,-123.98132
2020-05-30T00:42:24.000,0.14,1.21,8.88,45.836303,-123.98132
2020-05-30T00:57:24.000,0.05,0.41,8.81,45.836303,-123.98132
2020-05-30T01:12:24.000,0.14,1.24,8.78,45.836303,-123.98132
2020-05-30T01:27:24.000,0.17,1.44,8.76,45.836303,-123.98132
2020-05-30T01:42:24.000,0.08,0.72,8.76,45.836303,-123.98132
2020-05-30T01:57:24.000,2.3,19.75,8.76,45.836303,-123.98132
2020-05-30T02:12:24.000,5.32,45.73,8.73,45.836303,-123.98132
2020-05-30T02:27:24.000,4.54,39.02,8.73,45.836303,-123.98132
2020-05-30T02:42:24.000,2.29,19.7,8.71,45.836303,-123.98132
2020-05-30T02:57:24.000,1.6,13.72,8.71,45.836303,-123.98132
2020-05-30T03:12:24.000,0.86,7.43,8.7,45.836303,-123.98132
2020-05-30T03:27:24.000,4.91,42.17,8.71,45.836303,-123.98132
2020-05-30T03:42:24.000,5.15,44.23,8.71,45.836303,-123.98132
2020-05-30T03:57:24.000,5,42.92,8.71,45.836303,-123.98132
2020-05-30T04:12:24.000,4.55,39.07,8.72,45.836303,-123.98132
2020-05-30T04:27:24.000,4.42,38.01,8.75,45.836303,-123.98132
2020-05-30T04:42:24.000,2.16,18.57,8.77,45.836303,-123.98132
2020-05-30T04:57:24.000,0.56,4.8,8.78,45.836303,-123.98132
2020-05-30T05:12:24.000,0.17,1.44,8.81,45.836303,-123.98132
2020-05-30T05:27:24.000,0.07,0.58,8.78,45.836303,-123.98132
2020-05-30T05:42:24.000,0.04,0.38,8.78,45.836303,-123.98132
2020-05-30T05:57:24.000,0.04,0.31,8.78,45.836303,-123.98132
2020-05-30T06:12:24.000,0.22,1.9,8.75,45.836303,-123.98132
2020-05-30T06:27:24.000,0.31,2.65,8.76,45.836303,-123.98132
2020-05-30T06:42:24.000,0.13,1.15,8.76,45.836303,-123.98132
2020-05-30T06:57:24.000,0.06,0.53,8.78,45.836303,-123.98132
2020-05-30T07:12:24.000,0.03,0.28,8.8,45.836303,-123.98132
2020-05-30T07:27:24.000,0.03,0.26,8.81,45.836303,-123.98132
2020-05-30T07:42:24.000,0.02,0.21,8.84,45.836303,-123.98132
2020-05-30T07:57:24.000,0.02,0.2,8.86,45.836303,-123.98132
2020-05-30T08:12:24.000,0.02,0.2,8.92,45.836303,-123.98132
2020-05-30T08:27:24.000,0.02,0.17,9.02,45.836303,-123.98132
2020-05-30T08:42:24.000,0.04,0.31,9,45.836303,-123.98132
2020-05-30T08:57:24.000,0.08,0.7,9.01,45.836303,-123.98132
2020-05-30T09:12:24.000,0.06,0.56,9.02,45.836303,-123.98132
2020-05-30T09:27:24.000,0.06,0.54,9.02,45.836303,-123.98132
2020-05-30T09:42:24.000,0.05,0.45,9.02,45.836303,-123.98132
2020-05-30T09:57:24.000,0.13,1.14,9.07,45.836303,-123.98132
2020-05-30T10:12:24.000,0.32,2.77,9.14,45.836303,-123.98132
2020-05-30T10:27:24.000,0.74,6.48,9.23,45.836303,-123.98132
2020-05-30T10:42:24.000,1.09,9.48,9.33,45.836303,-123.98132
2020-05-30T10:57:24.000,1.34,11.68,9.38,45.836303,-123.98132
2020-05-30T11:12:24.000,1.66,14.55,9.56,45.836303,-123.98132
2020-05-30T11:27:24.000,1.6,14.1,9.68,45.836303,-123.98132
2020-05-30T11:42:24.000,1.69,14.9,9.71,45.836303,-123.98132
2020-05-30T11:57:24.000,1.92,16.95,9.77,45.836303,-123.98132
2020-05-30T12:12:24.000,1.84,16.17,9.67,45.836303,-123.98132
2020-05-30T12:27:24.000,1.56,13.52,9.16,45.836303,-123.98132
2020-05-30T12:42:24.000,1.33,11.52,9,45.836303,-123.98132
2020-05-30T12:57:24.000,1.47,12.68,8.9,45.836303,-123.98132
2020-05-30T13:12:24.000,1.11,9.56,8.85,45.836303,-123.98132
2020-05-30T13:27:24.000,1,8.57,8.81,45.836303,-123.98132
2020-05-30T13:42:24.000,0.92,7.92,8.78,45.836303,-123.98132
2020-05-30T13:57:24.000,0.81,6.94,8.74,45.836303,-123.98132
2020-05-30T14:12:24.000,0.75,6.46,8.73,45.836303,-123.98132
2020-05-30T14:27:24.000,0.73,6.3,8.71,45.836303,-123.98132
2020-05-30T14:42:24.000,0.79,6.77,8.69,45.836303,-123.98132
2020-05-30T14:57:24.000,0.42,3.62,8.69,45.836303,-123.98132
2020-05-30T15:12:24.000,0.63,5.37,8.68,45.836303,-123.98132
2020-05-30T15:27:24.000,0.71,6.12,8.66,45.836303,-123.98132
2020-05-30T15:42:24.000,0.54,4.62,8.66,45.836303,-123.98132
2020-05-30T15:57:24.000,0.3,2.57,8.64,45.836303,-123.98132
2020-05-30T16:12:24.000,0.21,1.82,8.64,45.836303,-123.98132
2020-05-30T16:27:24.000,0.12,1.03,8.64,45.836303,-123.98132
2020-05-30T16:42:24.000,0.1,0.87,8.59,45.836303,-123.98132
2020-05-30T16:57:24.000,0.22,1.85,8.6,45.836303,-123.98132
2020-05-30T17:12:24.000,0.22,1.9,8.6,45.836303,-123.98132
2020-05-30T17:27:24.000,0.25,2.17,8.62,45.836303,-123.98132
2020-05-30T17:42:24.000,0.3,2.55,8.62,45.836303,-123.98132
2020-05-30T17:57:24.000,0.21,1.84,8.63,45.836303,-123.98132
2020-05-30T18:12:24.000,0.2,1.7,8.64,45.836303,-123.98132
2020-05-30T18:27:24.000,0.44,3.79,8.64,45.836303,-123.98132
2020-05-30T18:42:24.000,0.14,1.24,8.64,45.836303,-123.98132
2020-05-30T18:57:24.000,0.23,1.95,8.64,45.836303,-123.98132
2020-05-30T19:12:24.000,0.21,1.81,8.66,45.836303,-123.98132
2020-05-30T19:27:24.000,0.25,2.14,8.69,45.836303,-123.98132
2020-05-30T19:42:24.000,0.42,3.62,8.69,45.836303,-123.98132
2020-05-30T19:57:24.000,0.29,2.47,8.71,45.836303,-123.98132
2020-05-30T20:12:24.000,0.43,3.71,8.77,45.836303,-123.98132
2020-05-30T20:27:24.000,0.31,2.66,8.81,45.836303,-123.98132
2020-05-30T20:42:24.000,0.27,2.34,8.87,45.836303,-123.98132
2020-05-30T20:57:24.000,0.36,3.1,8.88,45.836303,-123.98132
2020-05-30T21:12:24.000,0.29,2.5,8.92,45.836303,-123.98132
2020-05-30T21:27:24.000,0.17,1.48,9.01,45.836303,-123.98132
2020-05-30T21:42:24.000,0.15,1.31,9.23,45.836303,-123.98132
2020-05-30T21:57:24.000,0.15,1.3,9.39,45.836303,-123.98132
2020-05-30T22:12:24.000,0.08,0.72,9.58,45.836303,-123.98132
2020-05-30T22:27:24.000,0.19,1.71,9.68,45.836303,-123.98132
2020-05-30T22:42:24.000,0.3,2.64,9.77,45.836303,-123.98132
2020-05-30T22:57:24.000,0.33,2.92,9.87,45.836303,-123.98132
2020-05-30T23:12:24.000,0.17,1.51,9.94,45.836303,-123.98132
2020-05-30T23:27:24.000,0.1,0.87,10.01,45.836303,-123.98132
2020-05-30T23:42:24.000,0.08,0.73,10.08,45.836303,-123.98132
2020-05-30T23:57:24.000,0.2,1.74,10.2,45.836303,-123.98132
2020-05-31T00:12:24.000,0.37,3.32,10.36,45.836303,-123.98132
2020-05-31T00:27:24.000,0.57,5.1,10.43,45.836303,-123.98132
2020-05-31T00:42:24.000,0.41,3.66,9.95,45.836303,-123.98132
2020-05-31T00:57:24.000,0.14,1.2,9.21,45.836303,-123.98132
2020-05-31T01:12:24.000,0.15,1.26,8.99,45.836303,-123.98132
2020-05-31T01:27:24.000,0.36,3.13,8.83,45.836303,-123.98132
2020-05-31T01:42:24.000,0.47,4.08,8.76,45.836303,-123.98132
2020-05-31T01:57:24.000,0.27,2.36,8.73,45.836303,-123.98132
2020-05-31T02:12:24.000,0.1,0.87,8.71,45.836303,-123.98132
2020-05-31T02:27:24.000,0.07,0.6,8.73,45.836303,-123.98132
2020-05-31T02:42:24.000,0.12,1.07,8.72,45.836303,-123.98132
2020-05-31T02:57:24.000,0.15,1.3,8.71,45.836303,-123.98132
2020-05-31T03:12:24.000,0.09,0.81,8.71,45.836303,-123.98132
2020-05-31T03:27:24.000,0.12,1.04,8.7,45.836303,-123.98132
2020-05-31T03:42:24.000,0.14,1.18,8.69,45.836303,-123.98132
2020-05-31T03:57:24.000,0.41,3.55,8.71,45.836303,-123.98132
2020-05-31T04:12:24.000,0.25,2.15,8.73,45.836303,-123.98132
2020-05-31T04:27:24.000,0.06,0.53,8.74,45.836303,-123.98132
2020-05-31T04:42:24.000,0.05,0.39,8.76,45.836303,-123.98132
2020-05-31T04:57:24.000,0.03,0.24,8.76,45.836303,-123.98132
2020-05-31T05:12:24.000,0.01,0.08,8.76,45.836303,-123.98132
2020-05-31T05:27:24.000,0.01,0.06,8.79,45.836303,-123.98132
2020-05-31T05:42:24.000,0.01,0.06,8.78,45.836303,-123.98132
2020-05-31T05:57:24.000,0.01,0.06,8.75,45.836303,-123.98132
2020-05-31T06:12:24.000,0.01,0.08,8.73,45.836303,-123.98132
2020-05-31T06:27:24.000,0.01,0.11,8.76,45.836303,-123.98132
2020-05-31T06:42:24.000,0.02,0.17,8.77,45.836303,-123.98132
2020-05-31T06:57:24.000,0.02,0.16,8.79,45.836303,-123.98132
2020-05-31T07:12:24.000,0.02,0.21,8.84,45.836303,-123.98132
2020-05-31T07:27:24.000,0.01,0.07,8.9,45.836303,-123.98132
2020-05-31T07:42:24.000,0.01,0.06,8.98,45.836303,-123.98132
2020-05-31T07:57:24.000,0.01,0.09,9.05,45.836303,-123.98132
2020-05-31T08:12:24.000,0.02,0.17,9.16,45.836303,-123.98132
2020-05-31T08:27:24.000,0.06,0.5,9.28,45.836303,-123.98132
2020-05-31T08:42:24.000,0.03,0.3,9.37,45.836303,-123.98132
2020-05-31T08:57:24.000,0.03,0.25,9.45,45.836303,-123.98132
2020-05-31T09:12:24.000,0.05,0.45,9.42,45.836303,-123.98132
2020-05-31T09:27:24.000,0.04,0.35,9.43,45.836303,-123.98132
2020-05-31T09:42:24.000,0.03,0.24,9.47,45.836303,-123.98132
2020-05-31T09:57:24.000,0.03,0.26,9.59,45.836303,-123.98132
2020-05-31T10:12:24.000,0.03,0.27,9.68,45.836303,-123.98132
2020-05-31T10:27:24.000,0.02,0.19,9.79,45.836303,-123.98132
2020-05-31T10:42:24.000,0.01,0.13,9.87,45.836303,-123.98132
2020-05-31T10:57:24.000,0.01,0.1,9.94,45.836303,-123.98132
2020-05-31T11:12:24.000,0.01,0.07,10.06,45.836303,-123.98132
2020-05-31T11:27:24.000,0.02,0.15,10.1,45.836303,-123.98132
2020-05-31T11:42:24.000,0.01,0.12,10.13,45.836303,-123.98132
2020-05-31T11:57:24.000,0.02,0.15,10.15,45.836303,-123.98132
2020-05-31T12:12:24.000,0.02,0.14,10.19,45.836303,-123.98132
2020-05-31T12:27:24.000,0.01,0.09,9.99,45.836303,-123.98132
2020-05-31T12:42:24.000,0,0.04,9.35,45.836303,-123.98132
2020-05-31T12:57:24.000,0,0.03,9.09,45.836303,-123.98132
2020-05-31T13:12:24.000,0.01,0.04,8.89,45.836303,-123.98132
2020-05-31T13:27:24.000,0.01,0.05,8.82,45.836303,-123.98132
2020-05-31T13:42:24.000,0.01,0.05,8.79,45.836303,-123.98132
2020-05-31T13:57:24.000,0.01,0.06,8.76,45.836303,-123.98132
2020-05-31T14:12:24.000,0.01,0.06,8.73,45.836303,-123.98132
2020-05-31T14:27:24.000,0.01,0.05,8.73,45.836303,-123.98132
2020-05-31T14:42:24.000,0.01,0.05,8.74,45.836303,-123.98132
2020-05-31T14:57:24.000,0.01,0.05,8.74,45.836303,-123.98132
2020-05-31T15:12:24.000,0.01,0.05,8.76,45.836303,-123.98132
2020-05-31T15:27:24.000,0.01,0.05,8.77,45.836303,-123.98132
2020-05-31T15:42:24.000,0.01,0.05,8.79,45.836303,-123.98132
2020-05-31T15:57:24.000,0.01,0.1,8.81,45.836303,-123.98132
2020-05-31T16:12:24.000,0.01,0.07,8.85,45.836303,-123.98132
2020-05-31T16:27:24.000,0.01,0.07,8.9,45.836303,-123.98132
2020-05-31T16:42:24.000,0.06,0.53,8.93,45.836303,-123.98132
2020-05-31T16:57:24.000,0.06,0.5,8.95,45.836303,-123.98132
2020-05-31T17:12:24.000,0.05,0.39,8.91,45.836303,-123.98132
2020-05-31T17:27:24.000,0.03,0.24,8.85,45.836303,-123.98132
2020-05-31T17:42:24.000,0.03,0.24,8.78,45.836303,-123.98132
2020-05-31T17:57:24.000,0.03,0.3,8.73,45.836303,-123.98132
2020-05-31T18:12:24.000,0.04,0.32,8.71,45.836303,-123.98132
2020-05-31T18:27:24.000,0.04,0.33,8.67,45.836303,-123.98132
2020-05-31T18:42:24.000,0.03,0.26,8.66,45.836303,-123.98132
2020-05-31T18:57:24.000,0.03,0.26,8.65,45.836303,-123.98132
2020-05-31T19:12:24.000,0.03,0.29,8.65,45.836303,-123.98132
2020-05-31T19:27:24.000,0.04,0.31,8.65,45.836303,-123.98132
2020-05-31T19:42:24.000,0.02,0.13,8.65,45.836303,-123.98132
2020-05-31T19:57:24.000,0.02,0.21,8.67,45.836303,-123.98132
2020-05-31T20:12:24.000,0.01,0.12,8.73,45.836303,-123.98132
2020-05-31T20:27:24.000,0.01,0.07,8.8,45.836303,-123.98132
2020-05-31T20:42:24.000,0.01,0.05,8.9,45.836303,-123.98132
2020-05-31T20:57:24.000,0.01,0.08,9.24,45.836303,-123.98132
2020-05-31T21:12:24.000,0.01,0.08,9.65,45.836303,-123.98132
2020-05-31T21:27:24.000,0.01,0.1,9.89,45.836303,-123.98132
2020-05-31T21:42:24.000,0.01,0.08,10.03,45.836303,-123.98132
2020-05-31T21:57:24.000,0.01,0.05,10.13,45.836303,-123.98132
2020-05-31T22:12:24.000,0,0.04,10.17,45.836303,-123.98132
2020-05-31T22:27:24.000,0,0.04,10.2,45.836303,-123.98132
2020-05-31T22:42:24.000,0,0.03,10.22,45.836303,-123.98132
2020-05-31T22:57:24.000,0,0.04,10.24,45.836303,-123.98132
2020-05-31T23:12:24.000,0.01,0.06,10.22,45.836303,-123.98132
2020-05-31T23:27:24.000,0.01,0.08,9.89,45.836303,-123.98132
2020-05-31T23:42:24.000,0.03,0.31,9.61,45.836303,-123.98132
2020-05-31T23:57:24.000,0.03,0.28,9.35,45.836303,-123.98132
2020-06-01T00:12:24.000,0.02,0.22,9.14,45.836303,-123.98132
2020-06-01T00:27:24.000,0.02,0.2,8.91,45.836303,-123.98132
2020-06-01T00:42:24.000,0.02,0.21,8.86,45.836303,-123.98132
2020-06-01T00:57:24.000,0.03,0.25,8.83,45.836303,-123.98132
2020-06-01T01:12:24.000,0.04,0.32,8.84,45.836303,-123.98132
2020-06-01T01:27:24.000,0.04,0.33,8.85,45.836303,-123.98132
2020-06-01T01:42:24.000,0.04,0.33,8.87,45.836303,-123.98132
2020-06-01T01:57:24.000,0.04,0.33,8.88,45.836303,-123.98132
2020-06-01T02:12:24.000,0.09,0.79,8.9,45.836303,-123.98132
2020-06-01T02:27:24.000,0.07,0.58,8.93,45.836303,-123.98132
2020-06-01T02:42:24.000,0.05,0.44,8.95,45.836303,-123.98132
2020-06-01T02:57:24.000,0.05,0.4,8.99,45.836303,-123.98132
2020-06-01T03:12:24.000,0.04,0.33,9,45.836303,-123.98132
2020-06-01T03:27:24.000,0.03,0.28,8.9,45.836303,-123.98132
2020-06-01T03:42:24.000,0.03,0.23,8.81,45.836303,-123.98132
2020-06-01T03:57:24.000,0.02,0.2,8.76,45.836303,-123.98132
2020-06-01T04:12:24.000,0.02,0.2,8.73,45.836303,-123.98132
2020-06-01T04:27:24.000,0.02,0.19,8.73,45.836303,-123.98132
2020-06-01T04:42:24.000,0.03,0.24,8.72,45.836303,-123.98132
2020-06-01T04:57:24.000,0.02,0.15,8.71,45.836303,-123.98132
2020-06-01T05:12:24.000,0.01,0.1,8.71,45.836303,-123.98132
2020-06-01T05:27:24.000,0.01,0.09,8.68,45.836303,-123.98132
2020-06-01T05:42:24.000,0.01,0.09,8.66,45.836303,-123.98132
2020-06-01T05:57:24.000,0.01,0.08,8.64,45.836303,-123.98132
2020-06-01T06:12:24.000,0.01,0.06,8.63,45.836303,-123.98132
2020-06-01T06:27:24.000,0,0.04,8.62,45.836303,-123.98132
2020-06-01T06:42:24.000,0,0.03,8.61,45.836303,-123.98132
2020-06-01T06:57:24.000,0,0.03,8.61,45.836303,-123.98132
2020-06-01T07:12:24.000,0,0.03,8.59,45.836303,-123.98132
2020-06-01T07:27:24.000,0,0.03,8.59,45.836303,-123.98132
2020-06-01T07:42:24.000,0,0.03,8.59,45.836303,-123.98132
2020-06-01T07:57:24.000,0,0.03,8.61,45.836303,-123.98132
2020-06-01T08:12:24.000,0,0.04,8.62,45.836303,-123.98132
2020-06-01T08:27:24.000,0.01,0.06,8.65,45.836303,-123.98132
2020-06-01T08:42:24.000,0.06,0.49,8.69,45.836303,-123.98132
2020-06-01T08:57:24.000,0.01,0.11,8.73,45.836303,-123.98132
2020-06-01T09:12:24.000,0.02,0.17,8.78,45.836303,-123.98132
2020-06-01T09:27:24.000,0.03,0.24,8.81,45.836303,-123.98132
2020-06-01T09:42:24.000,0.04,0.32,8.83,45.836303,-123.98132
2020-06-01T09:57:24.000,0.03,0.26,8.85,45.836303,-123.98132
2020-06-01T10:12:24.000,0.03,0.24,8.93,45.836303,-123.98132
2020-06-01T10:27:24.000,0.09,0.78,9.08,45.836303,-123.98132
2020-06-01T10:42:24.000,0.04,0.36,9.23,45.836303,-123.98132
2020-06-01T10:57:24.000,0.02,0.19,9.34,45.836303,-123.98132
2020-06-01T11:12:24.000,0.01,0.09,9.42,45.836303,-123.98132
2020-06-01T11:27:24.000,0.24,2.07,9.52,45.836303,-123.98132
2020-06-01T11:42:24.000,0.15,1.35,9.65,45.836303,-123.98132
2020-06-01T11:57:24.000,0.07,0.63,9.7,45.836303,-123.98132
2020-06-01T12:12:24.000,0.05,0.41,9.53,45.836303,-123.98132
2020-06-01T12:27:24.000,0.05,0.45,9.37,45.836303,-123.98132
2020-06-01T12:42:24.000,0.03,0.22,9.18,45.836303,-123.98132
2020-06-01T12:57:24.000,0.02,0.17,9.04,45.836303,-123.98132
2020-06-01T13:12:24.000,0.01,0.1,8.9,45.836303,-123.98132
2020-06-01T13:27:24.000,0,0.04,8.79,45.836303,-123.98132
2020-06-01T13:42:24.000,0.09,0.81,8.73,45.836303,-123.98132
2020-06-01T13:57:24.000,0.02,0.2,8.7,45.836303,-123.98132
2020-06-01T14:12:24.000,0.08,0.73,8.67,45.836303,-123.98132
2020-06-01T14:27:24.000,0.01,0.08,8.66,45.836303,-123.98132
2020-06-01T14:42:24.000,0,0.03,8.66,45.836303,-123.98132
2020-06-01T14:57:24.000,0,0.04,8.66,45.836303,-123.98132
2020-06-01T15:12:24.000,0.48,4.14,8.65,45.836303,-123.98132
2020-06-01T15:27:24.000,1.13,9.67,8.66,45.836303,-123.98132
2020-06-01T15:42:24.000,1.36,11.65,8.66,45.836303,-123.98132
2020-06-01T15:57:24.000,1.33,11.45,8.66,45.836303,-123.98132
2020-06-01T16:12:24.000,0.63,5.38,8.67,45.836303,-123.98132
2020-06-01T16:27:24.000,0.51,4.37,8.68,45.836303,-123.98132
2020-06-01T16:42:24.000,0.5,4.32,8.69,45.836303,-123.98132
2020-06-01T16:57:24.000,0.1,0.87,8.7,45.836303,-123.98132
2020-06-01T17:12:24.000,0.32,2.73,8.71,45.836303,-123.98132
2020-06-01T17:27:24.000,0.02,0.15,8.71,45.836303,-123.98132
2020-06-01T17:42:24.000,0.03,0.23,8.71,45.836303,-123.98132
2020-06-01T17:57:24.000,0.46,3.96,8.71,45.836303,-123.98132
2020-06-01T18:12:24.000,0.48,4.12,8.71,45.836303,-123.98132
2020-06-01T18:27:24.000,0.43,3.65,8.71,45.836303,-123.98132
2020-06-01T18:42:24.000,0.36,3.12,8.71,45.836303,-123.98132
2020-06-01T18:57:24.000,0.39,3.33,8.71,45.836303,-123.98132
2020-06-01T19:12:24.000,0.17,1.47,8.71,45.836303,-123.98132
2020-06-01T19:27:24.000,0.23,1.97,8.71,45.836303,-123.98132
2020-06-01T19:42:24.000,0.23,1.94,8.71,45.836303,-123.98132
2020-06-01T19:57:24.000,0.21,1.77,8.71,45.836303,-123.98132
2020-06-01T20:12:24.000,0.21,1.78,8.73,45.836303,-123.98132
2020-06-01T20:27:24.000,0.16,1.41,8.73,45.836303,-123.98132
2020-06-01T20:42:24.000,0.17,1.46,8.75,45.836303,-123.98132
2020-06-01T20:57:24.000,0.17,1.49,8.76,45.836303,-123.98132
2020-06-01T21:12:24.000,0.14,1.2,8.77,45.836303,-123.98132
2020-06-01T21:27:24.000,0.14,1.25,8.78,45.836303,-123.98132
2020-06-01T21:42:24.000,0.14,1.23,8.8,45.836303,-123.98132
2020-06-01T21:57:24.000,0.18,1.53,8.81,45.836303,-123.98132
2020-06-01T22:12:24.000,0.17,1.45,8.81,45.836303,-123.98132
2020-06-01T22:27:24.000,0.13,1.1,8.81,45.836303,-123.98132
2020-06-01T22:42:24.000,0.51,4.42,8.82,45.836303,-123.98132
2020-06-01T22:57:24.000,0.41,3.51,8.83,45.836303,-123.98132
2020-06-01T23:12:24.000,0.36,3.1,8.83,45.836303,-123.98132
2020-06-01T23:27:24.000,0.24,2.08,8.83,45.836303,-123.98132
2020-06-01T23:42:24.000,0.24,2.09,8.83,45.836303,-123.98132
2020-06-01T23:57:24.000,0.19,1.67,8.81,45.836303,-123.98132
2020-06-02T00:12:24.000,0.19,1.64,8.81,45.836303,-123.98132
2020-06-02T00:27:24.000,0.13,1.09,8.9,45.836303,-123.98132
2020-06-02T00:42:24.000,0.13,1.15,9,45.836303,-123.98132
2020-06-02T00:57:24.000,0.12,1.04,9.09,45.836303,-123.98132
2020-06-02T01:12:24.000,0.1,0.85,9.23,45.836303,-123.98132
2020-06-02T01:27:24.000,0.08,0.74,9.44,45.836303,-123.98132
2020-06-02T01:42:24.000,0.07,0.61,9.65,45.836303,-123.98132
2020-06-02T01:57:24.000,0.33,2.88,9.8,45.836303,-123.98132
2020-06-02T02:12:24.000,0.34,2.98,9.87,45.836303,-123.98132
2020-06-02T02:27:24.000,0.47,4.18,9.69,45.836303,-123.98132
2020-06-02T02:42:24.000,0.43,3.76,9.4,45.836303,-123.98132
2020-06-02T02:57:24.000,0.46,3.99,9.15,45.836303,-123.98132
2020-06-02T03:12:24.000,0.42,3.65,8.99,45.836303,-123.98132
2020-06-02T03:27:24.000,0.42,3.59,8.9,45.836303,-123.98132
2020-06-02T03:42:24.000,0.49,4.23,8.84,45.836303,-123.98132
2020-06-02T03:57:24.000,1.91,16.44,8.8,45.836303,-123.98132
2020-06-02T04:12:24.000,1.45,12.48,8.76,45.836303,-123.98132
2020-06-02T04:27:24.000,1.16,10.01,8.75,45.836303,-123.98132
2020-06-02T04:42:24.000,0.96,8.24,8.72,45.836303,-123.98132
2020-06-02T04:57:24.000,0.63,5.37,8.69,45.836303,-123.98132
2020-06-02T05:12:24.000,0.57,4.85,8.66,45.836303,-123.98132
2020-06-02T05:27:24.000,0.49,4.2,8.66,45.836303,-123.98132
2020-06-02T05:42:24.000,0.36,3.1,8.66,45.836303,-123.98132
2020-06-02T05:57:24.000,0.67,5.79,8.67,45.836303,-123.98132
2020-06-02T06:12:24.000,0.64,5.49,8.67,45.836303,-123.98132
2020-06-02T06:27:24.000,0.63,5.44,8.67,45.836303,-123.98132
2020-06-02T06:42:24.000,0.6,5.14,8.67,45.836303,-123.98132
2020-06-02T06:57:24.000,0.52,4.45,8.66,45.836303,-123.98132
2020-06-02T07:12:24.000,0.4,3.46,8.67,45.836303,-123.98132
2020-06-02T07:27:24.000,0.41,3.49,8.67,45.836303,-123.98132
2020-06-02T07:42:24.000,0.33,2.82,8.69,45.836303,-123.98132
2020-06-02T07:57:24.000,0.3,2.57,8.69,45.836303,-123.98132
2020-06-02T08:12:24.000,0.3,2.55,8.7,45.836303,-123.98132
2020-06-02T08:27:24.000,0.29,2.5,8.69,45.836303,-123.98132
2020-06-02T08:42:24.000,0.26,2.24,8.69,45.836303,-123.98132
2020-06-02T08:57:24.000,0.27,2.3,8.69,45.836303,-123.98132
2020-06-02T09:12:24.000,0.35,3.05,8.7,45.836303,-123.98132
2020-06-02T09:27:24.000,0.35,3,8.71,45.836303,-123.98132
2020-06-02T09:42:24.000,0.38,3.27,8.71,45.836303,-123.98132
2020-06-02T09:57:24.000,0.35,3.03,8.73,45.836303,-123.98132
2020-06-02T10:12:24.000,0.4,3.42,8.73,45.836303,-123.98132
2020-06-02T10:27:24.000,0.37,3.2,8.75,45.836303,-123.98132
2020-06-02T10:42:24.000,0.34,2.92,8.75,45.836303,-123.98132
2020-06-02T10:57:24.000,0.32,2.75,8.75,45.836303,-123.98132
2020-06-02T11:12:24.000,0.36,3.07,8.75,45.836303,-123.98132
2020-06-02T11:27:24.000,0.36,3.12,8.76,45.836303,-123.98132
2020-06-02T11:42:24.000,0.33,2.8,8.76,45.836303,-123.98132
2020-06-02T11:57:24.000,0.32,2.72,8.76,45.836303,-123.98132
2020-06-02T12:12:24.000,0.32,2.76,8.77,45.836303,-123.98132
2020-06-02T12:27:24.000,0.33,2.86,8.76,45.836303,-123.98132
2020-06-02T12:42:24.000,0.38,3.27,8.74,45.836303,-123.98132
2020-06-02T12:57:24.000,0.39,3.32,8.71,45.836303,-123.98132
2020-06-02T13:12:24.000,0.34,2.92,8.7,45.836303,-123.98132
2020-06-02T13:27:24.000,0.37,3.19,8.69,45.836303,-123.98132
2020-06-02T13:42:24.000,0.35,3.04,8.66,45.836303,-123.98132
2020-06-02T13:57:24.000,0.35,2.98,8.64,45.836303,-123.98132
2020-06-02T14:12:24.000,0.24,2.1,8.64,45.836303,-123.98132
2020-06-02T14:27:24.000,0.13,1.14,8.66,45.836303,-123.98132
2020-06-02T14:42:24.000,0.23,1.97,8.72,45.836303,-123.98132
2020-06-02T14:57:24.000,0.41,3.54,8.78,45.836303,-123.98132
2020-06-02T15:12:24.000,0.61,5.28,8.88,45.836303,-123.98132
2020-06-02T15:27:24.000,0.38,3.27,8.97,45.836303,-123.98132
2020-06-02T15:42:24.000,0.99,8.55,8.93,45.836303,-123.98132
2020-06-02T15:57:24.000,0.78,6.68,8.81,45.836303,-123.98132
2020-06-02T16:12:24.000,0.67,5.76,8.73,45.836303,-123.98132
2020-06-02T16:27:24.000,0.43,3.7,8.69,45.836303,-123.98132
2020-06-02T16:42:24.000,0.47,4.04,8.66,45.836303,-123.98132
2020-06-02T16:57:24.000,0.43,3.7,8.64,45.836303,-123.98132
2020-06-02T17:12:24.000,1.67,14.29,8.63,45.836303,-123.98132
2020-06-02T17:27:24.000,1.92,16.44,8.64,45.836303,-123.98132
2020-06-02T17:42:24.000,1.26,10.83,8.64,45.836303,-123.98132
2020-06-02T17:57:24.000,1.12,9.58,8.66,45.836303,-123.98132
2020-06-02T18:12:24.000,1.08,9.3,8.68,45.836303,-123.98132
2020-06-02T18:27:24.000,1.33,11.41,8.71,45.836303,-123.98132
2020-06-02T18:42:24.000,1.01,8.65,8.71,45.836303,-123.98132
2020-06-02T18:57:24.000,1.06,9.09,8.69,45.836303,-123.98132
2020-06-02T19:12:24.000,0.88,7.51,8.64,45.836303,-123.98132
2020-06-02T19:27:24.000,0.89,7.61,8.62,45.836303,-123.98132
2020-06-02T19:42:24.000,0.71,6.08,8.6,45.836303,-123.98132
2020-06-02T19:57:24.000,0.58,4.95,8.59,45.836303,-123.98132
2020-06-02T20:12:24.000,0.6,5.15,8.59,45.836303,-123.98132
2020-06-02T20:27:24.000,0.6,5.18,8.61,45.836303,-123.98132
2020-06-02T20:42:24.000,0.82,6.99,8.61,45.836303,-123.98132
2020-06-02T20:57:24.000,2.39,20.47,8.62,45.836303,-123.98132
2020-06-02T21:12:24.000,1.93,16.58,8.62,45.836303,-123.98132
2020-06-02T21:27:24.000,1.38,11.8,8.62,45.836303,-123.98132
2020-06-02T21:42:24.000,1.6,13.75,8.62,45.836303,-123.98132
2020-06-02T21:57:24.000,2.01,17.2,8.64,45.836303,-123.98132
2020-06-02T22:12:24.000,1.82,15.63,8.64,45.836303,-123.98132
2020-06-02T22:27:24.000,1.45,12.4,8.66,45.836303,-123.98132
2020-06-02T22:42:24.000,1.4,12.06,8.69,45.836303,-123.98132
2020-06-02T22:57:24.000,1.36,11.66,8.75,45.836303,-123.98132
2020-06-02T23:12:24.000,2.04,17.54,8.8,45.836303,-123.98132
2020-06-02T23:27:24.000,2.46,21.16,8.83,45.836303,-123.98132
2020-06-02T23:42:24.000,1.63,14.07,8.84,45.836303,-123.98132
2020-06-02T23:57:24.000,2.97,25.54,8.8,45.836303,-123.98132
2020-06-03T00:12:24.000,2.84,24.45,8.78,45.836303,-123.98132
2020-06-03T00:27:24.000,5.55,47.9,8.9,45.836303,-123.98132
2020-06-03T00:42:24.000,6.07,52.64,9.09,45.836303,-123.98132
2020-06-03T00:57:24.000,5.56,48.24,9.15,45.836303,-123.98132
2020-06-03T01:12:24.000,5.28,45.82,9.09,45.836303,-123.98132
2020-06-03T01:27:24.000,4.97,43,9.02,45.836303,-123.98132
2020-06-03T01:42:24.000,4.38,37.92,8.99,45.836303,-123.98132
2020-06-03T01:57:24.000,4.47,38.65,8.97,45.836303,-123.98132
2020-06-03T02:12:24.000,4.92,42.56,8.98,45.836303,-123.98132
2020-06-03T02:27:24.000,5.24,45.32,9.02,45.836303,-123.98132
2020-06-03T02:42:24.000,5.11,44.26,9.06,45.836303,-123.98132
2020-06-03T02:57:24.000,5.66,49.04,9.09,45.836303,-123.98132
2020-06-03T03:12:24.000,5.12,44.4,9.14,45.836303,-123.98132
2020-06-03T03:27:24.000,5.45,47.36,9.21,45.836303,-123.98132
2020-06-03T03:42:24.000,5.63,48.96,9.2,45.836303,-123.98132
2020-06-03T03:57:24.000,5.48,47.55,9.14,45.836303,-123.98132
2020-06-03T04:12:24.000,5.38,46.64,9.07,45.836303,-123.98132
2020-06-03T04:27:24.000,5.1,44.11,8.97,45.836303,-123.98132
2020-06-03T04:42:24.000,4.91,42.38,8.9,45.836303,-123.98132
2020-06-03T04:57:24.000,4.85,41.84,8.84,45.836303,-123.98132
2020-06-03T05:12:24.000,4.69,40.38,8.8,45.836303,-123.98132
2020-06-03T05:27:24.000,4.61,39.63,8.73,45.836303,-123.98132
2020-06-03T05:42:24.000,4.42,38,8.71,45.836303,-123.98132
2020-06-03T05:57:24.000,4.35,37.31,8.69,45.836303,-123.98132
2020-06-03T06:12:24.000,4.35,37.33,8.69,45.836303,-123.98132
2020-06-03T06:27:24.000,4.35,37.38,8.69,45.836303,-123.98132
2020-06-03T06:42:24.000,4.39,37.67,8.69,45.836303,-123.98132
2020-06-03T06:57:24.000,4.34,37.3,8.69,45.836303,-123.98132
2020-06-03T07:12:24.000,4.35,37.33,8.69,45.836303,-123.98132
2020-06-03T07:27:24.000,4.47,38.39,8.7,45.836303,-123.98132
2020-06-03T07:42:24.000,4.56,39.16,8.72,45.836303,-123.98132
2020-06-03T07:57:24.000,4.61,39.69,8.76,45.836303,-123.98132
2020-06-03T08:12:24.000,4.71,40.53,8.81,45.836303,-123.98132
2020-06-03T08:27:24.000,4.88,42.1,8.89,45.836303,-123.98132
2020-06-03T08:42:24.000,5.45,47.17,9.04,45.836303,-123.98132
2020-06-03T08:57:24.000,5.89,51.2,9.21,45.836303,-123.98132
2020-06-03T09:12:24.000,5.46,47.44,9.21,45.836303,-123.98132
2020-06-03T09:27:24.000,5.26,45.69,9.16,45.836303,-123.98132
2020-06-03T09:42:24.000,5.32,46.24,9.16,45.836303,-123.98132
2020-06-03T09:57:24.000,5.36,46.51,9.16,45.836303,-123.98132
2020-06-03T10:12:24.000,5.2,45.22,9.18,45.836303,-123.98132
2020-06-03T10:27:24.000,5.3,46.05,9.19,45.836303,-123.98132
2020-06-03T10:42:24.000,5.71,49.68,9.23,45.836303,-123.98132
2020-06-03T10:57:24.000,5.89,51.41,9.35,45.836303,-123.98132
2020-06-03T11:12:24.000,5.69,49.69,9.37,45.836303,-123.98132
2020-06-03T11:27:24.000,5.28,46,9.31,45.836303,-123.98132
2020-06-03T11:42:24.000,4.41,38.4,9.23,45.836303,-123.98132
2020-06-03T11:57:24.000,3.84,33.32,9.11,45.836303,-123.98132
2020-06-03T12:12:24.000,4.11,35.53,8.99,45.836303,-123.98132
2020-06-03T12:27:24.000,4.97,42.99,8.97,45.836303,-123.98132
2020-06-03T12:42:24.000,5.45,47.16,9.04,45.836303,-123.98132
2020-06-03T12:57:24.000,5.97,51.91,9.19,45.836303,-123.98132
2020-06-03T13:12:24.000,5.82,50.77,9.34,45.836303,-123.98132
2020-06-03T13:27:24.000,6.45,56.4,9.45,45.836303,-123.98132
2020-06-03T13:42:24.000,6.6,57.84,9.52,45.836303,-123.98132
2020-06-03T13:57:24.000,6.83,59.88,9.59,45.836303,-123.98132
2020-06-03T14:12:24.000,6.87,60.35,9.63,45.836303,-123.98132
2020-06-03T14:27:24.000,7,61.5,9.68,45.836303,-123.98132
2020-06-03T14:42:24.000,7.1,62.47,9.73,45.836303,-123.98132
2020-06-03T14:57:24.000,7.15,62.95,9.75,45.836303,-123.98132
2020-06-03T15:12:24.000,7.24,63.83,9.8,45.836303,-123.98132
2020-06-03T15:27:24.000,7.3,64.38,9.82,45.836303,-123.98132
2020-06-03T15:42:24.000,6.96,61.37,9.8,45.836303,-123.98132
2020-06-03T15:57:24.000,5.69,49.95,9.59,45.836303,-123.98132
2020-06-03T16:12:24.000,5.26,45.96,9.4,45.836303,-123.98132
2020-06-03T16:27:24.000,4.24,36.89,9.25,45.836303,-123.98132
2020-06-03T16:42:24.000,3.92,34.03,9.11,45.836303,-123.98132
2020-06-03T16:57:24.000,3.85,33.31,8.99,45.836303,-123.98132
2020-06-03T17:12:24.000,3.76,32.46,8.92,45.836303,-123.98132
2020-06-03T17:27:24.000,3.52,30.29,8.83,45.836303,-123.98132
2020-06-03T17:42:24.000,2.94,25.31,8.76,45.836303,-123.98132
2020-06-03T17:57:24.000,1.93,16.57,8.71,45.836303,-123.98132
2020-06-03T18:12:24.000,3.22,27.66,8.68,45.836303,-123.98132
2020-06-03T18:27:24.000,3.09,26.51,8.66,45.836303,-123.98132
2020-06-03T18:42:24.000,3.01,25.84,8.65,45.836303,-123.98132
2020-06-03T18:57:24.000,2.99,25.64,8.64,45.836303,-123.98132
2020-06-03T19:12:24.000,2.12,18.22,8.63,45.836303,-123.98132
2020-06-03T19:27:24.000,2.36,20.2,8.62,45.836303,-123.98132
2020-06-03T19:42:24.000,2.77,23.74,8.62,45.836303,-123.98132
2020-06-03T19:57:24.000,2.87,24.59,8.62,45.836303,-123.98132
2020-06-03T20:12:24.000,3.43,29.4,8.62,45.836303,-123.98132
2020-06-03T20:27:24.000,3.76,32.22,8.64,45.836303,-123.98132
2020-06-03T20:42:24.000,3.61,30.99,8.69,45.836303,-123.98132
2020-06-03T20:57:24.000,3.92,33.69,8.76,45.836303,-123.98132
2020-06-03T21:12:24.000,4.23,36.46,8.86,45.836303,-123.98132
2020-06-03T21:27:24.000,4.67,40.4,8.96,45.836303,-123.98132
2020-06-03T21:42:24.000,4.85,42.02,9.04,45.836303,-123.98132
2020-06-03T21:57:24.000,4.82,41.82,9.11,45.836303,-123.98132
2020-06-03T22:12:24.000,4.59,39.85,9.16,45.836303,-123.98132
2020-06-03T22:27:24.000,4.79,41.61,9.21,45.836303,-123.98132
2020-06-03T22:42:24.000,4.13,35.95,9.27,45.836303,-123.98132
2020-06-03T22:57:24.000,4.12,35.87,9.3,45.836303,-123.98132
2020-06-03T23:12:24.000,5.68,49.5,9.33,45.836303,-123.98132
2020-06-03T23:27:24.000,5.54,48.33,9.37,45.836303,-123.98132
2020-06-03T23:42:24.000,6.07,53.02,9.4,45.836303,-123.98132
2020-06-03T23:57:24.000,6.09,53.25,9.42,45.836303,-123.98132
2020-06-04T00:12:24.000,5.77,50.41,9.44,45.836303,-123.98132
2020-06-04T00:27:24.000,5.85,51.13,9.46,45.836303,-123.98132
2020-06-04T00:42:24.000,5.98,52.4,9.52,45.836303,-123.98132
2020-06-04T00:57:24.000,6.02,52.77,9.56,45.836303,-123.98132
2020-06-04T01:12:24.000,5.62,49.24,9.54,45.836303,-123.98132
2020-06-04T01:27:24.000,5.31,46.45,9.45,45.836303,-123.98132
2020-06-04T01:42:24.000,4.88,42.6,9.38,45.836303,-123.98132
2020-06-04T01:57:24.000,5.2,45.32,9.34,45.836303,-123.98132
2020-06-04T02:12:24.000,5.73,49.91,9.29,45.836303,-123.98132
2020-06-04T02:27:24.000,5.76,50.13,9.23,45.836303,-123.98132
2020-06-04T02:42:24.000,5.65,49.09,9.16,45.836303,-123.98132
2020-06-04T02:57:24.000,5.46,47.38,9.1,45.836303,-123.98132
2020-06-04T03:12:24.000,5.39,46.72,9.06,45.836303,-123.98132
2020-06-04T03:27:24.000,5.51,47.67,9.02,45.836303,-123.98132
2020-06-04T03:42:24.000,5.18,44.78,8.98,45.836303,-123.98132
2020-06-04T03:57:24.000,5.34,46.14,8.94,45.836303,-123.98132
2020-06-04T04:12:24.000,5.22,45.08,8.92,45.836303,-123.98132
2020-06-04T04:27:24.000,4.97,42.88,8.87,45.836303,-123.98132
2020-06-04T04:42:24.000,4.92,42.34,8.82,45.836303,-123.98132
2020-06-04T04:57:24.000,4.91,42.31,8.8,45.836303,-123.98132
2020-06-04T05:12:24.000,4.72,40.6,8.78,45.836303,-123.98132
2020-06-04T05:27:24.000,4.74,40.76,8.76,45.836303,-123.98132
2020-06-04T05:42:24.000,4.68,40.19,8.73,45.836303,-123.98132
2020-06-04T05:57:24.000,4.47,38.4,8.72,45.836303,-123.98132
2020-06-04T06:12:24.000,4.57,39.22,8.71,45.836303,-123.98132
2020-06-04T06:27:24.000,4.56,39.15,8.71,45.836303,-123.98132
2020-06-04T06:42:24.000,4.41,37.9,8.71,45.836303,-123.98132
2020-06-04T06:57:24.000,4.4,37.79,8.69,45.836303,-123.98132
2020-06-04T07:12:24.000,4.33,37.19,8.68,45.836303,-123.98132
2020-06-04T07:27:24.000,4.24,36.4,8.66,45.836303,-123.98132
2020-06-04T07:42:24.000,4.35,37.31,8.64,45.836303,-123.98132
2020-06-04T07:57:24.000,4.31,36.97,8.64,45.836303,-123.98132
2020-06-04T08:12:24.000,4.39,37.67,8.66,45.836303,-123.98132
2020-06-04T08:27:24.000,4.37,37.58,8.71,45.836303,-123.98132
2020-06-04T08:42:24.000,4.74,40.74,8.74,45.836303,-123.98132
2020-06-04T08:57:24.000,4.72,40.64,8.8,45.836303,-123.98132
2020-06-04T09:12:24.000,5.31,45.83,8.9,45.836303,-123.98132
2020-06-04T09:27:24.000,5.56,48.06,8.97,45.836303,-123.98132
2020-06-04T09:42:24.000,6.1,52.92,9.13,45.836303,-123.98132
2020-06-04T09:57:24.000,6.41,55.79,9.27,45.836303,-123.98132
2020-06-04T10:12:24.000,5.64,49.04,9.18,45.836303,-123.98132
2020-06-04T10:27:24.000,5.3,45.91,9.09,45.836303,-123.98132
2020-06-04T10:42:24.000,5.27,45.63,9.01,45.836303,-123.98132
2020-06-04T10:57:24.000,5.28,45.64,8.99,45.836303,-123.98132
2020-06-04T11:12:24.000,5.09,44.03,8.97,45.836303,-123.98132
2020-06-04T11:27:24.000,5.18,44.77,8.95,45.836303,-123.98132
2020-06-04T11:42:24.000,5.21,45.06,8.97,45.836303,-123.98132
2020-06-04T11:57:24.000,5.36,46.41,9.02,45.836303,-123.98132
2020-06-04T12:12:24.000,5.18,44.86,9.06,45.836303,-123.98132
2020-06-04T12:27:24.000,4.65,40.26,9.02,45.836303,-123.98132
2020-06-04T12:42:24.000,4.61,39.88,9.02,45.836303,-123.98132
2020-06-04T12:57:24.000,4.81,41.55,8.97,45.836303,-123.98132
