Time (UTC),DO (ml/L),Dissolved Oxygen (%),Temperature (C),Latitude,Longitude
2020-07-16T08:57:56.000,1.42,11.85,7.41,45.829612,-124.025937
2020-07-16T09:12:56.000,1.42,11.81,7.41,45.829612,-124.025937
2020-07-16T09:27:56.000,1.45,12.04,7.41,45.829612,-124.025937
2020-07-16T09:42:56.000,1.46,12.19,7.42,45.829612,-124.025937
2020-07-16T09:57:56.000,1.47,12.25,7.42,45.829612,-124.025937
2020-07-16T10:12:56.000,1.49,12.41,7.44,45.829612,-124.025937
2020-07-16T10:27:56.000,1.5,12.46,7.44,45.829612,-124.025937
2020-07-16T10:42:56.000,1.52,12.66,7.46,45.829612,-124.025937
2020-07-16T10:57:56.000,1.51,12.6,7.46,45.829612,-124.025937
2020-07-16T11:12:56.000,1.53,12.75,7.46,45.829612,-124.025937
2020-07-16T11:27:56.000,1.52,12.69,7.46,45.829612,-124.025937
2020-07-16T11:42:56.000,1.52,12.63,7.46,45.829612,-124.025937
2020-07-16T11:57:56.000,1.47,12.27,7.46,45.829612,-124.025937
2020-07-16T12:12:56.000,1.45,12.06,7.46,45.829612,-124.025937
2020-07-16T12:27:56.000,1.43,11.95,7.46,45.829612,-124.025937
2020-07-16T12:42:56.000,1.44,11.99,7.45,45.829612,-124.025937
2020-07-16T12:57:56.000,1.45,12.08,7.44,45.829612,-124.025937
2020-07-16T13:12:56.000,1.44,12.03,7.45,45.829612,-124.025937
2020-07-16T13:27:56.000,1.45,12.05,7.44,45.829612,-124.025937
2020-07-16T13:42:56.000,1.44,11.98,7.44,45.829612,-124.025937
2020-07-16T13:57:56.000,1.42,11.83,7.45,45.829612,-124.025937
2020-07-16T14:12:56.000,1.44,12.01,7.45,45.829612,-124.025937
2020-07-16T14:27:56.000,1.45,12.07,7.44,45.829612,-124.025937
2020-07-16T14:42:56.000,1.39,11.59,7.44,45.829612,-124.025937
2020-07-16T14:57:56.000,1.39,11.55,7.43,45.829612,-124.025937
2020-07-16T15:12:56.000,1.35,11.23,7.42,45.829612,-124.025937
2020-07-16T15:27:56.000,1.36,11.33,7.42,45.829612,-124.025937
2020-07-16T15:42:56.000,1.37,11.38,7.42,45.829612,-124.025937
2020-07-16T15:57:56.000,1.37,11.4,7.42,45.829612,-124.025937
2020-07-16T16:12:56.000,1.35,11.27,7.42,45.829612,-124.025937
2020-07-16T16:27:56.000,1.3,10.86,7.42,45.829612,-124.025937
2020-07-16T16:42:56.000,1.31,10.9,7.42,45.829612,-124.025937
2020-07-16T16:57:56.000,1.33,11.08,7.42,45.829612,-124.025937
2020-07-16T17:12:56.000,1.29,10.77,7.42,45.829612,-124.025937
2020-07-16T17:27:56.000,1.34,11.12,7.41,45.829612,-124.025937
2020-07-16T17:42:56.000,1.34,11.18,7.42,45.829612,-124.025937
2020-07-16T17:57:56.000,1.34,11.19,7.42,45.829612,-124.025937
2020-07-16T18:12:56.000,1.34,11.13,7.41,45.829612,-124.025937
2020-07-16T18:27:56.000,1.31,10.93,7.41,45.829612,-124.025937
2020-07-16T18:42:56.000,1.33,11.03,7.41,45.829612,-124.025937
2020-07-16T18:57:56.000,1.34,11.18,7.41,45.829612,-124.025937
2020-07-16T19:12:56.000,1.33,11.06,7.41,45.829612,-124.025937
2020-07-16T19:27:56.000,1.39,11.6,7.42,45.829612,-124.025937
2020-07-16T19:42:56.000,1.39,11.58,7.42,45.829612,-124.025937
2020-07-16T19:57:56.000,1.37,11.42,7.41,45.829612,-124.025937
2020-07-16T20:12:56.000,1.37,11.37,7.41,45.829612,-124.025937
2020-07-16T20:27:56.000,1.36,11.34,7.41,45.829612,-124.025937
2020-07-16T20:42:56.000,1.36,11.33,7.41,45.829612,-124.025937
2020-07-16T20:57:56.000,1.36,11.29,7.41,45.829612,-124.025937
2020-07-16T21:12:56.000,1.37,11.4,7.41,45.829612,-124.025937
2020-07-16T21:27:56.000,1.37,11.41,7.41,45.829612,-124.025937
2020-07-16T21:42:56.000,1.38,11.45,7.41,45.829612,-124.025937
2020-07-16T21:57:56.000,1.36,11.34,7.4,45.829612,-124.025937
2020-07-16T22:12:56.000,1.38,11.46,7.4,45.829612,-124.025937
2020-07-16T22:27:56.000,1.39,11.53,7.41,45.829612,-124.025937
2020-07-16T22:42:56.000,1.39,11.58,7.41,45.829612,-124.025937
2020-07-16T22:57:56.000,1.42,11.81,7.42,45.829612,-124.025937
2020-07-16T23:12:56.000,1.41,11.73,7.43,45.829612,-124.025937
2020-07-16T23:27:56.000,1.45,12.06,7.44,45.829612,-124.025937
2020-07-16T23:42:56.000,1.48,12.31,7.46,45.829612,-124.025937
2020-07-16T23:57:56.000,1.48,12.36,7.46,45.829612,-124.025937
2020-07-17T00:12:56.000,1.47,12.23,7.46,45.829612,-124.025937
2020-07-17T00:27:56.000,1.49,12.38,7.46,45.829612,-124.025937
2020-07-17T00:42:56.000,1.49,12.42,7.46,45.829612,-124.025937
2020-07-17T00:57:56.000,1.44,12.01,7.47,45.829612,-124.025937
2020-07-17T01:12:56.000,1.42,11.8,7.47,45.829612,-124.025937
2020-07-17T01:27:56.000,1.42,11.87,7.47,45.829612,-124.025937
2020-07-17T01:42:56.000,1.46,12.15,7.48,45.829612,-124.025937
2020-07-17T01:57:56.000,1.45,12.08,7.48,45.829612,-124.025937
2020-07-17T02:12:56.000,1.46,12.2,7.48,45.829612,-124.025937
2020-07-17T02:27:56.000,1.37,11.4,7.47,45.829612,-124.025937
2020-07-17T02:42:56.000,1.4,11.7,7.47,45.829612,-124.025937
2020-07-17T02:57:56.000,1.4,11.64,7.46,45.829612,-124.025937
2020-07-17T03:12:56.000,1.4,11.69,7.47,45.829612,-124.025937
2020-07-17T03:27:56.000,1.44,11.97,7.47,45.829612,-124.025937
2020-07-17T03:42:56.000,1.45,12.08,7.48,45.829612,-124.025937
2020-07-17T03:57:56.000,1.42,11.85,7.48,45.829612,-124.025937
2020-07-17T04:12:56.000,1.32,10.97,7.48,45.829612,-124.025937
2020-07-17T04:27:56.000,1.31,10.91,7.47,45.829612,-124.025937
2020-07-17T04:42:56.000,1.42,11.8,7.47,45.829612,-124.025937
2020-07-17T04:57:56.000,1.36,11.31,7.47,45.829612,-124.025937
2020-07-17T05:12:56.000,1.32,10.97,7.47,45.829612,-124.025937
2020-07-17T05:27:56.000,1.4,11.67,7.47,45.829612,-124.025937
2020-07-17T05:42:56.000,1.4,11.7,7.47,45.829612,-124.025937
2020-07-17T05:57:56.000,1.39,11.6,7.47,45.829612,-124.025937
2020-07-17T06:12:56.000,1.41,11.75,7.47,45.829612,-124.025937
2020-07-17T06:27:56.000,1.42,11.79,7.46,45.829612,-124.025937
2020-07-17T06:42:56.000,1.4,11.67,7.45,45.829612,-124.025937
2020-07-17T06:57:56.000,1.39,11.59,7.44,45.829612,-124.025937
2020-07-17T07:12:56.000,1.37,11.42,7.42,45.829612,-124.025937
2020-07-17T07:27:56.000,1.36,11.33,7.41,45.829612,-124.025937
2020-07-17T07:42:56.000,1.35,11.26,7.41,45.829612,-124.025937
2020-07-17T07:57:56.000,1.34,11.15,7.41,45.829612,-124.025937
2020-07-17T08:12:56.000,1.34,11.18,7.41,45.829612,-124.025937
2020-07-17T08:27:56.000,1.34,11.13,7.41,45.829612,-124.025937
2020-07-17T08:42:56.000,1.35,11.26,7.41,45.829612,-124.025937
2020-07-17T08:57:56.000,1.34,11.17,7.4,45.829612,-124.025937
2020-07-17T09:12:56.000,1.33,11.07,7.39,45.829612,-124.025937
2020-07-17T09:27:56.000,1.34,11.11,7.39,45.829612,-124.025937
2020-07-17T09:42:56.000,1.33,11.08,7.39,45.829612,-124.025937
2020-07-17T09:57:56.000,1.33,11.1,7.39,45.829612,-124.025937
2020-07-17T10:12:56.000,1.33,11.07,7.39,45.829612,-124.025937
2020-07-17T10:27:56.000,1.32,11,7.39,45.829612,-124.025937
2020-07-17T10:42:56.000,1.32,10.95,7.39,45.829612,-124.025937
2020-07-17T10:57:56.000,1.31,10.87,7.39,45.829612,-124.025937
2020-07-17T11:12:56.000,1.32,10.96,7.39,45.829612,-124.025937
2020-07-17T11:27:56.000,1.3,10.81,7.39,45.829612,-124.025937
2020-07-17T11:42:56.000,1.32,10.97,7.4,45.829612,-124.025937
2020-07-17T11:57:56.000,1.32,10.94,7.39,45.829612,-124.025937
2020-07-17T12:12:56.000,1.3,10.84,7.39,45.829612,-124.025937
2020-07-17T12:27:56.000,1.3,10.82,7.39,45.829612,-124.025937
2020-07-17T12:42:56.000,1.3,10.85,7.39,45.829612,-124.025937
2020-07-17T12:57:56.000,1.31,10.91,7.4,45.829612,-124.025937
2020-07-17T13:12:56.000,1.3,10.8,7.4,45.829612,-124.025937
2020-07-17T13:27:56.000,1.29,10.73,7.41,45.829612,-124.025937
2020-07-17T13:42:56.000,1.29,10.76,7.41,45.829612,-124.025937
2020-07-17T13:57:56.000,1.23,10.26,7.41,45.829612,-124.025937
2020-07-17T14:12:56.000,1.31,10.88,7.41,45.829612,-124.025937
2020-07-17T14:27:56.000,1.31,10.94,7.41,45.829612,-124.025937
2020-07-17T14:42:56.000,1.29,10.74,7.41,45.829612,-124.025937
2020-07-17T14:57:56.000,1.27,10.61,7.42,45.829612,-124.025937
2020-07-17T15:12:56.000,1.29,10.72,7.42,45.829612,-124.025937
2020-07-17T15:27:56.000,1.29,10.75,7.43,45.829612,-124.025937
2020-07-17T15:42:56.000,1.29,10.73,7.42,45.829612,-124.025937
2020-07-17T15:57:56.000,1.29,10.71,7.41,45.829612,-124.025937
2020-07-17T16:12:56.000,1.3,10.84,7.41,45.829612,-124.025937
2020-07-17T16:27:56.000,1.32,11,7.41,45.829612,-124.025937
2020-07-17T16:42:56.000,1.3,10.78,7.41,45.829612,-124.025937
2020-07-17T16:57:56.000,1.31,10.92,7.39,45.829612,-124.025937
2020-07-17T17:12:56.000,1.3,10.83,7.39,45.829612,-124.025937
2020-07-17T17:27:56.000,1.3,10.78,7.39,45.829612,-124.025937
2020-07-17T17:42:56.000,1.3,10.81,7.39,45.829612,-124.025937
2020-07-17T17:57:56.000,1.28,10.62,7.38,45.829612,-124.025937
2020-07-17T18:12:56.000,1.27,10.59,7.38,45.829612,-124.025937
2020-07-17T18:27:56.000,1.26,10.46,7.38,45.829612,-124.025937
2020-07-17T18:42:56.000,1.27,10.55,7.38,45.829612,-124.025937
2020-07-17T18:57:56.000,1.27,10.53,7.37,45.829612,-124.025937
2020-07-17T19:12:56.000,1.26,10.51,7.37,45.829612,-124.025937
2020-07-17T19:27:56.000,1.26,10.49,7.37,45.829612,-124.025937
2020-07-17T19:42:56.000,1.25,10.42,7.37,45.829612,-124.025937
2020-07-17T19:57:56.000,1.25,10.37,7.37,45.829612,-124.025937
2020-07-17T20:12:56.000,1.25,10.42,7.37,45.829612,-124.025937
2020-07-17T20:27:56.000,1.25,10.37,7.37,45.829612,-124.025937
2020-07-17T20:42:56.000,1.25,10.39,7.37,45.829612,-124.025937
2020-07-17T20:57:56.000,1.23,10.24,7.37,45.829612,-124.025937
2020-07-17T21:12:56.000,1.24,10.34,7.37,45.829612,-124.025937
2020-07-17T21:27:56.000,1.23,10.24,7.37,45.829612,-124.025937
2020-07-17T21:42:56.000,1.24,10.32,7.37,45.829612,-124.025937
2020-07-17T21:57:56.000,1.25,10.41,7.37,45.829612,-124.025937
2020-07-17T22:12:56.000,1.27,10.55,7.39,45.829612,-124.025937
2020-07-17T22:27:56.000,1.24,10.29,7.37,45.829612,-124.025937
2020-07-17T22:42:56.000,1.22,10.16,7.37,45.829612,-124.025937
2020-07-17T22:57:56.000,1.22,10.11,7.37,45.829612,-124.025937
2020-07-17T23:12:56.000,1.23,10.23,7.37,45.829612,-124.025937
2020-07-17T23:27:56.000,1.24,10.33,7.37,45.829612,-124.025937
2020-07-17T23:42:56.000,1.24,10.32,7.37,45.829612,-124.025937
2020-07-17T23:57:56.000,1.24,10.27,7.37,45.829612,-124.025937
2020-07-18T00:12:56.000,1.23,10.21,7.37,45.829612,-124.025937
2020-07-18T00:27:56.000,1.13,9.39,7.36,45.829612,-124.025937
2020-07-18T00:42:56.000,1.19,9.87,7.36,45.829612,-124.025937
2020-07-18T00:57:56.000,1.18,9.78,7.36,45.829612,-124.025937
2020-07-18T01:12:56.000,1.17,9.72,7.36,45.829612,-124.025937
2020-07-18T01:27:56.000,1.17,9.74,7.36,45.829612,-124.025937
2020-07-18T01:42:56.000,1.15,9.54,7.36,45.829612,-124.025937
2020-07-18T01:57:56.000,1.14,9.5,7.36,45.829612,-124.025937
2020-07-18T02:12:56.000,1.13,9.42,7.37,45.829612,-124.025937
2020-07-18T02:27:56.000,1.15,9.53,7.37,45.829612,-124.025937
2020-07-18T02:42:56.000,1.14,9.49,7.37,45.829612,-124.025937
2020-07-18T02:57:56.000,1.16,9.63,7.37,45.829612,-124.025937
2020-07-18T03:12:56.000,1.14,9.5,7.37,45.829612,-124.025937
2020-07-18T03:27:56.000,1.13,9.41,7.37,45.829612,-124.025937
2020-07-18T03:42:56.000,1.16,9.62,7.37,45.829612,-124.025937
2020-07-18T03:57:56.000,1.13,9.35,7.37,45.829612,-124.025937
2020-07-18T04:12:56.000,1.12,9.35,7.37,45.829612,-124.025937
2020-07-18T04:27:56.000,1.1,9.17,7.37,45.829612,-124.025937
2020-07-18T04:42:56.000,1.07,8.92,7.37,45.829612,-124.025937
2020-07-18T04:57:56.000,1.11,9.26,7.37,45.829612,-124.025937
2020-07-18T05:12:56.000,1.13,9.4,7.37,45.829612,-124.025937
2020-07-18T05:27:56.000,1.13,9.4,7.37,45.829612,-124.025937
2020-07-18T05:42:56.000,1.14,9.5,7.37,45.829612,-124.025937
2020-07-18T05:57:56.000,1.13,9.4,7.37,45.829612,-124.025937
2020-07-18T06:12:56.000,1.13,9.43,7.37,45.829612,-124.025937
2020-07-18T06:27:56.000,1.12,9.34,7.36,45.829612,-124.025937
2020-07-18T06:42:56.000,1.09,9.09,7.37,45.829612,-124.025937
2020-07-18T06:57:56.000,1.12,9.28,7.36,45.829612,-124.025937
2020-07-18T07:12:56.000,1.13,9.38,7.37,45.829612,-124.025937
2020-07-18T07:27:56.000,1.13,9.35,7.36,45.829612,-124.025937
2020-07-18T07:42:56.000,1.12,9.29,7.36,45.829612,-124.025937
2020-07-18T07:57:56.000,1.09,9.05,7.36,45.829612,-124.025937
2020-07-18T08:12:56.000,1.12,9.28,7.36,45.829612,-124.025937
2020-07-18T08:27:56.000,1.1,9.15,7.36,45.829612,-124.025937
2020-07-18T08:42:56.000,1.11,9.2,7.35,45.829612,-124.025937
2020-07-18T08:57:56.000,1.1,9.16,7.35,45.829612,-124.025937
2020-07-18T09:12:56.000,1.1,9.11,7.34,45.829612,-124.025937
2020-07-18T09:27:56.000,1.09,9.08,7.34,45.829612,-124.025937
2020-07-18T09:42:56.000,1.09,9.04,7.34,45.829612,-124.025937
2020-07-18T09:57:56.000,1.09,9.03,7.34,45.829612,-124.025937
2020-07-18T10:12:56.000,1.08,8.99,7.34,45.829612,-124.025937
2020-07-18T10:27:56.000,1.08,8.94,7.34,45.829612,-124.025937
2020-07-18T10:42:56.000,1.07,8.85,7.34,45.829612,-124.025937
2020-07-18T10:57:56.000,1.05,8.75,7.33,45.829612,-124.025937
2020-07-18T11:12:56.000,1.04,8.63,7.32,45.829612,-124.025937
2020-07-18T11:27:56.000,1.05,8.68,7.32,45.829612,-124.025937
2020-07-18T11:42:56.000,1.02,8.51,7.32,45.829612,-124.025937
2020-07-18T11:57:56.000,1.01,8.38,7.3,45.829612,-124.025937
2020-07-18T12:12:56.000,0.99,8.25,7.29,45.829612,-124.025937
2020-07-18T12:27:56.000,0.99,8.23,7.29,45.829612,-124.025937
2020-07-18T12:42:56.000,0.99,8.18,7.3,45.829612,-124.025937
2020-07-18T12:57:56.000,1,8.31,7.3,45.829612,-124.025937
2020-07-18T13:12:56.000,1.01,8.42,7.31,45.829612,-124.025937
2020-07-18T13:27:56.000,1.02,8.5,7.31,45.829612,-124.025937
2020-07-18T13:42:56.000,1.04,8.6,7.31,45.829612,-124.025937
2020-07-18T13:57:56.000,1.03,8.55,7.3,45.829612,-124.025937
2020-07-18T14:12:56.000,1.01,8.41,7.3,45.829612,-124.025937
2020-07-18T14:27:56.000,0.99,8.18,7.29,45.829612,-124.025937
2020-07-18T14:42:56.000,0.97,8.07,7.29,45.829612,-124.025937
2020-07-18T14:57:56.000,0.97,8.05,7.29,45.829612,-124.025937
2020-07-18T15:12:56.000,0.94,7.79,7.29,45.829612,-124.025937
2020-07-18T15:27:56.000,0.95,7.87,7.28,45.829612,-124.025937
2020-07-18T15:42:56.000,0.93,7.71,7.28,45.829612,-124.025937
2020-07-18T15:57:56.000,0.95,7.9,7.28,45.829612,-124.025937
2020-07-18T16:12:56.000,0.92,7.64,7.28,45.829612,-124.025937
2020-07-18T16:27:56.000,0.95,7.9,7.28,45.829612,-124.025937
2020-07-18T16:42:56.000,0.93,7.71,7.27,45.829612,-124.025937
2020-07-18T16:57:56.000,0.92,7.61,7.27,45.829612,-124.025937
2020-07-18T17:12:56.000,0.91,7.59,7.28,45.829612,-124.025937
2020-07-18T17:27:56.000,0.9,7.5,7.28,45.829612,-124.025937
2020-07-18T17:42:56.000,0.86,7.13,7.28,45.829612,-124.025937
2020-07-18T17:57:56.000,0.85,7.08,7.28,45.829612,-124.025937
2020-07-18T18:12:56.000,0.9,7.51,7.28,45.829612,-124.025937
2020-07-18T18:27:56.000,0.92,7.62,7.28,45.829612,-124.025937
2020-07-18T18:42:56.000,0.92,7.62,7.27,45.829612,-124.025937
2020-07-18T18:57:56.000,0.95,7.84,7.27,45.829612,-124.025937
2020-07-18T19:12:56.000,0.98,8.16,7.29,45.829612,-124.025937
2020-07-18T19:27:56.000,1.01,8.35,7.29,45.829612,-124.025937
2020-07-18T19:42:56.000,1.03,8.56,7.3,45.829612,-124.025937
2020-07-18T19:57:56.000,1.03,8.53,7.3,45.829612,-124.025937
2020-07-18T20:12:56.000,1.02,8.48,7.3,45.829612,-124.025937
2020-07-18T20:27:56.000,1.02,8.47,7.31,45.829612,-124.025937
2020-07-18T20:42:56.000,1.01,8.36,7.3,45.829612,-124.025937
2020-07-18T20:57:56.000,1,8.32,7.3,45.829612,-124.025937
2020-07-18T21:12:56.000,1,8.27,7.3,45.829612,-124.025937
2020-07-18T21:27:56.000,0.99,8.21,7.29,45.829612,-124.025937
2020-07-18T21:42:56.000,0.98,8.17,7.29,45.829612,-124.025937
2020-07-18T21:57:56.000,0.97,8.02,7.29,45.829612,-124.025937
2020-07-18T22:12:56.000,0.94,7.83,7.28,45.829612,-124.025937
2020-07-18T22:27:56.000,0.93,7.74,7.27,45.829612,-124.025937
2020-07-18T22:42:56.000,0.93,7.73,7.27,45.829612,-124.025937
2020-07-18T22:57:56.000,0.9,7.45,7.26,45.829612,-124.025937
2020-07-18T23:12:56.000,0.9,7.5,7.26,45.829612,-124.025937
2020-07-18T23:27:56.000,0.88,7.33,7.24,45.829612,-124.025937
2020-07-18T23:42:56.000,0.88,7.26,7.24,45.829612,-124.025937
2020-07-18T23:57:56.000,0.88,7.26,7.24,45.829612,-124.025937
2020-07-19T00:12:56.000,0.88,7.3,7.24,45.829612,-124.025937
2020-07-19T00:27:56.000,0.73,6.06,7.23,45.829612,-124.025937
2020-07-19T00:42:56.000,0.85,7.06,7.22,45.829612,-124.025937
2020-07-19T00:57:56.000,0.85,7,7.22,45.829612,-124.025937
2020-07-19T01:12:56.000,0.84,6.99,7.22,45.829612,-124.025937
2020-07-19T01:27:56.000,0.85,7.07,7.22,45.829612,-124.025937
2020-07-19T01:42:56.000,0.86,7.09,7.22,45.829612,-124.025937
2020-07-19T01:57:56.000,0.85,7.03,7.21,45.829612,-124.025937
2020-07-19T02:12:56.000,0.86,7.12,7.21,45.829612,-124.025937
2020-07-19T02:27:56.000,0.86,7.11,7.21,45.829612,-124.025937
2020-07-19T02:42:56.000,0.86,7.14,7.21,45.829612,-124.025937
2020-07-19T02:57:56.000,0.86,7.08,7.21,45.829612,-124.025937
2020-07-19T03:12:56.000,0.85,7.01,7.2,45.829612,-124.025937
2020-07-19T03:27:56.000,0.85,7.03,7.21,45.829612,-124.025937
2020-07-19T03:42:56.000,0.85,7.05,7.21,45.829612,-124.025937
2020-07-19T03:57:56.000,0.84,6.94,7.21,45.829612,-124.025937
2020-07-19T04:12:56.000,0.84,6.95,7.21,45.829612,-124.025937
2020-07-19T04:27:56.000,0.85,7,7.2,45.829612,-124.025937
2020-07-19T04:42:56.000,0.83,6.87,7.21,45.829612,-124.025937
2020-07-19T04:57:56.000,0.85,7.04,7.21,45.829612,-124.025937
2020-07-19T05:12:56.000,0.85,7.05,7.21,45.829612,-124.025937
2020-07-19T05:27:56.000,0.87,7.22,7.22,45.829612,-124.025937
2020-07-19T05:42:56.000,0.93,7.69,7.24,45.829612,-124.025937
2020-07-19T05:57:56.000,0.92,7.64,7.24,45.829612,-124.025937
2020-07-19T06:12:56.000,0.91,7.53,7.24,45.829612,-124.025937
2020-07-19T06:27:56.000,0.89,7.41,7.23,45.829612,-124.025937
2020-07-19T06:42:56.000,0.85,7.05,7.24,45.829612,-124.025937
2020-07-19T06:57:56.000,0.89,7.34,7.24,45.829612,-124.025937
2020-07-19T07:12:56.000,0.86,7.17,7.24,45.829612,-124.025937
2020-07-19T07:27:56.000,0.9,7.43,7.24,45.829612,-124.025937
2020-07-19T07:42:56.000,0.92,7.61,7.25,45.829612,-124.025937
2020-07-19T07:57:56.000,0.9,7.49,7.25,45.829612,-124.025937
2020-07-19T08:12:56.000,0.95,7.85,7.27,45.829612,-124.025937
2020-07-19T08:27:56.000,0.97,8.07,7.27,45.829612,-124.025937
2020-07-19T08:42:56.000,1,8.31,7.29,45.829612,-124.025937
2020-07-19T08:57:56.000,1.03,8.57,7.3,45.829612,-124.025937
2020-07-19T09:12:56.000,1,8.27,7.3,45.829612,-124.025937
2020-07-19T09:27:56.000,1.01,8.36,7.3,45.829612,-124.025937
2020-07-19T09:42:56.000,0.97,8.05,7.29,45.829612,-124.025937
2020-07-19T09:57:56.000,0.97,8.08,7.29,45.829612,-124.025937
2020-07-19T10:12:56.000,0.95,7.92,7.29,45.829612,-124.025937
2020-07-19T10:27:56.000,0.95,7.86,7.29,45.829612,-124.025937
2020-07-19T10:42:56.000,0.95,7.89,7.27,45.829612,-124.025937
2020-07-19T10:57:56.000,0.93,7.72,7.27,45.829612,-124.025937
2020-07-19T11:12:56.000,0.92,7.63,7.26,45.829612,-124.025937
2020-07-19T11:27:56.000,0.89,7.38,7.25,45.829612,-124.025937
2020-07-19T11:42:56.000,0.89,7.36,7.24,45.829612,-124.025937
2020-07-19T11:57:56.000,0.89,7.36,7.24,45.829612,-124.025937
2020-07-19T12:12:56.000,0.9,7.42,7.24,45.829612,-124.025937
2020-07-19T12:27:56.000,0.91,7.54,7.24,45.829612,-124.025937
2020-07-19T12:42:56.000,0.92,7.63,7.25,45.829612,-124.025937
2020-07-19T12:57:56.000,0.93,7.69,7.25,45.829612,-124.025937
2020-07-19T13:12:56.000,0.92,7.58,7.24,45.829612,-124.025937
2020-07-19T13:27:56.000,0.91,7.54,7.24,45.829612,-124.025937
2020-07-19T13:42:56.000,0.91,7.52,7.24,45.829612,-124.025937
2020-07-19T13:57:56.000,0.9,7.45,7.24,45.829612,-124.025937
2020-07-19T14:12:56.000,0.91,7.58,7.24,45.829612,-124.025937
2020-07-19T14:27:56.000,0.93,7.69,7.25,45.829612,-124.025937
2020-07-19T14:42:56.000,0.93,7.71,7.25,45.829612,-124.025937
2020-07-19T14:57:56.000,0.94,7.8,7.25,45.829612,-124.025937
2020-07-19T15:12:56.000,0.93,7.69,7.25,45.829612,-124.025937
2020-07-19T15:27:56.000,0.94,7.79,7.25,45.829612,-124.025937
2020-07-19T15:42:56.000,0.94,7.83,7.26,45.829612,-124.025937
2020-07-19T15:57:56.000,0.95,7.85,7.27,45.829612,-124.025937
2020-07-19T16:12:56.000,0.91,7.52,7.25,45.829612,-124.025937
2020-07-19T16:27:56.000,0.92,7.63,7.25,45.829612,-124.025937
2020-07-19T16:42:56.000,0.88,7.28,7.24,45.829612,-124.025937
2020-07-19T16:57:56.000,0.89,7.4,7.24,45.829612,-124.025937
2020-07-19T17:12:56.000,0.89,7.4,7.24,45.829612,-124.025937
2020-07-19T17:27:56.000,0.89,7.42,7.24,45.829612,-124.025937
2020-07-19T17:42:56.000,0.91,7.51,7.25,45.829612,-124.025937
2020-07-19T17:57:56.000,0.91,7.56,7.25,45.829612,-124.025937
2020-07-19T18:12:56.000,0.93,7.69,7.25,45.829612,-124.025937
2020-07-19T18:27:56.000,0.95,7.84,7.25,45.829612,-124.025937
2020-07-19T18:42:56.000,0.96,8,7.27,45.829612,-124.025937
2020-07-19T18:57:56.000,0.99,8.17,7.27,45.829612,-124.025937
2020-07-19T19:12:56.000,1.01,8.35,7.27,45.829612,-124.025937
2020-07-19T19:27:56.000,1.04,8.63,7.29,45.829612,-124.025937
2020-07-19T19:42:56.000,1.05,8.67,7.29,45.829612,-124.025937
2020-07-19T19:57:56.000,1.08,8.96,7.31,45.829612,-124.025937
2020-07-19T20:12:56.000,1.13,9.35,7.32,45.829612,-124.025937
2020-07-19T20:27:56.000,1.14,9.46,7.34,45.829612,-124.025937
2020-07-19T20:42:56.000,1.17,9.73,7.34,45.829612,-124.025937
2020-07-19T20:57:56.000,1.18,9.84,7.34,45.829612,-124.025937
2020-07-19T21:12:56.000,1.2,9.94,7.36,45.829612,-124.025937
2020-07-19T21:27:56.000,1.2,9.94,7.36,45.829612,-124.025937
2020-07-19T21:42:56.000,1.18,9.83,7.36,45.829612,-124.025937
2020-07-19T21:57:56.000,1.18,9.81,7.37,45.829612,-124.025937
2020-07-19T22:12:56.000,1.18,9.83,7.36,45.829612,-124.025937
2020-07-19T22:27:56.000,1.2,10.01,7.37,45.829612,-124.025937
2020-07-19T22:42:56.000,1.16,9.63,7.37,45.829612,-124.025937
2020-07-19T22:57:56.000,1.15,9.53,7.37,45.829612,-124.025937
2020-07-19T23:12:56.000,1.18,9.83,7.37,45.829612,-124.025937
2020-07-19T23:27:56.000,1.19,9.87,7.37,45.829612,-124.025937
2020-07-19T23:42:56.000,1.21,10.09,7.37,45.829612,-124.025937
2020-07-19T23:57:56.000,1.2,9.96,7.37,45.829612,-124.025937
2020-07-20T00:12:56.000,1.18,9.78,7.37,45.829612,-124.025937
2020-07-20T00:27:56.000,1.19,9.89,7.37,45.829612,-124.025937
2020-07-20T00:42:56.000,1.2,9.94,7.37,45.829612,-124.025937
2020-07-20T00:57:56.000,1.2,9.97,7.37,45.829612,-124.025937
2020-07-20T01:12:56.000,1.19,9.92,7.37,45.829612,-124.025937
2020-07-20T01:27:56.000,1.2,9.94,7.37,45.829612,-124.025937
2020-07-20T01:42:56.000,1.19,9.91,7.37,45.829612,-124.025937
2020-07-20T01:57:56.000,1.18,9.83,7.37,45.829612,-124.025937
2020-07-20T02:12:56.000,1.2,9.98,7.37,45.829612,-124.025937
2020-07-20T02:27:56.000,1.19,9.88,7.37,45.829612,-124.025937
2020-07-20T02:42:56.000,1.2,9.95,7.37,45.829612,-124.025937
2020-07-20T02:57:56.000,1.16,9.63,7.35,45.829612,-124.025937
2020-07-20T03:12:56.000,1.13,9.41,7.34,45.829612,-124.025937
2020-07-20T03:27:56.000,1.13,9.41,7.34,45.829612,-124.025937
2020-07-20T03:42:56.000,1.12,9.34,7.34,45.829612,-124.025937
2020-07-20T03:57:56.000,1.12,9.33,7.34,45.829612,-124.025937
2020-07-20T04:12:56.000,1.12,9.31,7.34,45.829612,-124.025937
2020-07-20T04:27:56.000,1.12,9.32,7.34,45.829612,-124.025937
2020-07-20T04:42:56.000,1.15,9.56,7.34,45.829612,-124.025937
2020-07-20T04:57:56.000,1.09,9.06,7.35,45.829612,-124.025937
2020-07-20T05:12:56.000,1.13,9.41,7.35,45.829612,-124.025937
2020-07-20T05:27:56.000,1.13,9.4,7.34,45.829612,-124.025937
2020-07-20T05:42:56.000,1.12,9.3,7.35,45.829612,-124.025937
2020-07-20T05:57:56.000,1.13,9.42,7.35,45.829612,-124.025937
2020-07-20T06:12:56.000,1.12,9.33,7.36,45.829612,-124.025937
2020-07-20T06:27:56.000,1.14,9.51,7.37,45.829612,-124.025937
2020-07-20T06:42:56.000,1.16,9.62,7.37,45.829612,-124.025937
2020-07-20T06:57:56.000,1.2,9.95,7.37,45.829612,-124.025937
2020-07-20T07:12:56.000,1.23,10.24,7.38,45.829612,-124.025937
2020-07-20T07:27:56.000,1.23,10.24,7.39,45.829612,-124.025937
2020-07-20T07:42:56.000,1.21,10.04,7.39,45.829612,-124.025937
2020-07-20T07:57:56.000,1.22,10.12,7.39,45.829612,-124.025937
2020-07-20T08:12:56.000,1.25,10.38,7.39,45.829612,-124.025937
2020-07-20T08:27:56.000,1.25,10.38,7.39,45.829612,-124.025937
2020-07-20T08:42:56.000,1.24,10.29,7.39,45.829612,-124.025937
2020-07-20T08:57:56.000,1.24,10.29,7.39,45.829612,-124.025937
2020-07-20T09:12:56.000,1.25,10.36,7.39,45.829612,-124.025937
2020-07-20T09:27:56.000,1.26,10.48,7.39,45.829612,-124.025937
2020-07-20T09:42:56.000,1.25,10.39,7.39,45.829612,-124.025937
2020-07-20T09:57:56.000,1.28,10.62,7.39,45.829612,-124.025937
2020-07-20T10:12:56.000,1.27,10.6,7.39,45.829612,-124.025937
2020-07-20T10:27:56.000,1.3,10.85,7.4,45.829612,-124.025937
2020-07-20T10:42:56.000,1.32,10.99,7.41,45.829612,-124.025937
2020-07-20T10:57:56.000,1.34,11.12,7.41,45.829612,-124.025937
2020-07-20T11:12:56.000,1.37,11.39,7.43,45.829612,-124.025937
2020-07-20T11:27:56.000,1.25,10.36,7.39,45.829612,-124.025937
2020-07-20T11:42:56.000,1.04,8.62,7.32,45.829612,-124.025937
2020-07-20T11:57:56.000,1.04,8.66,7.32,45.829612,-124.025937
2020-07-20T12:12:56.000,1,8.26,7.3,45.829612,-124.025937
2020-07-20T12:27:56.000,0.97,8.05,7.29,45.829612,-124.025937
2020-07-20T12:42:56.000,0.94,7.8,7.28,45.829612,-124.025937
2020-07-20T12:57:56.000,0.93,7.68,7.27,45.829612,-124.025937
2020-07-20T13:12:56.000,0.9,7.48,7.27,45.829612,-124.025937
2020-07-20T13:27:56.000,0.88,7.27,7.27,45.829612,-124.025937
2020-07-20T13:42:56.000,0.88,7.26,7.27,45.829612,-124.025937
2020-07-20T13:57:56.000,0.87,7.21,7.26,45.829612,-124.025937
2020-07-20T14:12:56.000,0.85,7.06,7.25,45.829612,-124.025937
2020-07-20T14:27:56.000,0.85,7.05,7.25,45.829612,-124.025937
2020-07-20T14:42:56.000,0.85,7.03,7.25,45.829612,-124.025937
2020-07-20T14:57:56.000,0.83,6.92,7.25,45.829612,-124.025937
2020-07-20T15:12:56.000,0.85,7.06,7.25,45.829612,-124.025937
2020-07-20T15:27:56.000,0.84,6.96,7.25,45.829612,-124.025937
2020-07-20T15:42:56.000,0.85,7.03,7.25,45.829612,-124.025937
2020-07-20T15:57:56.000,0.85,7.03,7.24,45.829612,-124.025937
2020-07-20T16:12:56.000,0.83,6.86,7.25,45.829612,-124.025937
2020-07-20T16:27:56.000,0.85,7.04,7.25,45.829612,-124.025937
2020-07-20T16:42:56.000,0.86,7.16,7.25,45.829612,-124.025937
2020-07-20T16:57:56.000,0.87,7.2,7.25,45.829612,-124.025937
2020-07-20T17:12:56.000,0.88,7.27,7.25,45.829612,-124.025937
2020-07-20T17:27:56.000,0.89,7.38,7.25,45.829612,-124.025937
2020-07-20T17:42:56.000,0.88,7.3,7.25,45.829612,-124.025937
2020-07-20T17:57:56.000,0.9,7.43,7.25,45.829612,-124.025937
2020-07-20T18:12:56.000,0.9,7.43,7.26,45.829612,-124.025937
2020-07-20T18:27:56.000,0.9,7.44,7.26,45.829612,-124.025937
2020-07-20T18:42:56.000,0.89,7.39,7.27,45.829612,-124.025937
2020-07-20T18:57:56.000,0.9,7.48,7.27,45.829612,-124.025937
2020-07-20T19:12:56.000,0.91,7.52,7.27,45.829612,-124.025937
2020-07-20T19:27:56.000,0.92,7.67,7.27,45.829612,-124.025937
2020-07-20T19:42:56.000,0.93,7.69,7.27,45.829612,-124.025937
2020-07-20T19:57:56.000,0.93,7.75,7.27,45.829612,-124.025937
2020-07-20T20:12:56.000,0.96,7.93,7.28,45.829612,-124.025937
2020-07-20T20:27:56.000,0.96,7.93,7.29,45.829612,-124.025937
2020-07-20T20:42:56.000,0.97,8.08,7.29,45.829612,-124.025937
2020-07-20T20:57:56.000,0.98,8.16,7.29,45.829612,-124.025937
2020-07-20T21:12:56.000,1.01,8.37,7.29,45.829612,-124.025937
2020-07-20T21:27:56.000,1.01,8.39,7.29,45.829612,-124.025937
2020-07-20T21:42:56.000,1.02,8.48,7.3,45.829612,-124.025937
2020-07-20T21:57:56.000,1.02,8.47,7.31,45.829612,-124.025937
2020-07-20T22:12:56.000,1.04,8.64,7.32,45.829612,-124.025937
2020-07-20T22:27:56.000,1.04,8.66,7.32,45.829612,-124.025937
2020-07-20T22:42:56.000,1.05,8.75,7.32,45.829612,-124.025937
2020-07-20T22:57:56.000,1.07,8.84,7.32,45.829612,-124.025937
2020-07-20T23:12:56.000,1.08,8.95,7.33,45.829612,-124.025937
2020-07-20T23:27:56.000,1.06,8.81,7.34,45.829612,-124.025937
2020-07-20T23:42:56.000,1.1,9.13,7.34,45.829612,-124.025937
2020-07-20T23:57:56.000,1.1,9.1,7.34,45.829612,-124.025937
2020-07-21T00:12:56.000,1.11,9.23,7.35,45.829612,-124.025937
2020-07-21T00:27:56.000,1.1,9.13,7.36,45.829612,-124.025937
2020-07-21T00:42:56.000,1.1,9.19,7.37,45.829612,-124.025937
2020-07-21T00:57:56.000,1.14,9.45,7.37,45.829612,-124.025937
2020-07-21T01:12:56.000,1.12,9.35,7.37,45.829612,-124.025937
2020-07-21T01:27:56.000,1.13,9.38,7.37,45.829612,-124.025937
2020-07-21T01:42:56.000,1.12,9.31,7.37,45.829612,-124.025937
2020-07-21T01:57:56.000,1.1,9.12,7.37,45.829612,-124.025937
2020-07-21T02:12:56.000,1.15,9.55,7.37,45.829612,-124.025937
2020-07-21T02:27:56.000,1.11,9.2,7.37,45.829612,-124.025937
2020-07-21T02:42:56.000,1.1,9.16,7.37,45.829612,-124.025937
2020-07-21T02:57:56.000,1.12,9.33,7.37,45.829612,-124.025937
2020-07-21T03:12:56.000,1.15,9.52,7.37,45.829612,-124.025937
2020-07-21T03:27:56.000,1.13,9.43,7.37,45.829612,-124.025937
2020-07-21T03:42:56.000,1.14,9.44,7.37,45.829612,-124.025937
2020-07-21T03:57:56.000,1.14,9.51,7.37,45.829612,-124.025937
2020-07-21T04:12:56.000,1.13,9.38,7.37,45.829612,-124.025937
2020-07-21T04:27:56.000,1.14,9.5,7.37,45.829612,-124.025937
2020-07-21T04:42:56.000,1.15,9.57,7.37,45.829612,-124.025937
2020-07-21T04:57:56.000,1.17,9.74,7.38,45.829612,-124.025937
2020-07-21T05:12:56.000,1.17,9.69,7.39,45.829612,-124.025937
2020-07-21T05:27:56.000,1.19,9.9,7.39,45.829612,-124.025937
2020-07-21T05:42:56.000,1.19,9.86,7.39,45.829612,-124.025937
2020-07-21T05:57:56.000,1.19,9.92,7.39,45.829612,-124.025937
2020-07-21T06:12:56.000,1.19,9.9,7.39,45.829612,-124.025937
2020-07-21T06:27:56.000,1.19,9.9,7.39,45.829612,-124.025937
2020-07-21T06:42:56.000,1.17,9.71,7.37,45.829612,-124.025937
2020-07-21T06:57:56.000,1.16,9.61,7.37,45.829612,-124.025937
2020-07-21T07:12:56.000,1.12,9.35,7.37,45.829612,-124.025937
2020-07-21T07:27:56.000,1.13,9.37,7.37,45.829612,-124.025937
