Time (UTC),DO (ml/L),Temperature (C),Latitude,Longitude,Depth (m)
04-Jul-2020 15:00:00,2.46628400765318,7.59,42.000714,-124.339921,-43.74274
04-Jul-2020 16:00:00,2.53569928601428,7.605,42.000714,-124.339921,-43.74274
04-Jul-2020 17:00:00,2.72994540109198,7.6225,42.000714,-124.339921,-43.74274
04-Jul-2020 18:00:00,2.87869242615148,7.655,42.000714,-124.339921,-43.74274
04-Jul-2020 19:00:00,3.03793924121518,7.67,42.000714,-124.339921,-43.74274
04-Jul-2020 20:00:00,3.19368612627747,7.6775,42.000714,-124.339921,-43.74274
04-Jul-2020 21:00:00,3.42993140137197,7.6975,42.000714,-124.339921,-43.74274
04-Jul-2020 22:00:00,3.60317793644127,7.7275,42.000714,-124.339921,-43.74274
04-Jul-2020 23:00:00,3.66442671146577,7.7375,42.000714,-124.339921,-43.74274
05-Jul-2020 00:00:00,3.73792524149517,7.75,42.000714,-124.339921,-43.74274
05-Jul-2020 01:00:00,3.77467450650987,7.75,42.000714,-124.339921,-43.74274
05-Jul-2020 02:00:00,3.81667366652667,7.7675,42.000714,-124.339921,-43.74274
05-Jul-2020 03:00:00,3.85517289654207,7.7775,42.000714,-124.339921,-43.74274
05-Jul-2020 04:00:00,3.91817163656727,7.7875,42.000714,-124.339921,-43.74274
05-Jul-2020 05:00:00,3.97417051658967,7.8,42.000714,-124.339921,-43.74274
05-Jul-2020 06:00:00,4.00916981660367,7.8175,42.000714,-124.339921,-43.74274
05-Jul-2020 07:00:00,4.01791964160717,7.83,42.000714,-124.339921,-43.74274
05-Jul-2020 08:00:00,4.01266974660507,7.83,42.000714,-124.339921,-43.74274
05-Jul-2020 09:00:00,4.01091978160437,7.83,42.000714,-124.339921,-43.74274
05-Jul-2020 10:00:00,4.00916981660367,7.83,42.000714,-124.339921,-43.74274
05-Jul-2020 11:00:00,4.00741985160297,7.825,42.000714,-124.339921,-43.74274
05-Jul-2020 12:00:00,3.99342013159737,7.82,42.000714,-124.339921,-43.74274
05-Jul-2020 13:00:00,3.98117037659247,7.8075,42.000714,-124.339921,-43.74274
05-Jul-2020 14:00:00,3.97592048159037,7.8,42.000714,-124.339921,-43.74274
05-Jul-2020 15:00:00,3.98292034159317,7.8075,42.000714,-124.339921,-43.74274
05-Jul-2020 16:00:00,4.01616967660647,7.8225,42.000714,-124.339921,-43.74274
05-Jul-2020 17:00:00,4.06341873162537,7.835,42.000714,-124.339921,-43.74274
05-Jul-2020 18:00:00,4.10016799664007,7.85,42.000714,-124.339921,-43.74274
05-Jul-2020 19:00:00,4.10950114331047,7.8675,42.000714,-124.339921,-43.74274
05-Jul-2020 20:00:00,4.11533435997947,7.875,42.000714,-124.339921,-43.74274
05-Jul-2020 21:00:00,4.11591768164637,7.895,42.000714,-124.339921,-43.74274
05-Jul-2020 22:00:00,4.13166736665267,7.9025,42.000714,-124.339921,-43.74274
05-Jul-2020 23:00:00,4.17016659666807,7.92,42.000714,-124.339921,-43.74274
06-Jul-2020 00:00:00,4.21391572168557,7.9225,42.000714,-124.339921,-43.74274
06-Jul-2020 01:00:00,4.23841523169537,7.935,42.000714,-124.339921,-43.74274
06-Jul-2020 02:00:00,4.24191516169677,7.9405,42.000714,-124.339921,-43.74274
06-Jul-2020 03:00:00,4.23491530169397,7.947,42.000714,-124.339921,-43.74274
06-Jul-2020 04:00:00,4.09666806663867,7.9375,42.000714,-124.339921,-43.74274
06-Jul-2020 05:00:00,3.82192356152877,7.88,42.000714,-124.339921,-43.74274
06-Jul-2020 06:00:00,3.75717485650287,7.8575,42.000714,-124.339921,-43.74274
06-Jul-2020 07:00:00,3.36518269634607,7.7925,42.000714,-124.339921,-43.74274
06-Jul-2020 08:00:00,3.23043539129217,7.7575,42.000714,-124.339921,-43.74274
06-Jul-2020 09:00:00,3.18143637127257,7.73,42.000714,-124.339921,-43.74274
06-Jul-2020 10:00:00,3.17443651126977,7.73,42.000714,-124.339921,-43.74274
06-Jul-2020 11:00:00,3.17268654626907,7.73,42.000714,-124.339921,-43.74274
06-Jul-2020 12:00:00,3.18318633627327,7.73,42.000714,-124.339921,-43.74274
06-Jul-2020 13:00:00,3.17618647627047,7.745,42.000714,-124.339921,-43.74274
06-Jul-2020 14:00:00,3.18493630127397,7.75,42.000714,-124.339921,-43.74274
06-Jul-2020 15:00:00,3.18318633627327,7.75,42.000714,-124.339921,-43.74274
06-Jul-2020 16:00:00,3.18668626627467,7.75,42.000714,-124.339921,-43.74274
06-Jul-2020 17:00:00,3.20418591628167,7.75,42.000714,-124.339921,-43.74274
06-Jul-2020 18:00:00,3.21643567128657,7.75,42.000714,-124.339921,-43.74274
06-Jul-2020 19:00:00,3.25493490130197,7.765,42.000714,-124.339921,-43.74274
06-Jul-2020 20:00:00,3.30043399132017,7.7825,42.000714,-124.339921,-43.74274
06-Jul-2020 21:00:00,3.31618367632647,7.8,42.000714,-124.339921,-43.74274
06-Jul-2020 22:00:00,3.29518409631807,7.8,42.000714,-124.339921,-43.74274
06-Jul-2020 23:00:00,3.23043539129217,7.8,42.000714,-124.339921,-43.74274
07-Jul-2020 00:00:00,3.22868542629147,7.8,42.000714,-124.339921,-43.74274
07-Jul-2020 01:00:00,3.22168556628867,7.8075,42.000714,-124.339921,-43.74274
07-Jul-2020 02:00:00,3.25843483130337,7.8175,42.000714,-124.339921,-43.74274
07-Jul-2020 03:00:00,3.24268514629707,7.8375,42.000714,-124.339921,-43.74274
07-Jul-2020 04:00:00,3.06768864622708,7.8325,42.000714,-124.339921,-43.74274
07-Jul-2020 05:00:00,3.02043959120818,7.83,42.000714,-124.339921,-43.74274
07-Jul-2020 06:00:00,2.99769004619908,7.82875,42.000714,-124.339921,-43.74274
07-Jul-2020 07:00:00,2.96444071118578,7.82,42.000714,-124.339921,-43.74274
07-Jul-2020 08:00:00,2.91019179616408,7.82,42.000714,-124.339921,-43.74274
07-Jul-2020 09:00:00,2.85594288114238,7.82,42.000714,-124.339921,-43.74274
07-Jul-2020 10:00:00,2.82094358112838,7.825,42.000714,-124.339921,-43.74274
07-Jul-2020 11:00:00,2.80519389612208,7.82125,42.000714,-124.339921,-43.74274
07-Jul-2020 12:00:00,2.79469410611788,7.82,42.000714,-124.339921,-43.74274
07-Jul-2020 13:00:00,2.77544449111018,7.8225,42.000714,-124.339921,-43.74274
07-Jul-2020 14:00:00,2.75094498110038,7.825,42.000714,-124.339921,-43.74274
07-Jul-2020 15:00:00,2.71944561108778,7.82541666666667,42.000714,-124.339921,-43.74274
07-Jul-2020 16:00:00,2.67569648607028,7.82083333333333,42.000714,-124.339921,-43.74274
07-Jul-2020 17:00:00,2.64769704605908,7.82,42.000714,-124.339921,-43.74274
07-Jul-2020 18:00:00,2.62844743105138,7.82,42.000714,-124.339921,-43.74274
07-Jul-2020 19:00:00,2.61794764104718,7.82,42.000714,-124.339921,-43.74274
07-Jul-2020 20:00:00,2.61794764104718,7.82,42.000714,-124.339921,-43.74274
07-Jul-2020 21:00:00,2.61269774604508,7.82,42.000714,-124.339921,-43.74274
07-Jul-2020 22:00:00,2.61619767604648,7.8215,42.000714,-124.339921,-43.74274
07-Jul-2020 23:00:00,2.63544729105418,7.8285,42.000714,-124.339921,-43.74274
08-Jul-2020 00:00:00,2.62932241355173,7.83,42.000714,-124.339921,-43.74274
08-Jul-2020 01:00:00,2.63719725605488,7.83,42.000714,-124.339921,-43.74274
08-Jul-2020 02:00:00,2.62144757104858,7.8225,42.000714,-124.339921,-43.74274
08-Jul-2020 03:00:00,2.61269774604508,7.82541666666667,42.000714,-124.339921,-43.74274
08-Jul-2020 04:00:00,2.59869802603948,7.82083333333333,42.000714,-124.339921,-43.74274
08-Jul-2020 05:00:00,2.53744925101498,7.7975,42.000714,-124.339921,-43.74274
08-Jul-2020 06:00:00,2.46570068598628,7.7825,42.000714,-124.339921,-43.74274
08-Jul-2020 07:00:00,2.41320173596528,7.775,42.000714,-124.339921,-43.74274
08-Jul-2020 08:00:00,2.42370152596948,7.7625,42.000714,-124.339921,-43.74274
08-Jul-2020 09:00:00,2.63894722105558,7.745,42.000714,-124.339921,-43.74274
08-Jul-2020 10:00:00,2.79994400111998,7.7225,42.000714,-124.339921,-43.74274
08-Jul-2020 11:00:00,3.01868962620748,7.695,42.000714,-124.339921,-43.74274
08-Jul-2020 12:00:00,3.11493770124597,7.68375,42.000714,-124.339921,-43.74274
08-Jul-2020 13:00:00,3.11843763124737,7.68,42.000714,-124.339921,-43.74274
08-Jul-2020 14:00:00,3.13418731625367,7.68,42.000714,-124.339921,-43.74274
08-Jul-2020 15:00:00,2.99244015119698,7.675,42.000714,-124.339921,-43.74274
08-Jul-2020 16:00:00,2.88481730365393,7.66875,42.000714,-124.339921,-43.74274
08-Jul-2020 17:00:00,2.85069298614028,7.66,42.000714,-124.339921,-43.74274
08-Jul-2020 18:00:00,2.77894442111158,7.66,42.000714,-124.339921,-43.74274
08-Jul-2020 19:00:00,2.74044519109618,7.66,42.000714,-124.339921,-43.74274
08-Jul-2020 20:00:00,2.71769564608708,7.66125,42.000714,-124.339921,-43.74274
08-Jul-2020 21:00:00,2.70719585608288,7.67,42.000714,-124.339921,-43.74274
08-Jul-2020 22:00:00,2.69844603107938,7.67083333333333,42.000714,-124.339921,-43.74274
08-Jul-2020 23:00:00,2.69144617107658,7.67916666666667,42.000714,-124.339921,-43.74274
09-Jul-2020 00:00:00,2.68094638107238,7.68,42.000714,-124.339921,-43.74274
09-Jul-2020 01:00:00,2.68969620607588,7.685,42.000714,-124.339921,-43.74274
09-Jul-2020 02:00:00,2.96269074618508,7.8025,42.000714,-124.339921,-43.74274
09-Jul-2020 03:00:00,3.35293294134117,7.9425,42.000714,-124.339921,-43.74274
09-Jul-2020 04:00:00,3.13068738625227,7.8875,42.000714,-124.339921,-43.74274
09-Jul-2020 05:00:00,2.67219655606888,7.71,42.000714,-124.339921,-43.74274
09-Jul-2020 06:00:00,2.67394652106958,7.72,42.000714,-124.339921,-43.74274
09-Jul-2020 07:00:00,2.64944701105978,7.7275,42.000714,-124.339921,-43.74274
09-Jul-2020 08:00:00,2.61444771104578,7.71,42.000714,-124.339921,-43.74274
09-Jul-2020 09:00:00,2.60219795604088,7.7,42.000714,-124.339921,-43.74274
09-Jul-2020 10:00:00,2.59344813103738,7.6925,42.000714,-124.339921,-43.74274
09-Jul-2020 11:00:00,2.58994820103598,7.6825,42.000714,-124.339921,-43.74274
09-Jul-2020 12:00:00,2.60569788604228,7.705,42.000714,-124.339921,-43.74274
09-Jul-2020 13:00:00,2.58644827103458,7.7275,42.000714,-124.339921,-43.74274
09-Jul-2020 14:00:00,2.57594848103038,7.74,42.000714,-124.339921,-43.74274
09-Jul-2020 15:00:00,2.58469830603388,7.7625,42.000714,-124.339921,-43.74274
09-Jul-2020 16:00:00,2.63194736105278,7.7875,42.000714,-124.339921,-43.74274
09-Jul-2020 17:00:00,2.66344673106538,7.795,42.000714,-124.339921,-43.74274
09-Jul-2020 18:00:00,2.66694666106678,7.785,42.000714,-124.339921,-43.74274
09-Jul-2020 19:00:00,2.66869662606748,7.78,42.000714,-124.339921,-43.74274
09-Jul-2020 20:00:00,2.70019599608008,7.795,42.000714,-124.339921,-43.74274
09-Jul-2020 21:00:00,2.66344673106538,7.79,42.000714,-124.339921,-43.74274
09-Jul-2020 22:00:00,2.60744785104298,7.78,42.000714,-124.339921,-43.74274
09-Jul-2020 23:00:00,2.57419851602968,7.78,42.000714,-124.339921,-43.74274
10-Jul-2020 00:00:00,2.56282374352513,7.78,42.000714,-124.339921,-43.74274
10-Jul-2020 01:00:00,2.55144897102058,7.775,42.000714,-124.339921,-43.74274
10-Jul-2020 02:00:00,2.52344953100938,7.755,42.000714,-124.339921,-43.74274
10-Jul-2020 03:00:00,2.51119977600448,7.75,42.000714,-124.339921,-43.74274
10-Jul-2020 04:00:00,2.51469970600588,7.7475,42.000714,-124.339921,-43.74274
10-Jul-2020 05:00:00,2.47620047599048,7.73,42.000714,-124.339921,-43.74274
10-Jul-2020 06:00:00,2.43595128097438,7.725,42.000714,-124.339921,-43.74274
10-Jul-2020 07:00:00,2.39745205095898,7.7125,42.000714,-124.339921,-43.74274
10-Jul-2020 08:00:00,2.37470250594988,7.7075,42.000714,-124.339921,-43.74274
10-Jul-2020 09:00:00,2.35895282094358,7.7,42.000714,-124.339921,-43.74274
10-Jul-2020 10:00:00,2.35195296094078,7.71,42.000714,-124.339921,-43.74274
10-Jul-2020 11:00:00,2.36595268094638,7.71,42.000714,-124.339921,-43.74274
10-Jul-2020 12:00:00,2.38345233095338,7.72,42.000714,-124.339921,-43.74274
10-Jul-2020 13:00:00,2.39220215595688,7.725,42.000714,-124.339921,-43.74274
10-Jul-2020 14:00:00,2.41495170096598,7.73,42.000714,-124.339921,-43.74274
10-Jul-2020 15:00:00,2.41495170096598,7.73,42.000714,-124.339921,-43.74274
10-Jul-2020 16:00:00,2.44820103597928,7.73,42.000714,-124.339921,-43.74274
10-Jul-2020 17:00:00,2.47970040599188,7.73,42.000714,-124.339921,-43.74274
10-Jul-2020 18:00:00,2.48145037099258,7.73,42.000714,-124.339921,-43.74274
10-Jul-2020 19:00:00,2.46570068598628,7.73,42.000714,-124.339921,-43.74274
10-Jul-2020 20:00:00,2.45957580848383,7.7225,42.000714,-124.339921,-43.74274
10-Jul-2020 21:00:00,2.47095058098838,7.72,42.000714,-124.339921,-43.74274
10-Jul-2020 22:00:00,2.48495030099398,7.7125,42.000714,-124.339921,-43.74274
10-Jul-2020 23:00:00,2.48582528349433,7.71,42.000714,-124.339921,-43.74274
11-Jul-2020 00:00:00,2.48145037099258,7.71,42.000714,-124.339921,-43.74274
11-Jul-2020 01:00:00,2.47532549349013,7.71,42.000714,-124.339921,-43.74274
11-Jul-2020 02:00:00,2.47970040599188,7.71,42.000714,-124.339921,-43.74274
11-Jul-2020 03:00:00,2.48495030099398,7.71,42.000714,-124.339921,-43.74274
11-Jul-2020 04:00:00,2.49370012599748,7.7025,42.000714,-124.339921,-43.74274
11-Jul-2020 05:00:00,2.50594988100238,7.7,42.000714,-124.339921,-43.74274
11-Jul-2020 06:00:00,2.49895002099958,7.7,42.000714,-124.339921,-43.74274
11-Jul-2020 07:00:00,2.50157496850063,7.7025,42.000714,-124.339921,-43.74274
11-Jul-2020 08:00:00,2.51819963600728,7.7175,42.000714,-124.339921,-43.74274
11-Jul-2020 09:00:00,2.52694946101078,7.725,42.000714,-124.339921,-43.74274
11-Jul-2020 10:00:00,2.53219935601288,7.73,42.000714,-124.339921,-43.74274
11-Jul-2020 11:00:00,2.54444911101778,7.7425,42.000714,-124.339921,-43.74274
11-Jul-2020 12:00:00,2.56894862102758,7.75,42.000714,-124.339921,-43.74274
11-Jul-2020 13:00:00,2.60569788604228,7.75,42.000714,-124.339921,-43.74274
11-Jul-2020 14:00:00,2.59169816603668,7.75,42.000714,-124.339921,-43.74274
11-Jul-2020 15:00:00,2.54619907601848,7.7375,42.000714,-124.339921,-43.74274
11-Jul-2020 16:00:00,2.52432451350973,7.73,42.000714,-124.339921,-43.74274
11-Jul-2020 17:00:00,2.53394932101358,7.73,42.000714,-124.339921,-43.74274
11-Jul-2020 18:00:00,2.50419991600168,7.73,42.000714,-124.339921,-43.74274
11-Jul-2020 19:00:00,2.48932521349573,7.7325,42.000714,-124.339921,-43.74274
11-Jul-2020 20:00:00,2.50244995100098,7.7475,42.000714,-124.339921,-43.74274
11-Jul-2020 21:00:00,2.52257454850903,7.75,42.000714,-124.339921,-43.74274
11-Jul-2020 22:00:00,2.48495030099398,7.75,42.000714,-124.339921,-43.74274
11-Jul-2020 23:00:00,2.47095058098838,7.75,42.000714,-124.339921,-43.74274
12-Jul-2020 00:00:00,2.46132577348453,7.75,42.000714,-124.339921,-43.74274
12-Jul-2020 01:00:00,2.46045079098418,7.75,42.000714,-124.339921,-43.74274
12-Jul-2020 02:00:00,2.45257594848103,7.75,42.000714,-124.339921,-43.74274
12-Jul-2020 03:00:00,2.46045079098418,7.75,42.000714,-124.339921,-43.74274
12-Jul-2020 04:00:00,2.46220075598488,7.75,42.000714,-124.339921,-43.74274
12-Jul-2020 05:00:00,2.49545009099818,7.75,42.000714,-124.339921,-43.74274
12-Jul-2020 06:00:00,2.56194876102478,7.75,42.000714,-124.339921,-43.74274
12-Jul-2020 07:00:00,2.60394792104158,7.755,42.000714,-124.339921,-43.74274
12-Jul-2020 08:00:00,2.62319753604928,7.765,42.000714,-124.339921,-43.74274
12-Jul-2020 09:00:00,2.64682206355873,7.7775,42.000714,-124.339921,-43.74274
12-Jul-2020 10:00:00,2.63544729105418,7.78,42.000714,-124.339921,-43.74274
12-Jul-2020 11:00:00,2.57594848103038,7.78,42.000714,-124.339921,-43.74274
12-Jul-2020 12:00:00,2.59694806103878,7.79,42.000714,-124.339921,-43.74274
12-Jul-2020 13:00:00,2.58294834103318,7.795,42.000714,-124.339921,-43.74274
12-Jul-2020 14:00:00,2.60044799104018,7.795,42.000714,-124.339921,-43.74274
12-Jul-2020 15:00:00,2.58119837603248,7.79,42.000714,-124.339921,-43.74274
12-Jul-2020 16:00:00,2.56632367352653,7.78,42.000714,-124.339921,-43.74274
12-Jul-2020 17:00:00,2.60744785104298,7.78,42.000714,-124.339921,-43.74274
12-Jul-2020 18:00:00,2.61619767604648,7.7725,42.000714,-124.339921,-43.74274
12-Jul-2020 19:00:00,2.56544869102618,7.75,42.000714,-124.339921,-43.74274
12-Jul-2020 20:00:00,2.53744925101498,7.75,42.000714,-124.339921,-43.74274
12-Jul-2020 21:00:00,2.48145037099258,7.75,42.000714,-124.339921,-43.74274
12-Jul-2020 22:00:00,2.46395072098558,7.75,42.000714,-124.339921,-43.74274
12-Jul-2020 23:00:00,2.46045079098418,7.75,42.000714,-124.339921,-43.74274
13-Jul-2020 00:00:00,2.44820103597928,7.75,42.000714,-124.339921,-43.74274
13-Jul-2020 01:00:00,2.45432591348173,7.75,42.000714,-124.339921,-43.74274
13-Jul-2020 02:00:00,2.48320033599328,7.7575,42.000714,-124.339921,-43.74274
13-Jul-2020 03:00:00,2.53219935601288,7.76,42.000714,-124.339921,-43.74274
13-Jul-2020 04:00:00,2.57769844603108,7.7725,42.000714,-124.339921,-43.74274
13-Jul-2020 05:00:00,2.56194876102478,7.78,42.000714,-124.339921,-43.74274
13-Jul-2020 06:00:00,2.55319893602128,7.7825,42.000714,-124.339921,-43.74274
13-Jul-2020 07:00:00,2.57244855102898,7.8,42.000714,-124.339921,-43.74274
13-Jul-2020 08:00:00,2.58294834103318,7.8125,42.000714,-124.339921,-43.74274
13-Jul-2020 09:00:00,2.58294834103318,7.8275,42.000714,-124.339921,-43.74274
13-Jul-2020 10:00:00,2.58119837603248,7.8375,42.000714,-124.339921,-43.74274
13-Jul-2020 11:00:00,2.62494750104998,7.855,42.000714,-124.339921,-43.74274
13-Jul-2020 12:00:00,2.65294694106118,7.8675,42.000714,-124.339921,-43.74274
13-Jul-2020 13:00:00,2.59432311353773,7.8525,42.000714,-124.339921,-43.74274
13-Jul-2020 14:00:00,2.58819823603528,7.85,42.000714,-124.339921,-43.74274
13-Jul-2020 15:00:00,2.59519809603808,7.8625,42.000714,-124.339921,-43.74274
13-Jul-2020 16:00:00,2.59169816603668,7.87,42.000714,-124.339921,-43.74274
13-Jul-2020 17:00:00,2.61357272854543,7.87,42.000714,-124.339921,-43.74274
13-Jul-2020 18:00:00,2.63369732605348,7.88,42.000714,-124.339921,-43.74274
13-Jul-2020 19:00:00,2.64069718605628,7.895,42.000714,-124.339921,-43.74274
13-Jul-2020 20:00:00,2.62144757104858,7.8825,42.000714,-124.339921,-43.74274
13-Jul-2020 21:00:00,2.55844883102338,7.86,42.000714,-124.339921,-43.74274
13-Jul-2020 22:00:00,2.61094778104438,7.87,42.000714,-124.339921,-43.74274
13-Jul-2020 23:00:00,2.69144617107658,7.90375,42.000714,-124.339921,-43.74274
14-Jul-2020 00:00:00,2.49545009099818,7.85,42.000714,-124.339921,-43.74274
14-Jul-2020 01:00:00,2.53394932101358,7.8675,42.000714,-124.339921,-43.74274
14-Jul-2020 02:00:00,2.90319193616128,7.99,42.000714,-124.339921,-43.74274
14-Jul-2020 03:00:00,3.05193896122078,8.04,42.000714,-124.339921,-43.74274
14-Jul-2020 04:00:00,3.25668486630267,8.0925,42.000714,-124.339921,-43.74274
14-Jul-2020 05:00:00,3.72917541649167,8.195,42.000714,-124.339921,-43.74274
14-Jul-2020 06:00:00,3.59267814643707,8.1675,42.000714,-124.339921,-43.74274
14-Jul-2020 07:00:00,3.42993140137197,8.125,42.000714,-124.339921,-43.74274
14-Jul-2020 08:00:00,3.40018199636007,8.11,42.000714,-124.339921,-43.74274
14-Jul-2020 09:00:00,3.73617527649447,8.13,42.000714,-124.339921,-43.74274
14-Jul-2020 10:00:00,3.74055018899622,8.105,42.000714,-124.339921,-43.74274
14-Jul-2020 11:00:00,3.72742545149097,8.105,42.000714,-124.339921,-43.74274
14-Jul-2020 12:00:00,3.61542769144617,8.08,42.000714,-124.339921,-43.74274
14-Jul-2020 13:00:00,3.48593028139437,8.0375,42.000714,-124.339921,-43.74274
14-Jul-2020 14:00:00,3.42468150636987,8.015,42.000714,-124.339921,-43.74274
14-Jul-2020 15:00:00,3.36343273134537,7.9925,42.000714,-124.339921,-43.74274
14-Jul-2020 16:00:00,3.33630827383452,7.99,42.000714,-124.339921,-43.74274
14-Jul-2020 17:00:00,3.34768304633907,7.99,42.000714,-124.339921,-43.74274
14-Jul-2020 18:00:00,3.35468290634187,7.99,42.000714,-124.339921,-43.74274
14-Jul-2020 19:00:00,3.37568248635027,7.99,42.000714,-124.339921,-43.74274
14-Jul-2020 20:00:00,3.40718185636287,7.995,42.000714,-124.339921,-43.74274
14-Jul-2020 21:00:00,3.48943021139577,8.0175,42.000714,-124.339921,-43.74274
14-Jul-2020 22:00:00,3.56642867142657,8.0475,42.000714,-124.339921,-43.74274
14-Jul-2020 23:00:00,3.65217695646087,8.1,42.000714,-124.339921,-43.74274
15-Jul-2020 00:00:00,3.42643147137057,8.11,42.000714,-124.339921,-43.74274
15-Jul-2020 01:00:00,3.70642587148257,8.155,42.000714,-124.339921,-43.74274
15-Jul-2020 02:00:00,3.80267394652107,8.16125,42.000714,-124.339921,-43.74274
15-Jul-2020 03:00:00,3.99954500909982,8.21,42.000714,-124.339921,-43.74274
15-Jul-2020 04:00:00,3.85517289654207,8.175,42.000714,-124.339921,-43.74274
15-Jul-2020 05:00:00,3.73705025899482,8.14,42.000714,-124.339921,-43.74274
15-Jul-2020 06:00:00,3.39318213635727,8.075,42.000714,-124.339921,-43.74274
15-Jul-2020 07:00:00,3.23568528629427,8.04,42.000714,-124.339921,-43.74274
15-Jul-2020 08:00:00,3.21118577628447,8.0275,42.000714,-124.339921,-43.74274
15-Jul-2020 09:00:00,3.17968640627187,8.00375,42.000714,-124.339921,-43.74274
15-Jul-2020 10:00:00,3.18318633627327,8,42.000714,-124.339921,-43.74274
15-Jul-2020 11:00:00,3.14293714125717,7.9875,42.000714,-124.339921,-43.74274
15-Jul-2020 12:00:00,3.06593868122638,7.9675,42.000714,-124.339921,-43.74274
15-Jul-2020 13:00:00,2.96619067618648,7.94,42.000714,-124.339921,-43.74274
15-Jul-2020 14:00:00,2.80869382612348,7.905,42.000714,-124.339921,-43.74274
15-Jul-2020 15:00:00,2.66869662606748,7.875,42.000714,-124.339921,-43.74274
15-Jul-2020 16:00:00,2.61444771104578,7.8775,42.000714,-124.339921,-43.74274
15-Jul-2020 17:00:00,2.54269914601708,7.8875,42.000714,-124.339921,-43.74274
15-Jul-2020 18:00:00,2.46220075598488,7.88,42.000714,-124.339921,-43.74274
15-Jul-2020 19:00:00,2.44820103597928,7.8925,42.000714,-124.339921,-43.74274
15-Jul-2020 20:00:00,2.47620047599048,7.9025,42.000714,-124.339921,-43.74274
15-Jul-2020 21:00:00,2.51994960100798,7.92,42.000714,-124.339921,-43.74274
15-Jul-2020 22:00:00,2.56369872602548,7.93,42.000714,-124.339921,-43.74274
15-Jul-2020 23:00:00,2.62669746605068,7.95,42.000714,-124.339921,-43.74274
16-Jul-2020 00:00:00,2.74394512109758,7.9725,42.000714,-124.339921,-43.74274
16-Jul-2020 01:00:00,2.83669326613468,7.99,42.000714,-124.339921,-43.74274
16-Jul-2020 02:00:00,2.89794204115918,7.99,42.000714,-124.339921,-43.74274
16-Jul-2020 03:00:00,2.89969200615988,7.9825,42.000714,-124.339921,-43.74274
16-Jul-2020 04:00:00,2.86294274114518,7.97,42.000714,-124.339921,-43.74274
16-Jul-2020 05:00:00,2.87169256614868,7.97,42.000714,-124.339921,-43.74274
16-Jul-2020 06:00:00,2.88394232115358,7.97,42.000714,-124.339921,-43.74274
16-Jul-2020 07:00:00,2.88131737365253,7.97,42.000714,-124.339921,-43.74274
16-Jul-2020 08:00:00,2.87694246115078,7.97,42.000714,-124.339921,-43.74274
16-Jul-2020 09:00:00,2.86994260114798,7.97,42.000714,-124.339921,-43.74274
16-Jul-2020 10:00:00,2.86469270614588,7.97,42.000714,-124.339921,-43.74274
16-Jul-2020 11:00:00,2.82619347613048,7.97,42.000714,-124.339921,-43.74274
16-Jul-2020 12:00:00,2.79994400111998,7.97,42.000714,-124.339921,-43.74274
16-Jul-2020 13:00:00,2.85419291614168,7.97,42.000714,-124.339921,-43.74274
16-Jul-2020 14:00:00,2.95744085118298,7.97,42.000714,-124.339921,-43.74274
16-Jul-2020 15:00:00,3.02743945121098,7.97,42.000714,-124.339921,-43.74274
16-Jul-2020 16:00:00,3.02743945121098,7.9675,42.000714,-124.339921,-43.74274
16-Jul-2020 17:00:00,2.95394092118158,7.9475,42.000714,-124.339921,-43.74274
16-Jul-2020 18:00:00,2.96969060618788,7.945,42.000714,-124.339921,-43.74274
16-Jul-2020 19:00:00,3.02393952120958,7.95,42.000714,-124.339921,-43.74274
16-Jul-2020 20:00:00,3.07118857622848,7.95,42.000714,-124.339921,-43.74274
16-Jul-2020 21:00:00,3.08868822623548,7.95,42.000714,-124.339921,-43.74274
16-Jul-2020 22:00:00,3.10793784124317,7.95,42.000714,-124.339921,-43.74274
16-Jul-2020 23:00:00,3.11493770124598,7.95,42.000714,-124.339921,-43.74274
17-Jul-2020 00:00:00,3.35818283634327,8.0075,42.000714,-124.339921,-43.74274
17-Jul-2020 01:00:00,3.45268094638107,8.045,42.000714,-124.339921,-43.74274
17-Jul-2020 02:00:00,3.42293154136917,8.05,42.000714,-124.339921,-43.74274
17-Jul-2020 03:00:00,3.51042979140417,8.085,42.000714,-124.339921,-43.74274
17-Jul-2020 04:00:00,3.43343133137337,8.0725,42.000714,-124.339921,-43.74274
17-Jul-2020 05:00:00,3.35293294134117,8.0525,42.000714,-124.339921,-43.74274
17-Jul-2020 06:00:00,3.22168556628867,8.02,42.000714,-124.339921,-43.74274
17-Jul-2020 07:00:00,3.41593168136637,7.965,42.000714,-124.339921,-43.74274
17-Jul-2020 08:00:00,3.40193196136077,7.9375,42.000714,-124.339921,-43.74274
17-Jul-2020 09:00:00,3.34418311633767,7.9175,42.000714,-124.339921,-43.74274
17-Jul-2020 10:00:00,3.29343413131737,7.9075,42.000714,-124.339921,-43.74274
17-Jul-2020 11:00:00,3.17443651126977,7.885,42.000714,-124.339921,-43.74274
17-Jul-2020 12:00:00,3.06593868122638,7.8675,42.000714,-124.339921,-43.74274
17-Jul-2020 13:00:00,2.99944001119978,7.85,42.000714,-124.339921,-43.74274
17-Jul-2020 14:00:00,3.00118997620048,7.8525,42.000714,-124.339921,-43.74274
17-Jul-2020 15:00:00,3.04143917121658,7.8675,42.000714,-124.339921,-43.74274
17-Jul-2020 16:00:00,3.15693686126277,7.885,42.000714,-124.339921,-43.74274
17-Jul-2020 17:00:00,3.30393392132157,7.9125,42.000714,-124.339921,-43.74274
17-Jul-2020 18:00:00,3.38093238135237,7.92,42.000714,-124.339921,-43.74274
17-Jul-2020 19:00:00,3.30568388632227,7.92,42.000714,-124.339921,-43.74274
17-Jul-2020 20:00:00,3.23043539129217,7.92,42.000714,-124.339921,-43.74274
17-Jul-2020 21:00:00,3.20418591628167,7.92,42.000714,-124.339921,-43.74274
17-Jul-2020 22:00:00,3.25318493630127,7.9425,42.000714,-124.339921,-43.74274
17-Jul-2020 23:00:00,3.31968360632787,7.9775,42.000714,-124.339921,-43.74274
18-Jul-2020 00:00:00,3.37043259134817,8.0125,42.000714,-124.339921,-43.74274
18-Jul-2020 01:00:00,3.40893182136357,8.0375,42.000714,-124.339921,-43.74274
18-Jul-2020 02:00:00,3.44393112137757,8.055,42.000714,-124.339921,-43.74274
18-Jul-2020 03:00:00,3.43343133137337,8.0775,42.000714,-124.339921,-43.74274
18-Jul-2020 04:00:00,2.62319753604928,8.105,42.000714,-124.339921,-43.74274
18-Jul-2020 05:00:00,2.97669046619068,8.12,42.000714,-124.339921,-43.74274
18-Jul-2020 06:00:00,3.53492930141397,8.1175,42.000714,-124.339921,-43.74274
18-Jul-2020 07:00:00,3.47193056138877,8.0925,42.000714,-124.339921,-43.74274
18-Jul-2020 08:00:00,3.39493210135797,8.07,42.000714,-124.339921,-43.74274
18-Jul-2020 09:00:00,3.36343273134537,8.0575,42.000714,-124.339921,-43.74274
18-Jul-2020 10:00:00,3.34943301133977,8.0425,42.000714,-124.339921,-43.74274
18-Jul-2020 11:00:00,3.35818283634327,8.04,42.000714,-124.339921,-43.74274
18-Jul-2020 12:00:00,3.36868262634747,8.0525,42.000714,-124.339921,-43.74274
18-Jul-2020 13:00:00,3.40893182136357,8.0725,42.000714,-124.339921,-43.74274
18-Jul-2020 14:00:00,3.50167996640067,8.1075,42.000714,-124.339921,-43.74274
18-Jul-2020 15:00:00,3.60492790144197,8.1425,42.000714,-124.339921,-43.74274
18-Jul-2020 16:00:00,3.71517569648607,8.1875,42.000714,-124.339921,-43.74274
18-Jul-2020 17:00:00,3.81492370152597,8.2425,42.000714,-124.339921,-43.74274
18-Jul-2020 18:00:00,3.85692286154277,8.2675,42.000714,-124.339921,-43.74274
18-Jul-2020 19:00:00,3.91992160156797,8.28,42.000714,-124.339921,-43.74274
18-Jul-2020 20:00:00,4.00741985160297,8.28,42.000714,-124.339921,-43.74274
18-Jul-2020 21:00:00,4.06341873162537,8.29,42.000714,-124.339921,-43.74274
18-Jul-2020 22:00:00,4.09666806663867,8.3025,42.000714,-124.339921,-43.74274
18-Jul-2020 23:00:00,4.12291754164917,8.3125,42.000714,-124.339921,-43.74274
19-Jul-2020 00:00:00,4.13516729665407,8.3225,42.000714,-124.339921,-43.74274
19-Jul-2020 01:00:00,4.16491670166597,8.33,42.000714,-124.339921,-43.74274
19-Jul-2020 02:00:00,4.18241635167297,8.33,42.000714,-124.339921,-43.74274
19-Jul-2020 03:00:00,4.19116617667647,8.33,42.000714,-124.339921,-43.74274
19-Jul-2020 04:00:00,4.17716645667087,8.33,42.000714,-124.339921,-43.74274
19-Jul-2020 05:00:00,4.17541649167017,8.34375,42.000714,-124.339921,-43.74274
19-Jul-2020 06:00:00,4.11416771664567,8.3325,42.000714,-124.339921,-43.74274
19-Jul-2020 07:00:00,4.17716645667087,8.355,42.000714,-124.339921,-43.74274
19-Jul-2020 08:00:00,4.26291474170517,8.3825,42.000714,-124.339921,-43.74274
19-Jul-2020 09:00:00,4.30491390172197,8.4,42.000714,-124.339921,-43.74274
19-Jul-2020 10:00:00,4.30491390172197,8.4,42.000714,-124.339921,-43.74274
19-Jul-2020 11:00:00,4.28741425171497,8.40625,42.000714,-124.339921,-43.74274
19-Jul-2020 12:00:00,4.30141397172057,8.41,42.000714,-124.339921,-43.74274
19-Jul-2020 13:00:00,4.29441411171777,8.405,42.000714,-124.339921,-43.74274
19-Jul-2020 14:00:00,4.26641467170657,8.3975,42.000714,-124.339921,-43.74274
19-Jul-2020 15:00:00,4.12991740165197,8.3575,42.000714,-124.339921,-43.74274
19-Jul-2020 16:00:00,3.85517289654207,8.285,42.000714,-124.339921,-43.74274
19-Jul-2020 17:00:00,3.58742825143497,8.2175,42.000714,-124.339921,-43.74274
19-Jul-2020 18:00:00,3.61892762144757,8.2225,42.000714,-124.339921,-43.74274
19-Jul-2020 19:00:00,3.66442671146577,8.2425,42.000714,-124.339921,-43.74274
19-Jul-2020 20:00:00,3.67492650146997,8.2625,42.000714,-124.339921,-43.74274
19-Jul-2020 21:00:00,3.81667366652667,8.295,42.000714,-124.339921,-43.74274
19-Jul-2020 22:00:00,3.98117037659247,8.335,42.000714,-124.339921,-43.74274
19-Jul-2020 23:00:00,4.11416771664567,8.3675,42.000714,-124.339921,-43.74274
20-Jul-2020 00:00:00,4.19816603667927,8.3925,42.000714,-124.339921,-43.74274
20-Jul-2020 01:00:00,4.23841523169536,8.4025,42.000714,-124.339921,-43.74274
20-Jul-2020 02:00:00,4.27866442671147,8.42,42.000714,-124.339921,-43.74274
20-Jul-2020 03:00:00,4.31891362172756,8.42,42.000714,-124.339921,-43.74274
20-Jul-2020 04:00:00,4.19991600167997,8.4075,42.000714,-124.339921,-43.74274
20-Jul-2020 05:00:00,4.02491950160997,8.38,42.000714,-124.339921,-43.74274
20-Jul-2020 06:00:00,3.82892342153157,8.3375,42.000714,-124.339921,-43.74274
20-Jul-2020 07:00:00,3.62067758644827,8.3025,42.000714,-124.339921,-43.74274
20-Jul-2020 08:00:00,3.58042839143217,8.3,42.000714,-124.339921,-43.74274
20-Jul-2020 09:00:00,3.60317793644127,8.30083333333333,42.000714,-124.339921,-43.74274
20-Jul-2020 10:00:00,3.64692706145877,8.31,42.000714,-124.339921,-43.74274
20-Jul-2020 11:00:00,3.68017639647207,8.32166666666667,42.000714,-124.339921,-43.74274
20-Jul-2020 12:00:00,3.60667786644267,8.305,42.000714,-124.339921,-43.74274
20-Jul-2020 13:00:00,3.27593448131037,8.235,42.000714,-124.339921,-43.74274
20-Jul-2020 14:00:00,3.33193336133277,8.2575,42.000714,-124.339921,-43.74274
20-Jul-2020 15:00:00,3.37043259134817,8.26,42.000714,-124.339921,-43.74274
20-Jul-2020 16:00:00,3.35118297634047,8.26,42.000714,-124.339921,-43.74274
20-Jul-2020 17:00:00,3.26543469130617,8.2425,42.000714,-124.339921,-43.74274
20-Jul-2020 18:00:00,3.30393392132157,8.2525,42.000714,-124.339921,-43.74274
20-Jul-2020 19:00:00,3.45443091138177,8.285,42.000714,-124.339921,-43.74274
20-Jul-2020 20:00:00,3.57867842643147,8.3125,42.000714,-124.339921,-43.74274
20-Jul-2020 21:00:00,3.66092678146437,8.3325,42.000714,-124.339921,-43.74274
20-Jul-2020 22:00:00,3.81667366652667,8.36,42.000714,-124.339921,-43.74274
20-Jul-2020 23:00:00,3.91467170656587,8.385,42.000714,-124.339921,-43.74274
21-Jul-2020 00:00:00,3.88667226655467,8.39,42.000714,-124.339921,-43.74274
21-Jul-2020 01:00:00,3.88579728405432,8.39,42.000714,-124.339921,-43.74274
21-Jul-2020 02:00:00,3.89892202155957,8.4,42.000714,-124.339921,-43.74274
21-Jul-2020 03:00:00,3.85342293154137,8.3925,42.000714,-124.339921,-43.74274
21-Jul-2020 04:00:00,3.81317373652527,8.3825,42.000714,-124.339921,-43.74274
21-Jul-2020 05:00:00,3.77817443651127,8.38,42.000714,-124.339921,-43.74274
21-Jul-2020 06:00:00,3.75717485650287,8.38,42.000714,-124.339921,-43.74274
21-Jul-2020 07:00:00,3.79217415651687,8.38,42.000714,-124.339921,-43.74274
21-Jul-2020 08:00:00,3.64867702645947,8.3325,42.000714,-124.339921,-43.74274
21-Jul-2020 09:00:00,3.47893042139157,8.285,42.000714,-124.339921,-43.74274
21-Jul-2020 10:00:00,3.42643147137057,8.28,42.000714,-124.339921,-43.74274
21-Jul-2020 11:00:00,3.37918241635167,8.2625,42.000714,-124.339921,-43.74274
21-Jul-2020 12:00:00,3.37743245135097,8.26,42.000714,-124.339921,-43.74274
21-Jul-2020 13:00:00,3.50692986140277,8.28,42.000714,-124.339921,-43.74274
21-Jul-2020 14:00:00,3.52967940641187,8.285,42.000714,-124.339921,-43.74274
21-Jul-2020 15:00:00,3.48768024639507,8.28,42.000714,-124.339921,-43.74274
21-Jul-2020 16:00:00,3.39843203135937,8.265,42.000714,-124.339921,-43.74274
21-Jul-2020 17:00:00,3.34243315133697,8.26,42.000714,-124.339921,-43.74274
21-Jul-2020 18:00:00,3.36693266134677,8.26,42.000714,-124.339921,-43.74274
21-Jul-2020 19:00:00,3.46843063138737,8.28,42.000714,-124.339921,-43.74274
21-Jul-2020 20:00:00,3.70817583648327,8.3375,42.000714,-124.339921,-43.74274
21-Jul-2020 21:00:00,3.87442251154977,8.3775,42.000714,-124.339921,-43.74274
21-Jul-2020 22:00:00,4.00566988660227,8.42,42.000714,-124.339921,-43.74274
21-Jul-2020 23:00:00,4.12291754164917,8.46,42.000714,-124.339921,-43.74274
22-Jul-2020 00:00:00,4.16141677166457,8.49,42.000714,-124.339921,-43.74274
22-Jul-2020 01:00:00,4.16491670166597,8.5175,42.000714,-124.339921,-43.74274
22-Jul-2020 02:00:00,4.13516729665407,8.5275,42.000714,-124.339921,-43.74274
22-Jul-2020 03:00:00,4.08091838163237,8.53,42.000714,-124.339921,-43.74274
22-Jul-2020 04:00:00,4.03366932661347,8.53875,42.000714,-124.339921,-43.74274
22-Jul-2020 05:00:00,4.04591908161837,8.54,42.000714,-124.339921,-43.74274
22-Jul-2020 06:00:00,4.05991880162397,8.54,42.000714,-124.339921,-43.74274
22-Jul-2020 07:00:00,4.05116897662047,8.53,42.000714,-124.339921,-43.74274
22-Jul-2020 08:00:00,4.01616967660647,8.52,42.000714,-124.339921,-43.74274
22-Jul-2020 09:00:00,3.98817023659527,8.52,42.000714,-124.339921,-43.74274
22-Jul-2020 10:00:00,3.95492090158197,8.52,42.000714,-124.339921,-43.74274
22-Jul-2020 11:00:00,3.95842083158337,8.52,42.000714,-124.339921,-43.74274
22-Jul-2020 12:00:00,3.95492090158197,8.52,42.000714,-124.339921,-43.74274
22-Jul-2020 13:00:00,3.96192076158477,8.525,42.000714,-124.339921,-43.74274
22-Jul-2020 14:00:00,3.96192076158477,8.54,42.000714,-124.339921,-43.74274
